0.45	1.947245708204549e-11
0.4511533	1.9749417329060576e-11
0.4523066	1.9080643208843146e-11
0.4534599	1.836494904114119e-11
0.4546131	1.8388554778455063e-11
0.4557664	1.8763979263380376e-11
0.4569197	2.0261712117255552e-11
0.458073	1.960047952538272e-11
0.4592263	1.9729658108894084e-11
0.4603796	2.0576872893650904e-11
0.4615329	2.1317419296871816e-11
0.4626862	2.0774461819837614e-11
0.4638394	2.1761656884307803e-11
0.4649927	2.2500196236171836e-11
0.466146	2.359084422138494e-11
0.4672993	2.326742836566234e-11
0.4684526	2.3322441084919157e-11
0.4696059	2.2632233320233817e-11
0.4707592	2.2878861582287324e-11
0.4719125	2.2536591075108617e-11
0.4730658	2.348239438435417e-11
0.4742191	2.4966927685300774e-11
0.4753723	2.5298856789202244e-11
0.4765256	2.5974344600163532e-11
0.4776789	2.5423736576563653e-11
0.4788322	2.6403372757246546e-11
0.4799855	2.5915645015497726e-11
0.4811388	2.5450308826905132e-11
0.4822921	2.4697498429662063e-11
0.4834453	2.3055534785751927e-11
0.4845986	2.5420346304800088e-11
0.4857519	2.7178539185360525e-11
0.4869052	3.123093431589544e-11
0.4880585	2.9675702867753965e-11
0.4892118	2.8952402237406715e-11
0.4903651	2.8387984778555305e-11
0.4915183	2.7968189707678572e-11
0.4926716	2.7435271950535122e-11
0.4938249	2.8318073944928452e-11
0.4949782	2.8531173273411665e-11
0.4961315	2.8938290072116482e-11
0.4972848	2.735561063167384e-11
0.4984381	2.7190219679516894e-11
0.4995914	2.507387204024713e-11
0.5007446	2.478816124930721e-11
0.5018979	2.5451405862400086e-11
0.5030512	2.6602217314001015e-11
0.5042045	2.7040572799512447e-11
0.5053578	2.7313887440133103e-11
0.5065111	2.7405554498327226e-11
0.5076644	2.7484468559283817e-11
0.5088177	2.7404347111912767e-11
0.509971	2.6975766889877913e-11
0.5111243	2.64394734002763e-11
0.5122775	2.5672678107044844e-11
0.5134308	2.5147626280979684e-11
0.5145841	2.487382185749773e-11
0.5157374	2.4453109112918883e-11
0.5168907	2.3576809102499605e-11
0.518044	2.473490828990889e-11
0.5191973	2.5519360649938627e-11
0.5203506	2.5783889510915443e-11
0.5215039	2.5415812700306652e-11
0.5226572	2.5868830540876113e-11
0.5238104	2.613132828325278e-11
0.5249637	2.5729002278229673e-11
0.526117	2.5023126994434564e-11
0.5272703	2.419095161747506e-11
0.5284235	2.6034841203881806e-11
0.5295768	2.6709483741075308e-11
0.5307301	2.646450481671722e-11
0.5318834	2.570914011390639e-11
0.5330367	2.5769549496595997e-11
0.53419	2.6398049570467596e-11
0.5353433	2.7506515828171386e-11
0.5364966	2.8144307096184136e-11
0.5376499	2.8297720255714777e-11
0.5388032	2.7440075335276603e-11
0.5399565	2.735047999451638e-11
0.5411097	2.7117519135537096e-11
0.542263	2.7249634500697965e-11
0.5434163	2.8072607854296914e-11
0.5445696	2.8883963270668242e-11
0.5457229	2.82894484457599e-11
0.5468762	2.7753098160327988e-11
0.5480295	2.735709038635283e-11
0.5491828	2.6834505477238073e-11
0.5503361	2.6649323337768618e-11
0.5514894	2.7008843569469484e-11
0.5526426	2.719261080958163e-11
0.5537959	2.7237709998972077e-11
0.5549492	2.7669844419477713e-11
0.5561025	2.737711695394015e-11
0.5572557	2.6934234591479338e-11
0.558409	2.7003915662122594e-11
0.5595623	2.684001679030197e-11
0.5607156	2.763439867390105e-11
0.5618689	2.762750843428574e-11
0.5630222	2.6972277273599233e-11
0.5641755	2.660605965939797e-11
0.5653288	2.6871668011714606e-11
0.5664821	2.60984735415851e-11
0.5676354	2.5878015560882897e-11
0.5687886	2.7030842055183694e-11
0.5699419	2.5843073600565842e-11
0.5710952	2.5817372266146712e-11
0.5722485	2.6748361507602613e-11
0.5734018	2.7037457138019037e-11
0.5745551	2.606009506815888e-11
0.5757084	2.6311540398286897e-11
0.5768617	2.6450989585817606e-11
0.578015	2.556251563026143e-11
0.5791683	2.554594596031589e-11
0.5803216	2.5732998696932453e-11
0.5814748	2.6394551340168988e-11
0.5826281	2.6645344839648632e-11
0.5837814	2.668295839347237e-11
0.5849347	2.6127516141556926e-11
0.5860879	2.6603821399297972e-11
0.5872412	2.581630423924888e-11
0.5883945	2.4129216638665206e-11
0.5895478	2.497709531975624e-11
0.5907011	2.5383705809942534e-11
0.5918544	2.5598591201170304e-11
0.5930077	2.4834206466255285e-11
0.594161	2.469207030252806e-11
0.5953143	2.4458080648786152e-11
0.5964676	2.4465977150194307e-11
0.5976208	2.4069366475386776e-11
0.5987741	2.3360081644107887e-11
0.5999274	2.280494076331164e-11
0.6010807	2.256233707445665e-11
0.602234	2.2802977696439396e-11
0.6033873	2.2719361678348577e-11
0.6045406	2.2623601471338227e-11
0.6056939	2.294219002220542e-11
0.6068472	2.3077493727398364e-11
0.6080005	2.2397997226426258e-11
0.6091537	2.144230687973877e-11
0.610307	2.1529983613114702e-11
0.6114603	2.1058999004501976e-11
0.6126136	2.0699473586001396e-11
0.6137668	2.0572596944886287e-11
0.6149201	2.072649336819314e-11
0.6160734	2.053015610192112e-11
0.6172267	2.065571608332474e-11
0.61838	2.0845901222343835e-11
0.6195333	2.145676970331896e-11
0.6206866	2.124907223869242e-11
0.6218399	2.0809202037113425e-11
0.6229932	1.9878845723759037e-11
0.6241465	1.9543882100796833e-11
0.6252998	1.9517276416317894e-11
0.626453	1.9511315126206447e-11
0.6276063	1.957369491455124e-11
0.6287596	1.9730510066531694e-11
0.6299129	1.9722137738561112e-11
0.6310662	1.9412348097239814e-11
0.6322195	1.9523402135955e-11
0.6333728	1.9729471932367928e-11
0.6345261	1.9426368875091102e-11
0.6356794	1.9326844317555445e-11
0.6368327	1.899388149323256e-11
0.6379859	1.9170243797976395e-11
0.6391392	1.9237651776420342e-11
0.6402925	1.8862502412813125e-11
0.6414458	1.8646103284885052e-11
0.642599	1.8888800550078475e-11
0.6437523	1.8747603827598684e-11
0.6449056	1.833382905439526e-11
0.6460589	1.8404660527739047e-11
0.6472122	1.8861514304035703e-11
0.6483655	1.891618819589672e-11
0.6495188	1.8520103497454367e-11
0.6506721	1.886571490327546e-11
0.6518254	1.8620452481405783e-11
0.6529787	1.8028036621406932e-11
0.6541319	1.6989611108069476e-11
0.6552852	1.6512143006623273e-11
0.6564385	1.9705082681636814e-11
0.6575918	2.2305043465175535e-11
0.6587451	2.0851463860419814e-11
0.6598984	1.7647189012035114e-11
0.6610517	1.4354671559957944e-11
0.662205	1.3408480679033226e-11
0.6633583	1.3514361685298645e-11
0.6645116	1.3394460926483512e-11
0.6656649	1.3201218185322405e-11
0.6668181	1.3127297361017664e-11
0.6679714	1.3126001439537603e-11
0.6691247	1.3198924679761005e-11
0.670278	1.299440755448125e-11
0.6714312	1.2877595564215662e-11
0.6725845	1.293956656688267e-11
0.6737378	1.2824086910976602e-11
0.6748911	1.2572964538328524e-11
0.6760444	1.271204893695005e-11
0.6771977	1.264974788111455e-11
0.678351	1.2451940969219293e-11
0.6795043	1.2209343870154533e-11
0.6806576	1.2107922300702958e-11
0.6818109	1.2056175080039303e-11
0.6829641	1.2122359327548256e-11
0.6841174	1.2741331800029338e-11
0.6852707	1.3995491452658694e-11
0.686424	1.4506628302186472e-11
0.6875773	1.532743771966345e-11
0.6887306	1.6094332950789364e-11
0.6898839	1.6242353797805592e-11
0.6910372	1.6074755037563384e-11
0.6921905	1.5651732925139454e-11
0.6933438	1.5371425688147313e-11
0.694497	1.4127396331441665e-11
0.6956503	1.2129480114503909e-11
0.6968036	1.2414329508112108e-11
0.6979569	1.3532931872702702e-11
0.6991102	1.2106172009463319e-11
0.7002634	1.1793974988434502e-11
0.7014167	1.3869619817843538e-11
0.70257	1.4004053140928757e-11
0.7037233	1.2022745002479505e-11
0.7048766	1.1092442847710108e-11
0.7060299	1.0892056363995836e-11
0.7071832	1.1625307260026513e-11
0.7083365	1.2829600184176104e-11
0.7094898	1.1772824727954935e-11
0.7106431	1.0774767987928443e-11
0.7117963	1.1386264187887744e-11
0.7129496	1.2528142585973043e-11
0.7141029	1.2024993320773918e-11
0.7152562	1.272111079812037e-11
0.7164095	1.295574398856136e-11
0.7175628	1.2499606344746094e-11
0.7187161	1.2302769780650426e-11
0.7198694	1.3012427857544254e-11
0.7210227	1.3549011402806203e-11
0.722176	1.310012216089177e-11
0.7233292	1.2620934757534241e-11
0.7244825	1.2565578963349959e-11
0.7256358	1.2604466282343677e-11
0.7267891	1.2506393934276975e-11
0.7279423	1.2295320731732033e-11
0.7290956	1.21967194102028e-11
0.7302489	1.2192597629799426e-11
0.7314022	1.2345468863747888e-11
0.7325555	1.2843826723911528e-11
0.7337088	1.2640626086103744e-11
0.7348621	1.2475938719975253e-11
0.7360154	1.2548690490410038e-11
0.7371687	1.262982927643306e-11
0.738322	1.23200196465697e-11
0.7394753	1.2294498481231139e-11
0.7406285	1.2349445572206376e-11
0.7417818	1.2118548193075756e-11
0.7429351	1.1970791983177807e-11
0.7440884	1.2029267912796641e-11
0.7452417	1.225677193999106e-11
0.746395	1.2323057940047268e-11
0.7475483	1.2347964865073078e-11
0.7487016	1.238375681824261e-11
0.7498549	1.2315473312329164e-11
0.7510082	1.233443366865549e-11
0.7521614	1.2413623468629203e-11
0.7533147	1.2451786627494319e-11
0.754468	1.2337048384878785e-11
0.7556213	1.2118281870371784e-11
0.7567745	1.1534543365845212e-11
0.7579278	9.055347415851367e-12
0.7590811	6.9528858517572e-12
0.7602344	8.308595451573786e-12
0.7613877	1.152182322162708e-11
0.762541	1.2318881142597471e-11
0.7636943	1.329380126686992e-11
0.7648476	1.4360268432502278e-11
0.7660009	1.3765309064249804e-11
0.7671542	1.2805430746336851e-11
0.7683074	1.230369145597435e-11
0.7694607	1.2096818688664977e-11
0.770614	1.1752354577670916e-11
0.7717673	1.1316398465651391e-11
0.7729206	1.1183958327623447e-11
0.7740739	1.120231721655874e-11
0.7752272	1.1148547462186603e-11
0.7763805	1.1268685860555007e-11
0.7775338	1.0979687511937812e-11
0.7786871	1.1433084327738505e-11
0.7798404	1.1376891851745184e-11
0.7809936	1.1191991603829337e-11
0.7821469	1.1067324403843514e-11
0.7833002	1.0849272773929303e-11
0.7844535	1.0686873667684474e-11
0.7856067	1.056305033346612e-11
0.78676	1.0484299628296447e-11
0.7879133	1.040109855850387e-11
0.7890666	1.0377762994465065e-11
0.7902199	1.0172925448161348e-11
0.7913732	1.0044919019701152e-11
0.7925265	1.0000520025787581e-11
0.7936798	9.926500388333864e-12
0.7948331	9.919799285734871e-12
0.7959864	1.016890037229429e-11
0.7971396	1.0256253799799573e-11
0.7982929	1.0203197417613973e-11
0.7994462	9.93252386167572e-12
0.8005995	9.807443831776832e-12
0.8017528	1.0044473706895196e-11
0.8029061	9.985111561007625e-12
0.8040594	9.833508398661611e-12
0.8052127	9.78666637036121e-12
0.806366	9.829341571934978e-12
0.8075193	9.584325606758979e-12
0.8086725	9.293428974084334e-12
0.8098258	9.195331598567794e-12
0.8109791	9.231931035288843e-12
0.8121324	9.101055341620818e-12
0.8132856	8.821344012128717e-12
0.8144389	8.548245780513797e-12
0.8155922	8.639109339063784e-12
0.8167455	8.787869873749062e-12
0.8178988	8.719168103805864e-12
0.8190521	8.676134616771792e-12
0.8202054	8.594389160300203e-12
0.8213587	8.391840369306491e-12
0.822512	8.385481064305325e-12
0.8236653	8.775353521738375e-12
0.8248186	8.786960554201555e-12
0.8259718	8.770923729870283e-12
0.8271251	8.753824914850971e-12
0.8282784	8.60893151556282e-12
0.8294317	8.488538501601314e-12
0.830585	8.441705972817127e-12
0.8317383	8.53079305392759e-12
0.8328916	8.654343356480088e-12
0.8340449	8.544159181849627e-12
0.8351982	8.603570994357608e-12
0.8363515	8.63107105271814e-12
0.8375047	8.514799322554357e-12
0.838658	8.358789275550774e-12
0.8398113	8.351900189751801e-12
0.8409646	8.515020959484456e-12
0.8421178	8.581577063934239e-12
0.8432711	8.511400027999489e-12
0.8444244	8.24469850531803e-12
0.8455777	8.595646982637641e-12
0.846731	8.598326693638493e-12
0.8478843	8.560482985534902e-12
0.8490376	8.221201570071601e-12
0.8501909	7.905505351589103e-12
0.8513442	7.159436439048108e-12
0.8524975	7.012642936034642e-12
0.8536507	6.5808596978366974e-12
0.854804	5.989789349785346e-12
0.8559573	6.9254052359096335e-12
0.8571106	7.736411196504031e-12
0.8582639	7.763608239498913e-12
0.8594172	8.158443365046492e-12
0.8605705	8.437598823727697e-12
0.8617238	8.318412020109476e-12
0.8628771	7.961830463219772e-12
0.8640304	7.529645032138286e-12
0.8651837	7.127707592755635e-12
0.8663369	6.9503410431273075e-12
0.8674902	6.63075807672456e-12
0.8686435	7.51794475271474e-12
0.8697968	8.017986601788933e-12
0.87095	8.050772329052374e-12
0.8721033	8.0021339658028e-12
0.8732566	7.93971498809763e-12
0.8744099	8.054910661484492e-12
0.8755632	8.481269564979073e-12
0.8767165	8.98061382366348e-12
0.8778698	9.186654606639023e-12
0.8790231	9.108965371534329e-12
0.8801764	8.602055124593392e-12
0.8813297	8.215656319805945e-12
0.8824829	8.24590641105347e-12
0.8836362	8.18521587025859e-12
0.8847895	8.370264635337326e-12
0.8859428	8.567161444676752e-12
0.8870961	8.522051835276594e-12
0.8882494	8.698829048725915e-12
0.8894027	9.068948568337854e-12
0.890556	9.266677173890372e-12
0.8917093	8.928756602910548e-12
0.8928626	8.256230109519988e-12
0.8940158	7.86387410693378e-12
0.8951691	7.605301073269239e-12
0.8963224	7.921448676318006e-12
0.8974757	8.35585407328015e-12
0.898629	8.315340157793287e-12
0.8997822	7.899898001274083e-12
0.9009355	7.671236133304644e-12
0.9020888	8.347840460559671e-12
0.9032421	9.377749939192072e-12
0.9043954	9.48378690720324e-12
0.9055487	8.912829470536224e-12
0.906702	8.131005802173138e-12
0.9078553	7.933060933154779e-12
0.9090086	7.97053849970576e-12
0.9101619	8.46636708591007e-12
0.9113151	8.68882814640733e-12
0.9124684	8.594695919088898e-12
0.9136217	8.215777372203843e-12
0.914775	7.955515734899162e-12
0.9159283	7.940011918410424e-12
0.9170816	8.175844677613605e-12
0.9182349	8.604842842142589e-12
0.9193882	9.08509772033733e-12
0.9205415	8.805974873707626e-12
0.9216948	8.440756893599455e-12
0.922848	8.731374990998169e-12
0.9240013	8.609255846416933e-12
0.9251546	8.558835079670883e-12
0.9263079	8.750223662152269e-12
0.9274611	9.100673814405674e-12
0.9286144	9.241417991665968e-12
0.9297677	9.159877582596609e-12
0.930921	8.88086214643469e-12
0.9320743	8.801574403752455e-12
0.9332276	9.523971433151303e-12
0.9343809	1.0132742520951426e-11
0.9355342	1.0508500063059823e-11
0.9366875	1.0464134383166906e-11
0.9378408	1.0464270138863391e-11
0.9389941	1.0730880568280513e-11
0.9401473	1.0449080579449757e-11
0.9413006	1.0311887240399176e-11
0.9424539	1.1044551370703308e-11
0.9436072	1.1277270352256639e-11
0.9447605	1.1396797843657018e-11
0.9459138	1.1667327851522777e-11
0.9470671	1.2494375356965912e-11
0.9482204	1.2617963036266318e-11
0.9493737	1.245408788913009e-11
0.950527	1.1954897107819173e-11
0.9516802	1.1077629955884526e-11
0.9528335	1.1262081413528768e-11
0.9539868	1.3750699986156169e-11
0.9551401	1.574949855933107e-11
0.9562933	1.579807549754e-11
0.9574466	1.5458587555912162e-11
0.9585999	1.4865528779830012e-11
0.9597532	1.477131764736384e-11
0.9609065	1.460424570186367e-11
0.9620598	1.4354216888492551e-11
0.9632131	1.3988469835884346e-11
0.9643664	1.3795367127866319e-11
0.9655197	1.3759879121484594e-11
0.966673	1.4111802550262992e-11
0.9678262	1.710081843618901e-11
0.9689795	1.0462637377569037e-11
0.9978117	7.419019278403967e-12
0.998965	6.8322662318700575e-12
1.000118	6.9265090984833046e-12
1.001272	6.8576902785992016e-12
1.002425	6.822112701253041e-12
1.003578	6.537203585584494e-12
1.004731	6.22230921990773e-12
1.005885	6.280421110389691e-12
1.007038	6.198980347087677e-12
1.008191	6.064650684777821e-12
1.009345	5.874933370677382e-12
1.010498	5.938980242779009e-12
1.011651	6.174017389440029e-12
1.012805	6.102693820591774e-12
1.013958	6.127369216772668e-12
1.015111	6.278616476725106e-12
1.016264	6.331170455488824e-12
1.017418	6.059400956557177e-12
1.018571	6.104982596902181e-12
1.019724	6.291089988484206e-12
1.020877	6.363185353255017e-12
1.022031	6.3918810443547365e-12
1.023184	6.371443628495314e-12
1.024337	6.272526984873037e-12
1.025491	6.154796633822035e-12
1.026644	6.1254815102410436e-12
1.027797	6.214112775892052e-12
1.02895	6.377422136357963e-12
1.030104	6.471172913519005e-12
1.031257	6.350395670995271e-12
1.03241	6.192661357667821e-12
1.033564	6.157819838496682e-12
1.034717	6.2161134665698e-12
1.03587	6.244317886632701e-12
1.037024	6.252305058748897e-12
1.038177	6.374849855669376e-12
1.03933	6.617294252437824e-12
1.040483	6.723247017925567e-12
1.041637	6.607362636381081e-12
1.04279	6.481478546852685e-12
1.043943	6.3715500169154706e-12
1.045097	6.283559718478572e-12
1.04625	6.276676641285365e-12
1.047403	6.315639458822769e-12
1.048556	6.400135792738557e-12
1.04971	6.4336580089142604e-12
1.050863	6.334367247768784e-12
1.052016	6.264563767162238e-12
1.053169	6.312468383663065e-12
1.054323	6.346786695037568e-12
1.055476	6.25027301299068e-12
1.056629	6.199722914294093e-12
1.057783	6.252951983577775e-12
1.058936	6.249311178513045e-12
1.060089	6.2060916253325924e-12
1.061243	6.185848578835757e-12
1.062396	6.1039592736770245e-12
1.063549	6.02893011729368e-12
1.064702	5.998181137611409e-12
1.065856	5.959406579073042e-12
1.067009	5.917747434969816e-12
1.068162	5.898183157321105e-12
1.069316	5.929535840947116e-12
1.070469	5.943847669528051e-12
1.071622	5.883558860417779e-12
1.072775	5.875478542686001e-12
1.073929	5.933896940344786e-12
1.075082	5.964277518243268e-12
1.076235	5.971367098741914e-12
1.077389	6.000061767080661e-12
1.078542	5.992235925751929e-12
1.079695	5.919259336713324e-12
1.080848	5.977004646968641e-12
1.082002	6.164337185047201e-12
1.083155	6.216165276934817e-12
1.084308	6.174624612230234e-12
1.085462	6.126472692014213e-12
1.086615	6.1990884001185646e-12
1.087768	6.424093035467044e-12
1.088921	6.4197493306218365e-12
1.090075	6.176443529505364e-12
1.091228	5.971184226852828e-12
1.092381	5.851412752013039e-12
1.093535	5.875802289807265e-12
1.094688	5.825011948561017e-12
1.095841	5.623158469316258e-12
1.096995	5.525100627084745e-12
1.098148	5.52784104829122e-12
1.099301	5.487595706237898e-12
1.100454	5.495101898269692e-12
1.101608	5.64755061701415e-12
1.102761	5.776384603473943e-12
1.103914	5.819572629958745e-12
1.105067	5.886821583624765e-12
1.106221	5.990772388654318e-12
1.107374	6.11779498149857e-12
1.108527	6.266740622344836e-12
1.109681	6.420878418050376e-12
1.110834	6.602970722001275e-12
1.111987	6.787530078209254e-12
1.11314	6.863012728398024e-12
1.114294	6.834994740290778e-12
1.115447	6.735951652310923e-12
1.1166	6.570503189218485e-12
1.117754	6.363804601798663e-12
1.118907	6.157070160617139e-12
1.12006	5.9292669562829094e-12
1.121214	5.581115394046516e-12
1.122367	5.201916175289914e-12
1.12352	4.912981710790281e-12
1.124673	4.732654459152508e-12
1.125827	4.678744510023359e-12
1.12698	4.679964775168732e-12
1.128133	4.687570413127605e-12
1.129287	4.7662917320729355e-12
1.13044	4.782507378749617e-12
1.131593	4.627437674191621e-12
1.132746	4.4662790387259015e-12
1.1339	4.360253363964974e-12
1.135053	4.3104586980242555e-12
1.136206	4.3588960283340275e-12
1.13736	4.529035389246249e-12
1.138513	4.745972262898592e-12
1.139666	4.960527788921607e-12
1.140819	5.1625094574704136e-12
1.141973	5.31832290994659e-12
1.143126	5.432764166989576e-12
1.144279	5.419136363976232e-12
1.145433	5.229924532627631e-12
1.146586	4.999980672318351e-12
1.147739	4.807482900462219e-12
1.148892	4.656405449196321e-12
1.150046	4.553340873466432e-12
1.151199	4.499467753555973e-12
1.152352	4.477866396712846e-12
1.153506	4.459464201966462e-12
1.154659	4.471892038133298e-12
1.155812	4.523505469513616e-12
1.156965	4.569256859824721e-12
1.158119	4.609912784952268e-12
1.159272	4.695443457663208e-12
1.160425	4.79850024356642e-12
1.161579	4.88234657212177e-12
1.162732	4.928754283092001e-12
1.163885	4.939866659979451e-12
1.165038	4.97228601875418e-12
1.166192	5.0282048506442165e-12
1.167345	5.0767363531594405e-12
1.168498	5.160050253342066e-12
1.169652	5.292355256836671e-12
1.170805	5.364979373690294e-12
1.171958	5.3491991887003956e-12
1.173111	5.318599677280649e-12
1.174265	5.299477705283191e-12
1.175418	5.346593958752313e-12
1.176571	5.400999657753829e-12
1.177725	5.40850217940368e-12
1.178878	5.369989369368254e-12
1.180031	5.285944167365045e-12
1.181185	5.265303722257245e-12
1.182338	5.299029852427853e-12
1.183491	5.362319442185787e-12
1.184644	5.339665173407749e-12
1.185798	5.18078690981317e-12
1.186951	5.150888991579669e-12
1.188104	5.259875740601735e-12
1.189258	5.280377278681887e-12
1.190411	5.256630878122215e-12
1.191564	5.271145013072082e-12
1.192717	5.279248236710801e-12
1.193871	5.237543024588059e-12
1.195024	5.200002244333896e-12
1.196177	5.200400004064236e-12
1.19733	5.319433914902208e-12
1.198484	5.490432529420684e-12
1.199637	5.5092654293115875e-12
1.20079	5.49155772721222e-12
1.201944	5.482391348309826e-12
1.203097	5.538507236731475e-12
1.20425	5.587593333488422e-12
1.205404	5.390397172821224e-12
1.206557	5.2291277838570945e-12
1.20771	5.286562872725174e-12
1.208863	5.283294988498124e-12
1.210017	5.16682972636489e-12
1.21117	5.107006145216825e-12
1.212323	5.110256857394113e-12
1.213477	5.1560332851505305e-12
1.21463	5.21821537353746e-12
1.215783	5.2762803225173725e-12
1.216936	5.3311133359850456e-12
1.21809	5.3767330770432965e-12
1.219243	5.399008508427803e-12
1.220396	5.397246709294645e-12
1.22155	5.371877102408016e-12
1.222703	5.340421202554351e-12
1.223856	5.313837461187342e-12
1.225009	5.289012667382124e-12
1.226163	5.272639965943582e-12
1.227316	5.287363503041158e-12
1.228469	5.271923466254043e-12
1.229623	5.144269058015361e-12
1.230776	5.002185363567894e-12
1.231929	4.899825287526518e-12
1.233082	4.812915751097812e-12
1.234236	4.771074978576704e-12
1.235389	4.7879921342032774e-12
1.236542	4.850153096254727e-12
1.237696	4.949732973325709e-12
1.238849	5.1411359528659814e-12
1.240002	5.35675845790022e-12
1.241156	5.477535063813187e-12
1.242309	5.442760167323026e-12
1.243462	5.157572936400767e-12
1.244615	4.7488659884323204e-12
1.245769	4.323171352638918e-12
1.246922	4.011085977459498e-12
1.248075	3.959750924124435e-12
1.249228	4.0516120637177685e-12
1.250382	4.252622982304159e-12
1.251535	4.5388528969723e-12
1.252688	4.7927217637525574e-12
1.253842	4.994453812666346e-12
1.254995	5.178208229326409e-12
1.256148	5.32246187022231e-12
1.257301	5.381578849212418e-12
1.258455	5.38696077357987e-12
1.259608	5.350651254372282e-12
1.260761	5.327107711388516e-12
1.261915	5.3422151455097085e-12
1.263068	5.33967147763743e-12
1.264221	5.3099320531573e-12
1.265375	5.242763675771779e-12
1.266528	5.1549401429556345e-12
1.267681	5.087463976112135e-12
1.268834	4.981718516796648e-12
1.269988	4.8419806081467264e-12
1.271141	4.766399628399296e-12
1.272294	4.757522926233871e-12
1.273448	4.806220165586282e-12
1.274601	4.902401300649559e-12
1.275754	5.005353067944625e-12
1.276907	5.117706795129651e-12
1.278061	5.2034523130328935e-12
1.279214	5.190848274368891e-12
1.280367	5.185445471345442e-12
1.28152	5.426251653849164e-12
1.282674	5.4535430668506234e-12
1.283827	5.074346856795756e-12
1.28498	4.829254691171868e-12
1.286134	4.7653146699430676e-12
1.287287	4.7380745930594446e-12
1.28844	4.738356258579255e-12
1.289594	4.783833607710066e-12
1.290747	4.824631931118738e-12
1.2919	4.8327184711089e-12
1.293053	4.860529918099553e-12
1.294207	4.908999601901331e-12
1.29536	4.918405162534653e-12
1.296513	4.927689345197718e-12
1.297667	4.974108902628941e-12
1.29882	4.987104523685952e-12
1.299973	4.963986442300056e-12
1.301126	4.9712976082041925e-12
1.30228	5.002085269664485e-12
1.303433	5.027643267231963e-12
1.304586	5.032962849006847e-12
1.30574	5.005458129255044e-12
1.306893	4.987093824635627e-12
1.308046	4.983055762952528e-12
1.309199	4.964035499606618e-12
1.310353	4.951811802218129e-12
1.311506	4.998805380595833e-12
1.312659	5.001503284310669e-12
1.313813	4.913828541589451e-12
1.314966	4.9128662958843396e-12
1.316119	4.98462589194152e-12
1.317272	4.936915024302216e-12
1.318426	4.8437737932415655e-12
1.319579	4.794408433837045e-12
1.320732	4.765583446328057e-12
1.321886	4.7595659397081604e-12
1.323039	4.75206104303518e-12
1.324192	4.7664931225647754e-12
1.325346	4.829510631338058e-12
1.326499	4.903639498311602e-12
1.327652	4.950758321616067e-12
1.328805	5.0041291533826246e-12
1.329959	5.055065568388836e-12
1.331112	5.033281391240475e-12
1.332265	4.925675316472597e-12
1.333418	4.728123983604641e-12
1.334572	4.534110855306956e-12
1.335725	4.41122132661608e-12
1.336878	4.337888315678435e-12
1.338032	4.32831144801695e-12
1.339185	4.401121438365801e-12
1.340338	4.536700227032862e-12
1.341491	4.694032279725127e-12
1.342645	4.922435121409521e-12
1.343798	5.236269802201635e-12
1.344951	5.6256507199555545e-12
1.346105	6.066519109224767e-12
1.347258	6.507518969406763e-12
1.348411	6.9978820658577976e-12
1.349565	7.617969298921947e-12
1.350718	8.25417562042483e-12
1.351871	8.827186941451376e-12
1.353024	9.41541380418598e-12
1.354178	1.0005141043689636e-11
1.355331	1.0545199781796058e-11
1.356484	1.071119346804874e-11
1.357638	1.0138614871601292e-11
1.358791	9.106101878660419e-12
1.359944	7.799535309069954e-12
1.361097	6.208943317085834e-12
1.362251	4.638079036807136e-12
1.363404	3.424267084316632e-12
1.364557	2.7106713106104357e-12
1.36571	2.3324991661102745e-12
1.366864	2.1769592175440193e-12
1.368017	2.0205435318226764e-12
1.36917	1.6316775565250927e-12
1.370324	1.315400105912847e-12
1.371477	1.1477059674987496e-12
1.37263	1.1123471231066742e-12
1.373784	1.1871566985800432e-12
1.374937	1.3495198552796113e-12
1.37609	1.5957567434363594e-12
1.377243	1.9639669694656468e-12
1.378397	2.587603009865537e-12
1.37955	3.4164047912445774e-12
1.380703	4.3460242795033705e-12
1.381857	4.9591893823773125e-12
1.38301	4.66162864491957e-12
1.384163	3.837007503490682e-12
1.385316	2.9258072025382155e-12
1.38647	2.2088028432272714e-12
1.387623	1.7629764078427385e-12
1.388776	1.5449020332998388e-12
1.38993	1.498037743143026e-12
1.391083	1.5945376087760438e-12
1.392236	1.8110171933557403e-12
1.393389	2.090084153336174e-12
1.394543	2.365336929895104e-12
1.395696	2.5011173118150676e-12
1.396849	2.4807067101225193e-12
1.398003	2.3923601691049207e-12
1.399156	2.317915828142338e-12
1.400309	2.299280084949586e-12
1.401462	2.29311320279061e-12
1.402616	2.3119246104687865e-12
1.403769	2.3748586374636144e-12
1.404922	2.4656495014961522e-12
1.406076	2.5459809227708987e-12
1.407229	2.585590995338564e-12
1.408382	2.554892169606909e-12
1.409536	2.42990174347782e-12
1.410689	2.31393321760407e-12
1.411842	2.2636410874755805e-12
1.412995	2.2726597839817476e-12
1.414149	2.3694221084853102e-12
1.415302	2.5010121856707063e-12
1.416455	2.6298714619218307e-12
1.417608	2.726185536234245e-12
1.418762	2.751097033969428e-12
1.419915	2.7458972341017553e-12
1.421068	2.741144858134922e-12
1.422222	2.7338796963007363e-12
1.423375	2.683724027797031e-12
1.424528	2.6501336554042684e-12
1.425681	2.6885021306987608e-12
1.426835	2.765888812092238e-12
1.427988	2.871354398404554e-12
1.429141	2.991679242495807e-12
1.430295	3.1271919254649785e-12
1.431448	3.3053561695498974e-12
1.432601	3.4177827501855445e-12
1.433755	3.4035933028101962e-12
1.434908	3.364559399009949e-12
1.436061	3.3074946816571253e-12
1.437214	3.1533481786052597e-12
1.438368	2.973401627024544e-12
1.439521	2.9331318966005683e-12
1.440674	2.945554665250388e-12
1.441828	2.8685631881399206e-12
1.442981	2.8043315123075893e-12
1.444134	2.830876149128966e-12
1.445287	2.878536083234972e-12
1.446441	2.909691136236401e-12
1.447594	2.9630064872601337e-12
1.448747	3.01605052639259e-12
1.449901	3.093011778274379e-12
1.451054	2.9880235398059146e-12
1.452207	2.7480072304329684e-12
1.45336	2.6498430322952306e-12
1.454514	2.6813123585033595e-12
1.455667	2.6875465371347866e-12
1.45682	2.6732737953908557e-12
1.457974	2.7542898247544266e-12
1.459127	2.954699845901861e-12
1.46028	3.1613885266004734e-12
1.461433	3.3758676107556454e-12
1.462587	3.637244211580072e-12
1.46374	3.758240318624191e-12
1.464893	3.692933092159468e-12
1.466047	3.694853135896136e-12
1.4672	3.878303589390644e-12
1.468353	3.973905154869258e-12
1.469507	3.855625000238077e-12
1.47066	3.652703779174234e-12
1.471813	3.4433146451605637e-12
1.472966	3.217482678377223e-12
1.47412	3.1151360992729573e-12
1.475273	3.1172133669091753e-12
1.476426	2.982531118075254e-12
1.477579	2.8050197460240727e-12
1.478733	2.6688049852366058e-12
1.479886	2.720158296421966e-12
1.481039	2.854375279349504e-12
1.482193	2.966879664879162e-12
1.483346	3.0351939384877562e-12
1.484499	2.9436313155580887e-12
1.485652	2.7010946881401296e-12
1.486806	2.5765131211291882e-12
1.487959	2.6903735623624715e-12
1.489112	2.8521389208196495e-12
1.490266	2.856203769276947e-12
1.491419	2.9005375361007887e-12
1.492572	2.8988897812412424e-12
1.493726	2.8223144174191135e-12
1.494879	2.788359414379988e-12
1.496032	2.8476369556504025e-12
1.497185	2.9434003467413135e-12
1.498339	3.02855274219595e-12
1.499492	3.1198655082330005e-12
1.500645	3.166045856753003e-12
1.501799	3.119246369259519e-12
1.502952	2.969175933878958e-12
1.504105	2.888689306679376e-12
1.505258	3.072785369111151e-12
1.506412	3.3407599814413834e-12
1.507565	3.4515326815518556e-12
1.508718	3.3367682201941912e-12
1.509871	3.173327493191035e-12
1.511025	3.1341384947354528e-12
1.512178	3.1851961636161223e-12
1.513331	3.1974002043982633e-12
1.514485	3.1792934774063373e-12
1.515638	3.1746898617485044e-12
1.516791	3.173736873591592e-12
1.517945	3.170221408546214e-12
1.519098	3.1780578352943684e-12
1.520251	3.1748524357806705e-12
1.521404	3.1618718035728136e-12
1.522558	3.1455917426890986e-12
1.523711	3.178845395811044e-12
1.524864	3.2852853678686277e-12
1.526018	3.3321956752036486e-12
1.527171	3.22687450603063e-12
1.528324	3.0734265106214504e-12
1.529477	3.049936400543375e-12
1.530631	3.0866611573691537e-12
1.531784	3.059636386086882e-12
1.532937	3.0913846085105252e-12
1.534091	3.2033911163706107e-12
1.535244	3.2584944274781304e-12
1.536397	3.259245017718733e-12
1.53755	3.2592813740830822e-12
1.538704	3.2225712289317296e-12
1.539857	3.1827573637522187e-12
1.54101	3.1680824943025772e-12
1.542164	3.216816641348192e-12
1.543317	3.2928029170497086e-12
1.54447	3.256225280329501e-12
1.545623	3.122003469998177e-12
1.546777	3.0436373033765894e-12
1.54793	3.0993736407314825e-12
1.549083	3.190029160264399e-12
1.550237	3.190940559207194e-12
1.55139	3.092080196990155e-12
1.552543	3.042872627953789e-12
1.553697	3.1431459204912655e-12
1.55485	3.2671306125536977e-12
1.556003	3.2788436635025646e-12
1.557156	3.211279868687338e-12
1.55831	3.115636173280718e-12
1.559463	3.0823898752237274e-12
1.560616	3.080577391349301e-12
1.561769	3.088326707367899e-12
1.562923	3.115186924981312e-12
1.564076	3.1882183312006353e-12
1.565229	3.3042016381219083e-12
1.566383	3.335210966604999e-12
1.567536	3.2417253060538605e-12
1.568689	3.1734181348876903e-12
1.569842	3.1489736130901713e-12
1.570996	3.108015654517773e-12
1.572149	3.0645296598645487e-12
1.573302	3.011313955610336e-12
1.574456	2.962929054627835e-12
1.575609	2.943218205250227e-12
1.576762	2.9506031723567203e-12
1.577916	3.023029822077406e-12
1.579069	3.026723066716224e-12
1.580222	2.975017130444996e-12
1.581375	2.983767300839125e-12
1.582529	2.972690398331194e-12
1.583682	2.899092141508401e-12
1.584835	2.9158770829886355e-12
1.585989	2.9551004079074933e-12
1.587142	2.9412286879741127e-12
1.588295	2.881093935423737e-12
1.589448	2.903440833074581e-12
1.590602	3.0144022190239366e-12
1.591755	3.019803255824082e-12
1.592908	2.9509970867104543e-12
1.594061	2.877474946388626e-12
1.595215	2.886572960740253e-12
1.596368	2.9316172910588436e-12
1.597521	2.8593563111610563e-12
1.598675	2.8476043547683345e-12
1.599828	2.959194248133792e-12
1.600981	3.0391132589864096e-12
1.602135	3.0096010291001988e-12
1.603288	2.942134487561044e-12
1.604441	2.942762798211894e-12
1.605594	2.9945291320414982e-12
1.606748	2.977417253182366e-12
1.607901	2.8529857961032615e-12
1.609054	2.804101824417114e-12
1.610208	2.901119678256958e-12
1.611361	2.933546270366806e-12
1.612514	2.8673593592781118e-12
1.613667	2.742498417441786e-12
1.614821	2.6296192135545513e-12
1.615974	2.630155140171043e-12
1.617127	2.6226709274734186e-12
1.618281	2.5500034685158905e-12
1.619434	2.578223781967553e-12
1.620587	2.65740082409538e-12
1.62174	2.6760146585979123e-12
1.622894	2.715810571732922e-12
1.624047	2.7427694023501188e-12
1.6252	2.738087123990337e-12
1.626354	2.7238012043163145e-12
1.627507	2.7013568879148888e-12
1.62866	2.6706140116420408e-12
1.629813	2.6498208952998457e-12
1.630967	2.6269413544696548e-12
1.63212	2.6458104393625057e-12
1.633273	2.7244715865222427e-12
1.634427	2.804552003487197e-12
1.63558	2.802149682924399e-12
1.636733	2.7087635944665453e-12
1.637887	2.645835772769198e-12
1.63904	2.6528708624428642e-12
1.640193	2.753548700689929e-12
1.641346	2.872063647901494e-12
1.6425	2.8701296341234304e-12
1.643653	2.746239850980761e-12
1.644806	2.5995132692296934e-12
1.645959	2.507066736076004e-12
1.647113	2.4696098568346573e-12
1.648266	2.4642349712966505e-12
1.649419	2.45926619860114e-12
1.650573	2.484097353744174e-12
1.651726	2.5180876981698646e-12
1.652879	2.5229345683398687e-12
1.654032	2.4520989634117815e-12
1.655186	2.3631593323490197e-12
1.656339	2.336733824630295e-12
1.657492	2.376155971977026e-12
1.658646	2.4396618960156895e-12
1.659799	2.4806027420206734e-12
1.660952	2.478804177534543e-12
1.662106	2.4845891439446756e-12
1.663259	2.526497950979828e-12
1.664412	2.569683996916608e-12
1.665565	2.5575047538051785e-12
1.666719	2.52082636779464e-12
1.667872	2.529253352473103e-12
1.669025	2.539979144918968e-12
1.670179	2.5027559092557017e-12
1.671332	2.537919327585982e-12
1.672485	2.5841466202810325e-12
1.673638	2.5058752539501048e-12
1.674792	2.421765821448499e-12
1.675945	2.4064756459162804e-12
1.677098	2.3955308458896176e-12
1.678252	2.3853797097601548e-12
1.679405	2.4340421843647347e-12
1.680558	2.483541612616112e-12
1.681711	2.476872431932078e-12
1.682865	2.447090698749712e-12
1.684018	2.389996796638726e-12
1.685171	2.3400672257826314e-12
1.686325	2.2795338288225606e-12
1.687478	2.228401973118467e-12
1.688631	2.2372643071435513e-12
1.689784	2.2854344462519877e-12
1.690938	2.2723693964668882e-12
1.692091	2.214089315693577e-12
1.693244	2.1478811423728727e-12
1.694398	2.116547308051923e-12
1.695551	2.121499174860244e-12
1.696704	2.1668737976032113e-12
1.697857	2.2133516990961467e-12
1.699011	2.215718632459608e-12
1.700164	2.1986191269331434e-12
1.701317	2.2012486897414036e-12
1.702471	2.233245134595776e-12
1.703624	2.253773977558875e-12
1.704777	2.224712907667454e-12
1.70593	2.1495388300769857e-12
1.707084	2.0969206956400727e-12
1.708237	2.103190995431562e-12
1.70939	2.1310548387005746e-12
1.710544	2.166950790677828e-12
1.711697	2.2196023286217922e-12
1.71285	2.1685949603149885e-12
1.714003	2.0406596610910833e-12
1.715157	1.9783591503681806e-12
1.71631	1.9877984225982835e-12
1.717463	2.0032306080650777e-12
1.718617	2.0243625121873115e-12
1.71977	2.04583910369692e-12
1.720923	2.0313405989193415e-12
1.722077	2.004144397923659e-12
1.72323	2.0102401065315152e-12
1.724383	2.0451896777555687e-12
1.725536	2.045626630723969e-12
1.72669	2.047700700310952e-12
1.727843	2.0568469261462255e-12
1.728996	2.02948134678524e-12
1.73015	2.0032585348843035e-12
1.731303	2.001210775361341e-12
1.732456	2.0126361291017204e-12
1.733609	2.0583860416566716e-12
1.734763	2.096151748043464e-12
1.735916	2.1263289657642923e-12
1.737069	2.101507486206775e-12
1.738222	1.999063344106714e-12
1.739376	1.9027211070195007e-12
1.740529	1.8276611888058873e-12
1.741682	1.8067904991781663e-12
1.742836	1.7912008856745016e-12
1.743989	1.7925367131330715e-12
1.745142	1.8432247595026236e-12
1.746296	1.906431856817408e-12
1.747449	1.931572518144041e-12
1.748602	1.9063093769804823e-12
1.749755	1.8504624472074164e-12
1.750909	1.8100642907829443e-12
1.752062	1.7988140218474382e-12
1.753215	1.7904873443144064e-12
1.754369	1.7844712763726025e-12
1.755522	1.781426667931607e-12
1.756675	1.7656316175250406e-12
1.757828	1.7507092682344454e-12
1.758982	1.7526075056250007e-12
1.760135	1.7699264152515245e-12
1.761288	1.8082125097695685e-12
1.762442	1.8406277323738934e-12
1.763595	1.83080937306243e-12
1.764748	1.8301559159616475e-12
1.765901	1.8610809226970946e-12
1.767055	1.89441098754945e-12
1.768208	1.8938598354439675e-12
1.769361	1.851316910396931e-12
1.770515	1.79898325369342e-12
1.771668	1.7660077476933786e-12
1.772821	1.7719985844966521e-12
1.773974	1.7912388938782438e-12
1.775128	1.7909543851888599e-12
1.776281	1.7616462923557414e-12
1.777434	1.7081843373221531e-12
1.778588	1.6702141452518867e-12
1.779741	1.6585485505260875e-12
1.780894	1.6580925955228802e-12
1.782048	1.6601425854912625e-12
1.783201	1.6536107052533878e-12
1.784354	1.6580784929837958e-12
1.785507	1.6920444332807242e-12
1.786661	1.7241603141711526e-12
1.787814	1.7161895329110717e-12
1.788967	1.677020859340216e-12
1.79012	1.6319104402024785e-12
1.791274	1.6054588435101013e-12
1.792427	1.6311587452368513e-12
1.79358	1.7089744514306142e-12
1.794734	1.8027609717884138e-12
1.795887	1.8784850904443918e-12
1.79704	1.9290176683528635e-12
1.798193	1.978484634711356e-12
1.799347	2.0302056691101344e-12
1.8005	2.051698375079651e-12
1.801653	2.0284528883105344e-12
1.802807	1.9370407165846332e-12
1.80396	1.800022533223226e-12
1.805113	1.692677759157054e-12
1.806267	1.6393435475268697e-12
1.80742	1.6266378236812239e-12
1.808573	1.658549863267558e-12
1.809726	1.7239481741382813e-12
1.81088	1.8031487412211507e-12
1.812033	1.8916999140383993e-12
1.813186	1.9494568051321765e-12
1.81434	1.962401015011993e-12
1.815493	1.9393921718681095e-12
1.816646	1.903652311499966e-12
1.817799	1.9053111171505386e-12
1.818953	1.8550773304585195e-12
1.820106	1.7446588232305067e-12
1.821259	1.719715194571481e-12
1.822412	1.7677995724237352e-12
1.823566	1.798364436843063e-12
1.824719	1.858840004356796e-12
1.825872	1.9886065535388604e-12
1.827026	2.1546996566718263e-12
1.828179	2.3087478238004405e-12
1.829332	2.3783512048076377e-12
1.830486	2.3671728595686774e-12
1.831638979	0.
1.832792267	0.
1.833945555	0.
1.835098843	0.
1.836252131	0.
1.837405418	0.
1.838558706	0.
1.839711994	0.
1.840865282	0.
1.84201857	0.
1.843171858	0.
1.844325146	0.
1.845478434	0.
1.846631722	0.
1.84778501	0.
1.848938298	0.
1.850091586	0.
1.851244874	0.
1.852398162	0.
1.85355145	0.
1.854704738	0.
1.855858026	0.
1.857011314	0.
1.858164602	0.
1.85931789	0.
1.860471178	0.
1.861624466	0.
1.862777754	0.
1.863931042	0.
1.86508433	0.
1.866237618	0.
1.867390905	0.
1.868544193	0.
1.869697481	0.
1.870850769	0.
1.872004	6.379277049661597e-11
1.873157	3.437010989386278e-12
1.874311	2.9670405125150707e-12
1.875464	2.573278142615222e-12
1.876617	8.036982119226049e-13
1.877771	7.115159510769626e-13
1.878924	7.768870478319944e-13
1.880077	9.328530666978618e-13
1.88123	1.0042089488188558e-12
1.882384	9.029978109539035e-13
1.883537	6.274836006768519e-13
1.88469	3.6017332325237595e-13
1.885844	2.707169947104963e-13
1.886997	3.782697418756117e-13
1.88815	6.14268542263913e-13
1.889303	8.043842195044103e-13
1.890457	8.462898306296744e-13
1.89161	7.464451103775291e-13
1.892763	6.464863276739656e-13
1.893916	6.692196443186721e-13
1.89507	9.501963922787317e-13
1.896223	1.4767362113064935e-12
1.897376	2.2975379476494923e-12
1.89853	5.987879220844519e-12
1.899683	-2.816932006684805e-12
1.900836	-8.864330405944764e-13
1.90199	-8.669237971057637e-13
1.903143	5.68854618166583e-12
1.904296	8.886076540174713e-13
1.905449	7.671309887096749e-13
1.906603	8.781202612778922e-13
1.907756	1.096809613118949e-12
1.908909	1.4140544065408636e-12
1.910063	1.900339150033314e-12
1.911216	2.4395830688454755e-12
1.912369	2.07188767012744e-12
1.913522	1.5929310020470389e-12
1.914676	1.3743895666715077e-12
1.915829	1.3204912821422446e-12
1.916982	1.347307668865037e-12
1.918136	1.4298963062481222e-12
1.919289	1.5098549230226735e-12
1.920442	1.5313699798333572e-12
1.921595	1.4902707133114216e-12
1.922749	1.471267316466879e-12
1.923902	1.5671533065176734e-12
1.925055	1.7061455014088297e-12
1.926209	1.791672901219918e-12
1.927362	1.7453931403625725e-12
1.928515	1.53880221553004e-12
1.929668	1.2370788180602583e-12
1.930822	1.0500568505806197e-12
1.931975	1.0336824955811355e-12
1.933128	1.1625592608226401e-12
1.934282	1.3474552883820133e-12
1.935435	1.5555707555844046e-12
1.936588	1.7161004100041935e-12
1.937742	1.6754486114640648e-12
1.938895	1.4132794695817704e-12
1.940048	1.1919985897592962e-12
1.941201	1.1397319156797391e-12
1.942355	1.2252584547594578e-12
1.943508	1.3873962228841168e-12
1.944661	1.4643719054118855e-12
1.945814	1.4289587064008014e-12
1.946968	1.334390057648407e-12
1.948121	1.2363696477628041e-12
1.949274	1.216667647243004e-12
1.950428	1.2776557863066108e-12
1.951581	1.412374167717664e-12
1.952734	1.5770763260390448e-12
1.953887	1.659301185637721e-12
1.955041	1.6024139047890028e-12
1.956194	1.3498451439519179e-12
1.957347	1.0786788846170643e-12
1.958501	9.374253767719113e-13
1.959654	9.235936426374158e-13
1.960807	9.729212431803266e-13
1.961961	1.0438557801532566e-12
1.963114	1.1035689866153642e-12
1.964267	1.111788200073721e-12
1.96542	1.0570833037370068e-12
1.966574	1.012532576855324e-12
1.967727	1.0247630796215654e-12
1.96888	1.0591312067136168e-12
1.970034	1.0821455785194837e-12
1.971187	1.0816930903772326e-12
1.97234	1.0605771656382413e-12
1.973493	9.95084450064209e-13
1.974647	9.212741786717923e-13
1.9758	8.743202991285384e-13
1.976953	8.666880570508029e-13
1.978106	8.870620514524921e-13
1.97926	9.085028279710123e-13
1.980413	9.283472944303555e-13
1.981566	9.525629198395114e-13
1.98272	9.671240471449887e-13
1.983873	9.760167309027373e-13
1.985026	1.0021657119052768e-12
1.98618	1.0371206867900915e-12
1.987333	1.0294776476847683e-12
1.988486	9.885474899126274e-13
1.989639	9.699037524064022e-13
1.990793	9.753691722524758e-13
1.991946	1.0035573463799207e-12
1.993099	1.0611486382560643e-12
1.994253	1.1582726610360155e-12
1.995406	1.2797608634644315e-12
1.996559	1.4254738480705731e-12
1.997712	1.610881353312144e-12
1.998866	1.7773022318142355e-12
2.000019	1.828289448122249e-12
2.001172	1.6939295901269243e-12
2.002326	1.3920131526267355e-12
2.003479	1.1529424310096345e-12
2.004632	1.0822706382480988e-12
2.005785	1.0612203992111367e-12
2.006939	1.0728226238787631e-12
2.008092	1.1437645951786124e-12
2.009245	1.254950392673265e-12
2.010399	1.3563061080478689e-12
2.011552	1.4425191057308562e-12
2.012705	1.5165939004237373e-12
2.013859	1.4820519692558222e-12
2.015012	1.3444317542805486e-12
2.016165	1.1497597730500756e-12
2.017318	9.93678496843278e-13
2.018472	9.442048344878542e-13
2.019625	1.0166928624713775e-12
2.020778	1.1675229007852736e-12
2.021931	1.2522169595515367e-12
2.023085	1.1641342092901614e-12
2.024238	9.899096329772716e-13
2.025391	8.48016528028731e-13
2.026545	7.577048871120696e-13
2.027698	7.043148429003293e-13
2.028851	6.920295550583656e-13
2.030005	7.132199415341253e-13
2.031158	7.377568975850619e-13
2.032311	7.387900904328323e-13
2.033464	7.364833429965154e-13
2.034618	7.338288554627354e-13
2.035771	7.182138795938005e-13
2.036924	6.941296050985767e-13
2.038078	6.637003462582535e-13
2.039231	6.306760831136967e-13
2.040384	6.095047597041027e-13
2.041537	6.331761781009094e-13
2.042691	7.055924818700185e-13
2.043844	8.202516353797266e-13
2.044997	9.4353258555623e-13
2.04615	1.0434614334245392e-12
2.047304	1.1039365302402143e-12
2.048457	1.1334233884224493e-12
2.04961	1.1278161600532165e-12
2.050764	1.0916244627178764e-12
2.051917	1.0371274321030544e-12
2.05307	9.6249603534711e-13
2.054224	8.637396046396087e-13
2.055377	7.757925837124651e-13
2.05653	7.3521179721526e-13
2.057683	7.514797809925986e-13
2.058837	8.181650164148411e-13
2.05999	9.023661072311013e-13
2.061143	9.799728774877343e-13
2.062297	1.0424409353141573e-12
2.06345	1.0601681692589017e-12
2.064603	1.0607343997691926e-12
2.065756	9.93045103150627e-13
2.06691	9.306432902034468e-13
2.068063	8.792888296933105e-13
2.069216	8.158725200220753e-13
2.070369	7.324466156446949e-13
2.071523	6.761988874431238e-13
2.072676	6.532094691711971e-13
2.073829	6.706620601648104e-13
2.074983	7.317625500941846e-13
2.076136	8.154784031705648e-13
2.077289	8.857134314489299e-13
2.078443	9.213993050301466e-13
2.079596	9.49909902514297e-13
2.080749	9.831622865539557e-13
2.081903	1.0449208611678045e-12
2.083056	1.115494465408738e-12
2.084209	1.161148602835922e-12
2.085362	1.1398707662147067e-12
2.086516	1.0529065654241736e-12
2.087669	9.333472598412178e-13
2.088822	8.349744230560237e-13
2.089976	7.979151295484885e-13
2.091129	8.156507373625561e-13
2.092282	8.520748300614258e-13
2.093435	8.982705842053736e-13
2.094589	9.343457268479872e-13
2.095742	9.793685399478066e-13
2.096895	1.0180125481865227e-12
2.098048	1.0282886474316568e-12
2.099202	1.0131657876559643e-12
2.100355	9.808061326813762e-13
2.101508	9.4688878615868e-13
2.102662	9.154806578080581e-13
2.103815	8.958772442917864e-13
2.104968	8.751556065713353e-13
2.106122	8.422083645069441e-13
2.107275	8.25622038390668e-13
2.108428	8.12188656476979e-13
2.109581	7.939308578554655e-13
2.110735	8.000352142501217e-13
2.111888	8.043050112257079e-13
2.113041	8.081089126339005e-13
2.114195	8.19897151469104e-13
2.115348	8.401021787477365e-13
2.116501	8.483203850722971e-13
2.117654	8.454144114338654e-13
2.118808	8.428893709545739e-13
2.119961	8.370639568704026e-13
2.121114	8.376584751586317e-13
2.122267	8.373659686210508e-13
2.123421	8.464455087552716e-13
2.124574	8.619378252792859e-13
2.125727	8.805683549913999e-13
2.126881	8.916281638724584e-13
2.128034	8.992181880533596e-13
2.129187	9.042470993861647e-13
2.130341	9.138585134347507e-13
2.131494	9.273591322502343e-13
2.132647	9.43421816464557e-13
2.133801	9.688136825124942e-13
2.134954	9.887053919198804e-13
2.136107	1.0031535404334713e-12
2.13726	1.0160621168525594e-12
2.138414	1.018179179391094e-12
2.139567	1.050756094448524e-12
2.14072	1.0966437859005906e-12
2.141873	1.1284711981424123e-12
2.143027	1.12919192797327e-12
2.14418	1.1064048424034721e-12
2.145333	1.0505530224639284e-12
2.146487	9.727131943003185e-13
2.14764	8.720890247561651e-13
2.148793	7.580007136426732e-13
2.149946	6.673597102937589e-13
2.1511	6.214380511164854e-13
2.152253	6.208026222916617e-13
2.153406	6.723127887234648e-13
2.15456	7.705368526635371e-13
2.155713	8.787095304089932e-13
2.156866	9.563563856909078e-13
2.15802	9.923851470058194e-13
2.159173	1.0068788283900929e-12
2.160326	1.0252421113559444e-12
2.161479	1.0262119998805835e-12
2.162633	1.0362429992085919e-12
2.163786	1.0581851319633366e-12
2.164939	1.059868096152429e-12
2.166092	1.0542511543884405e-12
2.167246	1.0135779000361262e-12
2.168399	9.50275508784594e-13
2.169552	9.22632027621434e-13
2.170706	9.197478580232955e-13
2.171859	9.431334720261524e-13
2.173012	9.705064078929504e-13
2.174165	9.87210733234226e-13
2.175319	9.81250238765665e-13
2.176472	9.476120070024922e-13
2.177625	9.016322309919837e-13
2.178779	8.402687446669648e-13
2.179932	8.030744036862249e-13
2.181085	7.94975894773042e-13
2.182239	8.056768797444766e-13
2.183392	8.227917905398151e-13
2.184545	8.399169373237997e-13
2.185698	8.498217975981704e-13
2.186852	8.621833950690481e-13
2.188005	8.851631158225753e-13
2.189158	9.35170883285691e-13
2.190311	9.767110509938446e-13
2.191465	9.974391258914912e-13
2.192618	9.62689467468634e-13
2.193771	9.106400185663938e-13
2.194925	8.731219953975573e-13
2.196078	8.496904155949397e-13
2.197231	8.558533450073273e-13
2.198385	8.899106699868439e-13
2.199538	9.30392866744778e-13
2.200691	9.422600016860995e-13
2.201844	9.355410047112438e-13
2.202998	9.26960425911797e-13
2.204151	9.219861140162396e-13
2.205304	9.38846872613847e-13
2.206458	9.68937312702842e-13
2.207611	9.918756046236481e-13
2.208764	9.66080206580608e-13
2.209918	9.166669801556874e-13
2.211071	8.653002234695968e-13
2.212224	8.441060680265331e-13
2.213377	8.583394824001747e-13
2.21453	9.073291703106705e-13
2.215684	9.84664384095887e-13
2.216837	1.063574594298429e-12
2.21799	1.1040525323783539e-12
2.219144	1.1069927506983681e-12
2.220297	1.086945057270423e-12
2.22145	1.0606954615590404e-12
2.222604	1.0351170702665364e-12
2.223757	1.0007103850185968e-12
2.22491	9.651525371745024e-13
2.226063	9.39013373420469e-13
2.227217	9.213229100876772e-13
2.22837	8.971981878876128e-13
2.229523	8.668532398353891e-13
2.230677	8.370405035086183e-13
2.23183	8.229945340997827e-13
2.232983	8.488458796008594e-13
2.234137	8.983162323457611e-13
2.23529	9.594984499831525e-13
2.236443	1.016803034298145e-12
2.237596	1.0766096908107149e-12
2.23875	1.112606139616538e-12
2.239903	1.1352840314413288e-12
2.241056	1.1329488781586288e-12
2.242209	1.1127468793984302e-12
2.243363	1.0957560369942139e-12
2.244516	1.0888852689050886e-12
2.245669	1.0822457445183029e-12
2.246823	1.0664377258861418e-12
2.247976	1.0374016262441902e-12
2.249129	1.0114628054158074e-12
2.250283	9.592899743180966e-13
2.251436	9.144992029552578e-13
2.252589	8.892776962626668e-13
2.253742	8.874155100225373e-13
2.254896	8.930843447669972e-13
2.256049	8.943503006927122e-13
2.257202	9.017302505643326e-13
2.258356	9.131811129853654e-13
2.259509	9.215043071359037e-13
2.260662	9.25806239663517e-13
2.261815	9.292890509790802e-13
2.262969	9.233590036707053e-13
2.264122	9.250436179026923e-13
2.265275	9.174647611435207e-13
2.266428	9.148932142945083e-13
2.267582	8.96881170839204e-13
2.268735	8.734198892766884e-13
2.269888	8.633261338385173e-13
2.271042	8.708042826012908e-13
2.272195	8.911366962921819e-13
2.273348	9.08434982336343e-13
2.274502	9.13361763320636e-13
2.275655	9.153523690329758e-13
2.276808	9.171068176038658e-13
2.277961	9.223925548980193e-13
2.279115	9.324208087932294e-13
2.280268	9.34316374347326e-13
2.281421	9.282056896994955e-13
2.282575	9.388161450268636e-13
2.283728	9.007377386733804e-13
2.284881	8.770477225256232e-13
2.286034	8.867171774934508e-13
2.287188	8.964043146207835e-13
2.288341	8.870814302355136e-13
2.289494	8.662088962321055e-13
2.290648	8.425968312725212e-13
2.291801	8.257350005408717e-13
2.292954	8.112553414096818e-13
2.294107	8.021069027577852e-13
2.295261	7.983647136567478e-13
2.296414	7.889412686034925e-13
2.297567	7.932603645333037e-13
2.298721	7.928080060064659e-13
2.299874	7.948419342466294e-13
2.301027	7.954229801830352e-13
2.302181	7.948344736464816e-13
2.303334	7.924301504500972e-13
2.304487	7.890804397285742e-13
2.30564	7.789011509569292e-13
2.306794	7.658462456028074e-13
2.307947	7.617978761485607e-13
2.3091	7.731303981875382e-13
2.310253	7.925139296740314e-13
2.311407	8.124028612034444e-13
2.31256	8.273351265644782e-13
2.313713	8.234725403668468e-13
2.314867	7.889555356364609e-13
2.31602	7.468448417674179e-13
2.317173	6.959411729378736e-13
2.318326	6.56989914282411e-13
2.31948	6.32488268785144e-13
2.320633	6.200878095552032e-13
2.321786	6.207403344726693e-13
2.32294	6.195770718714036e-13
2.324093	6.301046597147505e-13
2.325246	6.445934907570221e-13
2.3264	6.648930518619019e-13
2.327553	6.781834445056139e-13
2.328706	6.86843608357335e-13
2.329859	6.980741910788068e-13
2.331013	7.095383403423198e-13
2.332166	7.190567736119296e-13
2.333319	7.25796572562591e-13
2.334472	7.374844030814531e-13
2.335626	7.523316988109619e-13
2.336779	7.657565830882271e-13
2.337932	7.466685095088604e-13
2.339086	7.1064711861696e-13
2.340239	6.712588962192794e-13
2.341392	6.332994206188818e-13
2.342546	6.077171704359238e-13
2.343699	5.907192782299467e-13
2.344852	5.838135949562926e-13
2.346005	5.864654317980086e-13
2.347159	5.882696326786632e-13
2.348312	5.765566095729048e-13
2.349465	5.480257436315261e-13
2.350619	5.121236167044586e-13
2.351772	4.956711819085868e-13
2.352925	4.890128996831913e-13
2.354079	4.92924060011735e-13
2.355232	5.03057491272578e-13
2.356385	5.180923107287933e-13
2.357538	5.46000902110344e-13
2.358692	5.777950377829269e-13
2.359845	6.025724381110882e-13
2.360998	6.212405919476383e-13
2.362151	6.339702262047289e-13
2.363305	6.436461750734945e-13
2.364458	6.562913988538929e-13
2.365611	6.581217552412157e-13
2.366765	6.434623759265122e-13
2.367918	6.088562515118975e-13
2.369071	5.592043596596017e-13
2.370224	5.04803822789354e-13
2.371378	4.65061108780773e-13
2.372531	4.605815439357262e-13
2.373684	4.93520757500983e-13
2.374838	5.197704209059073e-13
2.375991	5.042383553378298e-13
2.377144	4.740248605807678e-13
2.378298	4.4590406165822313e-13
2.379451	4.210306750264407e-13
2.380604	4.043181425995481e-13
2.381757	3.970991767528061e-13
2.382911	3.88172149129819e-13
2.384064	3.7669275061326083e-13
2.385217	3.552839561642127e-13
2.38637	3.4694163496244835e-13
2.387524	3.595826113269147e-13
2.388677	3.8598686799049367e-13
2.38983	4.268919305618348e-13
2.390984	4.805357029292941e-13
2.392137	5.354617059351139e-13
2.39329	5.741117258673597e-13
2.394444	5.91052085059547e-13
2.395597	5.756531544171092e-13
2.39675	5.436374489278874e-13
2.397903	5.191235559663786e-13
2.399057	5.139262529868328e-13
2.40021	5.119656354802932e-13
2.401363	4.984724865182347e-13
2.402517	4.59522806926585e-13
2.40367	4.084492641119394e-13
2.404823	3.5487493362101594e-13
2.405976	3.062631347328281e-13
2.40713	2.73035121805706e-13
2.408283	2.500427655931207e-13
2.409436	2.4447204201247046e-13
2.410589	2.4897047373735223e-13
2.411743	2.5262723970017646e-13
2.412896	2.506369319867749e-13
2.414049	2.368409362693623e-13
2.415203	2.1242650495107768e-13
2.416356	1.887984654386763e-13
2.417509	1.7208887813460445e-13
2.418663	1.6971095645515792e-13
2.419816	1.870286068482443e-13
2.420969	2.1379425559402805e-13
2.422122	2.445654770710162e-13
2.423276	2.748775585335049e-13
2.424429	2.8815524982534487e-13
2.425582	2.738404260560082e-13
2.426736	2.5840448931082877e-13
2.427889	2.6153072542710844e-13
2.429042	2.7481824075218283e-13
2.430195	2.809907884823829e-13
2.431349	2.628658607696711e-13
2.432502	2.1509140582498966e-13
2.433655	1.4070662518997326e-13
2.434808	7.891832046374445e-14
2.435962	6.630754945817639e-14
2.437115	1.0246235516354412e-13
2.438268	1.4744099830123736e-13
2.439422	1.877416895217003e-13
2.440575	2.2358459515054115e-13
2.441728	2.539481782107547e-13
2.442882	2.672906103735482e-13
2.444035	2.3644234839196926e-13
2.445188	1.3095188933519318e-13
2.446342	-9.9363421135835e-15
2.447495	-1.2490651824756536e-13
2.448648	-2.0916968295386392e-13
2.449801	-2.550890382695342e-13
2.450955	-2.4916251826484344e-13
2.452108	-2.0011129615374264e-13
2.453261	-1.3287539284333482e-13
2.454414	-5.995743296644118e-14
2.455568	1.937058790986558e-15
2.456721	4.414438610849093e-14
2.457874	6.091633586430195e-14
2.459028	5.1462407971908914e-14
2.460181	1.3894808749987189e-14
2.461334	-3.171140490591913e-14
2.462487	-5.876628754225638e-14
2.463641	-5.625843767641058e-14
2.464794	-4.693796931307943e-14
2.465947	-4.828265120387026e-14
2.467101	-6.181889667555399e-14
2.468254	-8.748724754943341e-14
2.469407	-1.270193598413518e-13
2.470561	-1.743092831679394e-13
2.471714	-2.048187027384185e-13
2.472867	-2.1911959429164507e-13
2.47402	-2.333084029378146e-13
2.475174	-2.520208563470021e-13
2.476327	-2.8420494062557405e-13
2.47748	-3.549332634686315e-13
2.478634	-4.92480615556994e-13
2.479787	-7.227311920947697e-13
2.48094	-9.70350067232149e-13
2.482093	-1.1078573560799146e-12
2.483247	-1.0931392711950895e-12
2.4844	-9.956993982549447e-13
2.485553	-9.152961686119975e-13
2.486706	-8.674839628845242e-13
2.48786	-8.741606692759772e-13
2.489013	-1.1074776840796767e-12
2.490166	-2.0642646084784972e-12
2.49132	-6.7436216321226204e-12
2.492473	-1.0310927793133892e-11
2.493626	-3.73375839275134e-12
2.49478	-1.6534741471343545e-12
2.495933	-9.900305253053646e-13
2.497086	-7.523017402675663e-13