0.45	1.6144621889779727e-8
0.451153261	1.6033134204675925e-8
0.452306522	1.5910280681271066e-8
0.453459782	1.5321880704300657e-8
0.454613043	1.5077132717210324e-8
0.455766304	1.528546869084896e-8
0.456919565	1.5779773768193285e-8
0.458072825	1.543102788721302e-8
0.459226086	1.5614737060424862e-8
0.460379347	1.6220275498720288e-8
0.461532608	1.609616871593319e-8
0.462685868	1.4828825480065902e-8
0.463839129	1.5327935179483382e-8
0.46499239	1.566162784642815e-8
0.466145651	1.571311160480935e-8
0.467298911	1.57472211915394e-8
0.468452172	1.554621363027229e-8
0.469605433	1.518566559459624e-8
0.470758694	1.5672373408325308e-8
0.471911954	1.490399795345562e-8
0.473065215	1.5615169057444218e-8
0.474218476	1.5970681740029802e-8
0.475371737	1.610843750372171e-8
0.476524997	1.668936376390274e-8
0.477678258	1.586313199590721e-8
0.478831519	1.633878790981368e-8
0.47998478	1.588699684228224e-8
0.48113804	1.5876038861220155e-8
0.482291301	1.7521923454157396e-8
0.483444562	1.9991055579775495e-8
0.484597823	1.7405682874918296e-8
0.485751083	1.0822699408461224e-8
0.486904344	1.097066228746606e-8
0.488057605	1.2776491008571595e-8
0.489210866	1.4486703279915031e-8
0.490364126	1.4467116041808084e-8
0.491517387	1.4852178233173751e-8
0.492670648	1.4557465792310359e-8
0.493823909	1.507918477208282e-8
0.494977169	1.5077529316120425e-8
0.49613043	1.536557904780938e-8
0.497283691	1.444602118101214e-8
0.498436952	1.4380521241848215e-8
0.499590213	1.3076620873287155e-8
0.500743473	1.3275488571374892e-8
0.501896734	1.3487269085523694e-8
0.503049995	1.361748519615427e-8
0.504203256	1.4307867953178666e-8
0.505356516	1.4170990240137657e-8
0.506509777	1.4442491027544642e-8
0.507663038	1.460936471154037e-8
0.508816299	1.413766420061709e-8
0.509969559	1.4164264492927965e-8
0.51112282	1.3971224450166627e-8
0.512276081	1.388371186286522e-8
0.513429342	1.3884820348180727e-8
0.514582602	1.3540244801954435e-8
0.515735863	1.2935194019602933e-8
0.516889124	1.3634000689557209e-8
0.518042385	1.3612183758259527e-8
0.519195645	1.3530596303151317e-8
0.520348906	1.3566780931976522e-8
0.521502167	1.3654424619153153e-8
0.522655428	1.4168349952483563e-8
0.523808688	1.3733187707956204e-8
0.524961949	1.3331428030158115e-8
0.52611521	1.3274001052009824e-8
0.527268471	1.2884644624179102e-8
0.528421731	1.3252493959910791e-8
0.529574992	1.42552093062802e-8
0.530728253	1.3912433796132418e-8
0.531881514	1.3319258733236489e-8
0.533034774	1.3381301491078555e-8
0.534188035	1.3599404494777833e-8
0.535341296	1.390153022099806e-8
0.536494557	1.4291646411840334e-8
0.537647817	1.4316992580546146e-8
0.538801078	1.3768565318393952e-8
0.539954339	1.3823173290734217e-8
0.5411076	1.3463487428372986e-8
0.54226086	1.3313746809502943e-8
0.543414121	1.3558453177708843e-8
0.544567382	1.4010852158559108e-8
0.545720643	1.3793943007763716e-8
0.546873904	1.3674422935330424e-8
0.548027164	1.3679170960252388e-8
0.549180425	1.3438536762383856e-8
0.550333686	1.345895305186731e-8
0.551486947	1.349858605691032e-8
0.552640207	1.3690141558310962e-8
0.553793468	1.3600108958117243e-8
0.554946729	1.366923234645124e-8
0.55609999	1.4038202328209423e-8
0.55725325	1.3836588013084716e-8
0.558406511	1.3545356071251772e-8
0.559559772	1.3393330376446458e-8
0.560713033	1.3593705352605178e-8
0.561866293	1.3789262580105909e-8
0.563019554	1.3571259597964735e-8
0.564172815	1.364502854967805e-8
0.565326076	1.3668906692266321e-8
0.566479336	1.3202264255417833e-8
0.567632597	1.276984335897669e-8
0.568785858	1.337985568524629e-8
0.569939119	1.2901855958007447e-8
0.571092379	1.3115557439132996e-8
0.57224564	1.3383380022830648e-8
0.573398901	1.3658585807670226e-8
0.574552162	1.3254824531759488e-8
0.575705422	1.3402858054062029e-8
0.576858683	1.3522665158870633e-8
0.578011944	1.3121657062930061e-8
0.579165205	1.3084849974070506e-8
0.580318465	1.3054798863354874e-8
0.581471726	1.3354069383853114e-8
0.582624987	1.3431206568792625e-8
0.583778248	1.3516662975310204e-8
0.584931508	1.3394786697328337e-8
0.586084769	1.3782302605523566e-8
0.58723803	1.3290601723185492e-8
0.588391291	1.2818959731142039e-8
0.589544551	1.3371837129735135e-8
0.590697812	1.2741671484241872e-8
0.591851073	1.3186533340128587e-8
0.593004334	1.316267125906228e-8
0.594157595	1.3484498227703121e-8
0.595310855	1.3452582647263905e-8
0.596464116	1.3411264533206128e-8
0.597617377	1.3477010555394696e-8
0.598770638	1.3502712891820184e-8
0.599923898	1.3267774358139687e-8
0.601077159	1.310742977185613e-8
0.60223042	1.3403280407579619e-8
0.603383681	1.3402262572281728e-8
0.604536941	1.3364925829634957e-8
0.605690202	1.3719164141515273e-8
0.606843463	1.395127025808426e-8
0.607996724	1.3533524400818132e-8
0.609149984	1.3155124120936116e-8
0.610303245	1.31952729557392e-8
0.611456506	1.2972076405747345e-8
0.612609767	1.2890439991328766e-8
0.613763027	1.29055355892011e-8
0.614916288	1.2533740122073554e-8
0.616069549	1.2642825010883366e-8
0.61722281	1.2741325077815248e-8
0.61837607	1.2767254495279786e-8
0.619529331	1.3338897677979848e-8
0.620682592	1.3195282743276699e-8
0.621835853	1.3313127294156138e-8
0.622989113	1.278266945908094e-8
0.624142374	1.2437597481445524e-8
0.625295635	1.2512187590566523e-8
0.626448896	1.2808930266707464e-8
0.627602156	1.2705246612671594e-8
0.628755417	1.2654950921191088e-8
0.629908678	1.254297601435197e-8
0.631061939	1.2446292617543447e-8
0.632215199	1.2658056483786196e-8
0.63336846	1.2841889420438837e-8
0.634521721	1.2742269283101432e-8
0.635674982	1.2871489843849483e-8
0.636828242	1.2763210770189717e-8
0.637981503	1.2901538965000923e-8
0.639134764	1.3034954326851185e-8
0.640288025	1.3113645610042863e-8
0.641441286	1.3123221479223748e-8
0.642594546	1.3254279043889568e-8
0.643747807	1.3223583667207698e-8
0.644901068	1.2988842064983253e-8
0.646054329	1.2904498637811328e-8
0.647207589	1.2920827921407588e-8
0.64836085	1.2584213705026157e-8
0.649514111	1.2378489658968793e-8
0.650667372	1.2686736844609205e-8
0.651820632	1.2698768114832006e-8
0.652973893	1.3059168609437044e-8
0.654127154	1.4006964156978086e-8
0.655280415	1.3342153115143323e-8
0.656433675	1.0209314034295398e-8
0.657586936	1.1716340393097361e-8
0.658740197	1.242539681540401e-8
0.659893458	1.2731975949660187e-8
0.661046718	1.2971206764472403e-8
0.662199979	1.3153402907250142e-8
0.66335324	1.3132606469446122e-8
0.664506501	1.3037051896475679e-8
0.665659761	1.2949179506943751e-8
0.666813022	1.2979008591533472e-8
0.667966283	1.3047827670465104e-8
0.669119544	1.3109528851923345e-8
0.670272804	1.2980632541309735e-8
0.671426065	1.2939569337228427e-8
0.672579326	1.2999778489406352e-8
0.673732587	1.2753071130403048e-8
0.674885847	1.2609476290815198e-8
0.676039108	1.2701623778717064e-8
0.677192369	1.2841882641069042e-8
0.67834563	1.2839012781250488e-8
0.67949889	1.278464148368971e-8
0.680652151	1.2778332724545856e-8
0.681805412	1.2875693996540746e-8
0.682958673	1.2803744484599781e-8
0.684111933	1.2822254933837574e-8
0.685265194	1.3203067145808663e-8
0.686418455	1.3378161118448564e-8
0.687571716	1.2511864216538253e-8
0.688724977	1.1804613518622696e-8
0.689878237	1.1721028223399982e-8
0.691031498	1.1857000564740517e-8
0.692184759	1.2082582755122202e-8
0.69333802	1.219546818518915e-8
0.69449128	1.2229746017387632e-8
0.695644541	1.2364971901890862e-8
0.696797802	1.2597846982725748e-8
0.697951063	1.2615132666739516e-8
0.699104323	1.2278093178905079e-8
0.700257584	1.1969456201833253e-8
0.701410845	1.2009690319211037e-8
0.702564106	1.2142765868456466e-8
0.703717366	1.2259495476529629e-8
0.704870627	1.2274526283042047e-8
0.706023888	1.2217019898914775e-8
0.707177149	1.2241544567234837e-8
0.708330409	1.2339239909600868e-8
0.70948367	1.2325618819628817e-8
0.710636931	1.2194000440218279e-8
0.711790192	1.2143525218311582e-8
0.712943452	1.2236236604138713e-8
0.714096713	1.2302291422874939e-8
0.715249974	1.2415865776546899e-8
0.716403235	1.243330423026538e-8
0.717556495	1.1731383390483569e-8
0.718709756	1.0773089356524325e-8
0.719863017	1.0605293369412294e-8
0.721016278	1.1268649137049142e-8
0.722169538	1.1855852097232554e-8
0.723322799	1.165933146978613e-8
0.72447606	1.1445161814580244e-8
0.725629321	1.132482169365392e-8
0.726782581	1.1303095722582839e-8
0.727935842	1.1038032761893185e-8
0.729089103	1.0957593540749e-8
0.730242364	1.1058368420456958e-8
0.731395624	1.1117076811415194e-8
0.732548885	1.131307815460413e-8
0.733702146	1.1581987544674303e-8
0.734855407	1.1641088768283247e-8
0.736008668	1.1645184539713378e-8
0.737161928	1.1584777749321557e-8
0.738315189	1.1585555457596374e-8
0.73946845	1.1466431987752617e-8
0.740621711	1.1445752293407998e-8
0.741774971	1.1402349295784111e-8
0.742928232	1.1392999452153262e-8
0.744081493	1.1319262565409948e-8
0.745234754	1.1452881198803895e-8
0.746388014	1.1448585209992321e-8
0.747541275	1.1488730409020533e-8
0.748694536	1.1493027577793595e-8
0.749847797	1.1508603926832105e-8
0.751001057	1.1510968607252732e-8
0.752154318	1.1461144438226366e-8
0.753307579	1.141718987913824e-8
0.75446084	1.1535578825526443e-8
0.7556141	1.1478182574434027e-8
0.756767361	1.1498906315230604e-8
0.757920622	1.3243462935191005e-8
0.759073883	1.635969974230198e-8
0.760227143	1.3582748919150309e-8
0.761380404	9.305766765897192e-9
0.762533665	8.577487051860113e-9
0.763686926	8.502338106579994e-9
0.764840186	8.457247897732306e-9
0.765993447	9.168940706552822e-9
0.767146708	1.0175493493313693e-8
0.768299969	1.0832342864952176e-8
0.769453229	1.0938930460875349e-8
0.77060649	1.0944374727544127e-8
0.771759751	1.1107253664334829e-8
0.772913012	1.1060495085938527e-8
0.774066272	1.1056461644412551e-8
0.775219533	1.1198889564672366e-8
0.776372794	1.1171184659796348e-8
0.777526055	1.0743958377198571e-8
0.778679315	1.1259382569682616e-8
0.779832576	1.1221854139613904e-8
0.780985837	1.117968047686925e-8
0.782139098	1.114829707156434e-8
0.783292359	1.095868617771716e-8
0.784445619	1.0747407210511392e-8
0.78559888	1.0815295900849845e-8
0.786752141	1.0952785453599318e-8
0.787905402	1.0786676014591858e-8
0.789058662	1.0615753009030795e-8
0.790211923	1.0509501062852294e-8
0.791365184	1.0505245491059808e-8
0.792518445	1.0406708269588508e-8
0.793671705	1.0515943373767987e-8
0.794824966	1.0657064114810187e-8
0.795978227	1.0770241494353732e-8
0.797131488	1.081947470741967e-8
0.798284748	1.0899165124054087e-8
0.799438009	1.0972395364801183e-8
0.80059127	1.0818194413951273e-8
0.801744531	1.0524131239225347e-8
0.802897791	1.0455676259422024e-8
0.804051052	1.0554275585275715e-8
0.805204313	1.0589650679983672e-8
0.806357574	1.0435059331056914e-8
0.807510834	1.0373001877842947e-8
0.808664095	1.0440533675970606e-8
0.809817356	1.0482114143597683e-8
0.810970617	1.0407853311530783e-8
0.812123877	1.035794504247851e-8
0.813277138	1.0305622316107157e-8
0.814430399	1.0155115427629314e-8
0.81558366	9.796559267509328e-9
0.81673692	9.480137425305254e-9
0.817890181	9.49650566301414e-9
0.819043442	9.524515908762927e-9
0.820196703	9.750110111885642e-9
0.821349963	1.0033689608499206e-8
0.822503224	9.611131437935e-9
0.823656485	9.533074208710894e-9
0.824809746	9.952854997970574e-9
0.825963006	1.025316232553656e-8
0.827116267	1.0357551544374054e-8
0.828269528	1.0131234396564092e-8
0.829422789	9.940088300577432e-9
0.830576049	9.736650321977379e-9
0.83172931	9.60453171692735e-9
0.832882571	9.687539798609623e-9
0.834035832	9.77523104037649e-9
0.835189093	9.812216377795104e-9
0.836342353	9.722657664518123e-9
0.837495614	9.574033098106895e-9
0.838648875	9.630178780138475e-9
0.839802136	9.74369677999476e-9
0.840955396	9.760990807916354e-9
0.842108657	9.884302203955389e-9
0.843261918	9.971436032057216e-9
0.844415179	9.876173783922343e-9
0.845568439	1.0420898543083156e-8
0.8467217	9.539603628571461e-9
0.847874961	9.909043888984724e-9
0.849028222	9.807454235500733e-9
0.850181482	8.183741936756165e-9
0.851334743	8.324825625622625e-9
0.852488004	8.827145745994765e-9
0.853641265	7.424449591223821e-9
0.854794525	5.846256139091157e-9
0.855947786	7.992205193464412e-9
0.857101047	1.0072855575632505e-8
0.858254308	1.0240389210400992e-8
0.859407568	8.875316603707869e-9
0.860560829	8.656882621620721e-9
0.86171409	9.594998560695203e-9
0.862867351	1.003931399478849e-8
0.864020611	1.0078067270985589e-8
0.865173872	8.8551222919074e-9
0.866327133	6.080428147482316e-9
0.867480394	6.41882050114827e-9
0.868633654	8.373733860730774e-9
0.869786915	9.778517225593894e-9
0.870940176	1.0094067973165046e-8
0.872093437	1.0428012919253438e-8
0.873246697	1.0420235889044678e-8
0.874399958	9.099424745333239e-9
0.875553219	8.337880891966574e-9
0.87670648	9.373095618461958e-9
0.87785974	9.473667460862145e-9
0.879013001	9.206121642056487e-9
0.880166262	9.278413299508841e-9
0.881319523	9.601168262899398e-9
0.882472784	9.719758868726921e-9
0.883626044	9.684908624730852e-9
0.884779305	9.457428028824454e-9
0.885932566	7.98383841641693e-9
0.887085827	8.06203681708474e-9
0.888239087	8.994808757495758e-9
0.889392348	9.168337179142963e-9
0.890545609	9.028263616900674e-9
0.89169887	8.872294335583961e-9
0.89285213	8.741435110213487e-9
0.894005391	8.986296567503083e-9
0.895158652	9.049929061211546e-9
0.896311913	8.830491146177561e-9
0.897465173	8.624474490378987e-9
0.898618434	8.347106134020358e-9
0.899771695	8.238511989776298e-9
0.900924956	7.389025972557439e-9
0.902078216	7.186212334616791e-9
0.903231477	8.235538171257606e-9
0.904384738	8.649408772546385e-9
0.905537999	8.654471208481297e-9
0.906691259	8.522911249969765e-9
0.90784452	8.440548795207068e-9
0.908997781	8.012203775172885e-9
0.910151042	7.699741611735972e-9
0.911304302	7.753531574083663e-9
0.912457563	7.935848024075747e-9
0.913610824	7.979356249924012e-9
0.914764085	8.1750976920895e-9
0.915917345	7.930729719010622e-9
0.917070606	7.849176097879598e-9
0.918223867	7.705733573011413e-9
0.919377128	7.684223125549653e-9
0.920530388	7.760172915043846e-9
0.921683649	7.41769812434493e-9
0.92283691	6.662085403839142e-9
0.923990171	7.056007902722354e-9
0.925143431	7.467933944818245e-9
0.926296692	7.374256954863248e-9
0.927449953	7.42446787651326e-9
0.928603214	7.318829209966465e-9
0.929756475	7.214557760149586e-9
0.930909735	7.149668826986355e-9
0.932062996	6.738566872842706e-9
0.933216257	6.399202834469049e-9
0.934369518	5.9168989238456965e-9
0.935522778	6.038660630693111e-9
0.936676039	6.150350223517165e-9
0.9378293	6.207884877354742e-9
0.938982561	6.7013820601042685e-9
0.940135821	6.65486023770855e-9
0.941289082	6.351310620580912e-9
0.942442343	6.050387538863779e-9
0.943595604	5.742842114099274e-9
0.944748864	5.7473368073928175e-9
0.945902125	5.833663396800172e-9
0.947055386	6.076121178151146e-9
0.948208647	5.997786499837766e-9
0.949361907	6.099226695365434e-9
0.950515168	6.56127851636926e-9
0.951668429	7.476018535645409e-9
0.95282169	7.774957772137526e-9
0.95397495	6.6163191485017645e-9
0.955128211	5.1297344365645594e-9
0.956281472	4.9921021483688516e-9
0.957434733	5.18458359734494e-9
0.958587993	5.019440586463655e-9
0.959741254	4.91514570154841e-9
0.960894515	4.924937106056223e-9
0.962047776	4.795729359945512e-9
0.963201036	4.755924845826413e-9
0.964354297	4.7009758552159106e-9
0.965507558	4.7145077266324254e-9
0.966660819	4.560189076823092e-9
0.967814079	4.57624621056022e-9
0.96896734	4.6083274022952094e-9
0.970120601	0.
0.971273862	0.
0.972427122	0.
0.973580383	0.
0.974733644	0.
0.975886905	0.
0.977040166	0.
0.978193426	0.
0.979346687	0.
0.980499948	0.
0.981653209	0.
0.982806469	0.
0.98395973	0.
0.985112991	0.
0.986266252	0.
0.987419512	0.
0.988572773	0.
0.989726034	0.
0.990879295	0.
0.992032555	0.
0.993185816	0.
0.994339077	0.
0.995492338	0.
0.996645598	0.
0.997798859	8.493333430096593e-9
0.99895212	8.316845474170878e-9
1.000105381	8.224846545764963e-9
1.001258641	7.89130999029531e-9
1.002411902	7.70683664149908e-9
1.003565163	7.440965140830507e-9
1.004718424	7.2198572078811e-9
1.005871684	7.387799059638357e-9
1.007024945	7.703126973764513e-9
1.008178206	7.633784605654213e-9
1.009331467	7.755958831762945e-9
1.010484727	7.79064372002417e-9
1.011637988	7.675553911771762e-9
1.012791249	7.598297921147735e-9
1.01394451	7.622240361321044e-9
1.01509777	7.612577901669731e-9
1.016251031	7.6029379539923e-9
1.017404292	7.546145149537192e-9
1.018557553	7.4251978661472005e-9
1.019710813	7.407812038179914e-9
1.020864074	7.453668004580217e-9
1.022017335	7.427508754603454e-9
1.023170596	7.419345075993621e-9
1.024323857	7.4153282055391266e-9
1.025477117	7.4189374129864494e-9
1.026630378	7.364962825254877e-9
1.027783639	7.266486160648924e-9
1.0289369	7.225927021371109e-9
1.03009016	7.220879530245607e-9
1.031243421	7.126214183948252e-9
1.032396682	7.070751120921778e-9
1.033549943	7.165469523020075e-9
1.034703203	7.162045985903479e-9
1.035856464	7.036691411195379e-9
1.037009725	7.047733044398782e-9
1.038162986	7.1176323494172544e-9
1.039316246	7.074191317306866e-9
1.040469507	7.022546881078124e-9
1.041622768	7.024615677497784e-9
1.042776029	7.011036536793923e-9
1.043929289	6.954218355788384e-9
1.04508255	6.9508711634870765e-9
1.046235811	6.967225363355843e-9
1.047389072	6.8928347303228484e-9
1.048542332	6.832825554653105e-9
1.049695593	6.807777186093621e-9
1.050848854	6.830408381844414e-9
1.052002115	6.85309203568186e-9
1.053155375	6.9092719576576095e-9
1.054308636	6.942604799284152e-9
1.055461897	6.889410557271518e-9
1.056615158	6.889715244351863e-9
1.057768418	6.982736028284225e-9
1.058921679	6.987076167805707e-9
1.06007494	6.899670406387799e-9
1.061228201	6.804466427045795e-9
1.062381461	6.8624120351557595e-9
1.063534722	6.9250826081604286e-9
1.064687983	6.927775047577201e-9
1.065841244	6.923561344334084e-9
1.066994504	6.920293325600848e-9
1.068147765	6.943835392352429e-9
1.069301026	7.0233542869006105e-9
1.070454287	7.0745292256878045e-9
1.071607548	7.019859591588714e-9
1.072760808	7.002498900852027e-9
1.073914069	7.047725531915931e-9
1.07506733	7.048766795645425e-9
1.076220591	7.01524111237221e-9
1.077373851	7.010909107794065e-9
1.078527112	6.963629254918208e-9
1.079680373	6.833914562007312e-9
1.080833634	6.8443761071563215e-9
1.081986894	6.989356769134807e-9
1.083140155	6.980356484220014e-9
1.084293416	6.872603762798047e-9
1.085446677	6.772151346181165e-9
1.086599937	6.822966287439574e-9
1.087753198	7.084597236412319e-9
1.088906459	7.15363526128019e-9
1.09005972	7.029015410322274e-9
1.09121298	7.0272775144996256e-9
1.092366241	7.139661251469995e-9
1.093519502	7.401178553061758e-9
1.094672763	7.470866854367667e-9
1.095826023	7.195741646732421e-9
1.096979284	6.961685257063515e-9
1.098132545	6.796646327858413e-9
1.099285806	6.5564382468740266e-9
1.100439066	6.368285216720442e-9
1.101592327	6.341509998741981e-9
1.102745588	6.2861566322247765e-9
1.103898849	6.148746863033507e-9
1.105052109	6.0421230167783594e-9
1.10620537	5.959201270650874e-9
1.107358631	5.86912257071639e-9
1.108511892	5.736885678727098e-9
1.109665152	5.5674274915330124e-9
1.110818413	5.418275640032871e-9
1.111971674	5.298426435659279e-9
1.113124935	5.176162265674245e-9
1.114278195	5.0604076670404545e-9
1.115431456	4.971798929956003e-9
1.116584717	4.912976087026055e-9
1.117737978	4.887708027276453e-9
1.118891239	4.92891522286099e-9
1.120044499	5.0150032005486324e-9
1.12119776	5.043855040698192e-9
1.122351021	5.0690510738198746e-9
1.123504282	5.143706104944113e-9
1.124657542	5.252030989735509e-9
1.125810803	5.371093742843075e-9
1.126964064	5.366932086045167e-9
1.128117325	5.3151981885580005e-9
1.129270585	5.373631310735364e-9
1.130423846	5.501635421306021e-9
1.131577107	5.645179430621295e-9
1.132730368	5.800704909234325e-9
1.133883628	5.944588669859143e-9
1.135036889	5.9568931626771904e-9
1.13619015	5.843144187465635e-9
1.137343411	5.762730291266794e-9
1.138496671	5.6657823933451676e-9
1.139649932	5.528428611886877e-9
1.140803193	5.384093802442071e-9
1.141956454	5.256218037821248e-9
1.143109714	5.205687984581658e-9
1.144262975	5.243279803419023e-9
1.145416236	5.310855827124754e-9
1.146569497	5.436616929558772e-9
1.147722757	5.633550071774996e-9
1.148876018	5.8004635090955485e-9
1.150029279	5.924219335398179e-9
1.15118254	6.0275630393627435e-9
1.1523358	6.09547187706642e-9
1.153489061	6.101189377280172e-9
1.154642322	6.096762687930636e-9
1.155795583	6.109587650019223e-9
1.156948843	6.09354485912548e-9
1.158102104	6.064069462927029e-9
1.159255365	6.086883366795609e-9
1.160408626	6.12671191126048e-9
1.161561886	6.13760902072656e-9
1.162715147	6.101062036501468e-9
1.163868408	6.021762318076301e-9
1.165021669	5.9703308992132084e-9
1.16617493	5.949120477956128e-9
1.16732819	5.920613743602305e-9
1.168481451	5.935664498576781e-9
1.169634712	6.015008627916432e-9
1.170787973	6.039210342678614e-9
1.171941233	5.977021476470579e-9
1.173094494	5.906650320693616e-9
1.174247755	5.8521828963924276e-9
1.175401016	5.8683728774777345e-9
1.176554276	5.8893504560998506e-9
1.177707537	5.859257542525915e-9
1.178860798	5.785512760369568e-9
1.180014059	5.668613566847469e-9
1.181167319	5.628318463430471e-9
1.18232058	5.662249155676435e-9
1.183473841	5.747579523845353e-9
1.184627102	5.770198276710696e-9
1.185780362	5.661515035574701e-9
1.186933623	5.689293955551551e-9
1.188086884	5.8631832100786215e-9
1.189240145	5.912597291604368e-9
1.190393405	5.8786226336976496e-9
1.191546666	5.86459170863062e-9
1.192699927	5.82754784588935e-9
1.193853188	5.725526132048187e-9
1.195006448	5.6212758660903774e-9
1.196159709	5.551535845367815e-9
1.19731297	5.59788595985559e-9
1.198466231	5.6897338587157154e-9
1.199619491	5.6293524622962484e-9
1.200772752	5.5576959329409085e-9
1.201926013	5.5385409879163166e-9
1.203079274	5.6460627414507905e-9
1.204232534	5.788198369263679e-9
1.205385795	5.687858053153357e-9
1.206539056	5.599413529090836e-9
1.207692317	5.704202459821092e-9
1.208845577	5.717408140374561e-9
1.209998838	5.580472423992276e-9
1.211152099	5.4841727605085275e-9
1.21230536	5.448308011658417e-9
1.213458621	5.449038425455325e-9
1.214611881	5.464534888448401e-9
1.215765142	5.476911813984075e-9
1.216918403	5.4892592048536984e-9
1.218071664	5.501000963858074e-9
1.219224924	5.499428924653372e-9
1.220378185	5.489157850179208e-9
1.221531446	5.471372714194563e-9
1.222684707	5.4562670454713335e-9
1.223837967	5.450291257224114e-9
1.224991228	5.43850711306939e-9
1.226144489	5.430443582279117e-9
1.22729775	5.466616944834265e-9
1.22845101	5.497092673166945e-9
1.229604271	5.456993557479236e-9
1.230757532	5.429465961364288e-9
1.231910793	5.439280465021512e-9
1.233064053	5.4343948931918075e-9
1.234217314	5.4109604690731225e-9
1.235370575	5.386449565449738e-9
1.236523836	5.358684761744637e-9
1.237677096	5.325687272657782e-9
1.238830357	5.325286249142433e-9
1.239983618	5.355424180503676e-9
1.241136879	5.359859525632017e-9
1.242290139	5.342671506245761e-9
1.2434434	5.328999513492483e-9
1.244596661	5.303714030152241e-9
1.245749922	5.260323664844299e-9
1.246903182	5.224230803941344e-9
1.248056443	5.2008940933245795e-9
1.249209704	5.166208751851152e-9
1.250362965	5.136221302765315e-9
1.251516225	5.1430811887084515e-9
1.252669486	5.123624903586128e-9
1.253822747	5.056870321262291e-9
1.254976008	5.0007705646701665e-9
1.256129268	4.960806908690654e-9
1.257282529	4.91336569429991e-9
1.25843579	4.859972610021377e-9
1.259589051	4.797433236233274e-9
1.260742312	4.742550072671987e-9
1.261895572	4.701494626475645e-9
1.263048833	4.65986801345982e-9
1.264202094	4.623671474531874e-9
1.265355355	4.612685697574619e-9
1.266508615	4.645375249871677e-9
1.267661876	4.728869965732301e-9
1.268815137	4.789421507417511e-9
1.269968398	4.797038328691442e-9
1.271121658	4.8278515146233754e-9
1.272274919	4.879747467309545e-9
1.27342818	4.935095184291731e-9
1.274581441	4.961718493038162e-9
1.275734701	4.943868884461985e-9
1.276887962	4.927563679659488e-9
1.278041223	4.915378114687685e-9
1.279194484	4.8962736224235305e-9
1.280347744	4.952572922615996e-9
1.281501005	5.302939412915708e-9
1.282654266	5.494234714465096e-9
1.283807527	5.264979585102824e-9
1.284960787	5.136193769601348e-9
1.286114048	5.161797103277498e-9
1.287267309	5.168987550122178e-9
1.28842057	5.120356478691827e-9
1.28957383	5.068570214624573e-9
1.290727091	4.9872862639182e-9
1.291880352	4.8759711468275415e-9
1.293033613	4.819443949334987e-9
1.294186873	4.801760164257426e-9
1.295340134	4.757387982031403e-9
1.296493395	4.715344122524759e-9
1.297646656	4.705226603411269e-9
1.298799916	4.668507529882203e-9
1.299953177	4.604431081918146e-9
1.301106438	4.5777160988416835e-9
1.302259699	4.583240006658786e-9
1.303412959	4.5893627840920475e-9
1.30456622	4.580209474016316e-9
1.305719481	4.539644178993163e-9
1.306872742	4.50416623775068e-9
1.308026003	4.4820154080383964e-9
1.309179263	4.446909907646356e-9
1.310332524	4.420744316078525e-9
1.311485785	4.449555487289587e-9
1.312639046	4.4414637643804295e-9
1.313792306	4.350652073451788e-9
1.314945567	4.327573921017189e-9
1.316098828	4.3693915634686775e-9
1.317252089	4.314850369662599e-9
1.318405349	4.230190247641557e-9
1.31955861	4.212627561887415e-9
1.320711871	4.222734940513968e-9
1.321865132	4.239613837825871e-9
1.323018392	4.221575276385881e-9
1.324171653	4.1533865022988904e-9
1.325324914	4.086584103458926e-9
1.326478175	4.017234332682684e-9
1.327631435	3.936460934300801e-9
1.328784696	3.901010379035405e-9
1.329937957	3.905696288828342e-9
1.331091218	3.901429480840882e-9
1.332244478	3.884519132382287e-9
1.333397739	3.853437118548736e-9
1.334551	3.838624713085929e-9
1.335704261	3.866402645359198e-9
1.336857521	3.88757830900177e-9
1.338010782	3.884501302740762e-9
1.339164043	3.876637854091317e-9
1.340317304	3.841435237436839e-9
1.341470564	3.73297780942321e-9
1.342623825	3.586352492643085e-9
1.343777086	3.435291794875516e-9
1.344930347	3.2807692264408996e-9
1.346083607	3.1240378378371367e-9
1.347236868	2.9500701918005134e-9
1.348390129	2.7752546767469775e-9
1.34954339	2.6306093878773555e-9
1.35069665	2.4873204931214065e-9
1.351849911	2.342865821816678e-9
1.353003172	2.2309175392186106e-9
1.354156433	2.1720480651473107e-9
1.355309694	2.2011883478922795e-9
1.356462954	2.3237388677423902e-9
1.357616215	2.5491297771239705e-9
1.358769476	3.045416915281809e-9
1.359922737	3.967169462252988e-9
1.361075997	5.474489941833228e-9
1.362229258	7.871128296079861e-9
1.363382519	1.149193322223787e-8
1.36453578	1.6523916731718027e-8
1.36568904	2.1947551478133117e-8
1.366842301	2.5795888258016938e-8
1.367995562	2.6989467233102727e-8
1.369148823	2.7481831634690952e-8
1.370302083	2.5518956488578994e-8
1.371455344	2.1179383797592776e-8
1.372608605	1.6155416030403177e-8
1.373761866	1.167378842458434e-8
1.374915126	8.86541907721502e-9
1.376068387	7.1450262153848295e-9
1.377221648	6.004282727471185e-9
1.378374909	5.2459460868445225e-9
1.379528169	4.850944869098054e-9
1.38068143	4.739778686742144e-9
1.381834691	4.97467325840031e-9
1.382987952	5.705908626462747e-9
1.384141212	6.785139101569619e-9
1.385294473	8.075487426229428e-9
1.386447734	8.398575697052325e-9
1.387600995	7.129340366830288e-9
1.388754255	5.846690855979225e-9
1.389907516	4.904237658311987e-9
1.391060777	4.295945349662277e-9
1.392214038	3.926590798514141e-9
1.393367298	3.708478865801703e-9
1.394520559	3.595123404867028e-9
1.39567382	3.571050642151812e-9
1.396827081	3.593775412562048e-9
1.397980341	3.616282849431856e-9
1.399133602	3.6562020720261973e-9
1.400286863	3.6422804854906566e-9
1.401440124	3.5303226687325306e-9
1.402593385	3.4009006463204884e-9
1.403746645	3.3044990884232484e-9
1.404899906	3.2240284476577914e-9
1.406053167	3.160433335255338e-9
1.407206428	3.1222684858446933e-9
1.408359688	3.109502298309076e-9
1.409512949	3.1451451502969944e-9
1.41066621	3.2009404704381606e-9
1.411819471	3.258267006166308e-9
1.412972731	3.24257681376006e-9
1.414125992	3.1199970709480623e-9
1.415279253	2.9906883913702518e-9
1.416432514	2.8913071721473712e-9
1.417585774	2.846436632026898e-9
1.418739035	2.864600575699556e-9
1.419892296	2.9091854795378063e-9
1.421045557	2.9753393842649853e-9
1.422198817	3.0296011971872864e-9
1.423352078	2.999691285608375e-9
1.424505339	2.94992136451243e-9
1.4256586	2.9408237949938903e-9
1.42681186	2.925019816954943e-9
1.427965121	2.890571394008758e-9
1.429118382	2.8548135493022035e-9
1.430271643	2.820438206139677e-9
1.431424903	2.7958756201484392e-9
1.432578164	2.783783023310947e-9
1.433731425	2.7836448390687458e-9
1.434884686	2.778910877488764e-9
1.436037946	2.7634804881749583e-9
1.437191207	2.746898440436789e-9
1.438344468	2.7408040500308393e-9
1.439497729	2.7962216019866217e-9
1.440650989	2.8293918097251795e-9
1.44180425	2.783120762501637e-9
1.442957511	2.7824252720301904e-9
1.444110772	2.843762855723848e-9
1.445264032	2.8629311463290834e-9
1.446417293	2.8646322528979534e-9
1.447570554	2.915099206276988e-9
1.448723815	2.9625205806356597e-9
1.449877076	3.0223763254528716e-9
1.451030336	3.1181998641002223e-9
1.452183597	3.2270542593446855e-9
1.453336858	3.306555283963413e-9
1.454490119	3.349292955004452e-9
1.455643379	3.3895113264153484e-9
1.45679664	3.3972382026847226e-9
1.457949901	3.327817426175365e-9
1.459103162	3.238972311086557e-9
1.460256422	3.1652230582241863e-9
1.461409683	3.115289340745386e-9
1.462562944	3.0731263009053725e-9
1.463716205	3.017698407302704e-9
1.464869465	2.9725886476609615e-9
1.466022726	2.9417343665618847e-9
1.467175987	2.899926537054846e-9
1.468329248	2.8619438922107757e-9
1.469482508	2.863746655666682e-9
1.470635769	2.9003506812739826e-9
1.47178903	2.965339469305574e-9
1.472942291	3.0674355648943346e-9
1.474095551	3.1381280725897628e-9
1.475248812	3.110068407455515e-9
1.476402073	3.2239857088781742e-9
1.477555334	3.28796865566153e-9
1.478708594	3.2941051366350175e-9
1.479861855	3.204391409499685e-9
1.481015116	3.223905832727025e-9
1.482168377	3.2994781028826757e-9
1.483321637	3.2868551945076135e-9
1.484474898	3.321053243343756e-9
1.485628159	3.2850827887916494e-9
1.48678142	3.4188796942818427e-9
1.48793468	3.7202831653836818e-9
1.489087941	3.6731087862397483e-9
1.490241202	3.5069209572099656e-9
1.491394463	3.507768595661049e-9
1.492547723	3.5838086325314814e-9
1.493700984	3.58786334752833e-9
1.494854245	3.6091481348715063e-9
1.496007506	3.7038044827357366e-9
1.497160766	3.7199840899332387e-9
1.498314027	3.656708046910754e-9
1.499467288	3.5790509910218195e-9
1.500620549	3.5885718291765974e-9
1.50177381	3.6108465121235697e-9
1.50292707	3.592688756110284e-9
1.504080331	3.619587102600914e-9
1.505233592	3.6791172892956244e-9
1.506386853	3.708802773331235e-9
1.507540113	3.6528221455316085e-9
1.508693374	3.6246394626363355e-9
1.509846635	3.597245402796687e-9
1.510999896	3.613103033182654e-9
1.512153156	3.670228210948688e-9
1.513306417	3.701739587526776e-9
1.514459678	3.71707710715364e-9
1.515612939	3.690551294257141e-9
1.516766199	3.670835691392149e-9
1.51791946	3.6802068312362435e-9
1.519072721	3.694404614794571e-9
1.520225982	3.713777450074958e-9
1.521379242	3.760840317723418e-9
1.522532503	3.81521850979883e-9
1.523685764	3.80229196933259e-9
1.524839025	3.738670681983213e-9
1.525992285	3.6668042470004598e-9
1.527145546	3.6433097198513493e-9
1.528298807	3.6740818701615555e-9
1.529452068	3.768839757362941e-9
1.530605328	3.792872670732953e-9
1.531758589	3.6797924402903444e-9
1.53291185	3.634208485333895e-9
1.534065111	3.686870373401327e-9
1.535218371	3.7024220446477113e-9
1.536371632	3.7011013269066265e-9
1.537524893	3.763791310006494e-9
1.538678154	3.817850756823671e-9
1.539831414	3.825114460213851e-9
1.540984675	3.76361528522056e-9
1.542137936	3.6789145642680953e-9
1.543291197	3.631225172427753e-9
1.544444457	3.6419828159895645e-9
1.545597718	3.6755612872874918e-9
1.546750979	3.73681975699315e-9
1.54790424	3.827447384653551e-9
1.549057501	3.851689278952356e-9
1.550210761	3.816800760923838e-9
1.551364022	3.743164903607457e-9
1.552517283	3.6850278074349344e-9
1.553670544	3.691243431127817e-9
1.554823804	3.66579401538262e-9
1.555977065	3.611250386446906e-9
1.557130326	3.6033221051682217e-9
1.558283587	3.6530094790556473e-9
1.559436847	3.7194315909702023e-9
1.560590108	3.7823203459555615e-9
1.561743369	3.782958496089169e-9
1.56289663	3.773315546362298e-9
1.56404989	3.764259450572156e-9
1.565203151	3.7182503877453877e-9
1.566356412	3.666994655946807e-9
1.567509673	3.5980300151308364e-9
1.568662933	3.50757199162538e-9
1.569816194	3.405575467377585e-9
1.570969455	3.36519894906445e-9
1.572122716	3.4060414579990413e-9
1.573275976	3.489271801657088e-9
1.574429237	3.5623466164791566e-9
1.575582498	3.6165835521860657e-9
1.576735759	3.6745958147634336e-9
1.577889019	3.6808984133992794e-9
1.57904228	3.6246649142071307e-9
1.580195541	3.514792557441308e-9
1.581348802	3.577163293951736e-9
1.582502062	3.670186399292009e-9
1.583655323	3.5676574169072897e-9
1.584808584	3.431711511692982e-9
1.585961845	3.3215044370384503e-9
1.587115105	3.2832741938296442e-9
1.588268366	3.3930908334552448e-9
1.589421627	3.6029983781031225e-9
1.590574888	3.775878339787514e-9
1.591728148	3.731648880973309e-9
1.592881409	3.6581123932668642e-9
1.59403467	3.634751124124684e-9
1.595187931	3.6980862684441557e-9
1.596341192	3.751063171937374e-9
1.597494452	3.6249581484932294e-9
1.598647713	3.506312499782923e-9
1.599800974	3.5337025086585063e-9
1.600954235	3.542944392557039e-9
1.602107495	3.494360956881893e-9
1.603260756	3.472102924767226e-9
1.604414017	3.457989034296695e-9
1.605567278	3.4647700702159913e-9
1.606720538	3.4433469460321775e-9
1.607873799	3.3807308608060725e-9
1.60902706	3.3845425003920132e-9
1.610180321	3.447912423019645e-9
1.611333581	3.49969527528793e-9
1.612486842	3.5559050903424592e-9
1.613640103	3.608623084137127e-9
1.614793364	3.7028564711421035e-9
1.615946624	3.8568554189660335e-9
1.617099885	3.823982316103313e-9
1.618253146	3.699855850068919e-9
1.619406407	3.715025122911354e-9
1.620559667	3.718197045934989e-9
1.621712928	3.6500482689009427e-9
1.622866189	3.562904966803189e-9
1.62401945	3.517123403172966e-9
1.62517271	3.5139335329219583e-9
1.626325971	3.522246012817641e-9
1.627479232	3.491596457696454e-9
1.628632493	3.4848861572150254e-9
1.629785753	3.5152818204696753e-9
1.630939014	3.5375509115389176e-9
1.632092275	3.516139727299689e-9
1.633245536	3.5089030900522903e-9
1.634398796	3.518545091020663e-9
1.635552057	3.5069304386471998e-9
1.636705318	3.513898999671494e-9
1.637858579	3.501322351252494e-9
1.639011839	3.4516950400875854e-9
1.6401651	3.3895648733640683e-9
1.641318361	3.383015413184492e-9
1.642471622	3.4760357369653378e-9
1.643624883	3.5927927884801236e-9
1.644778143	3.6153197594157822e-9
1.645931404	3.5748873265751064e-9
1.647084665	3.537403594037939e-9
1.648237926	3.5281366690118464e-9
1.649391186	3.5536920585712904e-9
1.650544447	3.5673611385072575e-9
1.651697708	3.5374054390258634e-9
1.652850969	3.494539211998063e-9
1.654004229	3.4620615908714226e-9
1.65515749	3.4356977724377143e-9
1.656310751	3.4005671524331645e-9
1.657464012	3.3827781329678987e-9
1.658617272	3.3913575315758363e-9
1.659770533	3.413884277788447e-9
1.660923794	3.417537889541176e-9
1.662077055	3.3849848074919827e-9
1.663230315	3.367117678158944e-9
1.664383576	3.3495842227352254e-9
1.665536837	3.363374683724387e-9
1.666690098	3.3949813014518536e-9
1.667843358	3.4113997087273344e-9
1.668996619	3.3747877282024833e-9
1.67014988	3.33091090129207e-9
1.671303141	3.37559383018883e-9
1.672456401	3.4466514889782447e-9
1.673609662	3.3893611470584464e-9
1.674762923	3.3585056876230074e-9
1.675916184	3.394101758681297e-9
1.677069444	3.365861943214405e-9
1.678222705	3.276721012472937e-9
1.679375966	3.2844784265388216e-9
1.680529227	3.360392832732174e-9
1.681682487	3.4868182134880948e-9
1.682835748	3.5599246377140374e-9
1.683989009	3.5303472036570414e-9
1.68514227	3.506858971792589e-9
1.68629553	3.5195202710517664e-9
1.687448791	3.5036450109672615e-9
1.688602052	3.45714063356617e-9
1.689755313	3.4303914222875695e-9
1.690908574	3.3943050908351305e-9
1.692061834	3.3280814178905084e-9
1.693215095	3.311246917930731e-9
1.694368356	3.298411184604302e-9
1.695521617	3.285044522257775e-9
1.696674877	3.270078247295572e-9
1.697828138	3.2473251887813e-9
1.698981399	3.25766891948645e-9
1.70013466	3.278732053679005e-9
1.70128792	3.270991838568332e-9
1.702441181	3.255127263864354e-9
1.703594442	3.2390603456992927e-9
1.704747703	3.213316785833504e-9
1.705900963	3.2096529283877328e-9
1.707054224	3.219840125781435e-9
1.708207485	3.24281469825899e-9
1.709360746	3.2250385072975e-9
1.710514006	3.209224797484268e-9
1.711667267	3.261130917169157e-9
1.712820528	3.2766476524867766e-9
1.713973789	3.1646170215376536e-9
1.715127049	3.099302899722157e-9
1.71628031	3.0973825227529567e-9
1.717433571	3.090085481413891e-9
1.718586832	3.0783725777935188e-9
1.719740092	3.094029212786893e-9
1.720893353	3.1087080966492166e-9
1.722046614	3.1016255581035303e-9
1.723199875	3.1516088523796726e-9
1.724353135	3.2160950667262113e-9
1.725506396	3.1899647735790384e-9
1.726659657	3.12669601484064e-9
1.727812918	3.1018726595275347e-9
1.728966178	3.0767728863756533e-9
1.730119439	3.027622494045446e-9
1.7312727	3.001325232961123e-9
1.732425961	3.0073026641838717e-9
1.733579221	3.0394166963311417e-9
1.734732482	3.091567217904415e-9
1.735885743	3.121975607459689e-9
1.737039004	3.129304011746533e-9
1.738192265	3.17953564190861e-9
1.739345525	3.2262079669326323e-9
1.740498786	3.2556886672542385e-9
1.741652047	3.2591441139524694e-9
1.742805308	3.2395126925075404e-9
1.743958568	3.1711927587834977e-9
1.745111829	3.1384231835157448e-9
1.74626509	3.153047328165024e-9
1.747418351	3.134624215702043e-9
1.748571611	3.1000415684678015e-9
1.749724872	3.0616596340124035e-9
1.750878133	3.016942833349314e-9
1.752031394	2.9862028280516107e-9
1.753184654	2.9610518952464875e-9
1.754337915	2.9333432172810677e-9
1.755491176	2.9281851108263393e-9
1.756644437	2.943000848246612e-9
1.757797697	2.9400878316675994e-9
1.758950958	2.9204869187847365e-9
1.760104219	2.8924226091806438e-9
1.76125748	2.892038833876368e-9
1.76241074	2.9019675276202585e-9
1.763564001	2.861124796589714e-9
1.764717262	2.8240533902036597e-9
1.765870523	2.8122298530794266e-9
1.767023783	2.81909887394763e-9
1.768177044	2.8330306855234297e-9
1.769330305	2.8325152799206276e-9
1.770483566	2.8124306139026e-9
1.771636826	2.7660152963685858e-9
1.772790087	2.7116472776157538e-9
1.773943348	2.665716317896982e-9
1.775096609	2.6443315300344948e-9
1.776249869	2.639143675864007e-9
1.77740313	2.6278256469361175e-9
1.778556391	2.610589993790704e-9
1.779709652	2.5919920615636443e-9
1.780862912	2.5850798134330077e-9
1.782016173	2.574619500315941e-9
1.783169434	2.5558543318487723e-9
1.784322695	2.530188792113856e-9
1.785475956	2.5097679448317018e-9
1.786629216	2.490546368651036e-9
1.787782477	2.455339629018336e-9
1.788935738	2.430595914525121e-9
1.790088999	2.4189459750348232e-9
1.791242259	2.3947326916158616e-9
1.79239552	2.356265941651338e-9
1.793548781	2.3114958054400406e-9
1.794702042	2.2537597324973548e-9
1.795855302	2.1727716651542555e-9
1.797008563	2.0882406204189112e-9
1.798161824	2.010419762417086e-9
1.799315085	1.949804035429934e-9
1.800468345	1.921662041941598e-9
1.801621606	1.9251761831294092e-9
1.802774867	1.9240557965360976e-9
1.803928128	1.8876385707771957e-9
1.805081388	1.8420058623300366e-9
1.806234649	1.7975098087032316e-9
1.80738791	1.740513186886838e-9
1.808541171	1.6744515133292955e-9
1.809694431	1.6057532262152255e-9
1.810847692	1.5459234002666146e-9
1.812000953	1.5017341913381553e-9
1.813154214	1.4768792319816159e-9
1.814307474	1.4704887381461519e-9
1.815460735	1.4776962605679609e-9
1.816613996	1.5043276727064093e-9
1.817767257	1.5620778262366571e-9
1.818920517	1.5487328338536356e-9
1.820073778	1.442027907031483e-9
1.821227039	1.3687626104457025e-9
1.8223803	1.3114810465226157e-9
1.82353356	1.2237185617634304e-9
1.824686821	1.1434789373293174e-9
1.825840082	1.0907317929487017e-9
1.826993343	1.0597705844194859e-9
1.828146603	1.0400901705493567e-9
1.829299864	1.0172396947519057e-9
1.830453125	9.966399697555835e-10
1.831638979	0.
1.832792267	0.
1.833945555	0.
1.835098843	0.
1.836252131	0.
1.837405418	0.
1.838558706	0.
1.839711994	0.
1.840865282	0.
1.84201857	0.
1.843171858	0.
1.844325146	0.
1.845478434	0.
1.846631722	0.
1.84778501	0.
1.848938298	0.
1.850091586	0.
1.851244874	0.
1.852398162	0.
1.85355145	0.
1.854704738	0.
1.855858026	0.
1.857011314	0.
1.858164602	0.
1.85931789	0.
1.860471178	0.
1.861624466	0.
1.862777754	0.
1.863931042	0.
1.86508433	0.
1.866237618	0.
1.867390905	0.
1.868544193	0.
1.869697481	0.
1.870850769	0.
1.872004057	1.7830922545823155e-9
1.873157345	1.8767885990242884e-9
1.874310633	2.4826224711532667e-9
1.875463921	4.5573248545385845e-9
1.876617209	7.968606543886825e-9
1.877770497	5.158760175532871e-9
1.878923785	2.781896317544847e-9
1.880077073	1.7815598447727789e-9
1.881230361	1.3731683563785072e-9
1.882383649	1.337103024014985e-9
1.883536937	1.9050663946957957e-9
1.884690225	4.059597048301161e-9
1.885843513	7.376243656199838e-9
1.886996801	4.42947811739342e-9
1.888150089	2.2732519584073847e-9
1.889303377	1.3610632313751886e-9
1.890456665	1.0335679339526117e-9
1.891609953	1.0882326631260038e-9
1.892763241	1.4932436450740406e-9
1.893916529	1.7008760590769992e-9
1.895069817	1.0900346912999268e-9
1.896223105	7.282697112005439e-10
1.897376392	5.630298691152778e-10
1.89852968	4.961474140509558e-10
1.899682968	5.068744120849916e-10
1.900836256	6.252019247029736e-10
1.901989544	9.200966850736942e-10
1.903142832	1.4124949994327684e-9
1.90429612	1.5889476826288505e-9
1.905449408	1.3266970376935368e-9
1.906602696	1.0216607085239225e-9
1.907755984	8.046920771726554e-10
1.908909272	6.589719336367941e-10
1.91006256	5.704811622607061e-10
1.911215848	5.52376288359982e-10
1.912369136	6.176947730302093e-10
1.913522424	7.43109673860923e-10
1.914675712	9.181186222983887e-10
1.915829	1.082824038909471e-9
1.916982288	1.0808609766120154e-9
1.918135576	8.810448246895065e-10
1.919288864	7.334669159375784e-10
1.920442152	7.034249836936788e-10
1.92159544	7.672577568844818e-10
1.922748728	8.382993863666021e-10
1.923902016	8.33634265251869e-10
1.925055304	7.649633114138108e-10
1.926208592	6.84825049633346e-10
1.92736188	6.326611387909661e-10
1.928515167	6.291700029591216e-10
1.929668455	7.140240392180909e-10
1.930821743	8.605101149142412e-10
1.931975031	9.606250604065344e-10
1.933128319	9.251363941011526e-10
1.934281607	8.243368103734357e-10
1.935434895	7.027628153484502e-10
1.936588183	6.148188308851228e-10
1.937741471	6.129998010183626e-10
1.938894759	7.713233902085884e-10
1.940048047	1.0443191846723727e-9
1.941201335	1.1823441959597837e-9
1.942354623	1.1100312000529676e-9
1.943507911	1.0410521656718e-9
1.944661199	9.995912364707851e-10
1.945814487	9.54415307398748e-10
1.946967775	9.317035029874032e-10
1.948121063	9.245991356858528e-10
1.949274351	9.39876229016565e-10
1.950427639	9.414330073058331e-10
1.951580927	9.236582889893729e-10
1.952734215	8.632667859241713e-10
1.953887503	7.672513115804275e-10
1.955040791	7.322468299735e-10
1.956194079	8.375303376599759e-10
1.957347367	1.0493598553025312e-9
1.958500654	1.2324204985830414e-9
1.959653942	1.2451884294731783e-9
1.96080723	1.1499890363380827e-9
1.961960518	1.015159781037028e-9
1.963113806	9.340627701452685e-10
1.964267094	9.431941332357427e-10
1.965420382	1.0123812706615907e-9
1.96657367	1.069755128664939e-9
1.967726958	1.0598943799686197e-9
1.968880246	1.025337504835725e-9
1.970033534	1.0108967079094329e-9
1.971186822	1.0331424286688837e-9
1.97234011	1.077933613940682e-9
1.973493398	1.1192867539340896e-9
1.974646686	1.145822064285637e-9
1.975799974	1.1451861072684355e-9
1.976953262	1.1191928890327297e-9
1.97810655	1.1086443411801259e-9
1.979259838	1.1150960733955126e-9
1.980413126	1.1315316409976437e-9
1.981566414	1.1565325829552449e-9
1.982719702	1.1697763757016218e-9
1.98387299	1.1639694538171119e-9
1.985026278	1.145920494730289e-9
1.986179566	1.1285397402838648e-9
1.987332854	1.0974677095206462e-9
1.988486142	1.0854142650023899e-9
1.989639429	1.1043821387636041e-9
1.990792717	1.11396324729274e-9
1.991946005	1.0978250302450948e-9
1.993099293	1.0579795457834327e-9
1.994252581	9.910974269327127e-10
1.995405869	8.970869163074876e-10
1.996559157	7.995283882829673e-10
1.997712445	7.173185240053249e-10
1.998865733	6.36507051685521e-10
2.000019021	5.635733063703124e-10
2.001172309	5.204441049888112e-10
2.002325597	5.30735029899997e-10
2.003478885	6.282379138969662e-10
2.004632173	8.415102631675066e-10
2.005785461	1.1102548032844735e-9
2.006938749	1.2278734458439432e-9
2.008092037	1.0997044375422956e-9
2.009245325	9.004639316684243e-10
2.010398613	7.638769777737913e-10
2.011551901	7.082063385860485e-10
2.012705189	7.04247708635415e-10
2.013858477	7.470461793669565e-10
2.015011765	8.291010210774191e-10
2.016165053	9.306612500658783e-10
2.017318341	1.0176248269546569e-9
2.018471629	1.0819191941158582e-9
2.019624916	1.1316245641205877e-9
2.020778204	1.1710404045145748e-9
2.021931492	1.1979154323277889e-9
2.02308478	1.2000210124037326e-9
2.024238068	1.17829530203243e-9
2.025391356	1.1532076308747211e-9
2.026544644	1.1290163688947807e-9
2.027697932	1.1138789575424718e-9
2.02885122	1.1204758093352942e-9
2.030004508	1.142329725996674e-9
2.031157796	1.1428530273645994e-9
2.032311084	1.1202547888749816e-9
2.033464372	1.1137642699650978e-9
2.03461766	1.1137327284425213e-9
2.035770948	1.1020605293045774e-9
2.036924236	1.0973176850809552e-9
2.038077524	1.1031949447612873e-9
2.039230812	1.0876276564735454e-9
2.0403841	1.0608379815234534e-9
2.041537388	1.0549335579792794e-9
2.042690676	1.0502230998382842e-9
2.043843964	1.0289880574154678e-9
2.044997252	1.0005430988066907e-9
2.04615054	9.655182561844901e-10
2.047303828	9.278350792941647e-10
2.048457116	8.914712791690773e-10
2.049610403	8.583835710152105e-10
2.050763691	8.389303112805407e-10
2.051916979	8.446343025617999e-10
2.053070267	8.724636797838876e-10
2.054223555	9.212707482003559e-10
2.055376843	9.900912814783735e-10
2.056530131	1.0564792188209718e-9
2.057683419	1.0954651985278107e-9
2.058836707	1.0993339150678573e-9
2.059989995	1.0722066689853838e-9
2.061143283	1.0000111638757561e-9
2.062296571	9.221051444011261e-10
2.063449859	9.008245194974035e-10
2.064603147	9.196105939218657e-10
2.065756435	9.251426195137954e-10
2.066909723	9.445694303726e-10
2.068063011	9.854000762813385e-10
2.069216299	1.0249649720375348e-9
2.070369587	1.0505231182547538e-9
2.071522875	1.05049371797577e-9
2.072676163	1.0359129647089582e-9
2.073829451	1.0219695018248543e-9
2.074982739	1.0146698923925923e-9
2.076136027	1.015925667255063e-9
2.077289315	1.0166806565520718e-9
2.078442603	1.0160977617040324e-9
2.079595891	1.0214391663935181e-9
2.080749178	1.014839090210549e-9
2.081902466	9.84311425788118e-10
2.083055754	9.658199874047012e-10
2.084209042	9.719756942441686e-10
2.08536233	9.752090403024272e-10
2.086515618	9.755613241887026e-10
2.087668906	9.861611252469785e-10
2.088822194	9.955958241473276e-10
2.089975482	9.9605972105136e-10
2.09112877	1.004241377824125e-9
2.092282058	1.0219299847742292e-9
2.093435346	1.024474395504764e-9
2.094588634	1.0174105388347036e-9
2.095741922	1.0168210920996333e-9
2.09689521	1.0127385078197518e-9
2.098048498	1.005138907785108e-9
2.099201786	1.003753670034979e-9
2.100355074	1.00764434286011e-9
2.101508362	1.0138208155964013e-9
2.10266165	1.018349564085115e-9
2.103814938	1.0161356976898552e-9
2.104968226	1.007123612101513e-9
2.106121514	9.946077340029271e-10
2.107274802	9.830819598000908e-10
2.10842809	9.75782224992779e-10
2.109581378	9.788104152046417e-10
2.110734665	9.829226201269865e-10
2.111887953	9.74553842052407e-10
2.113041241	9.67126692484719e-10
2.114194529	9.650641387327653e-10
2.115347817	9.682744967649117e-10
2.116501105	9.70800653682151e-10
2.117654393	9.59177315746434e-10
2.118807681	9.52795139218337e-10
2.119960969	9.625773154777745e-10
2.121114257	9.69298517713949e-10
2.122267545	9.67951423456316e-10
2.123420833	9.73032001609822e-10
2.124574121	9.785856777445366e-10
2.125727409	9.71514658673545e-10
2.126880697	9.631938913723355e-10
2.128033985	9.608010667475182e-10
2.129187273	9.623037583115052e-10
2.130340561	9.606723417568955e-10
2.131493849	9.47139872783948e-10
2.132647137	9.296548341325142e-10
2.133800425	9.156172004252508e-10
2.134953713	9.111048654563889e-10
2.136107001	9.184452746094962e-10
2.137260289	9.189100364030743e-10
2.138413577	9.109108479733778e-10
2.139566865	9.089280750875115e-10
2.140720153	9.087143622569471e-10
2.14187344	9.08457464446012e-10
2.143026728	9.153907762479181e-10
2.144180016	9.260960154154736e-10
2.145333304	9.353815806200268e-10
2.146486592	9.394265993101213e-10
2.14763988	9.316157231104318e-10
2.148793168	9.19505752864797e-10
2.149946456	9.125372787788908e-10
2.151099744	9.123640157152772e-10
2.152253032	9.175419363019209e-10
2.15340632	9.230602384988039e-10
2.154559608	9.268325067304102e-10
2.155712896	9.262211524368943e-10
2.156866184	9.194053645728163e-10
2.158019472	9.086320136561991e-10
2.15917276	8.98691001671338e-10
2.160326048	8.899384412923833e-10
2.161479336	8.84148982070798e-10
2.162632624	8.873909579684336e-10
2.163785912	8.993336899300323e-10
2.1649392	9.431045012950364e-10
2.166092488	1.0288979708145643e-9
2.167245776	1.0447961201493076e-9
2.168399064	9.869621202009242e-10
2.169552352	9.475466439013728e-10
2.17070564	9.201027166768894e-10
2.171858927	9.002397529376276e-10
2.173012215	8.851907937607375e-10
2.174165503	8.73182189760921e-10
2.175318791	8.677745095737653e-10
2.176472079	8.690630057239081e-10
2.177625367	8.786008122731189e-10
2.178778655	8.865402465913157e-10
2.179931943	8.847772372162052e-10
2.181085231	8.998840593742561e-10
2.182238519	9.261347501388966e-10
2.183391807	9.224720654216576e-10
2.184545095	9.043140933799239e-10
2.185698383	9.01873995723037e-10
2.186851671	9.227641076755329e-10
2.188004959	9.50617043238215e-10
2.189158247	9.384416310026361e-10
2.190311535	8.93153267599849e-10
2.191464823	8.522113376178792e-10
2.192618111	8.233953082410416e-10
2.193771399	8.027645799149587e-10
2.194924687	7.869484367843965e-10
2.196077975	7.733142321662445e-10
2.197231263	7.629516224158142e-10
2.198384551	7.569510812141625e-10
2.199537839	7.587723149139851e-10
2.200691127	7.694693659319907e-10
2.201844415	7.844582022138704e-10
2.202997702	7.943165350077662e-10
2.20415099	7.950264839904526e-10
2.205304278	8.098282931508326e-10
2.206457566	8.327246387568719e-10
2.207610854	8.241246274270983e-10
2.208764142	8.026632519339703e-10
2.20991743	7.8517193844548e-10
2.211070718	7.721986496889187e-10
2.212224006	7.653146974605087e-10
2.213377294	7.608864422680097e-10
2.214530582	7.592789053305362e-10
2.21568387	7.625780545489098e-10
2.216837158	7.653646911435237e-10
2.217990446	7.62861902906212e-10
2.219143734	7.557356471037913e-10
2.220297022	7.460949693177201e-10
2.22145031	7.385724113089256e-10
2.222603598	7.349020947742777e-10
2.223756886	7.350456160522686e-10
2.224910174	7.435797975033904e-10
2.226063462	7.5719468075618e-10
2.22721675	7.566899861341729e-10
2.228370038	7.457822110200712e-10
2.229523326	7.412926062664864e-10
2.230676614	7.423845586440848e-10
2.231829902	7.43422990764026e-10
2.232983189	7.430627686066211e-10
2.234136477	7.393150132588878e-10
2.235289765	7.306280606713228e-10
2.236443053	7.185098701452794e-10
2.237596341	7.105328085362305e-10
2.238749629	7.029813883833915e-10
2.239902917	6.899175419611736e-10
2.241056205	6.817030064335082e-10
2.242209493	6.809425401936476e-10
2.243362781	6.817792078311001e-10
2.244516069	6.81604703084917e-10
2.245669357	6.818798770818492e-10
2.246822645	6.883489232084539e-10
2.247975933	7.04684186867804e-10
2.249129221	7.145734483471721e-10
2.250282509	7.109175887816341e-10
2.251435797	7.060651946807691e-10
2.252589085	7.040582862032916e-10
2.253742373	7.079332629872834e-10
2.254895661	7.095959602354567e-10
2.256048949	7.048145214565851e-10
2.257202237	6.993810234085574e-10
2.258355525	6.931946558689243e-10
2.259508813	6.842558046631442e-10
2.260662101	6.793075112815245e-10
2.261815389	6.880246661611492e-10
2.262968676	6.966413366242996e-10
2.264121964	6.959086457249989e-10
2.265275252	6.979422208996941e-10
2.26642854	7.032817083623819e-10
2.267581828	7.033069176387269e-10
2.268735116	7.005201285120879e-10
2.269888404	6.974475668417173e-10
2.271041692	6.928076348849593e-10
2.27219498	6.889310724804493e-10
2.273348268	6.878930694353646e-10
2.274501556	6.896474397102992e-10
2.275654844	6.915967825647568e-10
2.276808132	6.969681813414151e-10
2.27796142	7.019916342234157e-10
2.279114708	6.95930986324978e-10
2.280267996	6.832724550944848e-10
2.281421284	6.896690681185688e-10
2.282574572	7.163455243743038e-10
2.28372786	7.231966327930669e-10
2.284881148	7.239632391403201e-10
2.286034436	7.256329740950173e-10
2.287187724	7.177329063487098e-10
2.288341012	6.996497938306579e-10
2.2894943	6.86862891996088e-10
2.290647588	6.929442815954184e-10
2.291800876	7.178557356855568e-10
2.292954164	7.446496641090843e-10
2.294107451	7.472407979492618e-10
2.295260739	7.191174396525131e-10
2.296414027	6.840029393901438e-10
2.297567315	6.648058317001048e-10
2.298720603	6.565011133859588e-10
2.299873891	6.556736448614695e-10
2.301027179	6.613822529190433e-10
2.302180467	6.692712955215865e-10
2.303333755	6.751868854743803e-10
2.304487043	6.807011609474774e-10
2.305640331	6.860703985963772e-10
2.306793619	6.912302871404039e-10
2.307946907	6.962445019634251e-10
2.309100195	7.008156493987926e-10
2.310253483	6.999759076462802e-10
2.311406771	6.878187783325005e-10
2.312560059	6.660487407787957e-10
2.313713347	6.381267717360979e-10
2.314866635	6.102688455688272e-10
2.316019923	5.935624504624649e-10
2.317173211	6.006517625382461e-10
2.318326499	6.275296073459821e-10
2.319479787	6.537427755340393e-10
2.320633075	6.670008627483658e-10
2.321786363	6.851355691452438e-10
2.322939651	7.096342154638997e-10
2.324092938	7.323258750242025e-10
2.325246226	7.37825415271989e-10
2.326399514	7.187595797641502e-10
2.327552802	6.833699471477902e-10
2.32870609	6.472562606483542e-10
2.329859378	6.216811713264801e-10
2.331012666	6.077804319088114e-10
2.332165954	6.068131671704908e-10
2.333319242	6.062420391968114e-10
2.33447253	6.00753697198866e-10
2.335625818	5.961939897002942e-10
2.336779106	5.918017362589708e-10
2.337932394	5.865224610845401e-10
2.339085682	5.832450095234744e-10
2.34023897	5.870698494499638e-10
2.341392258	6.030827225165864e-10
2.342545546	6.216551248072786e-10
2.343698834	6.294275618277147e-10
2.344852122	6.274507283402144e-10
2.34600541	6.163326716638461e-10
2.347158698	5.999308803865268e-10
2.348311986	5.841341513674629e-10
2.349465274	5.756756088222695e-10
2.350618562	5.76577983349361e-10
2.35177185	5.922781625184651e-10
2.352925138	6.064643385532798e-10
2.354078426	6.101658990137621e-10
2.355231713	6.079860122464864e-10
2.356385001	6.069907054856593e-10
2.357538289	6.158734853770982e-10
2.358691577	6.274576818924624e-10
2.359844865	6.255098319956571e-10
2.360998153	6.150905823875181e-10
2.362151441	6.022717749681903e-10
2.363304729	5.902212634407211e-10
2.364458017	5.803891680643165e-10
2.365611305	5.676710597588204e-10
2.366764593	5.495233565980889e-10
2.367917881	5.332260384218925e-10
2.369071169	5.319257710405091e-10
2.370224457	5.548769443535392e-10
2.371377745	5.864248177080721e-10
2.372531033	6.165589672179247e-10
2.373684321	6.494319572854843e-10
2.374837609	6.591842979822506e-10
2.375990897	6.246479627090844e-10
2.377144185	5.851171887470373e-10
2.378297473	5.584670041634832e-10
2.379450761	5.396415917311217e-10
2.380604049	5.22717147826719e-10
2.381757337	5.033605255045055e-10
2.382910625	4.941778800657369e-10
2.384063913	5.060321653126774e-10
2.3852172	5.245041598521209e-10
2.386370488	5.385404329028951e-10
2.387523776	5.40317539207084e-10
2.388677064	5.340254988596758e-10
2.389830352	5.27853739820847e-10
2.39098364	5.186124746423613e-10
2.392136928	5.103861823071409e-10
2.393290216	5.068745329402035e-10
2.394443504	5.064973933163699e-10
2.395596792	5.085931481839158e-10
2.39675008	5.110267900596944e-10
2.397903368	5.132469366032441e-10
2.399056656	5.215118479093545e-10
2.400209944	5.334206115123713e-10
2.401363232	5.356897900918711e-10
2.40251652	5.281814006440696e-10
2.403669808	5.225075274955851e-10
2.404823096	5.208888665033485e-10
2.405976384	5.234301224015141e-10
2.407129672	5.336803852917658e-10
2.40828296	5.497670561768904e-10
2.409436248	5.585433182360494e-10
2.410589536	5.467058417322658e-10
2.411742824	5.178327237721288e-10
2.412896112	4.869993571362688e-10
2.4140494	4.654745058285845e-10
2.415202688	4.5651254907801244e-10
2.416355975	4.702506495579137e-10
2.417509263	4.896731865368016e-10
2.418662551	5.103073204113336e-10
2.419815839	5.374168613478931e-10
2.420969127	5.512628455457342e-10
2.422122415	5.400337237980673e-10
2.423275703	5.239247768213053e-10
2.424428991	5.20874506975332e-10
2.425582279	5.367508753798217e-10
2.426735567	5.53521936298243e-10
2.427888855	5.546602548539343e-10
2.429042143	5.352691769200375e-10
2.430195431	4.998745865111923e-10
2.431348719	4.554182158871357e-10
2.432502007	4.217276817024549e-10
2.433655295	4.187168638626368e-10
2.434808583	4.5553287803897e-10
2.435961871	5.303023715564746e-10
2.437115159	6.250927710170747e-10
2.438268447	6.860320201729698e-10
2.439421735	6.613051894882837e-10
2.440575023	5.827249190094687e-10
2.441728311	5.084404162645693e-10
2.442881599	4.537982095577902e-10
2.444034887	4.1536238412579347e-10
2.445188175	4.02842989849294e-10
2.446341462	4.1879253256739027e-10
2.44749475	4.49237563959202e-10
2.448648038	4.7529826839085e-10
2.449801326	4.992157203627981e-10
2.450954614	5.273217315753001e-10
2.452107902	5.601603274331929e-10
2.45326119	5.858367367331017e-10
2.454414478	6.024721651207826e-10
2.455567766	6.057738963847556e-10
2.456721054	5.827527434092112e-10
2.457874342	5.385621456789269e-10
2.45902763	4.940423708987862e-10
2.460180918	4.5996291000746393e-10
2.461334206	4.502228754211741e-10
2.462487494	4.719769769888446e-10
2.463640782	5.213795126883482e-10
2.46479407	5.693397459380642e-10
2.465947358	5.704718724822172e-10
2.467100646	5.32509126079108e-10
2.468253934	4.834832640597273e-10
2.469407222	4.4745707935021933e-10
2.47056051	4.316504795250305e-10
2.471713798	4.4078951327557026e-10
2.472867086	4.760182994585335e-10
2.474020374	5.175638394022644e-10
2.475173662	5.168981619709049e-10
2.476326949	4.8123483888832e-10
2.477480237	4.3020627547184105e-10
2.478633525	3.834859610461634e-10
2.479786813	3.61017533962939e-10
2.480940101	3.6956727189094893e-10
2.482093389	3.91687195049741e-10
2.483246677	4.0646160851863103e-10
2.484399965	4.097104088177752e-10
2.485553253	4.2541585617808144e-10
2.486706541	4.527139906522464e-10
2.487859829	4.6314770379095907e-10
2.489013117	4.637075292041974e-10
2.490166405	4.6443819653061725e-10
2.491319693	4.719748395939629e-10
2.492472981	4.975508874045745e-10
2.493626269	5.399711328801993e-10
2.494779557	5.887412082894641e-10
2.495932845	6.265941228732645e-10
2.497086133	6.491574405853879e-10