0.45	2.4276694093812238e-15
0.451153288	2.4033389782879426e-15
0.452306575	2.3494763739309534e-15
0.453459863	2.2665642389956782e-15
0.454613151	2.2173939223650484e-15
0.455766439	2.2296665861483007e-15
0.456919726	2.2805082730875984e-15
0.458073014	2.2005924848110923e-15
0.459226302	2.2525005920097664e-15
0.46037959	2.435902922882915e-15
0.461532877	2.535710124066e-15
0.462686165	2.3947366054551394e-15
0.463839453	2.48326208978986e-15
0.464992741	2.5522439754840887e-15
0.466146028	2.5927616521017543e-15
0.467299316	2.5928946574958843e-15
0.468452604	2.5776532024729273e-15
0.469605892	2.529461595139747e-15
0.470759179	2.5960523149051805e-15
0.471912467	2.4813446648166476e-15
0.473065755	2.5975411068304186e-15
0.474219043	2.6348468950833834e-15
0.47537233	2.6579984255935793e-15
0.476525618	2.720528181571654e-15
0.477678906	2.531738939907209e-15
0.478832194	2.54054220134184e-15
0.479985481	2.3782766025637517e-15
0.481138769	2.260987313696672e-15
0.482292057	2.2416872622028302e-15
0.483445345	2.2224570305413364e-15
0.484598632	2.0536584453409258e-15
0.48575192	1.6543460019398633e-15
0.486905208	1.9782846803468564e-15
0.488058495	2.333066236741669e-15
0.489211783	2.6049741122598532e-15
0.490365071	2.6059531005144796e-15
0.491518359	2.6614339120741556e-15
0.492671646	2.563490844659737e-15
0.493824934	2.6202999103923396e-15
0.494978222	2.6358401729547146e-15
0.49613151	2.7169039358316378e-15
0.497284797	2.556654770023114e-15
0.498438085	2.542725193570498e-15
0.499591373	2.283638698296854e-15
0.500744661	2.2815635942773826e-15
0.501897948	2.2767893312339502e-15
0.503051236	2.253647894006606e-15
0.504204524	2.298036874524128e-15
0.505357812	2.2005573604872546e-15
0.506511099	2.157016548717283e-15
0.507664387	2.083194368896214e-15
0.508817675	1.935742928985414e-15
0.509970963	1.903002633581085e-15
0.51112425	1.9150151838920585e-15
0.512277538	2.01015074893989e-15
0.513430826	2.152608283966735e-15
0.514584114	2.221266860638401e-15
0.515737401	2.1996819882984427e-15
0.516890689	2.315772591148166e-15
0.518043977	2.2382310022740954e-15
0.519197265	2.14669073617995e-15
0.520350552	2.0846543699347518e-15
0.52150384	2.0519322971271597e-15
0.522657128	2.133627584481235e-15
0.523810415	2.102387172569151e-15
0.524963703	2.087133662649913e-15
0.526116991	2.1358194996077466e-15
0.527270279	2.1029692502245355e-15
0.528423566	2.1431855363331292e-15
0.529576854	2.2647104051731084e-15
0.530730142	2.1800383640818694e-15
0.53188343	2.039389363996454e-15
0.533036717	1.9558188217985355e-15
0.534190005	1.8558330374717437e-15
0.535343293	1.7611493908091081e-15
0.536496581	1.6768886602698488e-15
0.537649868	1.5265505838432242e-15
0.538803156	1.3270340946646072e-15
0.539956444	1.21575253299697e-15
0.541109732	1.080337440515653e-15
0.542263019	9.79602018259963e-16
0.543416307	9.578271665453297e-16
0.544569595	1.045463472835287e-15
0.545722883	1.1989470631618405e-15
0.54687617	1.4524311764887641e-15
0.548029458	1.7382806219428155e-15
0.549182746	1.936496735115021e-15
0.550336034	2.0913064783452044e-15
0.551489321	2.160463271452046e-15
0.552642609	2.184231705586312e-15
0.553795897	2.1252210001179024e-15
0.554949185	2.08237568033039e-15
0.556102472	2.0887887784219133e-15
0.55725576	2.041628725129764e-15
0.558409048	2.010936868775514e-15
0.559562335	2.00495708318586e-15
0.560715623	2.0430987947933072e-15
0.561868911	2.063937968046069e-15
0.563022199	2.0112181443363853e-15
0.564175486	1.9844982293292175e-15
0.565328774	1.9389249928222598e-15
0.566482062	1.7943657204673535e-15
0.56763535	1.6467158233354461e-15
0.568788637	1.6413159678191614e-15
0.569941925	1.5135385975839381e-15
0.571095213	1.4620683473982943e-15
0.572248501	1.4103326256221254e-15
0.573401788	1.359950622547293e-15
0.574555076	1.2477689391967952e-15
0.575708364	1.1918950239441188e-15
0.576861652	1.1600772973829263e-15
0.578014939	1.1416988316862515e-15
0.579168227	1.2131045640326785e-15
0.580321515	1.3233886283797746e-15
0.581474803	1.4926290777929484e-15
0.58262809	1.645403225656295e-15
0.583781378	1.7819401357873537e-15
0.584934666	1.85851177856912e-15
0.586087954	1.9613408266857736e-15
0.587241241	1.904953808678213e-15
0.588394529	1.8404433825098988e-15
0.589547817	1.89816187394172e-15
0.590701105	1.7242961343400216e-15
0.591854392	1.6517628803538873e-15
0.59300768	1.5078252500835997e-15
0.594160968	1.3959500488743573e-15
0.595314256	1.280757350437743e-15
0.596467543	1.1961711600633407e-15
0.597620831	1.1786900745709348e-15
0.598774119	1.186679530337078e-15
0.599927406	1.1955182638341715e-15
0.601080694	1.2586342077622644e-15
0.602233982	1.3544762972101393e-15
0.60338727	1.4080686561587821e-15
0.604540557	1.4585858946127281e-15
0.605693845	1.4673710673164554e-15
0.606847133	1.389297137937549e-15
0.608000421	1.223120797148244e-15
0.609153708	1.0709163140862046e-15
0.610306996	9.688519492467321e-16
0.611460284	8.566407724140904e-16
0.612613572	7.518319585969027e-16
0.613766859	6.416665926619089e-16
0.614920147	5.304382351708088e-16
0.616073435	4.744276114318648e-16
0.617226723	4.3861504244878175e-16
0.61838001	4.0701412681421563e-16
0.619533298	3.9906318159583267e-16
0.620686586	3.863425933104148e-16
0.621839874	4.0080035093057426e-16
0.622993161	4.213619437251952e-16
0.624146449	4.796358461818945e-16
0.625299737	5.853109522686187e-16
0.626453025	7.243632634567472e-16
0.627606312	8.64047670279466e-16
0.6287596	1.0210645657366247e-15
0.629912888	1.151481168717702e-15
0.631066176	1.235941202715113e-15
0.632219463	1.3120289045269171e-15
0.633372751	1.3547908292692682e-15
0.634526039	1.3449735807645906e-15
0.635679326	1.336098003912449e-15
0.636832614	1.2858098896503902e-15
0.637985902	1.2541363811522303e-15
0.63913919	1.2149226444839571e-15
0.640292477	1.1522025201783407e-15
0.641445765	1.0819489110389525e-15
0.642599053	1.0352398806295896e-15
0.643752341	1.0032090459008215e-15
0.644905628	9.83954918609067e-16
0.646058916	9.893233646856068e-16
0.647212204	9.903794601122415e-16
0.648365492	9.492806025142488e-16
0.649518779	9.044972897145928e-16
0.650672067	8.776275254849875e-16
0.651825355	8.538333950060535e-16
0.652978643	8.430983307533636e-16
0.65413193	8.191897946430472e-16
0.655285218	7.172756361861956e-16
0.656438506	5.837829204941709e-16
0.657591794	7.048853799598495e-16
0.658745081	6.986362493890806e-16
0.659898369	6.41712846117463e-16
0.661051657	5.969286039852992e-16
0.662204945	5.693451427522922e-16
0.663358232	5.384343525332973e-16
0.66451152	5.0488039581393905e-16
0.665664808	4.769611248603389e-16
0.666818096	4.590504649455728e-16
0.667971383	4.515810778015375e-16
0.669124671	4.604580496865971e-16
0.670277959	4.818367967310405e-16
0.671431246	5.246926118840737e-16
0.672584534	5.914212567229966e-16
0.673737822	6.636136467116637e-16
0.67489111	7.461268872274694e-16
0.676044397	8.40870425035037e-16
0.677197685	9.206287274419406e-16
0.678350973	9.433139950589344e-16
0.679504261	9.153528760414258e-16
0.680657548	8.323444859395563e-16
0.681810836	7.352345101731645e-16
0.682964124	6.569186463818593e-16
0.684117412	6.190303336257805e-16
0.685270699	6.209045462069535e-16
0.686423987	6.483508434529098e-16
0.687577275	6.800562594946409e-16
0.688730563	7.132832769398736e-16
0.68988385	7.401294244919837e-16
0.691037138	7.584089425383031e-16
0.692190426	7.663414627410072e-16
0.693343714	7.500924016116461e-16
0.694497001	7.097688699803548e-16
0.695650289	6.492097520481044e-16
0.696803577	5.70543475890659e-16
0.697956865	4.84732561757696e-16
0.699110152	4.1048821123846357e-16
0.70026344	3.5185462556886736e-16
0.701416728	3.105182516988037e-16
0.702570016	2.8714403602783856e-16
0.703723303	2.7958085619363697e-16
0.704876591	2.8666573234988333e-16
0.706029879	3.042592280297339e-16
0.707183166	3.3266967646892073e-16
0.708336454	3.6585662539518525e-16
0.709489742	3.9452637441581057e-16
0.71064303	4.1801571396613933e-16
0.711796317	4.3851239954138093e-16
0.712949605	4.522048379306314e-16
0.714102893	4.4383618233284183e-16
0.715256181	4.1004637151608055e-16
0.716409468	3.463604650305764e-16
0.717562756	2.623537401625706e-16
0.718716044	1.9824757696878687e-16
0.719869332	1.7121047172049273e-16
0.721022619	1.6506963316550979e-16
0.722175907	1.6067521907643023e-16
0.723329195	1.5136409013508598e-16
0.724482483	1.4345743269272233e-16
0.72563577	1.338889640209001e-16
0.726789058	1.2602177190709035e-16
0.727942346	1.2123723506257065e-16
0.729095634	1.226381169501178e-16
0.730248921	1.2832126250580444e-16
0.731402209	1.3540042783560316e-16
0.732555497	1.4366398578481708e-16
0.733708785	1.525371244757628e-16
0.734862072	1.616643309106056e-16
0.73601536	1.747889216793498e-16
0.737168648	1.9115648812911103e-16
0.738321936	2.1669989066670932e-16
0.739475223	2.5350678564129455e-16
0.740628511	3.05821029196683e-16
0.741781799	3.671232284048011e-16
0.742935086	4.3262766080812106e-16
0.744088374	4.87891805607046e-16
0.745241662	5.344563715819432e-16
0.74639495	5.519923662521886e-16
0.747548237	5.581806767778364e-16
0.748701525	5.593879831814378e-16
0.749854813	5.598960986272095e-16
0.751008101	5.628464124613676e-16
0.752161388	5.724501143629591e-16
0.753314676	5.803461443566261e-16
0.754467964	5.842689053746827e-16
0.755621252	5.652654416544643e-16
0.756774539	5.264292875599793e-16
0.757927827	5.001564232374447e-16
0.759081115	4.826119964610672e-16
0.760234403	4.399134019078697e-16
0.76138769	3.653998081094919e-16
0.762540978	3.035608721309867e-16
0.763694266	2.8030735056873563e-16
0.764847554	2.6449640293623704e-16
0.766000841	2.572500886577219e-16
0.767154129	2.590714125057859e-16
0.768307417	2.639680398563565e-16
0.769460705	2.640734085357445e-16
0.770613992	2.584340344578737e-16
0.77176728	2.497356639576441e-16
0.772920568	2.332947053816566e-16
0.774073856	2.1672138792827007e-16
0.775227143	2.0520818505124314e-16
0.776380431	1.9289536289652085e-16
0.777533719	1.7467400355934914e-16
0.778687006	1.7210857424404967e-16
0.779840294	1.5916641654115538e-16
0.780993582	1.4542414435743769e-16
0.78214687	1.3620332131000043e-16
0.783300157	1.3234686130090783e-16
0.784453445	1.3256976484234183e-16
0.785606733	1.3669514090237256e-16
0.786760021	1.4140758681398723e-16
0.787913308	1.4254858519489603e-16
0.789066596	1.4317989929312138e-16
0.790219884	1.420912021692782e-16
0.791373172	1.3970927582045825e-16
0.792526459	1.3373053245643162e-16
0.793679747	1.2776265235670484e-16
0.794833035	1.214879700520345e-16
0.795986323	1.179487597137084e-16
0.79713961	1.1654013333717865e-16
0.798292898	1.1591673500041818e-16
0.799446186	1.156710600482384e-16
0.800599474	1.1505302448409598e-16
0.801752761	1.1537239023837986e-16
0.802906049	1.1875250012588305e-16
0.804059337	1.2466609637869815e-16
0.805212625	1.3163787486747947e-16
0.806365912	1.383620407875931e-16
0.8075192	1.4498639063959306e-16
0.808672488	1.5100295024694615e-16
0.809825776	1.5624576537111823e-16
0.810979063	1.6203129921935583e-16
0.812132351	1.712419111604564e-16
0.813285639	1.8108596869034147e-16
0.814438926	1.9023097984103694e-16
0.815592214	1.9979719096234416e-16
0.816745502	2.137503773373659e-16
0.81789879	2.35925564875411e-16
0.819052077	2.59397216223285e-16
0.820205365	2.847130101874795e-16
0.821358653	3.043017739810523e-16
0.822511941	3.038054790700012e-16
0.823665228	3.090268007467614e-16
0.824818516	3.1298819822686385e-16
0.825971804	3.0954356519487344e-16
0.827125092	3.145729549078702e-16
0.828278379	3.281657199927873e-16
0.829431667	3.5223606709279237e-16
0.830584955	3.7432799173403113e-16
0.831738243	3.8255505219660114e-16
0.83289153	3.6313248522871655e-16
0.834044818	3.064508873568699e-16
0.835198106	2.3821676093128934e-16
0.836351394	1.8299062692851455e-16
0.837504681	1.47583338997243e-16
0.838657969	1.3007832316583067e-16
0.839811257	1.2361205621536898e-16
0.840964545	1.2564661523030138e-16
0.842117832	1.3365423243058957e-16
0.84327112	1.395057494239351e-16
0.844424408	1.4239770706025644e-16
0.845577696	1.581975960371449e-16
0.846730983	1.5495832180055565e-16
0.847884271	1.6790133851821364e-16
0.849037559	1.6737644272819127e-16
0.850190847	1.39887613499079e-16
0.851344134	1.3850055439558516e-16
0.852497422	1.3716803307593093e-16
0.85365071	1.0693713921939921e-16
0.854803997	7.939288090491487e-17
0.855957285	1.0162635898460731e-16
0.857110573	1.1987514117608647e-16
0.858263861	1.1763984106326213e-16
0.859417148	1.037900740640117e-16
0.860570436	1.0521581415908857e-16
0.861723724	1.1809904871289414e-16
0.862877012	1.2220001381303853e-16
0.864030299	1.21660793811756e-16
0.865183587	1.116674337135379e-16
0.866336875	8.472547141271097e-17
0.867490163	9.717460247681736e-17
0.86864345	1.2814689921397735e-16
0.869796738	1.467393717556969e-16
0.870950026	1.503545535445015e-16
0.872103314	1.5451396890184788e-16
0.873256601	1.5342893694887545e-16
0.874409889	1.3800628864259316e-16
0.875563177	1.3678680754649421e-16
0.876716465	1.629370095175933e-16
0.877869752	1.654314615561455e-16
0.87902304	1.563608416879042e-16
0.880176328	1.4965152846090836e-16
0.881329616	1.4627947237031613e-16
0.882482903	1.426078151030173e-16
0.883636191	1.3657758062553269e-16
0.884789479	1.284572450665201e-16
0.885942767	1.1013253501919346e-16
0.887096054	1.1811475670962714e-16
0.888249342	1.3999256516076422e-16
0.88940263	1.4821707368737532e-16
0.890555917	1.4820575973677811e-16
0.891709205	1.4606208387106902e-16
0.892862493	1.4214564173992478e-16
0.894015781	1.4354464825637676e-16
0.895169068	1.4583201211379836e-16
0.896322356	1.4865217813783404e-16
0.897475644	1.5264778949529572e-16
0.898628932	1.5098025752857148e-16
0.899782219	1.4853669437407042e-16
0.900935507	1.3729892461132432e-16
0.902088795	1.4910459693333854e-16
0.903242083	1.9099342866295324e-16
0.90439537	2.0777195075132463e-16
0.905548658	2.0293028896001558e-16
0.906701946	1.9428988257999113e-16
0.907855234	1.9453016943049653e-16
0.909008521	1.973674441071434e-16
0.910161809	2.043442317906312e-16
0.911315097	2.1174070560671688e-16
0.912468385	2.128484071760791e-16
0.913621672	2.0784777470194532e-16
0.91477496	2.1208428435401838e-16
0.915928248	2.1465355439153442e-16
0.917081536	2.305423630917851e-16
0.918234823	2.4343990110677696e-16
0.919388111	2.509838524708446e-16
0.920541399	2.4897146197634384e-16
0.921694687	2.341887549379947e-16
0.922847974	2.1951393258632367e-16
0.924001262	2.55256778242229e-16
0.92515455	2.985184008362959e-16
0.926307837	3.211286893333098e-16
0.927461125	3.431764346228091e-16
0.928614413	3.520776152213856e-16
0.929767701	3.5878815885814035e-16
0.930920988	3.698044814188614e-16
0.932074276	3.754875226693649e-16
0.933227564	3.953966725345172e-16
0.934380852	3.9854716440211907e-16
0.935534139	4.276217369365286e-16
0.936687427	4.4402670524732874e-16
0.937840715	4.459618962608743e-16
0.938994003	4.782367481226686e-16
0.94014729	4.709241019748388e-16
0.941300578	4.471261819315456e-16
0.942453866	4.270784897698504e-16
0.943607154	4.0093369755869353e-16
0.944760441	3.9469605077824753e-16
0.945913729	3.982731069034461e-16
0.947067017	4.1863592483835395e-16
0.948220305	4.1573822636577407e-16
0.949373592	4.074199055522477e-16
0.95052688	3.9744471648693535e-16
0.951680168	3.8740797386086906e-16
0.952833456	3.729745563822898e-16
0.953986743	3.790056013426645e-16
0.955140031	3.887847472716407e-16
0.956293319	4.387667228489382e-16
0.957446607	4.737799511142426e-16
0.958599894	4.673968358830389e-16
0.959753182	4.718784546389584e-16
0.96090647	4.866972027235085e-16
0.962059757	4.845019470389034e-16
0.963213045	4.915593974243842e-16
0.964366333	4.862313380420364e-16
0.965519621	4.818959791766502e-16
0.966672908	4.740391801473427e-16
0.967826196	4.82084085183654e-16
0.968979484	4.827777928280367e-16
0.970132772	0.
0.971286059	0.
0.972439347	0.
0.973592635	0.
0.974745923	0.
0.97589921	0.
0.977052498	0.
0.978205786	0.
0.979359074	0.
0.980512361	0.
0.981665649	0.
0.982818937	0.
0.983972225	0.
0.985125512	0.
0.9862788	0.
0.987432088	0.
0.988585376	0.
0.989738663	0.
0.990891951	0.
0.992045239	0.
0.993198527	0.
0.994351814	0.
0.995505102	0.
0.99665839	0.
0.997811677	2.6860589875170843e-17
0.998964965	2.6194007886877975e-17
1.000118253	2.541902861184354e-17
1.001271541	2.3384610442737915e-17
1.002424828	2.1673377476630173e-17
1.003578116	1.980109019689234e-17
1.004731404	1.8349848873094575e-17
1.005884692	1.8339596470639614e-17
1.007037979	1.898745170218217e-17
1.008191267	1.904334144563613e-17
1.009344555	1.9920816042525425e-17
1.010497843	2.0897852760206943e-17
1.01165113	2.163163142575522e-17
1.012804418	2.252169668691053e-17
1.013957706	2.357646872440013e-17
1.015110994	2.430727653318686e-17
1.016264281	2.4879279296715342e-17
1.017417569	2.514903045108302e-17
1.018570857	2.5094370979314913e-17
1.019724145	2.5328228344103564e-17
1.020877432	2.5727131002703763e-17
1.02203072	2.5895678199055462e-17
1.023184008	2.6205699961348856e-17
1.024337296	2.662017407012391e-17
1.025490583	2.713359495404826e-17
1.026643871	2.750359245752431e-17
1.027797159	2.775158580460391e-17
1.028950447	2.8286766379510693e-17
1.030103734	2.9048482091123046e-17
1.031257022	2.9552045743206334e-17
1.03241031	3.0334412670826916e-17
1.033563597	3.1919629899420384e-17
1.034716885	3.3259625282187856e-17
1.035870173	3.4236456982813083e-17
1.037023461	3.6118162618359026e-17
1.038176748	3.85360923279171e-17
1.039330036	4.0537445621576176e-17
1.040483324	4.262445948756884e-17
1.041636612	4.511883345631191e-17
1.042789899	4.754737592580376e-17
1.043943187	4.965631788141683e-17
1.045096475	5.207892914147569e-17
1.046249763	5.455390307347088e-17
1.04740305	5.61889387660606e-17
1.048556338	5.780762147227505e-17
1.049709626	5.957371769483834e-17
1.050862914	6.164540692498497e-17
1.052016201	6.376295559770849e-17
1.053169489	6.633868872135767e-17
1.054322777	6.89843827462528e-17
1.055476065	7.110648159049035e-17
1.056629352	7.397950876848833e-17
1.05778264	7.800762818389018e-17
1.058935928	8.106193271529267e-17
1.060089216	8.299590468923526e-17
1.061242503	8.480063841058094e-17
1.062395791	8.858818324144256e-17
1.063549079	9.251241009244384e-17
1.064702367	9.569864771467545e-17
1.065855654	9.862729249281035e-17
1.067008942	1.0127981783881009e-16
1.06816223	1.0391816190818717e-16
1.069315517	1.069065697630488e-16
1.070468805	1.0887609032052455e-16
1.071622093	1.0858815523009362e-16
1.072775381	1.0813553311503312e-16
1.073928668	1.0798582270045415e-16
1.075081956	1.0660619565169237e-16
1.076235244	1.0430054323911163e-16
1.077388532	1.0221983318576175e-16
1.078541819	9.91472622013604e-17
1.079695107	9.456185587876944e-17
1.080848395	9.150414956995337e-17
1.082001683	8.952667447198545e-17
1.08315497	8.492672271962704e-17
1.084308258	7.871144244788615e-17
1.085461546	7.222949953681435e-17
1.086614834	6.688332788592675e-17
1.087768121	6.284884325113128e-17
1.088921409	5.648855063106896e-17
1.090074697	4.86780061418495e-17
1.091227985	4.2199449784231444e-17
1.092381272	3.698677555515688e-17
1.09353456	3.318164945688586e-17
1.094687848	2.946460285671336e-17
1.095841136	2.5705523715251492e-17
1.096994423	2.3167046416640618e-17
1.098147711	2.1622436555458097e-17
1.099300999	2.0301548213936816e-17
1.100454287	1.9422210763015282e-17
1.101607574	1.9220977196279767e-17
1.102760862	1.9012413529080483e-17
1.10391415	1.852946499843605e-17
1.105067438	1.808392007015721e-17
1.106220725	1.7667062488840895e-17
1.107374013	1.718742050004511e-17
1.108527301	1.6568227352290688e-17
1.109680588	1.5807741984863963e-17
1.110833876	1.5045353404931225e-17
1.111987164	1.429321578495525e-17
1.113140452	1.3477992599071966e-17
1.114293739	1.2638067350511846e-17
1.115447027	1.1838481557180548e-17
1.116600315	1.1106042603710296e-17
1.117753603	1.0502182339835219e-17
1.11890689	1.0067191266008584e-17
1.120060178	9.720318811732606e-18
1.121213466	9.23630267620087e-18
1.122366754	8.676333425909935e-18
1.123520041	8.206150490041952e-18
1.124673329	7.827823861765645e-18
1.125826617	7.527221646236484e-18
1.126979905	7.150934740454044e-18
1.128133192	6.7742054450203586e-18
1.12928648	6.581561388098235e-18
1.130439768	6.489148720276347e-18
1.131593056	6.417203182378813e-18
1.132746343	6.425176138789407e-18
1.133899631	6.510331132776534e-18
1.135052919	6.5755355022865724e-18
1.136206207	6.635023936582089e-18
1.137359494	6.8005242725839555e-18
1.138512782	6.983205043762386e-18
1.13966607	7.144234829691082e-18
1.140819358	7.291094073686386e-18
1.141972645	7.379670744368964e-18
1.143125933	7.435279383797774e-18
1.144279221	7.360156799376207e-18
1.145432508	7.061350981563744e-18
1.146585796	6.654648844273001e-18
1.147739084	6.2039693958108036e-18
1.148892372	5.674547459011074e-18
1.150045659	5.127064638739797e-18
1.151198947	4.627604646271467e-18
1.152352235	4.192327132100183e-18
1.153505523	3.830834213010039e-18
1.15465881	3.558478854232005e-18
1.155812098	3.3691175797821194e-18
1.156965386	3.2224807110322328e-18
1.158118674	3.1037620554753686e-18
1.159271961	3.0701772710248175e-18
1.160425249	3.1172553509464577e-18
1.161578537	3.2318969417894196e-18
1.162731825	3.413718659152272e-18
1.163885112	3.646812441669299e-18
1.1650384	3.958972916371105e-18
1.166191688	4.345655749654987e-18
1.167344976	4.7742145976677e-18
1.168498263	5.252846048992169e-18
1.169651551	5.7806059176024185e-18
1.170804839	6.220623593522622e-18
1.171958127	6.505231708120352e-18
1.173111414	6.683179641167554e-18
1.174264702	6.7659778212979625e-18
1.17541799	6.7949444838610304e-18
1.176571278	6.684123930639475e-18
1.177724565	6.4291816775410224e-18
1.178877853	6.076665887076744e-18
1.180031141	5.684006579391012e-18
1.181184428	5.399712430871417e-18
1.182337716	5.205826969579594e-18
1.183491004	5.0869005346272135e-18
1.184644292	4.94652478048264e-18
1.185797579	4.751080111601593e-18
1.186950867	4.7437430392528345e-18
1.188104155	4.9313310564086095e-18
1.189257443	5.097287943247253e-18
1.19041073	5.273179148328933e-18
1.191564018	5.5337427766986164e-18
1.192717306	5.82989855185141e-18
1.193870594	6.132453098647759e-18
1.195023881	6.4441097380737255e-18
1.196177169	6.7527962334306645e-18
1.197330457	7.124672290890211e-18
1.198483745	7.376939065119803e-18
1.199637032	7.33671919041673e-18
1.20079032	7.26277799894417e-18
1.201943608	7.303366846476383e-18
1.203096896	7.648678483607733e-18
1.204250183	8.161563272349716e-18
1.205403471	8.433797644444676e-18
1.206556759	8.820373177211837e-18
1.207710047	9.623232350644564e-18
1.208863334	1.0305474950990264e-17
1.210016622	1.06731999728642e-17
1.21116991	1.0990349590113603e-17
1.212323198	1.1235570162014237e-17
1.213476485	1.1441295587352695e-17
1.214629773	1.1591505807308565e-17
1.215783061	1.1687181122531882e-17
1.216936348	1.176757893493969e-17
1.218089636	1.1807291805766933e-17
1.219242924	1.1776580015473331e-17
1.220396212	1.1687886663532447e-17
1.221549499	1.1538027003708516e-17
1.222702787	1.1327221485190152e-17
1.223856075	1.1058599411099239e-17
1.225009363	1.067175561483765e-17
1.22616265	1.0210659965202309e-17
1.227315938	9.813722920284724e-18
1.228469226	9.419731024818246e-18
1.229622514	8.987150395669903e-18
1.230775801	8.668549775525768e-18
1.231929089	8.486194389133857e-18
1.233082377	8.359955950044383e-18
1.234235665	8.285997099548618e-18
1.235388952	8.290748892723555e-18
1.23654224	8.36737708486774e-18
1.237695528	8.50787494319174e-18
1.238848816	8.757888786049792e-18
1.240002103	9.127948997288266e-18
1.241155391	9.536000805671684e-18
1.242308679	9.995510419827642e-18
1.243461967	1.0568297221880965e-17
1.244615254	1.1211435393865183e-17
1.245768542	1.189763644048717e-17
1.24692183	1.2667154758540405e-17
1.248075118	1.3510556285520816e-17
1.249228405	1.4380092478096433e-17
1.250381693	1.5318857549506307e-17
1.251534981	1.6440378526584655e-17
1.252688268	1.757385822510419e-17
1.253841556	1.849589491614452e-17
1.254994844	1.9318197824180158e-17
1.256148132	1.9944606786159166e-17
1.257301419	2.019060882701476e-17
1.258454707	2.0234367154161136e-17
1.259607995	2.0149627904991008e-17
1.260761283	2.016131236419914e-17
1.26191457	2.0394909499265943e-17
1.263067858	2.0686487491855782e-17
1.264221146	2.1040409579060412e-17
1.265374434	2.145996738342937e-17
1.266527721	2.2023746477718627e-17
1.267681009	2.2867397210596186e-17
1.268834297	2.3672347048312973e-17
1.269987585	2.4349797362237378e-17
1.271140872	2.526028372578524e-17
1.27229416	2.634860511088512e-17
1.273447448	2.7514174680503306e-17
1.274600736	2.8608735202422606e-17
1.275754023	2.946229275523845e-17
1.276907311	3.023526939573841e-17
1.278060599	3.0862786360097404e-17
1.279213887	3.115508697959192e-17
1.280367174	3.167991351174784e-17
1.281520462	3.380736522565344e-17
1.28267375	3.45784833944255e-17
1.283827038	3.248961519112973e-17
1.284980325	3.0985265683629284e-17
1.286133613	3.039543496920968e-17
1.287286901	2.97792773910035e-17
1.288440188	2.907820508250212e-17
1.289593476	2.846174505757142e-17
1.290746764	2.7690979968697182e-17
1.291900052	2.6695300250796887e-17
1.293053339	2.5843716992506595e-17
1.294206627	2.503441757346317e-17
1.295359915	2.3911713229283868e-17
1.296513203	2.26258679814543e-17
1.29766649	2.1308031385428018e-17
1.298819778	1.9754913184312708e-17
1.299973066	1.804780121112833e-17
1.301126354	1.6502603750692983e-17
1.302279641	1.5109149368271937e-17
1.303432929	1.3786547573170523e-17
1.304586217	1.2536931858205863e-17
1.305739505	1.1399749569307755e-17
1.306892792	1.0502127137725993e-17
1.30804608	9.809593370364303e-18
1.309199368	9.234394954035559e-18
1.310352656	8.777219695486624e-18
1.311505943	8.490658197406891e-18
1.312659231	8.17121377566317e-18
1.313812519	7.728667894569869e-18
1.314965807	7.40375375944031e-18
1.316119094	7.168171980763069e-18
1.317272382	6.764544236604299e-18
1.31842567	6.328416932824618e-18
1.319578958	6.0105267669439266e-18
1.320732245	5.755651966830199e-18
1.321885533	5.5427923379218164e-18
1.323038821	5.3272726611142254e-18
1.324192108	5.111412647575157e-18
1.325345396	4.9482316773932414e-18
1.326498684	4.818910397072009e-18
1.327651972	4.7051061714793995e-18
1.328805259	4.663336179811203e-18
1.329958547	4.679277629297124e-18
1.331111835	4.68746917412604e-18
1.332265123	4.675417908047494e-18
1.33341841	4.629399032891742e-18
1.334571698	4.590513794837519e-18
1.335724986	4.5903430766056654e-18
1.336878274	4.57215995945155e-18
1.338031561	4.520655847996044e-18
1.339184849	4.472658550062666e-18
1.340338137	4.409610242751014e-18
1.341491425	4.2909542950440526e-18
1.342644712	4.165464961621067e-18
1.343798	4.0536175741161996e-18
1.344951288	3.949987641710601e-18
1.346104576	3.847191219937688e-18
1.347257863	3.719830950389153e-18
1.348411151	3.589346693279407e-18
1.349564439	3.491020971221518e-18
1.350717727	3.3815624390620813e-18
1.351871014	3.2514858311232465e-18
1.353024302	3.1447020810477548e-18
1.35417759	3.0843404864605504e-18
1.355330878	3.1040995466390816e-18
1.356484165	3.1982661506139526e-18
1.357637453	3.385556678801687e-18
1.358790741	3.89136132681668e-18
1.359944028	4.9006226021584484e-18
1.361097316	6.533709060561811e-18
1.362250604	8.61248539793308e-18
1.363403892	1.0444680449923976e-17
1.364557179	1.218097485158095e-17
1.365710467	1.3273412099960007e-17
1.366863755	1.3589554311248335e-17
1.368017043	1.3290841109013156e-17
1.36917033	1.2672310805870586e-17
1.370323618	1.1188901946576592e-17
1.371476906	9.213717244818763e-18
1.372630194	7.297685218912065e-18
1.373783481	5.731596593205186e-18
1.374936769	4.813147224505075e-18
1.376090057	4.236229561349461e-18
1.377243345	3.7895027409380585e-18
1.378396632	3.3959416136448897e-18
1.37954992	3.082165197904489e-18
1.380703208	2.8483969607710963e-18
1.381856496	2.8045152470480804e-18
1.383009783	3.104383699036761e-18
1.384163071	3.5973962829507205e-18
1.385316359	4.042035742724944e-18
1.386469647	3.803284499659994e-18
1.387622934	3.1758490986077707e-18
1.388776222	2.7765307117697612e-18
1.38992951	2.5570787956972235e-18
1.391082798	2.4841184417125337e-18
1.392236085	2.4961331294954567e-18
1.393389373	2.524911426104211e-18
1.394542661	2.5221687387041237e-18
1.395695949	2.3918822660412968e-18
1.396849236	2.160563136800631e-18
1.398002524	1.9099594324999584e-18
1.399155812	1.7084333567884846e-18
1.400309099	1.6008778100586034e-18
1.401462387	1.5264121452443293e-18
1.402615675	1.4690129952459294e-18
1.403768963	1.4246804417716356e-18
1.40492225	1.349234673743018e-18
1.406075538	1.2639044589603401e-18
1.407228826	1.2014498985028742e-18
1.408382114	1.1863735473125276e-18
1.409535401	1.2197701649143796e-18
1.410688689	1.3495314605762276e-18
1.411841977	1.5782970073759523e-18
1.412995265	1.87444373605726e-18
1.414148552	2.237254859507232e-18
1.41530184	2.557417878778163e-18
1.416455128	2.811028007499562e-18
1.417608416	2.9891866598778444e-18
1.418761703	3.0701726991484104e-18
1.419914991	3.124808512468836e-18
1.421068279	3.189759378776552e-18
1.422221567	3.2724226484914187e-18
1.423374854	3.321796323026144e-18
1.424528142	3.355858999910351e-18
1.42568143	3.4281744467872718e-18
1.426834718	3.4664107247180184e-18
1.427988005	3.4560760908308758e-18
1.429141293	3.4501711219732836e-18
1.430294581	3.4632814292941718e-18
1.431447869	3.5295143843504154e-18
1.432601156	3.65193300052601e-18
1.433754444	3.803398032159873e-18
1.434907732	3.9444749623950715e-18
1.436061019	4.032666959952308e-18
1.437214307	4.072140454511093e-18
1.438367595	4.085346554809186e-18
1.439520883	4.15075430520208e-18
1.44067417	4.152152063227393e-18
1.441827458	4.0065852538564565e-18
1.442980746	3.892973920191635e-18
1.444134034	3.823828180340482e-18
1.445287321	3.640319402205117e-18
1.446440609	3.4288586667794797e-18
1.447593897	3.2993780874744033e-18
1.448747185	3.213720819980846e-18
1.449900472	3.221780276729981e-18
1.45105376	3.3258548215301894e-18
1.452207048	3.484860090981096e-18
1.453360336	3.638155844099947e-18
1.454513623	3.754952456647216e-18
1.455666911	3.879417655970778e-18
1.456820199	3.977476059633225e-18
1.457973487	3.999596197109159e-18
1.459126774	4.0189921937068476e-18
1.460280062	4.058094370343519e-18
1.46143335	4.122136074398066e-18
1.462586638	4.1820291251392374e-18
1.463739925	4.201304642793162e-18
1.464893213	4.219066213134645e-18
1.466046501	4.2389400202479875e-18
1.467199789	4.229011205288844e-18
1.468353076	4.208772358135014e-18
1.469506364	4.205498892610492e-18
1.470659652	4.193702930270888e-18
1.471812939	4.13349492222496e-18
1.472966227	4.041239331542544e-18
1.474119515	3.9098375414137885e-18
1.475272803	3.695480218256045e-18
1.47642609	3.732030219435056e-18
1.477579378	3.790293851643525e-18
1.478732666	3.819549636961042e-18
1.479885954	3.783301612295591e-18
1.481039241	3.869740984322401e-18
1.482192529	4.043225389562382e-18
1.483345817	4.1256486665409486e-18
1.484499105	4.298699613513269e-18
1.485652392	4.411618287152898e-18
1.48680568	4.788474198582515e-18
1.487958968	5.423478197735432e-18
1.489112256	5.541492077305683e-18
1.490265543	5.468637819019929e-18
1.491418831	5.620708455154591e-18
1.492572119	5.831654087155343e-18
1.493725407	5.877172202906276e-18
1.494878694	5.8985641134142275e-18
1.496031982	5.981211171939659e-18
1.49718527	5.876091448562953e-18
1.498338558	5.592691847576628e-18
1.499491845	5.21609409009183e-18
1.500645133	4.981987510668742e-18
1.501798421	4.835409072842955e-18
1.502951709	4.806690549037677e-18
1.504104996	5.09970168452383e-18
1.505258284	5.530364609435393e-18
1.506411572	5.917859215180788e-18
1.507564859	6.044527893972123e-18
1.508718147	6.0313671339420775e-18
1.509871435	5.941227896796951e-18
1.511024723	5.894524225697789e-18
1.51217801	5.9337602365365846e-18
1.513331298	5.987892052148673e-18
1.514484586	6.0593850620766186e-18
1.515637874	6.111716211029223e-18
1.516791161	6.239740032678661e-18
1.517944449	6.4612018389352435e-18
1.519097737	6.710995554291808e-18
1.520251025	6.967788664547503e-18
1.521404312	7.246922662452649e-18
1.5225576	7.506274586094152e-18
1.523710888	7.613751561647559e-18
1.524864176	7.600403263793679e-18
1.526017463	7.541772678685919e-18
1.527170751	7.59800280670763e-18
1.528324039	7.834737652862361e-18
1.529477327	8.323264186587883e-18
1.530630614	8.862569603122527e-18
1.531783902	9.16603024031763e-18
1.53293719	9.609204472676145e-18
1.534090478	1.0198515531859615e-17
1.535243765	1.0438237456897805e-17
1.536397053	1.047830877591559e-17
1.537550341	1.0599234934147182e-17
1.538703629	1.0651284521372706e-17
1.539856916	1.0610546733777098e-17
1.541010204	1.039723750918699e-17
1.542163492	1.0140069647924116e-17
1.543316779	9.999514760565504e-18
1.544470067	1.0018805282979423e-17
1.545623355	1.0138873917033791e-17
1.546776643	1.0398142131305988e-17
1.54792993	1.0832103460224288e-17
1.549083218	1.1196257324620261e-17
1.550236506	1.1413985288002927e-17
1.551389794	1.1478568865190768e-17
1.552543081	1.1475924480876226e-17
1.553696369	1.1509964213486697e-17
1.554849657	1.1330712922350385e-17
1.556002945	1.098112403148786e-17
1.557156232	1.0725558364905233e-17
1.55830952	1.0600868814646627e-17
1.559462808	1.046300334285781e-17
1.560616096	1.0262414389212211e-17
1.561769383	9.838415134866725e-18
1.562922671	9.398129236403948e-18
1.564075959	9.037262756238742e-18
1.565229247	8.722741383181063e-18
1.566382534	8.601626427225154e-18
1.567535822	8.634253866380655e-18
1.56868911	8.781053905624784e-18
1.569842398	9.044311595386835e-18
1.570995685	9.612090523348163e-18
1.572148973	1.0506757034522297e-17
1.573302261	1.158640612362203e-17
1.574455549	1.2609580072290421e-17
1.575608836	1.3417984276039702e-17
1.576762124	1.4099055994224878e-17
1.577915412	1.4445542583864497e-17
1.579068699	1.4399303175651578e-17
1.580221987	1.4049101778761915e-17
1.581375275	1.4325232844105917e-17
1.582528563	1.465391428114019e-17
1.58368185	1.4223273981473257e-17
1.584835138	1.3728192041023272e-17
1.585988426	1.3323858968762936e-17
1.587141714	1.316111217082333e-17
1.588295001	1.3487741393332977e-17
1.589448289	1.4027889811414432e-17
1.590601577	1.4305924942820297e-17
1.591754865	1.3740541769336248e-17
1.592908152	1.3149871398039608e-17
1.59406144	1.2853853646862099e-17
1.595214728	1.2903874629414835e-17
1.596368016	1.2916960587408703e-17
1.597521303	1.2280970333759403e-17
1.598674591	1.1656767971369657e-17
1.599827879	1.149642404382947e-17
1.600981167	1.1242369439734504e-17
1.602134454	1.0827130386964939e-17
1.603287742	1.0501997452281482e-17
1.60444103	1.0179097862432944e-17
1.605594318	9.882113228938965e-18
1.606747605	9.431590888412577e-18
1.607900893	8.820758900913085e-18
1.609054181	8.351278259389965e-18
1.610207469	7.979305746388563e-18
1.611360756	7.558563169805593e-18
1.612514044	7.129897653577476e-18
1.613667332	6.672562832582575e-18
1.614820619	6.264920870071017e-18
1.615973907	5.8576522887940044e-18
1.617127195	5.1600800397764504e-18
1.618280483	4.451306677360932e-18
1.61943377	4.070986710115877e-18
1.620587058	3.916638579488148e-18
1.621740346	3.827596638437917e-18
1.622893634	3.787872437832372e-18
1.624046921	3.784483437672747e-18
1.625200209	3.738376296088892e-18
1.626353497	3.651717462702e-18
1.627506785	3.481339006411468e-18
1.628660072	3.2980787408643203e-18
1.62981336	3.1190178935270536e-18
1.630966648	2.9244485577684056e-18
1.632119936	2.7123937619765324e-18
1.633273223	2.570497239714771e-18
1.634426511	2.5178378601695625e-18
1.635579799	2.4885184983475734e-18
1.636733087	2.4939432646983117e-18
1.637886374	2.4736774491139807e-18
1.639039662	2.401189825871368e-18
1.64019295	2.3065714446386262e-18
1.641346238	2.2366629703446807e-18
1.642499525	2.214942008748857e-18
1.643652813	2.1913895690835526e-18
1.644806101	2.1042359260859974e-18
1.645959389	1.9893112791083517e-18
1.647112676	1.8973556275707027e-18
1.648265964	1.8419663553590967e-18
1.649419252	1.8204147284852314e-18
1.65057254	1.8059475056731896e-18
1.651725827	1.778539863117271e-18
1.652879115	1.751517362414301e-18
1.654032403	1.7347935376668913e-18
1.65518569	1.723119115287915e-18
1.656338978	1.7134407684493633e-18
1.657492266	1.70218315922338e-18
1.658645554	1.6808112376145142e-18
1.659798841	1.6303622176509381e-18
1.660952129	1.511729184066508e-18
1.662105417	1.3530197908808733e-18
1.663258705	1.2003221861877418e-18
1.664411992	1.0715125748039594e-18
1.66556528	1.0033176134879172e-18
1.666718568	1.0094200140170043e-18
1.667871856	1.0977183534450071e-18
1.669025143	1.2791229123705513e-18
1.670178431	1.5725458607713656e-18
1.671331719	1.9210364493942666e-18
1.672485007	2.2449732038925287e-18
1.673638294	2.3626252655744867e-18
1.674791582	2.3351207055753558e-18
1.67594487	2.282130768367929e-18
1.677098158	2.1541659421264428e-18
1.678251445	2.0376159272542026e-18
1.679404733	2.0545917660157018e-18
1.680558021	2.126721857466368e-18
1.681711309	2.2260902185860995e-18
1.682864596	2.232103879792096e-18
1.684017884	2.1218311497163243e-18
1.685171172	2.0057790476760672e-18
1.68632446	1.9152691513448546e-18
1.687477747	1.8519419253598725e-18
1.688631035	1.8090671307340095e-18
1.689784323	1.789406598176343e-18
1.69093761	1.7666826647654654e-18
1.692090898	1.7033311552846313e-18
1.693244186	1.6584012763142681e-18
1.694397474	1.625085662074777e-18
1.695550761	1.613348392043961e-18
1.696704049	1.6476671897518341e-18
1.697857337	1.69449371734066e-18
1.699010625	1.7509976006934776e-18
1.700163912	1.7857859168919683e-18
1.7013172	1.7572188542090254e-18
1.702470488	1.6748991980289401e-18
1.703623776	1.5410550168140795e-18
1.704777063	1.3473189533927433e-18
1.705930351	1.0945956399412926e-18
1.707083639	8.311318177602061e-19
1.708236927	6.012463672751885e-19
1.709390214	4.446690006388317e-19
1.710543502	4.166655022961596e-19
1.71169679	5.71636184662995e-19
1.712850078	9.20762418890652e-19
1.714003365	1.5096888018992938e-18
1.715156653	2.4406758197845434e-18
1.716309941	3.460644307521642e-18
1.717463229	4.299702364711003e-18
1.718616516	4.470163216667158e-18
1.719769804	3.8572903864656435e-18
1.720923092	2.955972414161117e-18
1.72207638	2.015425095185085e-18
1.723229667	1.4325213095830755e-18
1.724382955	1.1989582447584277e-18
1.725536243	1.100492871835622e-18
1.72668953	1.1101099389944356e-18
1.727842818	1.1406712570661081e-18
1.728996106	1.1725223565433544e-18
1.730149394	1.2233253419857894e-18
1.731302681	1.3076904579127862e-18
1.732455969	1.4379457960834006e-18
1.733609257	1.5977241146112257e-18
1.734762545	1.7656286945051055e-18
1.735915832	1.900488975216076e-18
1.73706912	1.9755724701740675e-18
1.738222408	2.0350248585545408e-18
1.739375696	2.0579755405209345e-18
1.740528983	2.044134433847695e-18
1.741682271	1.99729065076047e-18
1.742835559	1.9315329848756607e-18
1.743988847	1.8446582116252545e-18
1.745142134	1.7968700173069208e-18
1.746295422	1.8063370893209926e-18
1.74744871	1.812975484637562e-18
1.748601998	1.8207323967021094e-18
1.749755285	1.8278768612542563e-18
1.750908573	1.8238020623309786e-18
1.752061861	1.8170811018972554e-18
1.753215149	1.7947088027844374e-18
1.754368436	1.7483383157189886e-18
1.755521724	1.6881508571110836e-18
1.756675012	1.6194319274134206e-18
1.7578283	1.5259754832194142e-18
1.758981587	1.407630078401018e-18
1.760134875	1.2781245109961052e-18
1.761288163	1.190052127563411e-18
1.76244145	1.1567011830376591e-18
1.763594738	1.2114963518534399e-18
1.764748026	1.3583753720079917e-18
1.765901314	1.5196034545026586e-18
1.767054601	1.6501790765436658e-18
1.768207889	1.6578500713073792e-18
1.769361177	1.5495439563324403e-18
1.770514465	1.387969729699273e-18
1.771667752	1.205456519546732e-18
1.77282104	1.0744173537827975e-18
1.773974328	9.927516467066685e-19
1.775127616	9.475671006018572e-19
1.776280903	9.308986684303393e-19
1.777434191	9.258161434948887e-19
1.778587479	9.296070271175353e-19
1.779740767	9.403550127049213e-19
1.780894054	9.553322388204546e-19
1.782047342	9.460729924230792e-19
1.78320063	9.448323147391664e-19
1.784353918	9.772252675399755e-19
1.785507205	1.0763134900834965e-18
1.786660493	1.2885100105842327e-18
1.787813781	1.4987647310477561e-18
1.788967069	1.6665186047342386e-18
1.790120356	1.738956079378559e-18
1.791273644	1.6254422325126447e-18
1.792426932	1.4298370242960542e-18
1.79358022	1.2124584312460248e-18
1.794733507	1.065359347733408e-18
1.795886795	1.0908279323713962e-18
1.797040083	1.214803294275737e-18
1.79819337	1.413792571723221e-18
1.799346658	1.6486389267025257e-18
1.800499946	1.8998144768077894e-18
1.801653234	2.198865554001092e-18
1.802806521	2.504686619452385e-18
1.803959809	2.7502264083200874e-18
1.805113097	2.970511414299563e-18
1.806266385	3.2223674161715853e-18
1.807419672	3.5132960027892196e-18
1.80857296	3.922789315194252e-18
1.809726248	4.4674815409179256e-18
1.810879536	5.125510466254278e-18
1.812032823	5.8979461203760125e-18
1.813186111	6.7289288530809205e-18
1.814339399	7.615819579176066e-18
1.815492687	8.56865380071786e-18
1.816645974	9.635805369848363e-18
1.817799262	1.0897139220014413e-17
1.81895255	1.1668290981393748e-17
1.820105838	1.1753006453981383e-17
1.821259125	1.2141659452025071e-17
1.822412413	1.2793784626812966e-17
1.823565701	1.3207149446159605e-17
1.824718989	1.3703423243690005e-17
1.825872276	1.454219573528022e-17
1.827025564	1.5782961292706872e-17
1.828178852	1.720748091211827e-17
1.82933214	1.8449275319332907e-17
1.830485427	1.9344335567102364e-17
1.831638715	1.9804420661849842e-17
1.832792003	1.992938027208468e-17
1.83394529	0.
1.835098578	0.
1.836251866	0.
1.837405154	0.
1.838558441	0.
1.839711729	0.
1.840865017	0.
1.842018305	0.
1.843171592	0.
1.84432488	0.
1.845478168	0.
1.846631456	0.
1.847784743	0.
1.848938031	0.
1.850091319	0.
1.851244607	0.
1.852397894	0.
1.853551182	0.
1.85470447	0.
1.855857758	0.
1.857011045	0.
1.858164333	0.
1.859317621	0.
1.860470909	0.
1.861624196	0.
1.862777484	0.
1.863930772	0.
1.86508406	0.
1.866237347	0.
1.867390635	0.
1.868543923	0.
1.86969721	0.
1.870850498	0.
1.872003786	2.6280029154176603e-18
1.873157074	2.690104957158189e-18
1.874310361	2.969166863438092e-18
1.875463649	3.520801642844745e-18
1.876616937	3.590373064086885e-18
1.877770225	-1.55841603317169e-17
1.878923512	5.626458114593559e-18
1.8800768	3.8732235313249705e-18
1.881230088	2.360698308790074e-18
1.882383376	1.1185139238629422e-18
1.883536663	6.275009755321344e-19
1.884689951	3.922189970949519e-20
1.885843239	1.1770439227760889e-16
1.886996527	6.074523862453934e-18
1.888149814	5.66343595933284e-18
1.889303102	6.7160362812466394e-18
1.89045639	1.0654840065959594e-17
1.891609678	4.595477880409128e-17
1.892762965	-6.0724049606939346e-18
1.893916253	1.2211113164042684e-18
1.895069541	2.5826589211350586e-18
1.896222829	2.7473810378591702e-18
1.897376116	2.600079740798384e-18
1.898529404	2.3085112484097e-18
1.899682692	1.815892720091517e-18
1.90083598	2.499369638233554e-18
1.901989267	4.090802834766315e-18
1.903142555	5.252790263064587e-18
1.904295843	5.985501907411012e-18
1.905449131	5.968997117133068e-18
1.906602418	5.266326347007938e-18
1.907755706	4.498707663537084e-18
1.908908994	3.8124464671226936e-18
1.910062281	3.2473497831732913e-18
1.911215569	3.1696678711138014e-18
1.912368857	1.0686888431794402e-17
1.913522145	-7.347779160222703e-18
1.914675432	1.684757673480768e-18
1.91582872	-1.5323240755702432e-17
1.916982008	-6.651092450969225e-18
1.918135296	-3.248802778497998e-18
1.919288583	-8.208213832636917e-19
1.920441871	7.0464524649061875e-19
1.921595159	1.4601653449892223e-18
1.922748447	1.7879219273713506e-18
1.923901734	1.8969992727466193e-18
1.925055022	1.8551780564873353e-18
1.92620831	1.6946549329372034e-18
1.927361598	1.4218925187709831e-18
1.928514885	1.0541662669556781e-18
1.929668173	8.212079075135099e-19
1.930821461	8.395117975078297e-19
1.931974749	9.69835015687694e-19
1.933128036	1.0639948014964032e-18
1.934281324	1.071273624689998e-18
1.935434612	9.715172595600432e-19
1.9365879	7.765540097565842e-19
1.937741187	5.865419538630413e-19
1.938894475	5.827051060251607e-19
1.940047763	6.913025254901017e-19
1.941201051	7.916107016489183e-19
1.942354338	8.575598545561242e-19
1.943507626	9.582691307733186e-19
1.944660914	1.0798917539463492e-18
1.945814201	1.1289874265431698e-18
1.946967489	1.0048708405209954e-18
1.948120777	8.125986757209718e-19
1.949274065	7.022294660467893e-19
1.950427352	6.745252398829629e-19
1.95158064	6.865868208706814e-19
1.952733928	7.05666623288244e-19
1.953887216	7.051707819962917e-19
1.955040503	7.123214536013875e-19
1.956193791	7.141243922822405e-19
1.957347079	6.961916415970543e-19
1.958500367	6.716287477199958e-19
1.959653654	6.529935047968825e-19
1.960806942	6.344489979829087e-19
1.96196023	6.113566173337757e-19
1.963113518	5.712716056899173e-19
1.964266805	4.936366042820686e-19
1.965420093	3.939252238151157e-19
1.966573381	3.4694415566775534e-19
1.967726669	3.952171701631281e-19
1.968879956	4.610998150246253e-19
1.970033244	4.864736066058163e-19
1.971186532	4.66833418630506e-19
1.97233982	4.639418662408112e-19
1.973493107	5.144458084806355e-19
1.974646395	5.771487040383303e-19
1.975799683	6.232326774910274e-19
1.976952971	6.455952829935806e-19
1.978106258	6.468098061820496e-19
1.979259546	6.024571424860426e-19
1.980412834	5.34008960853919e-19
1.981566121	4.823052656355324e-19
1.982719409	4.656904988821636e-19
1.983872697	4.660731281677902e-19
1.985025985	4.746384466162571e-19
1.986179272	4.841803665502006e-19
1.98733256	4.736433709299239e-19
1.988485848	4.473926216895457e-19
1.989639136	4.2522969184330334e-19
1.990792423	4.0679370303031834e-19
1.991945711	3.8782749310162755e-19
1.993098999	3.616712826379411e-19
1.994252287	3.1821749699942064e-19
1.995405574	2.4757997786121855e-19
1.996558862	1.3450917546047538e-19
1.99771215	-6.1670423361676396e-21
1.998865438	-8.681456817482801e-20
2.000018725	9.611238545197337e-20
2.001172013	5.081488066176506e-19
2.002325301	9.057055803125646e-19
2.003478589	1.0509795701374278e-18
2.004631876	8.881796211424175e-19
2.005785164	5.840897129990836e-19
2.006938452	3.510850030575133e-19
2.00809174	2.5214778468221547e-19
2.009245027	2.45223761961964e-19
2.010398315	2.659430757850545e-19
2.011551603	2.6863221539821045e-19
2.012704891	2.68079989382164e-19
2.013858178	2.823650836114975e-19
2.015011466	3.165898263838787e-19
2.016164754	3.5949925172881397e-19
2.017318041	4.062619102094598e-19
2.018471329	4.382747160929098e-19
2.019624617	4.4772162301790885e-19
2.020777905	4.414865436267017e-19
2.021931192	4.433123030440052e-19
2.02308448	4.594931421450792e-19
2.024237768	4.859303222058888e-19
2.025391056	5.280424776365996e-19
2.026544343	5.696623717678997e-19
2.027697631	5.734344338185305e-19
2.028850919	5.125131053192298e-19
2.030004207	4.3079295161535943e-19
2.031157494	3.8372029615941405e-19
2.032310782	4.016944824397675e-19
2.03346407	4.258307239319953e-19
2.034617358	3.8448382190919243e-19
2.035770645	3.1230062733266444e-19
2.036923933	3.108385191819874e-19
2.038077221	4.2795113357462533e-19
2.039230509	5.474589019159368e-19
2.040383796	6.147152512219045e-19
2.041537084	6.268440592278963e-19
2.042690372	5.476838656822098e-19
2.04384366	3.47378598094611e-19
2.044996947	1.2911654145230652e-19
2.046150235	5.033022484497312e-20
2.047303523	1.1412611130258176e-19
2.048456811	2.1634155558816966e-19
2.049610098	2.6602545346418307e-19
2.050763386	2.8975715921069364e-19
2.051916674	3.0647534322256446e-19
2.053069961	3.3106663856287455e-19
2.054223249	3.8200358453952233e-19
2.055376537	4.677539039705184e-19
2.056529825	5.200456845046217e-19
2.057683112	4.898847247527469e-19
2.0588364	4.052061263015313e-19
2.059989688	3.285678381759701e-19
2.061142976	3.0018280622691203e-19
2.062296263	2.9596704621943553e-19
2.063449551	3.0073454683753544e-19
2.064602839	2.9385869681965404e-19
2.065756127	2.629777725273657e-19
2.066909414	2.2091889787859303e-19
2.068062702	2.028564191957531e-19
2.06921599	2.3703140819380917e-19
2.070369278	3.1003279506703782e-19
2.071522565	3.6877505522686997e-19
2.072675853	3.856684183424296e-19
2.073829141	3.679391407785465e-19
2.074982429	3.1872740992648075e-19
2.076135716	2.5019160676763603e-19
2.077289004	1.9007138670596142e-19
2.078442292	1.6776462910498746e-19
2.07959558	1.70497534137864e-19
2.080748867	1.7421416422245815e-19
2.081902155	1.6819270156838429e-19
2.083055443	1.7197772770041655e-19
2.084208731	1.9983081098858448e-19
2.085362018	2.350271927368604e-19
2.086515306	2.5807330120380456e-19
2.087668594	2.6209310943985295e-19
2.088821881	2.5711867401538857e-19
2.089975169	2.538245950057497e-19
2.091128457	2.542963965581764e-19
2.092281745	2.5310299528122353e-19
2.093435032	2.4073766525471777e-19
2.09458832	2.218295960447974e-19
2.095741608	2.0246938676116658e-19
2.096894896	1.8272187477122315e-19
2.098048183	1.6494757759983741e-19
2.099201471	1.5356540812442153e-19
2.100354759	1.5392228457281404e-19
2.101508047	1.7029909151130166e-19
2.102661334	1.95086715135364e-19
2.103814622	2.1606935840870804e-19
2.10496791	2.2338924853812037e-19
2.106121198	2.0117841471123062e-19
2.107274485	1.3153100709167546e-19
2.108427773	3.079674247886742e-20
2.109581061	-6.283224983216387e-20
2.110734349	-1.1333642420261132e-19
2.111887636	-1.0532888801935027e-19
2.113040924	-2.8417747279295197e-20
2.114194212	8.734493193755845e-20
2.1153475	1.885301923069897e-19
2.116500787	2.3202289799911123e-19
2.117654075	2.308582598157602e-19
2.118807363	2.079483245314102e-19
2.119960651	1.8402925561366725e-19
2.121113938	1.744752846361082e-19
2.122267226	1.9906008719302949e-19
2.123420514	2.359473549100086e-19
2.124573801	2.538479754674652e-19
2.125727089	2.405554218641838e-19
2.126880377	2.192144668058756e-19
2.128033665	2.0859461437522706e-19
2.129186952	2.1090291417017056e-19
2.13034024	2.264649325898533e-19
2.131493528	2.494196020211854e-19
2.132646816	2.6804349109707865e-19
2.133800103	2.711176854835125e-19
2.134953391	2.64686011142852e-19
2.136106679	2.567167823232849e-19
2.137259967	2.4775239215538525e-19
2.138413254	2.396221465363839e-19
2.139566542	2.400825101039547e-19
2.14071983	2.3908761642136854e-19
2.141873118	2.240430841248771e-19
2.143026405	1.9237013849125687e-19
2.144179693	1.5901818602245477e-19
2.145332981	1.3603460514944318e-19
2.146486269	1.383367954516244e-19
2.147639556	1.8038193288352012e-19
2.148792844	2.6131184770660217e-19
2.149946132	3.3468423815883297e-19
2.15109942	3.5627988090799775e-19
2.152252707	3.2989284225759096e-19
2.153405995	2.776601943610792e-19
2.154559283	2.2192063768211666e-19
2.155712571	1.7508717753475124e-19
2.156865858	1.5339017641483634e-19
2.158019146	1.5401871893035794e-19
2.159172434	1.6344902792684414e-19
2.160325722	1.689783975450186e-19
2.161479009	1.7010329223100736e-19
2.162632297	1.658733620985282e-19
2.163785585	1.5776724377443518e-19
2.164938872	1.540158423196068e-19
2.16609216	1.601145134844043e-19
2.167245448	1.62117463164075e-19
2.168398736	1.640957871914517e-19
2.169552023	1.7117380473866348e-19
2.170705311	1.6633585812655586e-19
2.171858599	1.3682532383733717e-19
2.173011887	9.760727312307386e-20
2.174165174	6.488254172700837e-20
2.175318462	5.505475406824405e-20
2.17647175	8.182236130841104e-20
2.177625038	1.5494303884533366e-19
2.178778325	2.210596540660799e-19
2.179931613	2.2612154671792934e-19
2.181084901	1.7270840468768112e-19
2.182238189	1.0814639488974324e-19
2.183391476	7.49728843950811e-20
2.184544764	6.972476155497846e-20
2.185698052	8.171560027547933e-20
2.18685134	9.534710744354643e-20
2.188004627	8.66046745189356e-20
2.189157915	2.0824067277433238e-20
2.190311203	-5.1111119396276434e-20
2.191464491	-5.520047486379744e-20
2.192617778	2.725072417919355e-20
2.193771066	1.1791240340183215e-19
2.194924354	1.6383392940945396e-19
2.196077642	1.6425101878544377e-19
2.197230929	1.2352258957019365e-19
2.198384217	5.223585390742023e-20
2.199537505	-1.2287141845406218e-20
2.200690792	-2.4017089523617797e-20
2.20184408	6.845870044029199e-21
2.202997368	4.8769164470308717e-20
2.204150656	7.645065841919493e-20
2.205303943	7.967635702054592e-20
2.206457231	3.456637665188068e-20
2.207610519	-2.487019053117028e-20
2.208763807	-2.6516229337836628e-20
2.209917094	6.472154492412069e-20
2.211070382	1.5984705632323873e-19
2.21222367	1.886769072280431e-19
2.213376958	1.5593731115916763e-19
2.214530245	9.8994971509941e-20
2.215683533	4.941458877180558e-20
2.216836821	1.584252087016001e-20
2.217990109	1.164949701029749e-20
2.219143396	3.4002370770709896e-20
2.220296684	6.657668380925248e-20
2.221449972	9.273508554102809e-20
2.22260326	1.0005759486598064e-19
2.223756547	7.197597989815731e-20
2.224909835	2.4151515373322793e-20
2.226063123	1.0039029814790594e-20
2.227216411	8.191010807014921e-20
2.228369698	1.7689278752836756e-19
2.229522986	2.3895833285423946e-19
2.230676274	2.5436968235156583e-19
2.231829562	2.384647319169166e-19
2.232982849	2.0089643809081852e-19
2.234136137	1.5416917348030153e-19
2.235289425	1.153600222585056e-19
2.236442712	9.538609563483409e-20
2.237596	9.229183046259327e-20
2.238749288	1.0182019991171032e-19
2.239902576	1.155448105755535e-19
2.241055863	1.274023831730975e-19
2.242209151	1.328235464840639e-19
2.243362439	1.2787166156491424e-19
2.244515727	1.086102116318246e-19
2.245669014	8.81842839132548e-20
2.246822302	8.308769319035456e-20
2.24797559	1.0120039829275578e-19
2.249128878	1.3004347121493552e-19
2.250282165	1.580995836973797e-19
2.251435453	1.7996323295336364e-19
2.252588741	1.8985232898915214e-19
2.253742029	1.8527413645404481e-19
2.254895316	1.721308713504299e-19
2.256048604	1.5860300436799914e-19
2.257201892	1.4962583630499367e-19
2.25835518	1.4600915152685029e-19
2.259508467	1.4700174957215017e-19
2.260661755	1.4948748961752965e-19
2.261815043	1.495772860234052e-19
2.262968331	1.4483850119016748e-19
2.264121618	1.378108929697757e-19
2.265274906	1.3278007991019984e-19
2.266428194	1.1356938640787414e-19
2.267581482	5.123819243183439e-20
2.268734769	-4.9795705082245326e-20
2.269888057	-1.2354974524229012e-19
2.271041345	-7.672479506986203e-20
2.272194632	1.4322931368454057e-20
2.27334792	8.34308573564443e-20
2.274501208	1.222930163468192e-19
2.275654496	1.3894388314237856e-19
2.276807783	1.3697466078330607e-19
2.277961071	1.2411728499180574e-19
2.279114359	1.0813029653991921e-19
2.280267647	9.515364430395642e-20
2.281420934	8.911198446446689e-20
2.282574222	9.029612684073777e-20
2.28372751	9.917002326817523e-20
2.284880798	1.1987931473793057e-19
2.286034085	1.4682375724336828e-19
2.287187373	1.6491289612109234e-19
2.288340661	1.7016240478698354e-19
2.289493949	9.616043002658145e-20
2.290647236	-1.5384076809250892e-19
2.291800524	-5.645952077919846e-19
2.292953812	-8.893495216370282e-19
2.2941071	-8.369712085751899e-19
2.295260387	-5.317438351387558e-19
2.296413675	-2.1525461289274577e-19
2.297566963	-1.296031662599001e-20
2.298720251	9.887450574179819e-20
2.299873538	1.1413347988822638e-19
2.301026826	7.18424610788136e-20
2.302180114	2.802519979664548e-20
2.303333402	1.8628056894961592e-20
2.304486689	1.9639306872612794e-20
2.305639977	1.092669213123885e-20
2.306793265	-1.5693256467116534e-21
2.307946552	-7.470927313885104e-21
2.30909984	-1.833383369014495e-21
2.310253128	1.264566804777878e-20
2.311406416	3.545384155209949e-20
2.312559703	5.559044481635175e-20
2.313712991	5.910320678901145e-20
2.314866279	3.627119185682758e-20
2.316019567	2.878813976895303e-21
2.317172854	-1.5063340552053186e-20
2.318326142	-1.5149415444594e-20
2.31947943	-1.2279068824094286e-20
2.320632718	-1.7996851264331156e-20
2.321786005	-3.105513328395026e-20
2.322939293	-5.095353328400107e-20
2.324092581	-6.876164174806538e-20
2.325245869	-7.406719036802573e-20
2.326399156	-6.232116797660895e-20
2.327552444	-4.639130225928738e-20
2.328705732	-3.9382839551892423e-20
2.32985902	-4.135531866781496e-20
2.331012307	-4.29053727019905e-20
2.332165595	-3.6074013735827415e-20
2.333318883	-4.189583854580137e-20
2.334472171	-8.628493429410826e-20
2.335625458	-1.6071188433714764e-19
2.336778746	-2.185235551514496e-19
2.337932034	-2.1417211969091227e-19
2.339085322	-1.6120854090428459e-19
2.340238609	-8.215267076219464e-20
2.341391897	-6.0684455950359116e-21
2.342545185	3.9242813525508653e-20
2.343698472	2.7936835566437126e-20
2.34485176	-1.574715277630662e-20
2.346005048	-6.058985629329295e-20
2.347158336	-8.62592724870682e-20
2.348311623	-9.190760033979628e-20
2.349464911	-7.441805649035984e-20
2.350618199	-4.382740778427649e-20
2.351771487	-1.3399938007419705e-20
2.352924774	2.9825492165773143e-21
2.354078062	-1.3093413621641411e-20
2.35523135	-7.470021101880246e-20
2.356384638	-1.6021928908166624e-19
2.357537925	-2.4573177398852194e-19
2.358691213	-3.05028962335668e-19
2.359844501	-3.146513727139989e-19
2.360997789	-2.574465417812046e-19
2.362151076	-1.8269151469990529e-19
2.363304364	-1.5156008776813303e-19
2.364457652	-1.9793983840184252e-19
2.36561094	-2.7092865504122253e-19
2.366764227	-3.169575162907239e-19
2.367917515	-3.1404152639237753e-19
2.369070803	-2.525577790881218e-19
2.370224091	-1.4061363979476447e-19
2.371377378	-4.4767298207678135e-20
2.372530666	-3.1954518566907805e-20
2.373683954	-8.188635053266022e-20
2.374837242	-1.381855974645128e-19
2.375990529	-1.5287203882229446e-19
2.377143817	-1.4246116691280112e-19
2.378297105	-1.184406904579769e-19
2.379450392	-8.671326603383622e-20
2.38060368	-5.2257934828768536e-20
2.381756968	-1.9884071076604225e-20
2.382910256	6.781981620229748e-21
2.384063543	2.514593541702316e-20
2.385216831	3.3282946540650504e-20
2.386370119	3.1050317296174354e-20
2.387523407	2.0010273554231342e-20
2.388676694	5.0873749277229176e-21
2.389829982	-9.671014439918385e-21
2.39098327	-2.1126747570670454e-20
2.392136558	-2.592962764216194e-20
2.393289845	-2.1444401702348134e-20
2.394443133	-1.092511628807155e-20
2.395596421	2.7501520156642202e-21
2.396749709	1.0546782449021696e-20
2.397902996	-2.7982371387908176e-21
2.399056284	-5.1367835816868863e-20
2.400209572	-1.0774499548323977e-19
2.40136286	-1.3277379327398682e-19
2.402516147	-1.0893535395108227e-19
2.403669435	-6.25034990311827e-20
2.404822723	-1.5639928136669165e-20
2.405976011	1.1301014164984375e-20
2.407129298	-2.2598142071360943e-22
2.408282586	-5.855010892745418e-20
2.409435874	-1.5372685652251448e-19
2.410589162	-2.833743347259291e-19
2.411742449	-4.13340736742068e-19
2.412895737	-4.738989116352214e-19
2.414049025	-4.086626862512861e-19
2.415202313	-2.5676568244018654e-19
2.4163556	-6.931681303514829e-20
2.417508888	7.952808454356426e-20
2.418662176	1.3603502523844792e-19
2.419815463	9.943257342952439e-20
2.420968751	2.5977941732124233e-20
2.422122039	-2.971645668936007e-20
2.423275327	-6.475079251388046e-20
2.424428614	-9.638220579400989e-20
2.425581902	-1.3389400292265965e-19
2.42673519	-1.7603784759723138e-19
2.427888478	-2.282737824065473e-19
2.429041765	-2.763561127227665e-19
2.430195053	-2.985574933968301e-19
2.431348341	-2.7723698574601414e-19
2.432501629	-1.9071119609006228e-19
2.433654916	-1.1548913721865471e-20
2.434808204	1.578680755865533e-19
2.435961492	1.853332612844722e-19
2.43711478	-1.2354551116169392e-20
2.438268067	-2.803220269032315e-19
2.439421355	-3.8429795748417565e-19
2.440574643	-2.918107802273568e-19
2.441727931	-1.5214401228138915e-19
2.442881218	-8.746911882121981e-22
2.444034506	-6.691355637874596e-19
2.445187794	-6.464526279034936e-19
2.446341082	1.1419992811019414e-18
2.447494369	2.8214301759524106e-19
2.448647657	2.0058670456530534e-19
2.449800945	1.710325030674623e-19
2.450954233	1.64763179664649e-19
2.45210752	1.1613691391052376e-19
2.453260808	-1.049633946588591e-19
2.454414096	-6.634579263390495e-19
2.455567383	-1.3453712842655238e-18
2.456720671	-1.6374448703467274e-18
2.457873959	-1.2538395471758196e-18
2.459027247	-6.823936731551109e-19
2.460180534	-2.552421109152842e-19
2.461333822	-1.14676391992231e-20
2.46248711	4.692884399057518e-20
2.463640398	-7.189421329101781e-20
2.464793685	-2.6389138200142554e-19
2.465946973	-3.992105236534017e-19
2.467100261	-4.1047662714142754e-19
2.468253549	-2.799127420683735e-19
2.469406836	-7.479585465526793e-20
2.470560124	9.011098864630787e-20
2.471713412	1.5866967789746608e-19
2.4728667	1.6326978112806875e-19
2.474019987	1.3842198606645642e-19
2.475173275	1.0001490786828942e-19
2.476326563	8.211065187282242e-20
2.477479851	3.4204768718126313e-19
2.478633138	-7.041908454389615e-19
2.479786426	-1.377948650043486e-19
2.480939714	2.7685131438720135e-19
2.482093002	8.059768720292283e-19
2.483246289	2.1098648741543953e-18
2.484399577	-1.7565499941351964e-18
2.485552865	-6.181317306176958e-19
2.486706153	-1.0914119297202115e-18
2.48785944	-2.1320310736204087e-18
2.489012728	-2.264250287612414e-18
2.490166016	-1.4667978194070806e-18
2.491319303	-1.2964941437943376e-18
2.492472591	1.4159517759456466e-18
2.493625879	4.955469516796659e-19
2.494779167	6.111561489652026e-19
2.495932454	9.056017787761616e-19
2.497085742	1.197564478190272e-18