0.45	2.46622727911583e-15
0.451155239	2.4840874046650763e-15
0.452310478	2.4979252500763767e-15
0.453465717	2.4134426149790616e-15
0.454620957	2.324178518833462e-15
0.455776196	2.267014546792007e-15
0.456931435	2.3329451943336203e-15
0.458086674	2.3416124469419016e-15
0.459241913	2.437410640067479e-15
0.460397152	2.6087195922718224e-15
0.461552392	2.650044857322901e-15
0.462707631	2.4738940589747077e-15
0.46386287	2.573577444825379e-15
0.465018109	2.6388916014749588e-15
0.466173348	2.6955002126036674e-15
0.467328587	2.7078231788233612e-15
0.468483827	2.696602233507108e-15
0.469639066	2.640081023942833e-15
0.470794305	2.7027745548873032e-15
0.471949544	2.5612779001262967e-15
0.473104783	2.67825034072996e-15
0.474260022	2.720403009772546e-15
0.475415261	2.7314585909201083e-15
0.476570501	2.7884072668574002e-15
0.47772574	2.5873893163160465e-15
0.478880979	2.5614612919326463e-15
0.480036218	2.396773136234001e-15
0.481191457	2.2848205283693762e-15
0.482346696	2.3001832000302947e-15
0.483501936	2.3312058610356705e-15
0.484657175	2.2135067926381786e-15
0.485812414	1.7784674019451207e-15
0.486967653	2.062126739173423e-15
0.488122892	2.3952336615247705e-15
0.489278131	2.6642716845084705e-15
0.490433371	2.6376268030704762e-15
0.49158861	2.6873801849581366e-15
0.492743849	2.6121921471031745e-15
0.493899088	2.6776557966018233e-15
0.495054327	2.715554092886162e-15
0.496209566	2.7509759921155513e-15
0.497364806	2.565477038567781e-15
0.498520045	2.541220086145257e-15
0.499675284	2.2670155032274524e-15
0.500830523	2.2744180739454503e-15
0.501985762	2.2783418926944482e-15
0.503141001	2.2553384675877706e-15
0.50429624	2.2973712093388417e-15
0.50545148	2.1686279822940354e-15
0.506606719	2.1250065466727472e-15
0.507761958	2.031408542915693e-15
0.508917197	1.9304512761041148e-15
0.510072436	1.960346554748511e-15
0.511227675	2.0254596205684394e-15
0.512382915	2.201196799933992e-15
0.513538154	2.282558159813331e-15
0.514693393	2.2483866334589615e-15
0.515848632	2.1815683041563767e-15
0.517003871	2.246105226863668e-15
0.51815911	2.221524659589291e-15
0.51931435	2.1255835816558457e-15
0.520469589	2.1046915056990676e-15
0.521624828	2.0632539002256724e-15
0.522780067	2.1447838451973302e-15
0.523935306	2.1330892005958636e-15
0.525090545	2.103966343617141e-15
0.526245784	2.172233511747008e-15
0.527401024	2.1103441015676097e-15
0.528556263	2.1855876018852116e-15
0.529711502	2.252383243088627e-15
0.530866741	2.111490360323349e-15
0.53202198	1.9814376013309832e-15
0.533177219	1.8506247890699456e-15
0.534332459	1.7988049174557676e-15
0.535487698	1.6620778591543606e-15
0.536642937	1.5891653524828644e-15
0.537798176	1.418082176704023e-15
0.538953415	1.2448475515846517e-15
0.540108654	1.1459862070595744e-15
0.541263894	1.015109557333818e-15
0.542419133	9.691690441190495e-16
0.543574372	1.0084947718098791e-15
0.544729611	1.1823198573900195e-15
0.54588485	1.4015904914443119e-15
0.547040089	1.6762458416268315e-15
0.548195328	1.9140663121641885e-15
0.549350568	2.0394829700003124e-15
0.550505807	2.138697672062253e-15
0.551661046	2.163865210533429e-15
0.552816285	2.1517878766009816e-15
0.553971524	2.0836995285395727e-15
0.555126763	2.0408083568880305e-15
0.556282003	2.061669675897735e-15
0.557437242	2.0018878104807128e-15
0.558592481	2.0070482791753757e-15
0.55974772	2.010129059957338e-15
0.560902959	2.0569930793662624e-15
0.562058198	2.0570570443903017e-15
0.563213438	1.989976864518313e-15
0.564368677	1.9446691803821588e-15
0.565523916	1.8690684098609807e-15
0.566679155	1.7134046404197722e-15
0.567834394	1.601740613968511e-15
0.568989633	1.5764628922589723e-15
0.570144872	1.4636485124350443e-15
0.571300112	1.4185860280666027e-15
0.572455351	1.3670265344121035e-15
0.57361059	1.3097224428668926e-15
0.574765829	1.1939569304993331e-15
0.575921068	1.1733323297098188e-15
0.577076307	1.1666459729915018e-15
0.578231547	1.1936736160695852e-15
0.579386786	1.290931742444727e-15
0.580542025	1.4415915253769309e-15
0.581697264	1.6061269349825473e-15
0.582852503	1.738002242273585e-15
0.584007742	1.8221605101013685e-15
0.585162982	1.892431039172697e-15
0.586318221	1.9492335978167565e-15
0.58747346	1.8664535161777638e-15
0.588628699	1.778877550286281e-15
0.589783938	1.8344916059830296e-15
0.590939177	1.644281925691582e-15
0.592094417	1.5577226085972218e-15
0.593249656	1.4249328138179471e-15
0.594404895	1.316655160967772e-15
0.595560134	1.2267378894110835e-15
0.596715373	1.1751246995842727e-15
0.597870612	1.1856160853441455e-15
0.599025851	1.2042982197953813e-15
0.600181091	1.2384798081268924e-15
0.60133633	1.3055657367154153e-15
0.602491569	1.4139129787166755e-15
0.603646808	1.4212984189664728e-15
0.604802047	1.4460348236638259e-15
0.605957286	1.4023667268890327e-15
0.607112526	1.2883942774425828e-15
0.608267765	1.1267465989040993e-15
0.609423004	9.952053784269925e-16
0.610578243	9.132684506205318e-16
0.611733482	7.849359429528696e-16
0.612888721	6.811245802824415e-16
0.614043961	5.803062383043408e-16
0.6151992	4.96691204290703e-16
0.616354439	4.705576255530604e-16
0.617509678	4.295243695052977e-16
0.618664917	4.1258980237095537e-16
0.619820156	4.1108147958136034e-16
0.620975395	4.121981228315239e-16
0.622130635	4.3579135730716244e-16
0.623285874	4.787563098675589e-16
0.624441113	5.566125528804157e-16
0.625596352	6.939279270851307e-16
0.626751591	8.318048602578681e-16
0.62790683	9.67520701614275e-16
0.62906207	1.120804222267742e-15
0.630217309	1.2078298286878046e-15
0.631372548	1.2722846629486264e-15
0.632527787	1.3303272095827054e-15
0.633683026	1.3496505466950773e-15
0.634838265	1.3227418081746332e-15
0.635993505	1.3024205914868954e-15
0.637148744	1.2440319732157353e-15
0.638303983	1.2118567557653668e-15
0.639459222	1.155954712209736e-15
0.640614461	1.0938137940609593e-15
0.6417697	1.038102058561113e-15
0.642924939	1.0106429891106195e-15
0.644080179	9.90301260751045e-16
0.645235418	9.792082155335174e-16
0.646390657	9.902964904198237e-16
0.647545896	9.663187666264654e-16
0.648701135	9.158102891523383e-16
0.649856374	8.81603603152634e-16
0.651011614	8.643919989866679e-16
0.652166853	8.512352895000251e-16
0.653322092	8.361379919016148e-16
0.654477331	7.989673314994164e-16
0.65563257	6.578990060961877e-16
0.656787809	6.019055586264957e-16
0.657943049	6.949375230909992e-16
0.659098288	6.647807635945965e-16
0.660253527	6.178369938756736e-16
0.661408766	5.858805479641479e-16
0.662564005	5.595301309495556e-16
0.663719244	5.274201848007893e-16
0.664874484	4.989920227581206e-16
0.666029723	4.756589610010569e-16
0.667184962	4.646200650176899e-16
0.668340201	4.6885710186906315e-16
0.66949544	4.879842497211907e-16
0.670650679	5.193506708034303e-16
0.671805918	5.778795674153794e-16
0.672961158	6.558774035629909e-16
0.674116397	7.28382966704822e-16
0.675271636	8.116320679156765e-16
0.676426875	8.998304387841028e-16
0.677582114	9.437775972834527e-16
0.678737353	9.209475208122192e-16
0.679892593	8.537244288947269e-16
0.681047832	7.586845239875296e-16
0.682203071	6.784509883121365e-16
0.68335831	6.297920380143047e-16
0.684513549	6.20602858876211e-16
0.685668788	6.442090548687117e-16
0.686824028	6.755844565877629e-16
0.687979267	7.086101336783837e-16
0.689134506	7.41692297154216e-16
0.690289745	7.611900829451295e-16
0.691444984	7.711384983267301e-16
0.692600223	7.631812537252666e-16
0.693755462	7.263247304354077e-16
0.694910702	6.647783518375094e-16
0.696065941	5.92109610724665e-16
0.69722118	5.17117555191482e-16
0.698376419	4.4286026344969605e-16
0.699531658	3.810712203168641e-16
0.700686897	3.3237570225239355e-16
0.701842137	3.050876543847729e-16
0.702997376	2.9608634441250354e-16
0.704152615	2.994220905413052e-16
0.705307854	3.159335560193233e-16
0.706463093	3.396901772940674e-16
0.707618332	3.687791976596105e-16
0.708773572	3.994876347707692e-16
0.709928811	4.240746160599995e-16
0.71108405	4.423779932321414e-16
0.712239289	4.578861757311844e-16
0.713394528	4.56839087764926e-16
0.714549767	4.29743762365541e-16
0.715705006	3.784725242956444e-16
0.716860246	3.037888751732513e-16
0.718015485	2.31833849814602e-16
0.719170724	1.9037585128040478e-16
0.720325963	1.7783819361437807e-16
0.721481202	1.7980037088199e-16
0.722636441	1.727087959333139e-16
0.723791681	1.6167197927930776e-16
0.72494692	1.5180285609611624e-16
0.726102159	1.4341958738555154e-16
0.727257398	1.3813119916131887e-16
0.728412637	1.3852941067358282e-16
0.729567876	1.421822923386825e-16
0.730723116	1.489428903825654e-16
0.731878355	1.5666005546613289e-16
0.733033594	1.6563184687098263e-16
0.734188833	1.7537739410683443e-16
0.735344072	1.8693414185586217e-16
0.736499311	2.026110715879017e-16
0.73765455	2.2517165769451537e-16
0.73880979	2.586739226827606e-16
0.739965029	3.066579228350857e-16
0.741120268	3.647817962595195e-16
0.742275507	4.282980305781769e-16
0.743430746	4.859807959025991e-16
0.744585985	5.288445287285251e-16
0.745741225	5.561173047735311e-16
0.746896464	5.595709007753151e-16
0.748051703	5.645627983171508e-16
0.749206942	5.622498205554976e-16
0.750362181	5.644213266732626e-16
0.75151742	5.712554458559108e-16
0.75267266	5.817821199863192e-16
0.753827899	5.841557370232834e-16
0.754983138	5.754576530279305e-16
0.756138377	5.398520730348779e-16
0.757293616	5.033710804296746e-16
0.758448855	4.864098432843896e-16
0.759604095	4.59399426840638e-16
0.760759334	3.9572901256535673e-16
0.761914573	3.3181620058064785e-16
0.763069812	3.032423799835531e-16
0.764225051	2.8343523368825275e-16
0.76538029	2.71769545500282e-16
0.766535529	2.7196968817255733e-16
0.767690769	2.7618307346629734e-16
0.768846008	2.784177464410086e-16
0.770001247	2.71276073542638e-16
0.771156486	2.601731347981792e-16
0.772311725	2.4637745666584653e-16
0.773466964	2.2979167622114793e-16
0.774622204	2.172516771621241e-16
0.775777443	2.0846518350706858e-16
0.776932682	1.9017550984702248e-16
0.778087921	1.8112292078282507e-16
0.77924316	1.73687876382548e-16
0.780398399	1.6039299212976813e-16
0.781553639	1.4999594792660386e-16
0.782708878	1.4494162103760457e-16
0.783864117	1.4439393864567783e-16
0.785019356	1.464029116140969e-16
0.786174595	1.5070051652621732e-16
0.787329834	1.536107413393208e-16
0.788485073	1.542021632724974e-16
0.789640313	1.5093485787680105e-16
0.790795552	1.4821094902701933e-16
0.791950791	1.4187412590438734e-16
0.79310603	1.3533335328863801e-16
0.794261269	1.3023283305519198e-16
0.795416508	1.2605554335837586e-16
0.796571748	1.2492138044866677e-16
0.797726987	1.2558847425628086e-16
0.798882226	1.2711959197101547e-16
0.800037465	1.2735782533805674e-16
0.801192704	1.2748169416123405e-16
0.802347943	1.300415610521225e-16
0.803503183	1.3511456937766742e-16
0.804658422	1.412993797621811e-16
0.805813661	1.4774958090931312e-16
0.8069689	1.535559775438759e-16
0.808124139	1.5878534863276488e-16
0.809279378	1.6401372542034137e-16
0.810434617	1.699045415488469e-16
0.811589857	1.779169723958323e-16
0.812745096	1.8926329977581805e-16
0.813900335	1.9918716109381708e-16
0.815055574	2.0863546550489613e-16
0.816210813	2.2054282070613234e-16
0.817366052	2.432407939280702e-16
0.818521292	2.645127024584344e-16
0.819676531	2.886590606740102e-16
0.82083177	3.1347056793633e-16
0.821987009	3.199707189648674e-16
0.823142248	3.0995763891812647e-16
0.824297487	3.1987603924368706e-16
0.825452727	3.187116453458836e-16
0.826607966	3.254222850598851e-16
0.827763205	3.3754438138347976e-16
0.828918444	3.6355172983950634e-16
0.830073683	3.8509491543068834e-16
0.831228922	3.8903921645414724e-16
0.832384162	3.668133125787704e-16
0.833539401	3.14467708387964e-16
0.83469464	2.480280848500069e-16
0.835849879	1.920919242410657e-16
0.837005118	1.5667354894803948e-16
0.838160357	1.3830304305681547e-16
0.839315596	1.2961565037335413e-16
0.840470836	1.3241808797361766e-16
0.841626075	1.3450541549102453e-16
0.842781314	1.4382749811646975e-16
0.843936553	1.4268372731112572e-16
0.845091792	1.568102988865413e-16
0.846247031	1.6109514352031135e-16
0.847402271	1.6328396148528966e-16
0.84855751	1.730862950989995e-16
0.849712749	1.519274924639307e-16
0.850867988	1.3480382792952428e-16
0.852023227	1.3670754665278785e-16
0.853178466	1.2065224918485061e-16
0.854333706	8.452890439962131e-17
0.855488945	9.138829518211153e-17
0.856644184	1.1793211670301202e-16
0.857799423	1.2285511260342076e-16
0.858954662	1.119561101685934e-16
0.860109901	1.0133378606124163e-16
0.86126514	1.1479117443686676e-16
0.86242038	1.2115168931322861e-16
0.863575619	1.221808987877897e-16
0.864730858	1.1735816136071454e-16
0.865886097	9.2095326919714e-17
0.867041336	8.120953452003738e-17
0.868196575	1.1159978307303876e-16
0.869351815	1.371067201141214e-16
0.870507054	1.4578860540977237e-16
0.871662293	1.513198297820029e-16
0.872817532	1.550436369432552e-16
0.873972771	1.452636770489015e-16
0.87512801	1.262526258834096e-16
0.87628325	1.4682772872848836e-16
0.877438489	1.5553564554741142e-16
0.878593728	1.4895403526200647e-16
0.879748967	1.4159869160551302e-16
0.880904206	1.3745388085883512e-16
0.882059445	1.3330834410219099e-16
0.883214684	1.277151758909125e-16
0.884369924	1.217139475692376e-16
0.885525163	1.095842900804952e-16
0.886680402	1.0226435688200718e-16
0.887835641	1.2151470055275646e-16
0.88899088	1.313706301820852e-16
0.890146119	1.3257454273981317e-16
0.891301359	1.3306378783828692e-16
0.892456598	1.3160512341480265e-16
0.893611837	1.326867481848915e-16
0.894767076	1.3651181689440274e-16
0.895922315	1.4011379543660725e-16
0.897077554	1.4348329926319407e-16
0.898232794	1.4784767657842096e-16
0.899388033	1.450509811734202e-16
0.900543272	1.4033247286242595e-16
0.901698511	1.344819676358693e-16
0.90285375	1.6839158368753577e-16
0.904008989	1.9004738060203444e-16
0.905164228	1.909637804689375e-16
0.906319468	1.8532832785219003e-16
0.907474707	1.873990631119777e-16
0.908629946	1.906581593606811e-16
0.909785185	1.9464704390519426e-16
0.910940424	1.99985116353877e-16
0.912095663	2.0300861141096332e-16
0.913250903	2.0002343444290622e-16
0.914406142	2.062220272607002e-16
0.915561381	2.0668759885565606e-16
0.91671662	2.2323004247529665e-16
0.917871859	2.300891719146302e-16
0.919027098	2.395596585953125e-16
0.920182338	2.400461821792791e-16
0.921337577	2.335935384989282e-16
0.922492816	2.1996224927017887e-16
0.923648055	2.3894184776376625e-16
0.924803294	2.819637877130424e-16
0.925958533	3.048843886339568e-16
0.927113773	3.2785087937005126e-16
0.928269012	3.4172696419162814e-16
0.929424251	3.579071272358551e-16
0.93057949	3.7653994878896806e-16
0.931734729	3.866326756778851e-16
0.932889968	4.086875013287404e-16
0.934045207	4.105395783455532e-16
0.935200447	4.3452160382720144e-16
0.936355686	4.512562537324976e-16
0.937510925	4.539491462851879e-16
0.938666164	4.731042874911257e-16
0.939821403	4.836444263955515e-16
0.940976642	4.492677410191347e-16
0.942131882	4.3158618724420103e-16
0.943287121	4.0183898195384475e-16
0.94444236	3.868845467410887e-16
0.945597599	4.057341204947293e-16
0.946752838	4.224252188005219e-16
0.947908077	4.195058184681051e-16
0.949063317	4.180338368645353e-16
0.950218556	3.895490467322923e-16
0.951373795	4.0236941155416867e-16
0.952529034	3.765707076178708e-16
0.953684273	3.9950894044896983e-16
0.954839512	3.948342459580999e-16
0.955994751	4.301902794930422e-16
0.957149991	4.674876056460157e-16
0.95830523	4.815278632519367e-16
0.959460469	4.749949903850478e-16
0.960615708	4.96204644983277e-16
0.961770947	5.012054831806685e-16
0.962926186	5.008723900507592e-16
0.964081426	4.890174213931725e-16
0.965236665	4.833754539808746e-16
0.966391904	4.715453643898182e-16
0.967547143	4.846002209166224e-16
0.968702382	4.912088863570537e-16
0.969857621	4.899467367422933e-16
0.971012861	0.
0.9721681	0.
0.973323339	0.
0.974478578	0.
0.975633817	0.
0.976789056	0.
0.977944295	0.
0.979099535	0.
0.980254774	0.
0.981410013	0.
0.982565252	0.
0.983720491	0.
0.98487573	0.
0.98603097	0.
0.987186209	0.
0.988341448	0.
0.989496687	0.
0.990651926	0.
0.991807165	0.
0.992962405	0.
0.994117644	0.
0.995272883	0.
0.996428122	0.
0.997583361	3.960991766110281e-17
0.9987386	3.880426199450703e-17
0.999893839	3.792105875494047e-17
1.001049079	3.546729850572083e-17
1.002204318	3.3094381268499866e-17
1.003359557	3.076834105074299e-17
1.004514796	2.875586598205219e-17
1.005670035	2.850488499825742e-17
1.006825274	3.0025071421130004e-17
1.007980514	3.0077023842967646e-17
1.009135753	3.124197392767576e-17
1.010290992	3.2490540283221767e-17
1.011446231	3.3370976608626217e-17
1.01260147	3.411756849041351e-17
1.013756709	3.536617862281573e-17
1.014911949	3.6140651917018306e-17
1.016067188	3.679628122774796e-17
1.017222427	3.708856488564548e-17
1.018377666	3.693422971966954e-17
1.019532905	3.705978925449534e-17
1.020688144	3.780484339032048e-17
1.021843384	3.802483444464128e-17
1.022998623	3.842057762527887e-17
1.024153862	3.891300624081485e-17
1.025309101	3.952174699396326e-17
1.02646434	3.994381604904596e-17
1.027619579	4.012074638056474e-17
1.028774818	4.059545138494947e-17
1.029930058	4.1459575550735983e-17
1.031085297	4.193607238772157e-17
1.032240536	4.256864345916358e-17
1.033395775	4.4311150149833364e-17
1.034551014	4.587182633324714e-17
1.035706253	4.6653521210579436e-17
1.036861493	4.8431026423995986e-17
1.038016732	5.106537169185654e-17
1.039171971	5.315450995057097e-17
1.04032721	5.515829581488437e-17
1.041482449	5.768930430876322e-17
1.042637688	6.022994214082495e-17
1.043792928	6.230232752430713e-17
1.044948167	6.46683146418157e-17
1.046103406	6.71712603908085e-17
1.047258645	6.874164796089316e-17
1.048413884	7.014285679992114e-17
1.049569123	7.182230569593512e-17
1.050724362	7.396714255057464e-17
1.051879602	7.61903912991936e-17
1.053034841	7.893972612932439e-17
1.05419008	8.177434273139603e-17
1.055345319	8.387309126316926e-17
1.056500558	8.65584381419553e-17
1.057655797	9.075222239834845e-17
1.058811037	9.405563952760956e-17
1.059966276	9.592032942291795e-17
1.061121515	9.76001591730774e-17
1.062276754	1.0108382376395097e-16
1.063431993	1.0543023509541268e-16
1.064587232	1.0861950077189152e-16
1.065742472	1.1154908879149795e-16
1.066897711	1.1424020623555598e-16
1.06805295	1.169871144705975e-16
1.069208189	1.2026413921791792e-16
1.070363428	1.2271150846375997e-16
1.071518667	1.225005340046061e-16
1.072673906	1.2186692338219615e-16
1.073829146	1.2168024563854113e-16
1.074984385	1.2024287454592879e-16
1.076139624	1.1770171969093197e-16
1.077294863	1.154241417635413e-16
1.078450102	1.123079056431426e-16
1.079605341	1.0738795875632834e-16
1.080760581	1.0407578358514723e-16
1.08191582	1.0248668880199306e-16
1.083071059	9.825081941591965e-17
1.084226298	9.20128973359298e-17
1.085381537	8.542617920853064e-17
1.086536776	8.006265014550934e-17
1.087692016	7.661333344315992e-17
1.088847255	7.063606258495203e-17
1.090002494	6.24902449949765e-17
1.091157733	5.567719739165842e-17
1.092312972	5.0311690088851094e-17
1.093468211	4.667567369050442e-17
1.094623451	4.2894188929811516e-17
1.09577869	3.8387967889175686e-17
1.096933929	3.5123543555961696e-17
1.098089168	3.304515286829538e-17
1.099244407	3.114869451469755e-17
1.100399646	2.980586511510184e-17
1.101554885	2.949688643353812e-17
1.102710125	2.921929323171346e-17
1.103865364	2.853634556582029e-17
1.105020603	2.7950675831864405e-17
1.106175842	2.74730531436018e-17
1.107331081	2.695817893232536e-17
1.10848632	2.6295804963549246e-17
1.10964156	2.5460475058480104e-17
1.110796799	2.465454912597828e-17
1.111952038	2.3891781117623105e-17
1.113107277	2.2984831285256886e-17
1.114262516	2.196801635905235e-17
1.115417755	2.0942497587778523e-17
1.116572995	1.993663670299067e-17
1.117728234	1.903550655780528e-17
1.118883473	1.8330308002771084e-17
1.120038712	1.771186230780941e-17
1.121193951	1.6804017791506985e-17
1.12234919	1.576289235805265e-17
1.123504429	1.4912218656758493e-17
1.124659669	1.4266029135244678e-17
1.125814908	1.3821241967992679e-17
1.126970147	1.3309247044675073e-17
1.128125386	1.2806176331863971e-17
1.129280625	1.262719399991612e-17
1.130435864	1.2573186892515722e-17
1.131591104	1.2449558161470679e-17
1.132746343	1.2414759455443361e-17
1.133901582	1.2482813920975477e-17
1.135056821	1.2494780184067049e-17
1.13621206	1.25001255964105e-17
1.137367299	1.2696287290379156e-17
1.138522539	1.2909874943853259e-17
1.139677778	1.3054447203990618e-17
1.140833017	1.3135120917910006e-17
1.141988256	1.311502052309049e-17
1.143143495	1.3062450706844029e-17
1.144298734	1.2853378428065267e-17
1.145453973	1.234126579754892e-17
1.146609213	1.1696284835086524e-17
1.147764452	1.1003827625429432e-17
1.148919691	1.0173384700282221e-17
1.15007493	9.29649698492335e-18
1.151230169	8.480809473481642e-18
1.152385408	7.749495902146671e-18
1.153540648	7.109925343402048e-18
1.154695887	6.617528870612725e-18
1.155851126	6.278660097903092e-18
1.157006365	6.02675600511162e-18
1.158161604	5.8576252002694936e-18
1.159316843	5.8628129616599756e-18
1.160472083	6.0157626725908906e-18
1.161627322	6.285693409373467e-18
1.162782561	6.655736729364331e-18
1.1639378	7.097933778871713e-18
1.165093039	7.668034130645493e-18
1.166248278	8.352803816116309e-18
1.167403517	9.081963409821845e-18
1.168558757	9.898306491039253e-18
1.169713996	1.079487153451754e-17
1.170869235	1.1525770699858202e-17
1.172024474	1.2000600286212838e-17
1.173179713	1.2303134035239632e-17
1.174334952	1.2458090069026853e-17
1.175490192	1.2532437047437718e-17
1.176645431	1.237247264905558e-17
1.17780067	1.1965394682187773e-17
1.178955909	1.1371376802342845e-17
1.180111148	1.0703227752487063e-17
1.181266387	1.0227054189395181e-17
1.182421627	9.913584159373205e-18
1.183576866	9.728707517338582e-18
1.184732105	9.488934758837251e-18
1.185887344	9.169486994404447e-18
1.187042583	9.235949640144961e-18
1.188197822	9.649574256502669e-18
1.189353062	9.98272799549212e-18
1.190508301	1.0338521313678789e-17
1.19166354	1.0824816488854218e-17
1.192818779	1.1335686423598845e-17
1.193974018	1.1823783367968868e-17
1.195129257	1.2270887145588909e-17
1.196284496	1.2668676295522077e-17
1.197439736	1.3116864036311491e-17
1.198594975	1.3206696570129765e-17
1.199750214	1.2818419958760149e-17
1.200905453	1.2472515503855628e-17
1.202060692	1.2503087037391825e-17
1.203215931	1.329170640378149e-17
1.204371171	1.4356679580883862e-17
1.20552641	1.4951720455035557e-17
1.206681649	1.5749972212008585e-17
1.207836888	1.7054045582555197e-17
1.208992127	1.79834610542062e-17
1.210147366	1.8406901431982883e-17
1.211302606	1.8808686971822116e-17
1.212457845	1.9151212449839698e-17
1.213613084	1.944800804079303e-17
1.214768323	1.9647279629071306e-17
1.215923562	1.974038006766332e-17
1.217078801	1.978158021336779e-17
1.21823404	1.9750413058796013e-17
1.21938928	1.9624107000227033e-17
1.220544519	1.9446013606033788e-17
1.221699758	1.9213305382419776e-17
1.222854997	1.894959364140015e-17
1.224010236	1.8655971273104203e-17
1.225165475	1.826058274661594e-17
1.226320715	1.783310162078426e-17
1.227475954	1.7525493844503785e-17
1.228631193	1.712240856099988e-17
1.229786432	1.6524260267366185e-17
1.230941671	1.6041743637990372e-17
1.23209691	1.5724969432709408e-17
1.23325215	1.54678865711502e-17
1.234407389	1.5344636871496577e-17
1.235562628	1.5363960111330304e-17
1.236717867	1.5487117694343534e-17
1.237873106	1.5699551347084966e-17
1.239028345	1.6081758225072967e-17
1.240183584	1.661346715378148e-17
1.241338824	1.713498238114029e-17
1.242494063	1.7702977452960085e-17
1.243649302	1.8388830839780126e-17
1.244804541	1.911064282110112e-17
1.24595978	1.9851220761259596e-17
1.247115019	2.069213250028715e-17
1.248270259	2.1605708314768192e-17
1.249425498	2.2509013849422565e-17
1.250580737	2.351282071973789e-17
1.251735976	2.471242452348607e-17
1.252891215	2.5772615034477324e-17
1.254046454	2.6575269885291656e-17
1.255201694	2.7354651178038072e-17
1.256356933	2.797033954407566e-17
1.257512172	2.832425855764892e-17
1.258667411	2.852003647966347e-17
1.25982265	2.859621481486807e-17
1.260977889	2.8764782032588284e-17
1.262133129	2.90366371314511e-17
1.263288368	2.927727108940115e-17
1.264443607	2.955613751572196e-17
1.265598846	2.9936819026408565e-17
1.266754085	3.0588002054578556e-17
1.267909324	3.154276647532545e-17
1.269064563	3.230092102309782e-17
1.270219803	3.292612822562466e-17
1.271375042	3.3910986242483955e-17
1.272530281	3.508738787344205e-17
1.27368552	3.637518173669186e-17
1.274840759	3.75337418830091e-17
1.275995998	3.84345812980877e-17
1.277151238	3.9297584406175736e-17
1.278306477	3.991857808119641e-17
1.279461716	4.016517646775943e-17
1.280616955	4.12412181056837e-17
1.281772194	4.394864274917725e-17
1.282927433	4.395978740660988e-17
1.284082673	4.125191627132982e-17
1.285237912	3.9972442526959676e-17
1.286393151	3.9481368160457717e-17
1.28754839	3.883425720163666e-17
1.288703629	3.801985135005212e-17
1.289858868	3.7274601008755917e-17
1.291014107	3.62436338693129e-17
1.292169347	3.5051298396265456e-17
1.293324586	3.41871026238358e-17
1.294479825	3.329893790413515e-17
1.295635064	3.205322377503053e-17
1.296790303	3.074085749059042e-17
1.297945542	2.9431123201913475e-17
1.299100782	2.779010132196121e-17
1.300256021	2.6021303517076866e-17
1.30141126	2.4493843433239208e-17
1.302566499	2.304100427767128e-17
1.303721738	2.161257086128423e-17
1.304876977	2.018172289412061e-17
1.306032217	1.886572171945469e-17
1.307187456	1.7824828465111172e-17
1.308342695	1.6981659374921984e-17
1.309497934	1.6236393821077864e-17
1.310653173	1.569195566548987e-17
1.311808412	1.5359516527171434e-17
1.312963651	1.484382600063086e-17
1.314118891	1.4191957037924433e-17
1.31527413	1.3875386977818875e-17
1.316429369	1.361103810370186e-17
1.317584608	1.2980712698719756e-17
1.318739847	1.2393825247409456e-17
1.319895086	1.1963941456484906e-17
1.321050326	1.1603460828519783e-17
1.322205565	1.1271602141670835e-17
1.323360804	1.0870056090993588e-17
1.324516043	1.0481412242227316e-17
1.325671282	1.0188216108448372e-17
1.326826521	9.929664624202852e-18
1.327981761	9.729062992069294e-18
1.329137	9.685880744351722e-18
1.330292239	9.722019907168523e-18
1.331447478	9.711532756681037e-18
1.332602717	9.658654443644129e-18
1.333757956	9.54711046600182e-18
1.334913195	9.497598149837389e-18
1.336068435	9.514020904115548e-18
1.337223674	9.482523459039586e-18
1.338378913	9.4273333526363e-18
1.339534152	9.39923293694457e-18
1.340689391	9.309792244861217e-18
1.34184463	9.128242504080478e-18
1.34299987	8.953356597861244e-18
1.344155109	8.803147368643655e-18
1.345310348	8.672697584686049e-18
1.346465587	8.527811135172892e-18
1.347620826	8.322727080702081e-18
1.348776065	8.145956626190515e-18
1.349931305	8.01253933810036e-18
1.351086544	7.812908920265813e-18
1.352241783	7.566271304473993e-18
1.353397022	7.358423766287316e-18
1.354552261	7.209738000028055e-18
1.3557075	7.134200189608734e-18
1.35686274	6.97001114309847e-18
1.358017979	6.6962506959628e-18
1.359173218	6.243180099040771e-18
1.360328457	4.369813483299811e-18
1.361483696	-6.288267403035036e-20
1.362638935	-4.630907760488048e-18
1.363794174	-5.320670110113805e-18
1.364949414	-3.0314415257658254e-18
1.366104653	2.0150660640277034e-18
1.367259892	1.1358451433486978e-17
1.368415131	4.219914358081329e-17
1.36957037	-1.9478869593628751e-16
1.370725609	-5.899718462192591e-17
1.371880849	-8.559514803009752e-17
1.373036088	3.040203250092657e-17
1.374191327	9.024593319731127e-18
1.375346566	4.810558304653582e-18
1.376501805	3.205235384405869e-18
1.377657044	2.749871446751466e-18
1.378812284	2.651594445449346e-18
1.379967523	2.604446706942648e-18
1.381122762	2.4058804066616637e-18
1.382278001	1.3298388828348788e-18
1.38343324	4.7167389525521e-20
1.384588479	-4.400216572986278e-19
1.385743718	8.472879541441736e-19
1.386898958	3.936445577068887e-18
1.388054197	6.227266405033506e-18
1.389209436	7.662127311139872e-18
1.390364675	8.469351272629967e-18
1.391519914	8.701591891488465e-18
1.392675153	8.55442146141217e-18
1.393830393	8.056362102427217e-18
1.394985632	7.159830383206195e-18
1.396140871	6.026003685198553e-18
1.39729611	4.948864366627498e-18
1.398451349	4.09399893223715e-18
1.399606588	3.561889887479804e-18
1.400761828	3.269852289280169e-18
1.401917067	3.125835241693984e-18
1.403072306	3.1444503210392323e-18
1.404227545	3.3134952525798276e-18
1.405382784	3.601988458221265e-18
1.406538023	3.9717814722524344e-18
1.407693262	4.355940927563829e-18
1.408848502	4.603971416945713e-18
1.410003741	4.772457585291838e-18
1.41115898	5.000266287928261e-18
1.412314219	5.285192926203484e-18
1.413469458	5.5830505329104175e-18
1.414624697	5.8877369543115456e-18
1.415779937	6.199097191202929e-18
1.416935176	6.5285660065095066e-18
1.418090415	6.8922213756981245e-18
1.419245654	7.249231563613826e-18
1.420400893	7.579880273838754e-18
1.421556132	7.89202295017765e-18
1.422711372	8.015462942973777e-18
1.423866611	7.949616027853113e-18
1.42502185	7.931371271156712e-18
1.426177089	7.99046882480714e-18
1.427332328	8.020057655829382e-18
1.428487567	8.03332782683235e-18
1.429642807	8.04058943222949e-18
1.430798046	8.04475998892037e-18
1.431953285	8.057968034544632e-18
1.433108524	8.105787357940593e-18
1.434263763	8.177175043727196e-18
1.435419002	8.240253352363217e-18
1.436574241	8.31246549936946e-18
1.437729481	8.384940768500231e-18
1.43888472	8.52187980380527e-18
1.440039959	8.706348004313152e-18
1.441195198	8.590045264695489e-18
1.442350437	8.341985463058991e-18
1.443505676	8.355958378998851e-18
1.444660916	8.39090776748216e-18
1.445816155	8.303492500651857e-18
1.446971394	8.25643572891168e-18
1.448126633	8.245933612487647e-18
1.449281872	8.163474411098688e-18
1.450437111	8.067689633982195e-18
1.451592351	8.098170008497859e-18
1.45274759	8.142415256255941e-18
1.453902829	8.211397867014424e-18
1.455058068	8.329582065962252e-18
1.456213307	8.503553593233272e-18
1.457368546	8.56705603959837e-18
1.458523785	8.527245965384573e-18
1.459679025	8.532367522792138e-18
1.460834264	8.599361641044549e-18
1.461989503	8.717095334257519e-18
1.463144742	8.816945346404879e-18
1.464299981	8.885753303965204e-18
1.46545522	8.989746150727562e-18
1.46661046	9.055968378404132e-18
1.467765699	9.037837703353301e-18
1.468920938	9.00921258119545e-18
1.470076177	9.0118109175328e-18
1.471231416	8.959070006424578e-18
1.472386655	8.976669693495001e-18
1.473541895	8.73034476984436e-18
1.474697134	8.48614055436516e-18
1.475852373	8.37648287853005e-18
1.477007612	8.351450044358728e-18
1.478162851	8.590119372888091e-18
1.47931809	8.288033314220366e-18
1.480473329	8.421811352024142e-18
1.481628569	8.559523967251318e-18
1.482783808	8.89135211293552e-18
1.483939047	9.00145744238465e-18
1.485094286	9.175113119402596e-18
1.486249525	9.266202583663556e-18
1.487404764	1.0090476921178028e-17
1.488560004	1.0757852027817447e-17
1.489715243	1.0301281570022437e-17
1.490870482	1.0069730214493065e-17
1.492025721	1.0443057841077714e-17
1.49318096	1.0597629493253923e-17
1.494336199	1.0656642714577922e-17
1.495491439	1.091902165137972e-17
1.496646678	1.1181363189438122e-17
1.497801917	1.1000433279090036e-17
1.498957156	1.0686051902475552e-17
1.500112395	1.0520831956252646e-17
1.501267634	1.048843052125073e-17
1.502422873	1.0388757913737247e-17
1.503578113	1.0226109070639484e-17
1.504733352	1.0251838130976315e-17
1.505888591	1.0307565522994888e-17
1.50704383	1.0186939587609973e-17
1.508199069	1.004462084513908e-17
1.509354308	1.0072601546872648e-17
1.510509548	1.0087500616049037e-17
1.511664787	1.036620114864043e-17
1.512820026	1.0643365272525284e-17
1.513975265	1.089400945024868e-17
1.515130504	1.1079440317935275e-17
1.516285743	1.1188628230545995e-17
1.517440983	1.1396667859313385e-17
1.518596222	1.160907206311793e-17
1.519751461	1.1847099065716503e-17
1.5209067	1.2126901643951195e-17
1.522061939	1.2538432126344945e-17
1.523217178	1.2774983213084492e-17
1.524372418	1.2834804439876786e-17
1.525527657	1.272367957741382e-17
1.526682896	1.272256395743073e-17
1.527838135	1.2938143162402423e-17
1.528993374	1.3456294147826138e-17
1.530148613	1.4134808349951552e-17
1.531303852	1.435439380167354e-17
1.532459092	1.4455217923868196e-17
1.533614331	1.505719984628194e-17
1.53476957	1.546546513650614e-17
1.535924809	1.5535419171094676e-17
1.537080048	1.570495914765203e-17
1.538235287	1.589097677611322e-17
1.539390527	1.599376967107418e-17
1.540545766	1.5793038749488872e-17
1.541701005	1.5399626388449502e-17
1.542856244	1.509488868888057e-17
1.544011483	1.5018340442117392e-17
1.545166722	1.511607701176654e-17
1.546321962	1.5338274884161057e-17
1.547477201	1.5858326549094073e-17
1.54863244	1.6351058746698217e-17
1.549787679	1.6600555717240658e-17
1.550942918	1.6638998418126383e-17
1.552098157	1.653873350907045e-17
1.553253396	1.652865137562133e-17
1.554408636	1.6485229521215144e-17
1.555563875	1.6069176525138113e-17
1.556719114	1.5802052808908978e-17
1.557874353	1.576347201063197e-17
1.559029592	1.584137650384375e-17
1.560184831	1.5865827823253794e-17
1.561340071	1.5576652329778454e-17
1.56249531	1.5098034007694265e-17
1.563650549	1.4697351566011854e-17
1.564805788	1.4257488502652625e-17
1.565961027	1.3979080590030286e-17
1.567116266	1.3846157565749695e-17
1.568271506	1.3807818749190694e-17
1.569426745	1.383758410028521e-17
1.570581984	1.415478035519417e-17
1.571737223	1.4907647692313513e-17
1.572892462	1.5981209140578877e-17
1.574047701	1.7143477612436153e-17
1.57520294	1.8105353451308968e-17
1.57635818	1.9059171453389715e-17
1.577513419	1.9654058071667042e-17
1.578668658	1.9956265393646645e-17
1.579823897	1.9465447804328072e-17
1.580979136	1.950001037248895e-17
1.582134375	2.006878833462179e-17
1.583289615	1.9762217994357578e-17
1.584444854	1.906031492655941e-17
1.585600093	1.8378801252692375e-17
1.586755332	1.7982625968820933e-17
1.587910571	1.8205117046242365e-17
1.58906581	1.898568260299239e-17
1.59022105	1.9755174872299347e-17
1.591376289	1.9469135639565282e-17
1.592531528	1.8735076994687187e-17
1.593686767	1.828861425464885e-17
1.594842006	1.8288757098921015e-17
1.595997245	1.849850481064724e-17
1.597152485	1.7958222534442844e-17
1.598307724	1.7087613425245322e-17
1.599462963	1.6863779721175602e-17
1.600618202	1.68302312125268e-17
1.601773441	1.6354694116969477e-17
1.60292868	1.5937069167049216e-17
1.604083919	1.5541054148197063e-17
1.605239159	1.513380613722096e-17
1.606394398	1.467528237691763e-17
1.607549637	1.3922947794616032e-17
1.608704876	1.3270984694282877e-17
1.609860115	1.2947386942472286e-17
1.611015354	1.2574936254503692e-17
1.612170594	1.216171980676942e-17
1.613325833	1.173211000624836e-17
1.614481072	1.1327530880180704e-17
1.615636311	1.1205124379863898e-17
1.61679155	1.0735469158716351e-17
1.617946789	9.87916428997537e-18
1.619102029	9.387253807204535e-18
1.620257268	9.109028096533188e-18
1.621412507	8.732438064826139e-18
1.622567746	8.311764906157141e-18
1.623722985	8.02740558490137e-18
1.624878224	7.84227952574397e-18
1.626033463	7.71542533623539e-18
1.627188703	7.49930502759441e-18
1.628343942	7.286738102138368e-18
1.629499181	7.130608739590008e-18
1.63065442	6.977972092967516e-18
1.631809659	6.732633201275578e-18
1.632964898	6.480062157615032e-18
1.634120138	6.290615350036167e-18
1.635275377	6.090618291831073e-18
1.636430616	5.928077549283187e-18
1.637585855	5.814119658790809e-18
1.638741094	5.679982314013913e-18
1.639896333	5.523100946946561e-18
1.641051573	5.42153843540734e-18
1.642206812	5.472423949901402e-18
1.643362051	5.549202612595929e-18
1.64451729	5.467058454278536e-18
1.645672529	5.199091700571911e-18
1.646827768	4.8554117124705314e-18
1.647983007	4.526927432727759e-18
1.649138247	4.2621915140801155e-18
1.650293486	4.0372111404059525e-18
1.651448725	3.868974508342997e-18
1.652603964	3.752779686792053e-18
1.653759203	3.693593327444061e-18
1.654914442	3.680319693012025e-18
1.656069682	3.667604975238806e-18
1.657224921	3.67284624209699e-18
1.65838016	3.712885173423698e-18
1.659535399	3.770985195294729e-18
1.660690638	3.819621445965368e-18
1.661845877	3.8054871525464356e-18
1.663001117	3.78719367627249e-18
1.664156356	3.750373012453032e-18
1.665311595	3.709979776074076e-18
1.666466834	3.686189703286961e-18
1.667622073	3.651499304866873e-18
1.668777312	3.575321086709039e-18
1.669932551	3.499214009674037e-18
1.671087791	3.545290918607343e-18
1.67224303	3.707420506577141e-18
1.673398269	3.836740280792556e-18
1.674553508	4.019783123703306e-18
1.675708747	4.3409465370722935e-18
1.676863986	4.6105852741713104e-18
1.678019226	4.7262211486676585e-18
1.679174465	4.9006321353415865e-18
1.680329704	5.1584991804311625e-18
1.681484943	5.465159874305309e-18
1.682640182	5.7102285926684256e-18
1.683795421	5.731318886452846e-18
1.684950661	5.684806610201615e-18
1.6861059	5.6581713368195624e-18
1.687261139	5.523593998413103e-18
1.688416378	5.278989333665703e-18
1.689571617	5.054577753093775e-18
1.690726856	4.833941069359729e-18
1.691882096	4.608701239693452e-18
1.693037335	4.4733209280515194e-18
1.694192574	4.3946681938060834e-18
1.695347813	4.3400816029549096e-18
1.696503052	4.312077886573997e-18
1.697658291	4.2683789819220835e-18
1.69881353	4.238594156875795e-18
1.69996877	4.192626766994355e-18
1.701124009	4.0520787411770786e-18
1.702279248	3.848167518367718e-18
1.703434487	3.599180429632302e-18
1.704589726	3.2925029560723434e-18
1.705744965	2.963456487102626e-18
1.706900205	2.634018432114866e-18
1.708055444	2.3299695590780214e-18
1.709210683	2.0289412790484404e-18
1.710365922	1.800431755303332e-18
1.711521161	1.759657250698028e-18
1.7126764	1.907371278259593e-18
1.71383164	2.2824310337646937e-18
1.714986879	2.8300165511638894e-18
1.716142118	3.380601280823025e-18
1.717297357	3.774113810375157e-18
1.718452596	3.77959582133144e-18
1.719607835	3.536071058538085e-18
1.720763074	3.156907964943504e-18
1.721918314	2.7075238021537222e-18
1.723073553	2.4795385354653407e-18
1.724228792	2.4120442818889417e-18
1.725384031	2.404105822432956e-18
1.72653927	2.457684160347549e-18
1.727694509	2.6042335528054856e-18
1.728849749	2.8139497558446586e-18
1.730004988	3.0419415438165372e-18
1.731160227	3.3071431889017464e-18
1.732315466	3.612319599294491e-18
1.733470705	3.938669899512451e-18
1.734625944	4.2827046544009405e-18
1.735781184	4.573417457428793e-18
1.736936423	4.769846920731164e-18
1.738091662	4.98296857490447e-18
1.739246901	5.1497403151933515e-18
1.74040214	5.246571838313269e-18
1.741557379	5.2796525438133106e-18
1.742712618	5.264318253548648e-18
1.743867858	5.138329266412936e-18
1.745023097	5.051419908704923e-18
1.746178336	5.021996521898664e-18
1.747333575	4.939388922334112e-18
1.748488814	4.8242765645179526e-18
1.749644053	4.710351661326696e-18
1.750799293	4.60992030725231e-18
1.751954532	4.533262833747575e-18
1.753109771	4.478677231121244e-18
1.75426501	4.415796100857779e-18
1.755420249	4.3762082017489646e-18
1.756575488	4.361042950231606e-18
1.757730728	4.3186303983261985e-18
1.758885967	4.24589185225212e-18
1.760041206	4.169244916672244e-18
1.761196445	4.125741705898451e-18
1.762351684	4.094397657633895e-18
1.763506923	3.9831705366306824e-18
1.764662163	3.851680122684741e-18
1.765817402	3.745028344039372e-18
1.766972641	3.656362067777248e-18
1.76812788	3.580527577343018e-18
1.769283119	3.488038582589519e-18
1.770438358	3.3672101966629884e-18
1.771593597	3.20418713397446e-18
1.772748837	3.010344443408597e-18
1.773904076	2.83275762685652e-18
1.775059315	2.699115476001812e-18
1.776214554	2.6256295200111944e-18
1.777369793	2.609254010153295e-18
1.778525032	2.6100929410717545e-18
1.779680272	2.6180483546337337e-18
1.780835511	2.6141120823582377e-18
1.78199075	2.5695654740201477e-18
1.783145989	2.5121696523405115e-18
1.784301228	2.454803474502589e-18
1.785456467	2.43621292681226e-18
1.786611707	2.459768755420034e-18
1.787766946	2.4951549259160618e-18
1.788922185	2.567115056618347e-18
1.790077424	2.6730142172705924e-18
1.791232663	2.788368568242963e-18
1.792387902	2.916432103674907e-18
1.793543141	3.068563645545235e-18
1.794698381	3.248064498329949e-18
1.79585362	3.4306269948697282e-18
1.797008859	3.608779528621628e-18
1.798164098	3.77781826556835e-18
1.799319337	3.916564913718167e-18
1.800474576	4.063648894062252e-18
1.801629816	4.27722579360756e-18
1.802785055	4.5187102940766575e-18
1.803940294	4.771990881555834e-18
1.805095533	5.106909669258052e-18
1.806250772	5.5293585823555434e-18
1.807406011	5.992045984919174e-18
1.808561251	6.505255690890623e-18
1.80971649	7.09770658749614e-18
1.810871729	7.800975905709599e-18
1.812026968	8.660128710691996e-18
1.813182207	9.682046886072645e-18
1.814337446	1.0823016425965462e-17
1.815492685	1.206553709106431e-17
1.816647925	1.3424955916182457e-17
1.817803164	1.5004243855880862e-17
1.818958403	1.589383434514614e-17
1.820113642	1.5834894093578882e-17
1.821268881	1.6164091919458e-17
1.82242412	1.6797835811331452e-17
1.82357936	1.7083341058613104e-17
1.824734599	1.745690127552602e-17
1.825889838	1.8302952981720994e-17
1.827045077	1.9485314128835668e-17
1.828200316	2.07451082828724e-17
1.829355555	2.1683577554508047e-17
1.830510795	2.2097621616087344e-17
1.831666034	2.230015054272826e-17
1.832821273	0.
1.833976512	0.
1.835131751	0.
1.83628699	0.
1.837442229	0.
1.838597469	0.
1.839752708	0.
1.840907947	0.
1.842063186	0.
1.843218425	0.
1.844373664	0.
1.845528904	0.
1.846684143	0.
1.847839382	0.
1.848994621	0.
1.85014986	0.
1.851305099	0.
1.852460339	0.
1.853615578	0.
1.854770817	0.
1.855926056	0.
1.857081295	0.
1.858236534	0.
1.859391774	0.
1.860547013	0.
1.861702252	0.
1.862857491	0.
1.86401273	0.
1.865167969	0.
1.866323208	0.
1.867478448	0.
1.868633687	0.
1.869788926	0.
1.870944165	0.
1.872099404	3.1486451450352186e-17
1.873254643	3.032099571554071e-17
1.874409883	2.6200914398050957e-17
1.875565122	1.7728554907699208e-17
1.876720361	6.8356591900754756e-18
1.8778756	3.2812307259642232e-18
1.879030839	4.024263181664824e-18
1.880186078	5.833178863025769e-18
1.881341318	8.288017177969535e-18
1.882496557	9.946414764753497e-18
1.883651796	1.049250830527512e-17
1.884807035	1.1055989456869161e-17
1.885962274	1.3634133070902918e-17
1.887117513	2.5680359388927042e-17
1.888272752	-1.6951433038939894e-18
1.889427992	1.5193783695419228e-17
1.890583231	2.487401155557495e-17
1.89173847	3.366749139071167e-17
1.892893709	1.905480921028763e-17
1.894048948	1.3191588900999516e-17
1.895204187	8.088049313622663e-18
1.896359427	5.0605766991792725e-18
1.897514666	3.657845679071197e-18
1.898669905	3.529830928831292e-18
1.899825144	5.668008474773524e-18
1.900980383	7.7269533724655e-18
1.902135622	8.509715382844287e-18
1.903290862	8.77109758059639e-18
1.904446101	9.160324279971981e-18
1.90560134	9.914596449228907e-18
1.906756579	1.0863082560612157e-17
1.907911818	1.0881949990328363e-17
1.909067057	8.371501917166683e-18
1.910222296	4.848450857984898e-18
1.911377536	2.6684561945310427e-18
1.912532775	4.504151341056208e-18
1.913688014	1.3930263678883706e-17
1.914843253	3.185334386841956e-17
1.915998492	3.60628025756535e-17
1.917153731	2.4233585931031738e-17
1.918308971	1.3563732256409453e-17
1.91946421	7.94343186139868e-18
1.920619449	5.68909920722891e-18
1.921774688	4.919664133060452e-18
1.922929927	4.957829605058392e-18
1.924085166	5.454415713753627e-18
1.925240406	6.147290731684919e-18
1.926395645	7.143050814395359e-18
1.927550884	8.742973690149977e-18
1.928706123	1.0161713263902062e-17
1.929861362	9.907491270857555e-18
1.931016601	8.841715061812766e-18
1.932171841	7.423361931477125e-18
1.93332708	5.785863322829773e-18
1.934482319	4.1672149106783406e-18
1.935637558	2.720311159398342e-18
1.936792797	1.8132135545151404e-18
1.937948036	2.5216124479415075e-18
1.939103275	3.9925459827993695e-18
1.940258515	5.036960915525882e-18
1.941413754	5.243623364158133e-18
1.942568993	4.975459968704215e-18
1.943724232	4.289918398216024e-18
1.944879471	2.169730577724431e-18
1.94603471	-1.0585519459290637e-18
1.94718995	1.4233919250595255e-19
1.948345189	1.9241152239466506e-18
1.949500428	2.8106640814390114e-18
1.950655667	3.2578549745585893e-18
1.951810906	3.498009372574933e-18
1.952966145	3.4387661588484633e-18
1.954121385	3.2717426060494193e-18
1.955276624	3.570615624625664e-18
1.956431863	4.314239939221554e-18
1.957587102	4.795777438132092e-18
1.958742341	4.649129343531437e-18
1.95989758	4.245273905957132e-18
1.961052819	3.827683371076667e-18
1.962208059	3.4459474781567665e-18
1.963363298	3.0753890677126167e-18
1.964518537	2.644411013827499e-18
1.965673776	2.2914238456344383e-18
1.966829015	2.298141225080165e-18
1.967984254	2.5365180353012763e-18
1.969139494	2.723276503323697e-18
1.970294733	2.7764238893003798e-18
1.971449972	2.8119939320681506e-18
1.972605211	2.8793286808813275e-18
1.97376045	2.9301800019771725e-18
1.974915689	2.962767201083494e-18
1.976070929	2.9841112729808764e-18
1.977226168	3.007913714729884e-18
1.978381407	2.993361995216757e-18
1.979536646	2.862374737217556e-18
1.980691885	2.7124557717833774e-18
1.981847124	2.637336864360584e-18
1.983002363	2.6235968956972417e-18
1.984157603	2.6616664790943756e-18
1.985312842	2.765739853331193e-18
1.986468081	2.831063892649681e-18
1.98762332	2.677351865188887e-18
1.988778559	2.4346696567636544e-18
1.989933798	2.2382379708959095e-18
1.991089038	2.1358214005348497e-18
1.992244277	2.1210774342422405e-18
1.993399516	2.212119325083957e-18
1.994554755	2.2811217585505133e-18
1.995709994	2.107157026793368e-18
1.996865233	1.4698717703516466e-18
1.998020473	3.1703601080993304e-19
1.999175712	-8.851284651506926e-19
2.000330951	-1.1066595926651553e-18
2.00148619	9.632135694323807e-20
2.002641429	1.934275483837752e-18
2.003796668	3.2977270262484566e-18
2.004951907	3.661242794644855e-18
2.006107147	3.3828519512656827e-18
2.007262386	2.9163458727599364e-18
2.008417625	2.5884287084551164e-18
2.009572864	2.3543209273470165e-18
2.010728103	2.111359123259929e-18
2.011883342	1.853491868477757e-18
2.013038582	1.7447780416915628e-18
2.014193821	1.9595363101524354e-18
2.01534906	2.2605684766045785e-18
2.016504299	2.4590778597303855e-18
2.017659538	2.4681846090098273e-18
2.018814777	2.243569826495163e-18
2.019970017	1.6778131628763413e-18
2.021125256	1.0414889869868066e-18
2.022280495	9.303159249906259e-19
2.023435734	1.3137238885398159e-18
2.024590973	1.6827086137311254e-18
2.025746212	1.9328104840139357e-18
2.026901452	2.0811090564538614e-18
2.028056691	2.1328028409476603e-18
2.02921193	2.12239106646653e-18
2.030367169	2.0834468722105775e-18
2.031522408	2.0078028314031778e-18
2.032677647	1.9067303825715448e-18
2.033832886	1.771826610048873e-18
2.034988126	1.5552758886511333e-18
2.036143365	1.3915588053743565e-18
2.037298604	1.477342672798418e-18
2.038453843	1.710994093646915e-18
2.039609082	1.9073745782030584e-18
2.040764321	2.0301596044811093e-18
2.041919561	2.05057141232139e-18
2.0430748	1.82533718903106e-18
2.044230039	1.4706921058913154e-18
2.045385278	1.2226050999034875e-18
2.046540517	1.2406477926051745e-18
2.047695756	1.3747974964487104e-18
2.048850996	1.4702560880059538e-18
2.050006235	1.4911265912830875e-18
2.051161474	1.4410371872146634e-18
2.052316713	1.3191791382536269e-18
2.053471952	1.2474624589601502e-18
2.054627191	1.4393604931140964e-18
2.05578243	1.7648619217887174e-18
2.05693767	1.978141570281099e-18
2.058092909	1.985314365469469e-18
2.059248148	1.9071254139641537e-18
2.060403387	1.7984362269557675e-18
2.061558626	1.6539589244908108e-18
2.062713865	1.5477626320565392e-18
2.063869105	1.5485954769100728e-18
2.065024344	1.5338686268290142e-18
2.066179583	1.4283558950108855e-18
2.067334822	1.317619959863312e-18
2.068490061	1.2663562531229734e-18
2.0696453	1.3065418898279245e-18
2.07080054	1.3829940239731899e-18
2.071955779	1.4422404246692491e-18
2.073111018	1.4731094981174727e-18
2.074266257	1.4671891531943827e-18
2.075421496	1.4167866289411961e-18
2.076576735	1.3319611851877923e-18
2.077731974	1.2177295015151878e-18
2.078887214	1.1082832872719546e-18
2.080042453	1.038952669451947e-18
2.081197692	1.0142420281600238e-18
2.082352931	9.909969232741809e-19
2.08350817	9.468705440296242e-19
2.084663409	8.344347775990742e-19
2.085818649	6.263251019290982e-19
2.086973888	3.3180760747941034e-19
2.088129127	1.118711925436923e-19
2.089284366	1.6730934273070924e-19
2.090439605	4.756584588745825e-19
2.091594844	8.028047033235202e-19
2.092750084	1.0166872822957623e-18
2.093905323	1.0850543421410284e-18
2.095060562	1.0071634200681773e-18
2.096215801	8.035739464707485e-19
2.09737104	5.754245784368346e-19
2.098526279	4.499413982564793e-19
2.099681518	4.443436552573991e-19
2.100836758	5.385992848022716e-19
2.101991997	6.8896860296235e-19
2.103147236	8.164304717589371e-19
2.104302475	8.535452062717661e-19
2.105457714	7.774393828109024e-19
2.106612953	5.709893192489505e-19
2.107768193	2.4017523945347423e-19
2.108923432	-9.666700931133296e-20
2.110078671	-2.8249034938469106e-19
2.11123391	-2.594822785212063e-19
2.112389149	-4.9529772585456977e-20
2.113544388	2.7601135310939304e-19
2.114699628	5.911896368480348e-19
2.115854867	7.955057689778532e-19
2.117010106	8.785328808949242e-19
2.118165345	8.690326455788964e-19
2.119320584	8.180133634877095e-19
2.120475823	7.581367554321037e-19
2.121631063	7.192306993411775e-19
2.122786302	7.236906201798667e-19
2.123941541	7.752891158161448e-19
2.12509678	8.54771225539525e-19
2.126252019	9.105558575772405e-19
2.127407258	8.95719229338128e-19
2.128562497	8.20984218341633e-19
2.129717737	7.372025274465248e-19
2.130872976	6.795777482046468e-19
2.132028215	6.619330725093267e-19
2.133183454	7.078804507970821e-19
2.134338693	8.054277926427555e-19
2.135493932	9.18400634049016e-19
2.136649172	9.989528978897598e-19
2.137804411	1.0268506559617277e-18
2.13895965	1.0271338913769977e-18
2.140114889	1.0154760823231094e-18
2.141270128	9.893890163688637e-19
2.142425367	9.61300083278169e-19
2.143580607	9.24405827298352e-19
2.144735846	8.610258893592964e-19
2.145891085	7.793301510049669e-19
2.147046324	7.206136307051589e-19
2.148201563	7.276964743422473e-19
2.149356802	8.002630362697685e-19
2.150512041	9.225944408601674e-19
2.151667281	1.0540959734052337e-18
2.15282252	1.129703276060028e-18
2.153977759	1.093033718762905e-18
2.155132998	9.84085867989132e-19
2.156288237	8.586584604513078e-19
2.157443476	7.582445112054386e-19
2.158598716	6.82829315860565e-19
2.159753955	6.354289218230584e-19
2.160909194	6.17637990028412e-19
2.162064433	6.323248416419014e-19
2.163219672	6.726153660038241e-19
2.164374911	7.172103309184836e-19
2.165530151	7.629444856743864e-19
2.16668539	7.802485660379133e-19
2.167840629	7.308886934198485e-19
2.168995868	7.060388104697711e-19
2.170151107	6.982053204544706e-19
2.171306346	6.73413904046412e-19
2.172461585	6.116319750775544e-19
2.173616825	4.878254650912408e-19
2.174772064	2.973461355279447e-19
2.175927303	1.503387589186011e-19
2.177082542	1.8632108861468497e-19
2.178237781	3.8332244223854257e-19
2.17939302	6.290446728143348e-19
2.18054826	8.472586601495572e-19
2.181703499	9.934045737650828e-19
2.182858738	9.573214347293404e-19
2.184013977	7.797784236125592e-19
2.185169216	6.316303188449951e-19
2.186324455	6.572247034996725e-19
2.187479695	7.126858230526057e-19
2.188634934	5.75223476262479e-19
2.189790173	2.6174891978355476e-19
2.190945412	1.7369647011959787e-20
2.192100651	-7.283923928047899e-21
2.19325589	6.792115639818877e-20
2.19441113	1.2012097774468081e-19
2.195566369	1.5482620498237365e-19
2.196721608	2.814289987450785e-19
2.197876847	5.744125050926228e-19
2.199032086	8.644529716421317e-19
2.200187325	9.804359406199517e-19
2.201342564	9.12346878261112e-19
2.202497804	8.095084395368045e-19
2.203653043	8.014726650540961e-19
2.204808282	8.202109557652208e-19
2.205963521	7.736612491781175e-19
2.20711876	6.211331646142388e-19
2.208273999	5.103660170078153e-19
2.209429239	5.862293917303174e-19
2.210584478	7.38705820864057e-19
2.211739717	8.433712823006108e-19
2.212894956	8.458540214902414e-19
2.214050195	7.914320097324637e-19
2.215205434	7.152614558967868e-19
2.216360674	6.260758531535432e-19
2.217515913	5.309688676435673e-19
2.218671152	4.475220301934188e-19
2.219826391	4.004098082058607e-19
2.22098163	4.151917491062435e-19
2.222136869	4.64423531556603e-19
2.223292108	5.03619548268073e-19
2.224447348	5.121009475305897e-19
2.225602587	5.314869199791637e-19
2.226757826	6.189752066333374e-19
2.227913065	6.1595932669607985e-19
2.229068304	3.582215250813322e-19
2.230223543	-1.9697649346779992e-19
2.231378783	-6.762608216147854e-19
2.232534022	-6.441764344400407e-19
2.233689261	-2.0475588705550936e-19
2.2348445	3.1215830225510213e-19
2.235999739	6.740492908254927e-19
2.237154978	9.252052635145313e-19
2.238310218	1.099571770753263e-18
2.239465457	1.0724630895618761e-18
2.240620696	7.0520144522599025e-19
2.241775935	-7.105539223410508e-20
2.242931174	-8.43971491376281e-19
2.244086413	-1.0310969779642732e-18
2.245241652	-6.5573019316315415e-19
2.246396892	-1.6203280752316403e-19
2.247552131	1.2620817122408328e-19
2.24870737	2.9032283966747035e-19
2.249862609	3.8412311279320744e-19
2.251017848	4.242351757885868e-19
2.252173087	4.004299570384079e-19
2.253328327	3.13851831455479e-19
2.254483566	2.1585343302024513e-19
2.255638805	1.865905747096987e-19
2.256794044	2.26823666154965e-19
2.257949283	2.5454730520015605e-19
2.259104522	2.041811793954385e-19
2.260259762	1.4780976827440364e-19
2.261415001	1.7658334662283532e-19
2.26257024	3.008872566906223e-19
2.263725479	4.3117508784460266e-19
2.264880718	5.182950321677492e-19
2.266035957	5.210453762934767e-19
2.267191196	3.4813395983345635e-19
2.268346436	-1.468142039907873e-19
2.269501675	-9.459976768741496e-19
2.270656914	-9.360083918622703e-19
2.271812153	-3.2003390348524277e-19
2.272967392	7.88282183830162e-20
2.274122631	2.177931344003568e-19
2.275277871	2.6386230306948036e-19
2.27643311	2.753803271095782e-19
2.277588349	2.681301390962562e-19
2.278743588	2.509762441196827e-19
2.279898827	2.304574305671257e-19
2.281054066	2.061239847842867e-19
2.282209306	1.7357960120791575e-19
2.283364545	1.2777354939814314e-19
2.284519784	7.600027178065615e-20
2.285675023	3.113185430851682e-20
2.286830262	1.9444793890217704e-20
2.287985501	7.738709542283562e-20
2.289140741	1.23823956158846e-19
2.29029598	3.7518836879930695e-20
2.291451219	-2.947639818849591e-19
2.292606458	-7.246381488133966e-19
2.293761697	-8.340523617241042e-19
2.294916936	-5.814121902078207e-19
2.296072175	-2.7495304581983364e-19
2.297227415	-7.532063162211433e-20
2.298382654	5.801656022730495e-20
2.299537893	1.32689327895109e-19
2.300693132	1.6935771228049846e-19
2.301848371	1.9595328082901248e-19
2.30300361	2.320206832770642e-19
2.30415885	2.548020848500891e-19
2.305314089	2.492886467178311e-19
2.306469328	1.905496086521465e-19
2.307624567	4.7169543440020434e-20
2.308779806	-1.969205350982434e-19
2.309935045	-3.9708028336250377e-19
2.311090285	-3.8452744459349263e-19
2.312245524	-2.1132175980008324e-19
2.313400763	-4.560638501134822e-20
2.314556002	1.469292092854698e-20
2.315711241	-7.024061094200112e-21
2.31686648	-9.990060442003045e-20
2.318021719	-2.5067246969082626e-19
2.319176959	-4.535231365186351e-19
2.320332198	-7.151749487383493e-19
2.321487437	-9.20808030913841e-19
2.322642676	-8.273659501912384e-19
2.323797915	-4.746085378399335e-19
2.324953154	-1.4407679666803476e-19
2.326108394	6.921022965772992e-20
2.327263633	1.9432077483465295e-19
2.328418872	2.624131350124785e-19
2.329574111	2.71625947052853e-19
2.33072935	1.6149815561492658e-19
2.331884589	-1.3346830036973366e-19
2.333039829	-4.612049952232951e-19
2.334195068	-6.288245698491884e-19
2.335350307	-5.637251151016426e-19
2.336505546	-3.5747845101843316e-19
2.337660785	-9.559507596167423e-20
2.338816024	1.6060234223682602e-19
2.339971263	3.4070631465466084e-19
2.341126503	4.111948819762234e-19
2.342281742	4.1712200006395693e-19
2.343436981	4.028896855595531e-19
2.34459222	3.5995574513572895e-19
2.345747459	2.5530264834923496e-19
2.346902698	4.5409136458855644e-20
2.348057938	-2.3144824352786814e-19
2.349213177	-3.8387607669415715e-19
2.350368416	-2.5844064518069015e-19
2.351523655	5.0012937817811665e-20
2.352678894	3.3919202399204844e-19
2.353834133	4.858626578444243e-19
2.354989373	4.902083043231559e-19
2.356144612	4.0497564509553815e-19
2.357299851	2.705966592477788e-19
2.35845509	1.210336564747235e-19
2.359610329	-9.919116107431516e-21
2.360765568	-4.5443424550169044e-20
2.361920808	-9.537109663635928e-22
2.363076047	6.053468246424311e-20
2.364231286	1.0479192549256854e-19
2.365386525	1.3695613884261275e-19
2.366541764	1.5454610590137665e-19
2.367697003	1.5413162778946958e-19
2.368852242	1.323158752542345e-19
2.370007482	9.474832569924532e-20
2.371162721	4.807163219455793e-20
2.37231796	-4.289890722593147e-21
2.373473199	-6.559770922143026e-20
2.374628438	-1.4171138918583752e-19
2.375783677	-2.341750979435456e-19
2.376938917	-3.3464230852321446e-19
2.378094156	-4.050025006400673e-19
2.379249395	-4.1497345240060343e-19
2.380404634	-3.907472973588515e-19
2.381559873	-3.567356577264138e-19
2.382715112	-3.0119826882503043e-19
2.383870352	-2.1608406555393973e-19
2.385025591	-9.782519533650732e-20
2.38618083	2.513898555124034e-20
2.387336069	1.2296500603374254e-19
2.388491308	1.4661487110080024e-19
2.389646547	5.223681051901595e-20
2.390801786	-2.6694733607927954e-19
2.391957026	-1.0749749188511923e-18
2.393112265	-3.1776647045310573e-18
2.394267504	-5.93145369188252e-18
2.395422743	-3.1128852849782717e-18
2.396577982	-9.19892245279511e-19
2.397733221	-1.9640432569091633e-19
2.398888461	2.7576152479096326e-20
2.4000437	1.0073630877099386e-19
2.401198939	1.2133891785768949e-19
2.402354178	1.2985880644467794e-19
2.403509417	1.2135023106231606e-19
2.404664656	1.0487744988113572e-19
2.405819896	7.300462378907241e-20
2.406975135	1.075424610124599e-20
2.408130374	-8.958373899435483e-20
2.409285613	-2.025539455546875e-19
2.410440852	-3.1373439873511175e-19
2.411596091	-3.605688279542081e-19
2.41275133	-2.130350203240763e-19
2.41390657	1.4447091266440427e-19
2.415061809	4.1967899928154403e-19
2.416217048	4.462212539272243e-19
2.417372287	2.5970812078549524e-19
2.418527526	-1.359333239312263e-20
2.419682765	-2.5729343637249517e-19
2.420838005	-4.354849349607778e-19
2.421993244	-5.430756427646214e-19
2.423148483	-5.727239274927883e-19
2.424303722	-4.744250882095134e-19
2.425458961	-2.5776222997983413e-19
2.4266142	-9.251413391567304e-20
2.42776944	-5.465138325745433e-20
2.428924679	-1.3371986942318513e-19
2.430079918	-3.3422418307298546e-19
2.431235157	-7.959207906563987e-19
2.432390396	-1.5919696374907304e-18
2.433545635	-2.062813323484923e-18
2.434700874	-1.1609682563830217e-18
2.435856114	-6.280505032428434e-20
2.437011353	3.639584081698841e-19
2.438166592	4.252540720527873e-19
2.439321831	3.5523204975924223e-19
2.44047707	2.340262730365611e-19
2.441632309	-7.629085507395462e-20
2.442787549	1.231477080871384e-17
2.443942788	1.2904190758240257e-18
2.445098027	1.0695983586751294e-18
2.446253266	1.159206959937942e-18
2.447408505	1.937774958318644e-18
2.448563744	1.092727483878196e-17
2.449718984	-1.965755181020438e-17
2.450874223	-4.778049260315665e-18
2.452029462	-5.198196536350262e-19
2.453184701	8.509444426265864e-19
2.45433994	2.8736133554944713e-18
2.455495179	-9.728577817186717e-18
2.456650419	8.364853970493187e-18
2.457805658	4.2280662387336307e-19
2.458960897	-2.2332694051995247e-19
2.460116136	-1.086393005877625e-18
2.461271375	-2.282961542749807e-18
2.462426614	-3.1714853132327196e-18
2.463581853	-2.6345104726703997e-18
2.464737093	-1.512502393142479e-18
2.465892332	-5.067593359372984e-19
2.467047571	1.6531886785360894e-19
2.46820281	4.9943388459443375e-19
2.469358049	5.580646699418866e-19
2.470513288	5.185256533729479e-19
2.471668528	5.870498760788885e-19
2.472823767	-1.073126788799592e-17
2.473979006	-9.641227125269632e-20
2.475134245	4.641039441238321e-20
2.476289484	5.88317096288459e-19
2.477444723	1.3696077392786955e-18
2.478599963	1.7008694656220363e-18
2.479755202	1.921614939924986e-18
2.480910441	2.303079925444733e-18
2.48206568	6.806550339076201e-18
2.483220919	9.550070520937626e-19
2.484376158	1.317927786990424e-18
2.485531397	1.353610924620314e-18
2.486686637	1.2735518243749206e-18
2.487841876	1.1655999647191384e-18
2.488997115	1.1496741431289412e-18
2.490152354	1.2271931411210368e-18
2.491307593	1.3517236248875152e-18
2.492462832	1.5354858464717737e-18
2.493618072	1.782099431654937e-18
2.494773311	2.042985044805311e-18
2.49592855	2.2830941826833866e-18
2.497083789	2.538544838627714e-18