0.45	1.750115490630158e-15
0.451155239	1.7177509370661107e-15
0.452310478	1.7188310806202497e-15
0.453465717	1.6669257244252947e-15
0.454620956	1.6555430124292501e-15
0.455776195	1.6539756180594754e-15
0.456931434	1.6768854941665388e-15
0.458086673	1.665001931371996e-15
0.459241912	1.7327641004981485e-15
0.46039715	1.8570311099973367e-15
0.461552389	1.896863253411262e-15
0.462707628	1.8184783883216233e-15
0.463862867	1.9134861101737077e-15
0.465018106	1.9488020810102733e-15
0.466173345	1.9985815218493554e-15
0.467328584	2.013986658688587e-15
0.468483823	2.009238424138181e-15
0.469639062	1.967719464196155e-15
0.470794301	2.0203591058714808e-15
0.47194954	1.973731717005683e-15
0.473104779	2.0949686617347636e-15
0.474260018	2.1283428549002833e-15
0.475415257	2.1274790508361426e-15
0.476570496	2.1746096046041588e-15
0.477725735	2.024454449534387e-15
0.478880973	2.0220099167596603e-15
0.480036212	1.89860657381564e-15
0.481191451	1.8144069499895618e-15
0.48234669	1.7991489328718665e-15
0.483501929	1.7818507437016452e-15
0.484657168	1.5813811834264308e-15
0.485812407	1.3485193389625014e-15
0.486967646	1.543975730883782e-15
0.488122885	1.9004312997333123e-15
0.489278124	2.1895745733035197e-15
0.490433363	2.1660372380274617e-15
0.491588602	2.1983399897564346e-15
0.492743841	2.1551770182873504e-15
0.49389908	2.229651537258782e-15
0.495054319	2.2900559005432628e-15
0.496209558	2.3559958776738633e-15
0.497364796	2.20568984927535e-15
0.498520035	2.214902335180683e-15
0.499675274	1.9860672139378454e-15
0.500830513	2.0069338497804116e-15
0.501985752	2.030819444897844e-15
0.503140991	2.015889546823711e-15
0.50429623	2.035344815709446e-15
0.505451469	1.9324253116622453e-15
0.506606708	1.9229297947497314e-15
0.507761947	1.8606802448699544e-15
0.508917186	1.7251291473257259e-15
0.510072425	1.731351552667393e-15
0.511227664	1.7516702438261392e-15
0.512382903	1.907059931373764e-15
0.513538142	2.0173211464867945e-15
0.514693381	2.0484487184471433e-15
0.515848619	2.0272136028269002e-15
0.517003858	2.134478531145606e-15
0.518159097	2.0540400735789737e-15
0.519314336	1.9425504277237978e-15
0.520469575	1.9213399040296733e-15
0.521624814	1.8893160800149178e-15
0.522780053	1.9859231072856097e-15
0.523935292	1.9448581793857694e-15
0.525090531	1.9578721455914217e-15
0.52624577	2.06085671598092e-15
0.527401009	2.007167885758943e-15
0.528556248	2.0776576938904012e-15
0.529711487	2.1461718220126788e-15
0.530866726	2.0576054385614663e-15
0.532021965	1.9642683451611495e-15
0.533177204	1.8459823542132876e-15
0.534332442	1.7922412702516635e-15
0.535487681	1.6679451239732109e-15
0.53664292	1.6305325761329285e-15
0.537798159	1.4427671496846105e-15
0.538953398	1.2588305389331935e-15
0.540108637	1.1739084622180259e-15
0.541263876	1.020729465499024e-15
0.542419115	9.40812702700734e-16
0.543574354	9.441494305967743e-16
0.544729593	1.0777984272682411e-15
0.545884832	1.2787882124782047e-15
0.547040071	1.5680740132593133e-15
0.54819531	1.8500343212727275e-15
0.549350549	2.0158778520365106e-15
0.550505788	2.1668591239958933e-15
0.551661027	2.2295777979514732e-15
0.552816265	2.2698901351403986e-15
0.553971504	2.1913872590470174e-15
0.555126743	2.141909435987364e-15
0.556281982	2.1443548317069228e-15
0.557437221	2.0904090625446587e-15
0.55859246	2.0906279897227416e-15
0.559747699	2.1101458375650997e-15
0.560902938	2.178243160647982e-15
0.562058177	2.208162387969514e-15
0.563213416	2.1365596871141754e-15
0.564368655	2.0909948672769796e-15
0.565523894	2.055780877289001e-15
0.566679133	1.8840776374264333e-15
0.567834372	1.752524915624416e-15
0.568989611	1.7400841847158702e-15
0.57014485	1.6284452546535472e-15
0.571300089	1.5778676537792492e-15
0.572455327	1.5126081823660424e-15
0.573610566	1.4545511934004626e-15
0.574765805	1.336937753980212e-15
0.575921044	1.2850171946446945e-15
0.577076283	1.2512348487591018e-15
0.578231522	1.2857297794907042e-15
0.579386761	1.356976765316116e-15
0.580542	1.5199278554971887e-15
0.581697239	1.7386777430706903e-15
0.582852478	1.912299093552603e-15
0.584007717	2.033212762987893e-15
0.585162956	2.164132576588221e-15
0.586318195	2.2238830348683032e-15
0.587473434	2.11158082917165e-15
0.588628673	2.0946082289010113e-15
0.589783912	2.1593197202547482e-15
0.59093915	1.875564074314604e-15
0.592094389	1.8058601934439148e-15
0.593249628	1.672394729138918e-15
0.594404867	1.542421326358904e-15
0.595560106	1.4320014189897042e-15
0.596715345	1.3659775978846214e-15
0.597870584	1.3653943846254333e-15
0.599025823	1.3713987297316145e-15
0.600181062	1.4094604125896836e-15
0.601336301	1.4909015497192617e-15
0.60249154	1.6224264099432167e-15
0.603646779	1.6629763295901013e-15
0.604802018	1.7230609404885201e-15
0.605957257	1.704442270941646e-15
0.607112496	1.5785094982465432e-15
0.608267735	1.3869883588464473e-15
0.609422973	1.2183152311252317e-15
0.610578212	1.1248041659725946e-15
0.611733451	9.819883286840093e-16
0.61288869	8.571400106775273e-16
0.614043929	7.157035738399335e-16
0.615199168	6.003675357655695e-16
0.616354407	5.648534900191359e-16
0.617509646	5.069271973189011e-16
0.618664885	4.763334799738024e-16
0.619820124	4.677360672907164e-16
0.620975363	4.653956215953324e-16
0.622130602	4.884372935903072e-16
0.623285841	5.320353260852364e-16
0.62444108	6.12239264416496e-16
0.625596319	7.589489264677674e-16
0.626751558	9.233258440008074e-16
0.627906796	1.1138422938081238e-15
0.629062035	1.29549237084525e-15
0.630217274	1.4287121120913575e-15
0.631372513	1.535479549279569e-15
0.632527752	1.6168505295615554e-15
0.633682991	1.656861436775263e-15
0.63483823	1.6438099499445894e-15
0.635993469	1.6200107112363274e-15
0.637148708	1.5798832524502654e-15
0.638303947	1.5504458039638548e-15
0.639459186	1.4922267273671751e-15
0.640614425	1.393911990557226e-15
0.641769664	1.308415591835794e-15
0.642924903	1.2641975648700892e-15
0.644080142	1.2290212913075785e-15
0.645235381	1.2137659777184036e-15
0.646390619	1.229797455630982e-15
0.647545858	1.2210239802311076e-15
0.648701097	1.1682912391969756e-15
0.649856336	1.1127459588843126e-15
0.651011575	1.074799423170571e-15
0.652166814	1.04297568616629e-15
0.653322053	1.0027696902329469e-15
0.654477292	9.582937275583001e-16
0.655632531	8.564272868013739e-16
0.65678777	7.865858408570857e-16
0.657943009	8.311000002282166e-16
0.659098248	8.025142248034667e-16
0.660253487	7.524583164655372e-16
0.661408726	7.294448797410543e-16
0.662563965	7.039375568583274e-16
0.663719204	6.640855539933798e-16
0.664874442	6.270390012034609e-16
0.666029681	5.973726464781553e-16
0.66718492	5.793650252818941e-16
0.668340159	5.819003906898748e-16
0.669495398	6.058332724561288e-16
0.670650637	6.454554539826021e-16
0.671805876	7.114379701995421e-16
0.672961115	8.090655475924251e-16
0.674116354	9.084696968332477e-16
0.675271593	1.0107935000218632e-15
0.676426832	1.1352238660394422e-15
0.677582071	1.216992737995244e-15
0.67873731	1.2319084800567751e-15
0.679892549	1.1678239468020202e-15
0.681047788	1.0379156581789999e-15
0.682203027	9.178266302190566e-16
0.683358266	8.339495378769124e-16
0.684513504	7.974640564913734e-16
0.685668743	8.205524851242362e-16
0.686823982	8.590682623030471e-16
0.687979221	8.813888554373468e-16
0.68913446	9.137502049242905e-16
0.690289699	9.561959577564208e-16
0.691444938	9.863139925650914e-16
0.692600177	9.84215166668149e-16
0.693755416	9.473896808377707e-16
0.694910655	8.851249227391681e-16
0.696065894	7.925050761928179e-16
0.697221133	6.903760738344837e-16
0.698376372	5.947321256735634e-16
0.699531611	5.055711684728888e-16
0.70068685	4.3262511479809937e-16
0.701842089	3.857594394157431e-16
0.702997327	3.6616271889899677e-16
0.704152566	3.676947409517636e-16
0.705307805	3.837371343894156e-16
0.706463044	4.1357336701696007e-16
0.707618283	4.552187034210577e-16
0.708773522	5.008031487836871e-16
0.709928761	5.358788418448e-16
0.711084	5.645038063511965e-16
0.712239239	5.928576521368709e-16
0.713394478	5.997466366073071e-16
0.714549717	5.689528419416715e-16
0.715704956	5.038007849146684e-16
0.716860195	4.099489366229025e-16
0.718015434	3.106578787843097e-16
0.719170673	2.4596878931577326e-16
0.720325912	2.1943395250356267e-16
0.72148115	2.082630513975081e-16
0.722636389	1.9951046954050847e-16
0.723791628	1.9175218628241344e-16
0.724946867	1.7883171901483426e-16
0.726102106	1.6372062148622052e-16
0.727257345	1.5555331094620893e-16
0.728412584	1.5552411013601228e-16
0.729567823	1.6049090162678436e-16
0.730723062	1.6896375964781946e-16
0.731878301	1.78457604729909e-16
0.73303354	1.9101222328070822e-16
0.734188779	2.0599727752819186e-16
0.735344018	2.2447512072517926e-16
0.736499257	2.440216141844849e-16
0.737654496	2.694564703427054e-16
0.738809735	3.092027173223053e-16
0.739964973	3.7164604549929265e-16
0.741120212	4.513848821834681e-16
0.742275451	5.34464234696546e-16
0.74343069	6.192916103079419e-16
0.744585929	6.984036158231524e-16
0.745741168	7.460642515690785e-16
0.746896407	7.578245728766044e-16
0.748051646	7.510400142429136e-16
0.749206885	7.475094419533566e-16
0.750362124	7.549838999426351e-16
0.751517363	7.670999231524223e-16
0.752672602	7.808896872182043e-16
0.753827841	7.927930287787852e-16
0.75498308	7.937713869157758e-16
0.756138319	7.441594823489984e-16
0.757293558	6.791087386024031e-16
0.758448796	6.67844560012864e-16
0.759604035	6.693470995612442e-16
0.760759274	5.573861603593894e-16
0.761914513	3.9156623087315667e-16
0.763069752	3.5011745878057045e-16
0.764224991	3.3212790809412543e-16
0.76538023	3.1264912306109963e-16
0.766535469	3.154419359912681e-16
0.767690708	3.335367910313007e-16
0.768845947	3.4941683992074915e-16
0.770001186	3.443435390365311e-16
0.771156425	3.3341691385984727e-16
0.772311664	3.193245896860209e-16
0.773466903	2.9135708639240586e-16
0.774622142	2.6918867429457335e-16
0.775777381	2.5584640321526675e-16
0.77693262	2.398197503769912e-16
0.778087858	2.299992984884696e-16
0.779243097	2.1957272256101606e-16
0.780398336	1.9791695562352269e-16
0.781553575	1.8206943210338144e-16
0.782708814	1.76168740803268e-16
0.783864053	1.6992906832895994e-16
0.785019292	1.6888721888075468e-16
0.786174531	1.751311706395863e-16
0.78732977	1.7671853443341664e-16
0.788485009	1.7743615911231655e-16
0.789640248	1.7507181688102184e-16
0.790795487	1.7096284288183688e-16
0.791950726	1.6844785048901021e-16
0.793105965	1.6046800906149e-16
0.794261204	1.511877393774296e-16
0.795416443	1.4664251896280365e-16
0.796571681	1.4288068142907366e-16
0.79772692	1.4429617054602385e-16
0.798882159	1.4883711220720974e-16
0.800037398	1.494131492382538e-16
0.801192637	1.4997554402985732e-16
0.802347876	1.5407512943718376e-16
0.803503115	1.6038095139066628e-16
0.804658354	1.681972943174534e-16
0.805813593	1.7489109630113016e-16
0.806968832	1.8116678779332378e-16
0.808124071	1.8664908377187874e-16
0.80927931	1.9186404962792282e-16
0.810434549	1.9836551467765583e-16
0.811589788	2.0682928908923038e-16
0.812745027	2.1892111131875129e-16
0.813900266	2.3682653273202867e-16
0.815055504	2.54203932098617e-16
0.816210743	2.679866206444112e-16
0.817365982	2.914264231121161e-16
0.818521221	3.2273145837151125e-16
0.81967646	3.5878225040177447e-16
0.820831699	3.920337416803327e-16
0.821986938	4.102498675906552e-16
0.823142177	4.1786613393113817e-16
0.824297416	4.29013914193988e-16
0.825452655	4.303729767242402e-16
0.826607894	4.349692701521681e-16
0.827763133	4.476882359997267e-16
0.828918372	4.794706086860036e-16
0.830073611	5.148612084395527e-16
0.83122885	5.277179094723778e-16
0.832384089	5.024250005926798e-16
0.833539327	4.3892248041158003e-16
0.834694566	3.4170510829185397e-16
0.835849805	2.5398173022893574e-16
0.837005044	1.9864106663670715e-16
0.838160283	1.6757350679939677e-16
0.839315522	1.5160382388169867e-16
0.840470761	1.4748354470188e-16
0.841626	1.5069623111257032e-16
0.842781239	1.5946959200469157e-16
0.843936478	1.7042830981986388e-16
0.845091717	1.816243332785201e-16
0.846246956	1.922294202284323e-16
0.847402195	1.9717442967630752e-16
0.848557434	1.980919444591248e-16
0.849712673	1.8681877390290234e-16
0.850867912	1.6758896655786095e-16
0.85202315	1.5900442346125693e-16
0.853178389	1.411046942269246e-16
0.854333628	1.0726816478647668e-16
0.855488867	1.05959047368365e-16
0.856644106	1.2794633589210875e-16
0.857799345	1.3354760573055477e-16
0.858954584	1.3013124357400065e-16
0.860109823	1.2529063299783796e-16
0.861265062	1.2412782064545034e-16
0.862420301	1.24532005336499e-16
0.86357554	1.2401592821760876e-16
0.864730779	1.2167102014600889e-16
0.865886018	1.0843620894099925e-16
0.867041257	9.956004606860725e-17
0.868196496	1.2679606605970952e-16
0.869351735	1.502741381639627e-16
0.870506973	1.5929496361423271e-16
0.871662212	1.6225564881010747e-16
0.872817451	1.6492023255587816e-16
0.87397269	1.6551175122345074e-16
0.875127929	1.6713913350074207e-16
0.876283168	1.748611758669907e-16
0.877438407	1.7592181371852492e-16
0.878593646	1.6982352366958635e-16
0.879748885	1.6341976773766377e-16
0.880904124	1.568762710429888e-16
0.882059363	1.4945332491438328e-16
0.883214602	1.3817927057431122e-16
0.884369841	1.3021594263992333e-16
0.88552508	1.2499224085289908e-16
0.886680319	1.2425281194977673e-16
0.887835558	1.3521436220284017e-16
0.888990797	1.4475237063525224e-16
0.890146035	1.468649105162226e-16
0.891301274	1.4690103180676446e-16
0.892456513	1.4773488557204322e-16
0.893611752	1.5080281252730185e-16
0.894766991	1.5474502533445788e-16
0.89592223	1.5823915856929054e-16
0.897077469	1.5759469017062663e-16
0.898232708	1.5485961888748316e-16
0.899387947	1.4810739796538371e-16
0.900543186	1.474696185372509e-16
0.901698425	1.5634887877091208e-16
0.902853664	1.81511007091e-16
0.904008903	2.0054758517309745e-16
0.905164142	2.0201825857234899e-16
0.906319381	1.980502728800185e-16
0.90747462	2.064698377931923e-16
0.908629858	2.169773546285997e-16
0.909785097	2.193226356340859e-16
0.910940336	2.1932771813372564e-16
0.912095575	2.1984510298093717e-16
0.913250814	2.194640824922647e-16
0.914406053	2.243314056720848e-16
0.915561292	2.2700696430468436e-16
0.916716531	2.35911913553013e-16
0.91787177	2.4086350485825633e-16
0.919027009	2.420417538738654e-16
0.920182248	2.3929035475982447e-16
0.921337487	2.3593438152539353e-16
0.922492726	2.3268298609195455e-16
0.923647965	2.465445545686756e-16
0.924803204	2.7705193485192236e-16
0.925958443	2.9479713455759034e-16
0.927113681	3.07359959451202e-16
0.92826892	3.185553004864682e-16
0.929424159	3.3362440075247493e-16
0.930579398	3.4456421579569747e-16
0.931734637	3.452249392535497e-16
0.932889876	3.4308883770810124e-16
0.934045115	3.4040098147599055e-16
0.935200354	3.560480162771536e-16
0.936355593	3.679548948787676e-16
0.937510832	3.750237548218074e-16
0.938666071	3.801887646169449e-16
0.93982131	3.7825144054599885e-16
0.940976549	3.5754025252974833e-16
0.942131788	3.4923382413013956e-16
0.943287027	3.2254749602267326e-16
0.944442266	3.1189055274977937e-16
0.945597504	3.1675974461051e-16
0.946752743	3.1897557779917477e-16
0.947907982	3.093515157422671e-16
0.949063221	3.0339591734592107e-16
0.95021846	2.817255206734735e-16
0.951373699	2.810266512771082e-16
0.952528938	2.6657193900415206e-16
0.953684177	2.711714476611908e-16
0.954839416	2.60542785845363e-16
0.955994655	2.8867059134268885e-16
0.957149894	3.14897335254856e-16
0.958305133	3.3933842890883655e-16
0.959460372	3.4858096493921877e-16
0.960615611	3.6118894064470156e-16
0.96177085	3.7241675272677733e-16
0.962926089	3.8449816008110227e-16
0.964081327	3.833937946538741e-16
0.965236566	3.8264042003151663e-16
0.966391805	3.806408949359393e-16
0.967547044	3.8793435102511866e-16
0.968702283	3.8604257683655584e-16
0.969857522	3.782250731482684e-16
0.971012761	0.
0.972168	0.
0.973323239	0.
0.974478478	0.
0.975633717	0.
0.976788956	0.
0.977944195	0.
0.979099434	0.
0.980254673	0.
0.981409912	0.
0.98256515	0.
0.983720389	0.
0.984875628	0.
0.986030867	0.
0.987186106	0.
0.988341345	0.
0.989496584	0.
0.990651823	0.
0.991807062	0.
0.992962301	0.
0.99411754	0.
0.995272779	0.
0.996428018	0.
0.997583257	1.1444579377986103e-16
0.998738496	1.1210047416196082e-16
0.999893735	1.0657838918002018e-16
1.001048974	9.863001956125724e-17
1.002204212	8.95686755158316e-17
1.003359451	8.097793165130419e-17
1.00451469	7.931265129482789e-17
1.005669929	8.376683577076938e-17
1.006825168	8.363845935340016e-17
1.007980407	7.98275266146793e-17
1.009135646	8.056680743745996e-17
1.010290885	8.653534960129048e-17
1.011446124	9.351083356562842e-17
1.012601363	9.45971031369502e-17
1.013756602	9.141314362741849e-17
1.014911841	9.484187838097492e-17
1.01606708	1.0410474237978535e-16
1.017222319	1.1135727722785415e-16
1.018377558	1.1242045059547494e-16
1.019532797	1.0807567089497318e-16
1.020688035	1.0459942014327047e-16
1.021843274	1.0491244204648191e-16
1.022998513	1.0784704427802562e-16
1.024153752	1.1022047657465524e-16
1.025308991	1.104670860122698e-16
1.02646423	1.1107200827001115e-16
1.027619469	1.1297598719307944e-16
1.028774708	1.1489031792252147e-16
1.029929947	1.1693862484918452e-16
1.031085186	1.179271854448293e-16
1.032240425	1.2035461735277798e-16
1.033395664	1.2467230694838622e-16
1.034550903	1.291510245157818e-16
1.035706142	1.3347237270021292e-16
1.036861381	1.4246655929599872e-16
1.03801662	1.53698917577198e-16
1.039171858	1.6086469592796633e-16
1.040327097	1.67502004547028e-16
1.041482336	1.780983929435262e-16
1.042637575	1.9108741434862529e-16
1.043792814	2.0303362072915516e-16
1.044948053	2.1390035468482265e-16
1.046103292	2.2480122126465487e-16
1.047258531	2.340731137228891e-16
1.04841377	2.42278810697682e-16
1.049569009	2.505795803406143e-16
1.050724248	2.6174665505715817e-16
1.051879487	2.728224664463314e-16
1.053034726	2.776064449553833e-16
1.054189965	2.86754518924794e-16
1.055345204	3.0618659220425775e-16
1.056500443	3.2049792942912805e-16
1.057655681	3.2706471548770213e-16
1.05881092	3.3644172361903744e-16
1.059966159	3.498466593979046e-16
1.061121398	3.62443266948938e-16
1.062276637	3.779849275700209e-16
1.063431876	3.9534882906881904e-16
1.064587115	4.1003441271825456e-16
1.065742354	4.238729846314022e-16
1.066897593	4.369079684169049e-16
1.068052832	4.504038552676429e-16
1.069208071	4.658971921036808e-16
1.07036331	4.777592235224239e-16
1.071518549	4.78553072066695e-16
1.072673788	4.763792519620908e-16
1.073829027	4.751562651215996e-16
1.074984266	4.687034393603647e-16
1.076139504	4.580114921487605e-16
1.077294743	4.493801759525447e-16
1.078449982	4.3734790307801597e-16
1.079605221	4.1740464505129695e-16
1.08076046	4.021601848866783e-16
1.081915699	3.9093540238223523e-16
1.083070938	3.687310913707116e-16
1.084226177	3.3922076635770395e-16
1.085381416	3.093592509414635e-16
1.086536655	2.851065531114975e-16
1.087691894	2.6791919492127254e-16
1.088847133	2.419152927021861e-16
1.090002372	2.08815399072267e-16
1.091157611	1.8082567082351893e-16
1.09231285	1.5808001282832048e-16
1.093468089	1.4135874801528367e-16
1.094623327	1.2518265971056206e-16
1.095778566	1.0840851402121745e-16
1.096933805	9.655066648711069e-17
1.098089044	8.902397551262022e-17
1.099244283	8.249245784485921e-17
1.100399522	7.773715600556908e-17
1.101554761	7.605411237554383e-17
1.10271	7.472870648457382e-17
1.103865239	7.271205728658956e-17
1.105020478	7.114324742788978e-17
1.106175717	6.983745714527933e-17
1.107330956	6.829685659495214e-17
1.108486195	6.598757342299085e-17
1.109641434	6.293346792146192e-17
1.110796673	5.976051959465004e-17
1.111951912	5.658256396969064e-17
1.113107151	5.318039623533555e-17
1.114262389	4.960304866703904e-17
1.115417628	4.6092862238912465e-17
1.116572867	4.2783147884970466e-17
1.117728106	3.998515052479114e-17
1.118883345	3.7936979673777797e-17
1.120038584	3.639875822270209e-17
1.121193823	3.453588084868583e-17
1.122349062	3.2553644414938355e-17
1.123504301	3.0825079427470613e-17
1.12465954	2.921163984235805e-17
1.125814779	2.749739292782517e-17
1.126970018	2.5108832292999475e-17
1.128125257	2.2952649815988527e-17
1.129280496	2.181294120371161e-17
1.130435735	2.1609943479028423e-17
1.131590974	2.2114684272391446e-17
1.132746212	2.3065039403853972e-17
1.133901451	2.423178050380144e-17
1.13505669	2.4806494303852397e-17
1.136211929	2.4775907571050372e-17
1.137367168	2.493697084744515e-17
1.138522407	2.50777324655291e-17
1.139677646	2.5232315498110313e-17
1.140832885	2.542404841076845e-17
1.141988124	2.5515615392163806e-17
1.143143363	2.562728306201454e-17
1.144298602	2.5468199275587485e-17
1.145453841	2.468972852622824e-17
1.14660908	2.356954196233092e-17
1.147764319	2.2227507549555652e-17
1.148919558	2.039577645950031e-17
1.150074797	1.8352719698659367e-17
1.151230035	1.6411561105746698e-17
1.152385274	1.4697529699264056e-17
1.153540513	1.333620125557229e-17
1.154695752	1.232232243593858e-17
1.155850991	1.1604587150139014e-17
1.15700623	1.1011077234977085e-17
1.158161469	1.0478127199242752e-17
1.159316708	1.0251975373760589e-17
1.160471947	1.031816234929521e-17
1.161627186	1.0655532878666152e-17
1.162782425	1.1268641942822066e-17
1.163937664	1.2123544891277826e-17
1.165092903	1.3323419485167541e-17
1.166248142	1.4852853451315088e-17
1.167403381	1.657178744562336e-17
1.16855862	1.852339041835712e-17
1.169713858	2.068313585788082e-17
1.170869097	2.259059194886313e-17
1.172024336	2.4027933679041304e-17
1.173179575	2.5052747923552732e-17
1.174334814	2.565854687889603e-17
1.175490053	2.5886312035423415e-17
1.176645292	2.5427832887985487e-17
1.177800531	2.4332517771271882e-17
1.17895577	2.2773945454360844e-17
1.180111009	2.1052052329097095e-17
1.181266248	1.971515377680524e-17
1.182421487	1.8711450221737997e-17
1.183576726	1.7999835017843934e-17
1.184731965	1.728805770912014e-17
1.185887204	1.6548260873989574e-17
1.187042443	1.6615461145529896e-17
1.188197681	1.7403742217406627e-17
1.18935292	1.8102306860447638e-17
1.190508159	1.891068767793691e-17
1.191663398	2.003605750392179e-17
1.192818637	2.1319008690009057e-17
1.193973876	2.2796139960002753e-17
1.195129115	2.41766339715833e-17
1.196284354	2.5270811553785818e-17
1.197439593	2.602260043244139e-17
1.198594832	2.530116349260502e-17
1.199750071	2.3565124809228226e-17
1.20090531	2.217869850000801e-17
1.202060549	2.214842232634087e-17
1.203215788	2.4494065852302285e-17
1.204371027	2.789503292928029e-17
1.205526266	3.0656813784055984e-17
1.206681505	3.364032029343199e-17
1.207836743	3.724801304720445e-17
1.208991982	3.9828741412457235e-17
1.210147221	4.109991473884383e-17
1.21130246	4.226132465297175e-17
1.212457699	4.331127128041015e-17
1.213612938	4.426216321577245e-17
1.214768177	4.503317912703309e-17
1.215923416	4.5693537240504674e-17
1.217078655	4.631547858856864e-17
1.218233894	4.6717954306007966e-17
1.219389133	4.675038638814906e-17
1.220544372	4.6344963306760386e-17
1.221699611	4.55380277777302e-17
1.22285485	4.4480926955245683e-17
1.224010089	4.3236868077258247e-17
1.225165328	4.168770440192476e-17
1.226320566	4.009576282118032e-17
1.227475805	3.887377736296134e-17
1.228631044	3.760839403902475e-17
1.229786283	3.6229860814862974e-17
1.230941522	3.52444594333556e-17
1.232096761	3.4648135305442835e-17
1.233252	3.409806783079314e-17
1.234407239	3.3585102094480574e-17
1.235562478	3.33310832135073e-17
1.236717717	3.336267397040129e-17
1.237872956	3.3762797101322105e-17
1.239028195	3.483482248994764e-17
1.240183434	3.647999534943821e-17
1.241338673	3.8346754040979026e-17
1.242493912	4.0547750964182196e-17
1.243649151	4.3230216008503195e-17
1.244804389	4.6183614727467824e-17
1.245959628	4.933555841709681e-17
1.247114867	5.280335967595112e-17
1.248270106	5.650764353591128e-17
1.249425345	6.035084913094116e-17
1.250580584	6.46606410829487e-17
1.251735823	6.992124079017717e-17
1.252891062	7.502971306454208e-17
1.254046301	7.921264119466122e-17
1.25520154	8.29168636519639e-17
1.256356779	8.524044943780952e-17
1.257512018	8.606414101791972e-17
1.258667257	8.604235113759554e-17
1.259822496	8.553234183210048e-17
1.260977735	8.564179581205498e-17
1.262132974	8.634578761264001e-17
1.263288212	8.717902170273658e-17
1.264443451	8.83408144836678e-17
1.26559869	8.992422100260721e-17
1.266753929	9.25784312160633e-17
1.267909168	9.650747842638716e-17
1.269064407	1.0021113423011958e-16
1.270219646	1.0382044843445906e-16
1.271374885	1.0870269829167487e-16
1.272530124	1.1421833328326415e-16
1.273685363	1.2002277927870263e-16
1.274840602	1.2523307818286643e-16
1.275995841	1.2939329871446314e-16
1.27715108	1.3324528334490166e-16
1.278306319	1.361544002065816e-16
1.279461558	1.3772931984704275e-16
1.280616797	1.4192267283985056e-16
1.281772035	1.514210334362149e-16
1.282927274	1.511068828856186e-16
1.284082513	1.4095813172922666e-16
1.285237752	1.3556988217317813e-16
1.286392991	1.3286894089504005e-16
1.28754823	1.298923397888446e-16
1.288703469	1.266540427517994e-16
1.289858708	1.2382965069358618e-16
1.291013947	1.201904986513722e-16
1.292169186	1.1607270241239627e-16
1.293324425	1.129568065766507e-16
1.294479664	1.0955571019628257e-16
1.295634903	1.046661564786592e-16
1.296790142	9.910172247642804e-17
1.297945381	9.317420361528216e-17
1.29910062	8.593296850947004e-17
1.300255858	7.814239634653267e-17
1.301411097	7.095385250685962e-17
1.302566336	6.400670716655858e-17
1.303721575	5.734695688359544e-17
1.304876814	5.11425103598371e-17
1.306032053	4.6062673969597135e-17
1.307187292	4.2291851605232606e-17
1.308342531	3.947525301602531e-17
1.30949777	3.720817138278023e-17
1.310653009	3.549665798954882e-17
1.311808248	3.435121865397908e-17
1.312963487	3.2826813514404776e-17
1.314118726	3.096393942184989e-17
1.315273965	2.97366936358432e-17
1.316429204	2.858700969243625e-17
1.317584443	2.6681395871744898e-17
1.318739682	2.4944867302318384e-17
1.31989492	2.3625685639281952e-17
1.321050159	2.2506658936104446e-17
1.322205398	2.151332836929728e-17
1.323360637	2.0485692586996496e-17
1.324515876	1.959604456855593e-17
1.325671115	1.8954939181212343e-17
1.326826354	1.8414282608019164e-17
1.327981593	1.7947459851946982e-17
1.329136832	1.771892722802254e-17
1.330292071	1.762587196236281e-17
1.33144731	1.746544814877018e-17
1.332602549	1.7325268224505504e-17
1.333757788	1.7156643384353546e-17
1.334913027	1.7121916080774112e-17
1.336068266	1.7193439835313378e-17
1.337223505	1.7119706250824898e-17
1.338378743	1.6943308861795016e-17
1.339533982	1.6753185938664017e-17
1.340689221	1.638588090331202e-17
1.34184446	1.5769154323788404e-17
1.342999699	1.5116618796892038e-17
1.344154938	1.448304298865055e-17
1.345310177	1.3876620051365022e-17
1.346465416	1.326891452598031e-17
1.347620655	1.2563210477136486e-17
1.348775894	1.1882698126425058e-17
1.349931133	1.1244007889216538e-17
1.351086372	1.052203497374708e-17
1.352241611	9.754235489443003e-18
1.35339685	9.091690541879533e-18
1.354552089	8.678111908317167e-18
1.355707328	8.856444922463941e-18
1.356862566	9.901950794820685e-18
1.358017805	1.2652191451927516e-17
1.359173044	1.775589016336177e-17
1.360328283	2.358452074565155e-17
1.361483522	2.4849379692323752e-17
1.362638761	1.0926025415269584e-17
1.363794	-1.8346946545147906e-18
1.364949239	-5.7163444483935416e-18
1.366104478	-3.739909018404016e-18
1.367259717	6.984919766462886e-20
1.368414956	3.2367297409986006e-19
1.369570195	-6.598268403897669e-19
1.370725434	-1.4088017487377129e-18
1.371880673	-1.912678146839176e-18
1.373035912	-2.2483341748195605e-18
1.374191151	-2.359988700918603e-18
1.375346389	-2.204504947032656e-18
1.376501628	-1.7253410620854323e-18
1.377656867	-6.495638271102373e-19
1.378812106	5.23930248169903e-19
1.379967345	1.5822541330907313e-18
1.381122584	2.400736210661454e-18
1.382277823	2.532341756222042e-18
1.383433062	2.4431999875548324e-18
1.384588301	2.5907439055404063e-18
1.38574354	3.821652985684483e-18
1.386898779	7.00914576511521e-18
1.388054018	1.005451983475749e-17
1.389209257	1.2085770674227148e-17
1.390364496	1.2841940935580356e-17
1.391519735	1.2303612836605336e-17
1.392674974	1.1364965139452585e-17
1.393830212	1.039844215114595e-17
1.394985451	9.66617678104263e-18
1.39614069	9.296161770701479e-18
1.397295929	8.971805988316041e-18
1.398451168	8.675420938355286e-18
1.399606407	8.46351402909504e-18
1.400761646	8.137602505093137e-18
1.401916885	7.603441275572964e-18
1.403072124	6.964400881992919e-18
1.404227363	6.067226241295043e-18
1.405382602	4.94466904075969e-18
1.406537841	3.9066340366267125e-18
1.40769308	3.2156121063303064e-18
1.408848319	3.1620523157602313e-18
1.410003558	3.690319711064188e-18
1.411158797	4.608024214488869e-18
1.412314035	5.692501403853723e-18
1.413469274	6.731341353464721e-18
1.414624513	7.55173234393779e-18
1.415779752	8.181240105399299e-18
1.416934991	8.691308381214022e-18
1.41809023	9.116195842111204e-18
1.419245469	9.546639836687828e-18
1.420400708	1.0029510357804703e-17
1.421555947	1.0607844955624752e-17
1.422711186	1.1073429836019264e-17
1.423866425	1.1293076402504145e-17
1.425021664	1.1547483157774965e-17
1.426176903	1.1870276659826645e-17
1.427332142	1.2094565274517252e-17
1.428487381	1.2250886873594943e-17
1.42964262	1.2361515294630988e-17
1.430797859	1.2423557533947446e-17
1.431953097	1.2448390052897064e-17
1.433108336	1.2542076063809017e-17
1.434263575	1.271562400005561e-17
1.435418814	1.2969684592778323e-17
1.436574053	1.3314590261500796e-17
1.437729292	1.3593597502692583e-17
1.438884531	1.3907858685885494e-17
1.44003977	1.4202948590171188e-17
1.441195009	1.3940032307001517e-17
1.442350248	1.3429127766773647e-17
1.443505487	1.3306285313204352e-17
1.444660726	1.327578407360225e-17
1.445815965	1.3129707260864472e-17
1.446971204	1.3062047464583645e-17
1.448126443	1.3004916506461153e-17
1.449281682	1.2728716097782997e-17
1.45043692	1.245336308083376e-17
1.451592159	1.2369541403404311e-17
1.452747398	1.2498687346633926e-17
1.453902637	1.2961891295993645e-17
1.455057876	1.3571303294957634e-17
1.456213115	1.4163659600435535e-17
1.457368354	1.4486530695787994e-17
1.458523593	1.45960834596261e-17
1.459678832	1.4774561058939768e-17
1.460834071	1.4949472741365553e-17
1.46198931	1.510333475910413e-17
1.463144549	1.5249887505049338e-17
1.464299788	1.5338121070433406e-17
1.465455027	1.5438735261656236e-17
1.466610266	1.54519917310235e-17
1.467765505	1.527929924536207e-17
1.468920743	1.50630862673096e-17
1.470075982	1.489223097776348e-17
1.471231221	1.4797264941382397e-17
1.47238646	1.4860564829653998e-17
1.473541699	1.5006643286507138e-17
1.474696938	1.4996663119712062e-17
1.475852177	1.4585731959833715e-17
1.477007416	1.401212525334488e-17
1.478162655	1.3559209207694858e-17
1.479317894	1.313869959566929e-17
1.480473133	1.3106249448718333e-17
1.481628372	1.359876096042539e-17
1.482783611	1.433250970548438e-17
1.48393885	1.5166524521500223e-17
1.485094089	1.5710135184479074e-17
1.486249328	1.6239152583067804e-17
1.487404566	1.7730584336407106e-17
1.488559805	1.932009548707776e-17
1.489715044	1.964133040888974e-17
1.490870283	2.0227882871357433e-17
1.492025522	2.1439038362895588e-17
1.493180761	2.2247979350028412e-17
1.494336	2.2678526912779917e-17
1.495491239	2.3283172433432587e-17
1.496646478	2.35040056562775e-17
1.497801717	2.2929729937409218e-17
1.498956956	2.2067940877032146e-17
1.500112195	2.1241626133951098e-17
1.501267434	2.070902029759953e-17
1.502422673	2.0312522126194703e-17
1.503577912	1.9701063154444028e-17
1.504733151	1.9267795890398772e-17
1.505888389	1.919377532972332e-17
1.507043628	1.937408776876928e-17
1.508198867	1.9936654434503234e-17
1.509354106	2.0746435318238444e-17
1.510509345	2.177603826625011e-17
1.511664584	2.304420229141111e-17
1.512819823	2.4051472037887014e-17
1.513975062	2.478997429289356e-17
1.515130301	2.5389038690668562e-17
1.51628554	2.6043915488976092e-17
1.517440779	2.6884343713465666e-17
1.518596018	2.783961100513248e-17
1.519751257	2.8895860157379795e-17
1.520906496	3.024470767703289e-17
1.522061735	3.17823592404776e-17
1.523216974	3.2802467393177945e-17
1.524372212	3.3304572199500506e-17
1.525527451	3.3374732896675734e-17
1.52668269	3.337931044248774e-17
1.527837929	3.371436021100488e-17
1.528993168	3.505761472390546e-17
1.530148407	3.768603230260321e-17
1.531303646	3.952348888555902e-17
1.532458885	4.097729175004262e-17
1.533614124	4.354064008531041e-17
1.534769363	4.531097588970712e-17
1.535924602	4.5851855026354796e-17
1.537079841	4.6244835327967614e-17
1.53823508	4.648347514295819e-17
1.539390319	4.6542192372686355e-17
1.540545558	4.62582543757971e-17
1.541700797	4.5335739216608474e-17
1.542856036	4.4462345187408215e-17
1.544011274	4.406788521500776e-17
1.545166513	4.413941986854741e-17
1.546321752	4.477910777057814e-17
1.547476991	4.6288929998860766e-17
1.54863223	4.7924226791812603e-17
1.549787469	4.9001566133518835e-17
1.550942708	4.951979561998179e-17
1.552097947	4.9537491113632384e-17
1.553253186	4.997503681142865e-17
1.554408425	5.039589790736769e-17
1.555563664	4.94703831455965e-17
1.556718903	4.827270881355469e-17
1.557874142	4.7331013208412426e-17
1.559029381	4.6591513198362925e-17
1.56018462	4.561459574425683e-17
1.561339859	4.381765335161058e-17
1.562495097	4.17004836165512e-17
1.563650336	3.9685611002758973e-17
1.564805575	3.8136640230426434e-17
1.565960814	3.7413708678954834e-17
1.567116053	3.7419830385885357e-17
1.568271292	3.815115178738889e-17
1.569426531	3.9579264080443686e-17
1.57058177	4.177381170872858e-17
1.571737009	4.458883856283372e-17
1.572892248	4.816437804889062e-17
1.574047487	5.242287708561489e-17
1.575202726	5.680882989195249e-17
1.576357965	6.08011348881296e-17
1.577513204	6.372959885302071e-17
1.578668443	6.450173905104428e-17
1.579823682	6.215462166934286e-17
1.58097892	6.090565202006919e-17
1.582134159	6.120616563857676e-17
1.583289398	5.976687257132251e-17
1.584444637	5.782773358603614e-17
1.585599876	5.650377405684653e-17
1.586755115	5.62145624972798e-17
1.587910354	5.753097992132047e-17
1.589065593	6.016682949019893e-17
1.590220832	6.257371513425537e-17
1.591376071	6.181935409944495e-17
1.59253131	5.971408332931415e-17
1.593686549	5.795560057800324e-17
1.594841788	5.730109360409993e-17
1.595997027	5.767431293513497e-17
1.597152266	5.582555414620359e-17
1.598307505	5.270928511144387e-17
1.599462743	5.138308906785196e-17
1.600617982	5.027778712005977e-17
1.601773221	4.8290561124573035e-17
1.60292846	4.62517762449692e-17
1.604083699	4.432336730923628e-17
1.605238938	4.246591876549414e-17
1.606394177	4.0502158117282874e-17
1.607549416	3.8127012106321e-17
1.608704655	3.629943334856738e-17
1.609859894	3.546637507153222e-17
1.611015133	3.4022577351497964e-17
1.612170372	3.173276509563753e-17
1.613325611	2.95015936637693e-17
1.61448085	2.749500589037012e-17
1.615636089	2.608545147069878e-17
1.616791328	2.4026475039950985e-17
1.617946566	2.1102812491854536e-17
1.619101805	1.9094163729691243e-17
1.620257044	1.784121246719018e-17
1.621412283	1.6366246947787893e-17
1.622567522	1.5062410312726152e-17
1.623722761	1.4273720736378277e-17
1.624878	1.3947391351078115e-17
1.626033239	1.3819575949987632e-17
1.627188478	1.3613644595202848e-17
1.628343717	1.3156217345238361e-17
1.629498956	1.2577013856801014e-17
1.630654195	1.1895813353978854e-17
1.631809434	1.1090043510434089e-17
1.632964673	1.0392280939416112e-17
1.634119912	9.851755271633157e-18
1.635275151	9.413114601392456e-18
1.63643039	9.110992981124346e-18
1.637585628	9.05076004496883e-18
1.638740867	9.072907627779447e-18
1.639896106	9.050582018589644e-18
1.641051345	9.021400546830445e-18
1.642206584	8.936899069824867e-18
1.643361823	8.776513490623126e-18
1.644517062	8.469288589372263e-18
1.645672301	7.935186111934919e-18
1.64682754	7.27468812194555e-18
1.647982779	6.657254308920842e-18
1.649138018	6.15149597582462e-18
1.650293257	5.80747478967262e-18
1.651448496	5.666446051498606e-18
1.652603735	5.6389762334266705e-18
1.653758974	5.6830374261113625e-18
1.654914213	5.745894518931042e-18
1.656069451	5.745867629920668e-18
1.65722469	5.7148718176660724e-18
1.658379929	5.666551442087357e-18
1.659535168	5.651956464692997e-18
1.660690407	5.643994301394292e-18
1.661845646	5.555121593772141e-18
1.663000885	5.411812746641318e-18
1.664156124	5.167312033726064e-18
1.665311363	4.8215841133351855e-18
1.666466602	4.4921062228217325e-18
1.667621841	4.2524359984738884e-18
1.66877708	4.17905319620062e-18
1.669932319	4.28102044917943e-18
1.671087558	4.6676766159871065e-18
1.672242797	5.308750961732598e-18
1.673398036	5.9257263568106964e-18
1.674553274	6.550726804962404e-18
1.675708513	7.337821178885983e-18
1.676863752	7.956211788232171e-18
1.678018991	8.17513177852731e-18
1.67917423	8.402815043416156e-18
1.680329469	8.668786636921114e-18
1.681484708	8.776500889253451e-18
1.682639947	8.780108192948204e-18
1.683795186	8.526554672401855e-18
1.684950425	8.264419039844319e-18
1.686105664	8.049085299484646e-18
1.687260903	7.632803023578396e-18
1.688416142	7.149615133505391e-18
1.689571381	6.714144339587448e-18
1.69072662	6.3504664631119254e-18
1.691881859	6.124981926443725e-18
1.693037097	6.066894969617598e-18
1.694192336	6.152368972906929e-18
1.695347575	6.275269025080133e-18
1.696502814	6.386174840304272e-18
1.697658053	6.4864113415010725e-18
1.698813292	6.56865708119663e-18
1.699968531	6.62733238799033e-18
1.70112377	6.587983066389379e-18
1.702279009	6.366151982831056e-18
1.703434248	5.931570010208373e-18
1.704589487	5.2330886111584546e-18
1.705744726	4.328091142845673e-18
1.706899965	3.386745503281975e-18
1.708055204	2.513692795941135e-18
1.709210443	1.633108743042114e-18
1.710365682	1.0957226933610332e-18
1.71152092	1.348187828541526e-18
1.712676159	2.5974970777821684e-18
1.713831398	5.4866469069194406e-18
1.714986637	8.933130687750635e-18
1.716141876	1.2022200931119452e-17
1.717297115	1.3892637943565852e-17
1.718452354	1.317347752882861e-17
1.719607593	1.0935483344672922e-17
1.720762832	7.866795985404436e-18
1.721918071	4.7384551547746185e-18
1.72307331	3.106835253734938e-18
1.724228549	2.4204360264013214e-18
1.725383788	2.362126220489645e-18
1.726539027	2.717687350625153e-18
1.727694266	3.1436574200307885e-18
1.728849505	3.6783560361959485e-18
1.730004743	4.241701532619413e-18
1.731159982	4.801608357069298e-18
1.732315221	5.324031500613305e-18
1.73347046	5.904514170915065e-18
1.734625699	6.506452147199529e-18
1.735780938	7.100326577375019e-18
1.736936177	7.620412040625644e-18
1.738091416	7.922985596562183e-18
1.739246655	8.10313403182864e-18
1.740401894	8.142889545771888e-18
1.741557133	8.118262814653655e-18
1.742712372	7.968194492285154e-18
1.743867611	7.643405353010252e-18
1.74502285	7.406676771081407e-18
1.746178089	7.277413495655794e-18
1.747333328	7.11646953302691e-18
1.748488567	6.940033638086875e-18
1.749643805	6.776456136942343e-18
1.750799044	6.6494747292258145e-18
1.751954283	6.564349240295429e-18
1.753109522	6.452738985703097e-18
1.754264761	6.329984220115411e-18
1.75542	6.237695659138719e-18
1.756575239	6.121509224418247e-18
1.757730478	5.9249395353912414e-18
1.758885717	5.604669051258371e-18
1.760040956	5.256808230230627e-18
1.761196195	4.996171885423608e-18
1.762351434	4.835879219456244e-18
1.763506673	4.7434879756630424e-18
1.764661912	4.723628554323995e-18
1.765817151	4.79385757608948e-18
1.76697239	4.911727825965492e-18
1.768127628	5.029113879014211e-18
1.769282867	5.088749905111825e-18
1.770438106	5.051449427729255e-18
1.771593345	4.855364645438798e-18
1.772748584	4.497892382458185e-18
1.773903823	4.097980455076451e-18
1.775059062	3.72557843349409e-18
1.776214301	3.480913878129553e-18
1.77736954	3.380231944553741e-18
1.778524779	3.2993385021364614e-18
1.779680018	3.1909070036219957e-18
1.780835257	2.926343138458644e-18
1.781990496	2.5267744312732974e-18
1.783145735	2.1584849451610266e-18
1.784300974	1.9139820306558924e-18
1.785456213	1.9918570474086426e-18
1.786611451	2.337470784337042e-18
1.78776669	2.7915521372997697e-18
1.788921929	3.3065338378712018e-18
1.790077168	3.763457588560743e-18
1.791232407	4.155781822632573e-18
1.792387646	4.5158830052423164e-18
1.793542885	4.865702995093106e-18
1.794698124	5.212772561442856e-18
1.795853363	5.571956630298296e-18
1.797008602	6.001224765767894e-18
1.798163841	6.5702289255099305e-18
1.79931908	7.403424595030021e-18
1.800474319	8.510011231180145e-18
1.801629558	9.944216043483307e-18
1.802784797	1.1494178801823408e-17
1.803940036	1.2788376123669816e-17
1.805095274	1.4103649846837934e-17
1.806250513	1.5531338375629358e-17
1.807405752	1.7042938093889532e-17
1.808560991	1.8796846713268984e-17
1.80971623	2.0879723419594574e-17
1.810871469	2.34390182635916e-17
1.812026708	2.6669495645778854e-17
1.813181947	3.060717585153761e-17
1.814337186	3.5093059987779766e-17
1.815492425	4.0048839801186626e-17
1.816647664	4.5466468526768785e-17
1.817802903	5.1748577503213363e-17
1.818958142	5.560000969862688e-17
1.820113381	5.591722786312942e-17
1.82126862	5.722766068726105e-17
1.822423859	5.93830376938583e-17
1.823579097	6.026970243325653e-17
1.824734336	6.153748587908192e-17
1.825889575	6.483494312546385e-17
1.827044814	6.940641366610848e-17
1.828200053	7.428414298285694e-17
1.829355292	7.789777888680395e-17
1.830510531	7.922251108852876e-17
1.83166577	7.976099058322057e-17
1.832821009	0.
1.833976248	0.
1.835131487	0.
1.836286726	0.
1.837441965	0.
1.838597204	0.
1.839752443	0.
1.840907682	0.
1.84206292	0.
1.843218159	0.
1.844373398	0.
1.845528637	0.
1.846683876	0.
1.847839115	0.
1.848994354	0.
1.850149593	0.
1.851304832	0.
1.852460071	0.
1.85361531	0.
1.854770549	0.
1.855925788	0.
1.857081027	0.
1.858236266	0.
1.859391505	0.
1.860546744	0.
1.861701982	0.
1.862857221	0.
1.86401246	0.
1.865167699	0.
1.866322938	0.
1.867478177	0.
1.868633416	0.
1.869788655	0.
1.870943894	5.96786856235955e-14
1.872099133	6.061993752464107e-14
1.873254372	5.095013664579299e-14
1.874409611	4.427950362773794e-14
1.87556485	-2.3006038766882626e-15
1.876720089	4.641358186393841e-16
1.877875328	-2.0163125960143252e-16
1.879030567	-5.02919670050624e-16
1.880185805	-5.152990721988919e-16
1.881341044	-5.58444541606257e-16
1.882496283	3.477351068146075e-15
1.883651522	2.164886763960195e-16
1.884806761	1.1352625381243174e-16
1.885962	8.517336933168245e-17
1.887117239	6.185291469796111e-17
1.888272478	2.650359962169383e-17
1.889427717	-6.793196355623301e-18
1.890582956	-2.4611732551689997e-17
1.891738195	-1.45302510430592e-17
1.892893434	1.9617076826209515e-17
1.894048673	8.572153311946968e-17
1.895203912	2.5557625934214733e-16
1.896359151	4.2735752102587105e-15
1.89751439	-4.3367286482701013e-16
1.898669628	-2.1786453838215263e-16
1.899824867	-1.3549475058636804e-16
1.900980106	-7.787791800404111e-17
1.902135345	-5.496439773274049e-17
1.903290584	-8.69744184486568e-17
1.904445823	-1.4373110415567701e-16
1.905601062	-2.127463196510467e-16
1.906756301	-3.126893016722874e-16
1.90791154	-5.477393552209977e-16
1.909066779	-2.0799694472952883e-14
1.910222018	4.168752813638937e-16
1.911377257	2.017999299601611e-16
1.912532496	1.3519418027764464e-16
1.913687735	8.370857437356645e-17
1.914842974	5.679672122806023e-17
1.915998213	5.0582020648058805e-17
1.917153451	5.0186842278215045e-17
1.91830869	5.1226554833655323e-17
1.919463929	5.241257662256704e-17
1.920619168	5.205598658457372e-17
1.921774407	4.908116824616953e-17
1.922929646	4.480482461467188e-17
1.924084885	4.2089705587594756e-17
1.925240124	4.353265134134825e-17
1.926395363	5.404596672877774e-17
1.927550602	8.387134183442088e-17
1.928705841	1.5348704003837995e-16
1.92986108	2.2668775145979293e-16
1.931016319	1.832756479773689e-16
1.932171558	8.520603217424453e-17
1.933326797	3.168710816025263e-17
1.934482036	6.07782692892926e-18
1.935637274	-6.983373152298152e-18
1.936792513	-1.3403579419718458e-17
1.937947752	-1.1362062504644457e-17
1.939102991	-2.2282511755197167e-18
1.94025823	7.611970327713643e-18
1.941413469	1.184011366856644e-17
1.942568708	1.1768813172479582e-17
1.943723947	8.677786839077101e-18
1.944879186	3.1266025199548555e-18
1.946034425	-1.0699858077635705e-18
1.947189664	7.497548720334503e-19
1.948344903	4.252375825686227e-18
1.949500142	6.0758697299345285e-18
1.950655381	6.270689794672814e-18
1.95181062	5.6753242335264005e-18
1.952965859	4.405431620613193e-18
1.954121097	3.679036243817704e-18
1.955276336	5.96745013497562e-18
1.956431575	1.1791886733556536e-17
1.957586814	1.744381889868206e-17
1.958742053	1.780542640330459e-17
1.959897292	1.4772379251678565e-17
1.961052531	1.0740413289406776e-17
1.96220777	6.262606953947149e-18
1.963363009	1.323547125585219e-18
1.964518248	-4.023420050558753e-18
1.965673487	-7.008263710260721e-18
1.966828726	-5.462285280436849e-18
1.967983965	-1.2447928667312368e-18
1.969139204	2.1526225243414085e-18
1.970294443	3.089814233429194e-18
1.971449682	3.1678220017568975e-18
1.972604921	3.7452295118696135e-18
1.973760159	5.059136727659877e-18
1.974915398	6.444523592667255e-18
1.976070637	7.650712255056717e-18
1.977225876	8.37507163364757e-18
1.978381115	8.140087719410749e-18
1.979536354	6.8157175290109936e-18
1.980691593	5.5718792623774565e-18
1.981846832	5.456711408802478e-18
1.983002071	5.959431432763888e-18
1.98415731	6.4370550569672565e-18
1.985312549	6.65873745257892e-18
1.986467788	6.659906998118056e-18
1.987623027	6.2255431779718045e-18
1.988778266	5.703329188880612e-18
1.989933505	5.3937270716436155e-18
1.991088744	5.301640247271051e-18
1.992243982	5.197679464576944e-18
1.993399221	4.942055917368509e-18
1.99455446	4.249945648235376e-18
1.995709699	2.636939733179215e-18
1.996864938	-2.0101527178009857e-19
1.998020177	-3.326775905007882e-18
1.999175416	-4.128386685887612e-18
2.000330655	-1.0641888026503658e-18
2.001485894	6.006272099791958e-18
2.002641133	1.535165385587866e-17
2.003796372	2.3377308276243523e-17
2.004951611	2.1964147446468702e-17
2.00610685	1.4656652004099472e-17
2.007262089	9.197569100577027e-18
2.008417328	7.341512077662756e-18
2.009572567	5.860638767324258e-18
2.010727805	2.2650539134192e-18
2.011883044	-2.9228194430427574e-18
2.013038283	-6.5443781195397934e-18
2.014193522	-4.498843874124326e-18
2.015348761	1.2387505688883675e-18
2.016504	6.8141695272975546e-18
2.017659239	1.0057572279304293e-17
2.018814478	1.1102704662456384e-17
2.019969717	1.0545963298996084e-17
2.021124956	9.087905631156056e-18
2.022280195	7.22764737790942e-18
2.023435434	5.184323011119284e-18
2.024590673	3.211483955189312e-18
2.025745912	1.4712493931304375e-18
2.026901151	3.534962907579208e-19
2.02805639	1.1995606582006355e-19
2.029211628	7.969500520704795e-19
2.030366867	2.2207394128953725e-18
2.031522106	4.150463628747222e-18
2.032677345	5.521837727133275e-18
2.033832584	5.4315906152085165e-18
2.034987823	3.910266306461985e-18
2.036143062	2.5863824119143785e-18
2.037298301	2.8634061829393055e-18
2.03845354	4.5266213458378065e-18
2.039608779	7.096884416124768e-18
2.040764018	9.60329219568957e-18
2.041919257	1.011560975957342e-17
2.043074496	6.3025979738123294e-18
2.044229735	9.32386026089172e-19
2.045384974	-2.178114021023101e-18
2.046540213	-1.2006599236441694e-18
2.047695451	1.4652489913699307e-18
2.04885069	3.628943721379189e-18
2.050005929	4.897716750788195e-18
2.051161168	5.201960907241829e-18
2.052316407	4.474054535744493e-18
2.053471646	3.4491207471994374e-18
2.054626885	3.497408521232634e-18
2.055782124	4.555016194646256e-18
2.056937363	5.842898700296715e-18
2.058092602	6.7556334787350536e-18
2.059247841	7.153677469814398e-18
2.06040308	6.803020417040076e-18
2.061558319	5.91899234957339e-18
2.062713558	5.203512486317541e-18
2.063868797	5.101622929636736e-18
2.065024036	4.7187056577406665e-18
2.066179274	3.33461756056576e-18
2.067334513	1.600746831346346e-18
2.068489752	3.8474068971275295e-19
2.069644991	2.2900324215890994e-19
2.07080023	1.0745931242210165e-18
2.071955469	2.89804697849331e-18
2.073110708	4.825905341328884e-18
2.074265947	5.713823400727681e-18
2.075421186	4.86544247783793e-18
2.076576425	3.3383685376195053e-18
2.077731664	2.1932827268208785e-18
2.078886903	1.6868040606628427e-18
2.080042142	1.437319622718997e-18
2.081197381	1.1517291978325777e-18
2.08235262	1.1834450359962454e-18
2.083507859	1.9750093891855446e-18
2.084663098	3.2151447311685348e-18
2.085818336	3.815948285086936e-18
2.086973575	3.0245803647130845e-18
2.088128814	1.693916359095376e-18
2.089284053	6.783240969064922e-19
2.090439292	4.211972136005784e-19
2.091594531	8.872505593475686e-19
2.09274977	2.122737627200741e-18
2.093905009	3.2203794897699634e-18
2.095060248	3.2192206230348426e-18
2.096215487	1.8908882328911323e-18
2.097370726	5.620357003700653e-20
2.098525965	-1.5299110254480348e-18
2.099681204	-2.4750444498630694e-18
2.100836443	-2.4062680478918098e-18
2.101991682	-1.2715800981988528e-18
2.103146921	3.7066686107424973e-19
2.104302159	1.9908169190630152e-18
2.105457398	2.996972295132107e-18
2.106612637	2.820978107000574e-18
2.107767876	1.3740597059980926e-18
2.108923115	-4.167382080985276e-19
2.110078354	-1.695277455993687e-18
2.111233593	-2.0685212755900594e-18
2.112388832	-1.334633033932844e-18
2.113544071	3.895205560275785e-19
2.11469931	2.3281882008883034e-18
2.115854549	3.710713171485716e-18
2.117009788	4.341849302875787e-18
2.118165027	4.279184319590999e-18
2.119320266	3.751838705638297e-18
2.120475505	3.0581996301411984e-18
2.121630744	2.545517003304854e-18
2.122785982	2.345463257530821e-18
2.123941221	2.411557167890407e-18
2.12509646	2.626967491777799e-18
2.126251699	2.853841977637881e-18
2.127406938	2.9663836623840324e-18
2.128562177	2.900087347082732e-18
2.129717416	2.6390753982217866e-18
2.130872655	2.1708555158606296e-18
2.132027894	1.7580389333939612e-18
2.133183133	1.7223712041663222e-18
2.134338372	2.0274635088078515e-18
2.135493611	2.400227658437394e-18
2.13664885	2.5672020674277968e-18
2.137804089	2.6038670343819117e-18
2.138959328	2.724176154095263e-18
2.140114567	2.935548434337483e-18
2.141269805	3.047400524866323e-18
2.142425044	2.951015764910311e-18
2.143580283	2.8572432359669135e-18
2.144735522	2.9534159505142407e-18
2.145890761	3.3904311950778504e-18
2.147046	4.2592900215963696e-18
2.148201239	5.629964432394538e-18
2.149356478	7.021593241250331e-18
2.150511717	7.824400631242382e-18
2.151666956	7.761550506469235e-18
2.152822195	7.071492988853411e-18
2.153977434	5.987334228989558e-18
2.155132673	4.828867448088131e-18
2.156287912	3.9515430286569685e-18
2.157443151	3.483804795987301e-18
2.15859839	3.1345552321909668e-18
2.159753628	2.6018488586864267e-18
2.160908867	2.099444765994132e-18
2.162064106	1.9793996226106216e-18
2.163219345	2.3614817594697076e-18
2.164374584	2.8190291864932294e-18
2.165529823	2.9987842406716044e-18
2.166685062	2.9000547127176323e-18
2.167840301	2.6731527371046565e-18
2.16899554	2.8002102828355004e-18
2.170150779	3.0942659513063336e-18
2.171306018	3.325613595612858e-18
2.172461257	3.448095818772514e-18
2.173616496	3.4191997022380386e-18
2.174771735	3.297635460922386e-18
2.175926974	3.4760598335721596e-18
2.177082213	4.405991567337642e-18
2.178237452	5.701938173697662e-18
2.17939269	6.512703474333055e-18
2.180547929	6.398106239824179e-18
2.181703168	5.914245560373678e-18
2.182858407	5.120392948286687e-18
2.184013646	4.322422037904073e-18
2.185168885	4.145714157435214e-18
2.186324124	4.9236600982531455e-18
2.187479363	5.448661510247679e-18
2.188634602	4.144079000847238e-18
2.189789841	1.7103173285644214e-18
2.19094508	4.2958241783765606e-19
2.192100319	1.750382440312992e-18
2.193255558	3.8587530781236245e-18
2.194410797	4.918730727182911e-18
2.195566036	4.7314716555321626e-18
2.196721275	4.306133864081208e-18
2.197876513	4.464038633024034e-18
2.199031752	4.756221888980316e-18
2.200186991	4.614568535885563e-18
2.20134223	4.099596806012328e-18
2.202497469	3.9001327935103485e-18
2.203652708	4.537357879784856e-18
2.204807947	5.2828740255300605e-18
2.205963186	5.316112667253914e-18
2.207118425	4.397420567039671e-18
2.208273664	3.640056189166279e-18
2.209428903	4.1117497182660034e-18
2.210584142	5.055469217672316e-18
2.211739381	5.610841562512981e-18
2.21289462	5.497028281186164e-18
2.214049859	5.261367100544868e-18
2.215205098	5.398248243617453e-18
2.216360336	5.599226708781222e-18
2.217515575	5.412925596513132e-18
2.218670814	4.7367585615920535e-18
2.219826053	4.0423533866746395e-18
2.220981292	3.771390323918624e-18
2.222136531	3.812974639917151e-18
2.22329177	3.882678394737393e-18
2.224447009	3.864236328234112e-18
2.225602248	4.056710294403623e-18
2.226757487	4.841082682953601e-18
2.227912726	4.942891631606181e-18
2.229067965	2.8155858914932642e-18
2.230223204	-1.927375456685397e-18
2.231378443	-6.099253568448599e-18
2.232533682	-6.2166337642959505e-18
2.233688921	-3.2745680944176537e-18
2.234844159	8.873993911483582e-20
2.235999398	1.9961159472762877e-18
2.237154637	3.132777040306893e-18
2.238309876	4.134993994037181e-18
2.239465115	4.240262104165872e-18
2.240620354	2.3528093134930046e-18
2.241775593	-1.8766543840769632e-18
2.242930832	-5.735759250488743e-18
2.244086071	-6.062589454520657e-18
2.24524131	-3.480588164491618e-18
2.246396549	-6.454879989830744e-19
2.247551788	4.865803554464069e-19
2.248707027	9.872674221192395e-19
2.249862266	1.9601989581690557e-18
2.251017505	3.057249045822926e-18
2.252172744	3.0773998643954166e-18
2.253327982	1.1874260601144818e-18
2.254483221	-1.1493066163481358e-18
2.25563846	-2.1320681179341147e-18
2.256793699	-1.48900027074281e-18
2.257948938	-2.5676145770258185e-19
2.259104177	7.500726684428922e-19
2.260259416	1.5568623019404783e-18
2.261414655	2.2069341653388787e-18
2.262569894	2.611689907306537e-18
2.263725133	2.555227580520609e-18
2.264880372	2.0148118950945445e-18
2.266035611	1.3571451421437303e-18
2.26719085	9.11857659190278e-19
2.268346089	8.903035857527632e-19
2.269501328	1.33016411680708e-18
2.270656567	2.2737625784989247e-18
2.271811805	3.210602555793262e-18
2.272967044	3.519474844677085e-18
2.274122283	2.9711987700986454e-18
2.275277522	1.976422593610988e-18
2.276432761	9.191706322999058e-19
2.277588	1.1560646160456177e-19
2.278743239	-1.2084780447726724e-19
2.279898478	2.0139562148284489e-19
2.281053717	4.433565182884676e-19
2.282208956	-4.325622190191727e-20
2.283364195	-1.0707792817444001e-18
2.284519434	-2.141576596253135e-18
2.285674673	-2.8856293841578443e-18
2.286829912	-2.9793775339392616e-18
2.287985151	-2.053798634192978e-18
2.28914039	-6.316923234924077e-19
2.290295629	5.162516521088721e-19
2.291450867	8.654542434169822e-19
2.292606106	8.581178434683754e-19
2.293761345	9.541794119345898e-19
2.294916584	1.1400893276509193e-18
2.296071823	1.2633083083944985e-18
2.297227062	1.2802414260898543e-18
2.298382301	1.2555365369587303e-18
2.29953754	1.195142251326565e-18
2.300692779	1.212522161144016e-18
2.301848018	1.4568320524578246e-18
2.303003257	1.9945435328859976e-18
2.304158496	2.570805233650566e-18
2.305313735	2.9343768244029533e-18
2.306468974	2.8781291332734876e-18
2.307624213	2.2695330516908182e-18
2.308779452	1.0910776265183139e-18
2.30993469	-4.1356359749041327e-19
2.311089929	-2.065548809369758e-18
2.312245168	-3.4853171378143935e-18
2.313400407	-4.23826703729847e-18
2.314555646	-3.995178734881051e-18
2.315710885	-2.982556383580098e-18
2.316866124	-1.3857598060104678e-18
2.318021363	6.04304009415776e-20
2.319176602	1.801210172030289e-19
2.320331841	-1.874118451533219e-18
2.32148708	-4.197387290622294e-18
2.322642319	-4.883984955631171e-18
2.323797558	-3.591171836230283e-18
2.324952797	-1.447222660717746e-18
2.326108036	7.010232616282841e-19
2.327263275	2.3318188545749795e-18
2.328418513	2.9434815376789373e-18
2.329573752	2.4136626662505595e-18
2.330728991	1.0149297733284218e-18
2.33188423	-9.98896769724312e-19
2.333039469	-2.9401708873850285e-18
2.334194708	-3.987722707989253e-18
2.335349947	-3.806557905751192e-18
2.336505186	-2.6893060844599388e-18
2.337660425	-8.519137250188815e-19
2.338815664	1.2247088653389503e-18
2.339970903	2.8316173880566666e-18
2.341126142	3.504473854434459e-18
2.342281381	3.5008485675648365e-18
2.34343662	3.097190617924987e-18
2.344591859	2.4480006527384047e-18
2.345747098	1.6698603075436762e-18
2.346902336	8.996698576876162e-19
2.348057575	3.693264048970755e-19
2.349212814	3.5618354980833204e-19
2.350368053	6.281855150702336e-19
2.351523292	7.355042908127389e-19
2.352678531	3.688430909314622e-19
2.35383377	-1.405842597122991e-19
2.354989009	-5.131808110819529e-19
2.356144248	-6.909853906390516e-19
2.357299487	-6.766905567359927e-19
2.358454726	-4.858568269769544e-19
2.359609965	-3.189593065860973e-19
2.360765204	-4.028653949553644e-19
2.361920443	-6.484350090753153e-19
2.363075682	-8.408432484622406e-19
2.364230921	-8.262069430321167e-19
2.365386159	-6.608799996197723e-19
2.366541398	-3.8615886712365894e-19
2.367696637	-4.915185056933313e-20
2.368851876	2.7418274013731184e-19
2.370007115	4.775388530283053e-19
2.371162354	5.950871441594828e-19
2.372317593	6.920982003602512e-19
2.373472832	8.049592965467655e-19
2.374628071	9.138490373223727e-19
2.37578331	9.857652092258329e-19
2.376938549	9.1038227783312e-19
2.378093788	5.419054367494428e-19
2.379249027	-3.6022072397858927e-20
2.380404266	-4.928397550536473e-19
2.381559505	-5.39038507861352e-19
2.382714744	-2.5172268985782843e-19
2.383869982	2.9751350039832917e-19
2.385025221	9.706274885766883e-19
2.38618046	1.4236685941254586e-18
2.387335699	1.2967454056546412e-18
2.388490938	9.089453116487482e-19
2.389646177	6.276605457357922e-19
2.390801416	5.140086914311004e-19
2.391956655	3.66884845798881e-19
2.393111894	4.662843617149403e-20
2.394267133	-3.530443386595542e-19
2.395422372	-7.03136979847282e-19
2.396577611	-9.046416222643083e-19
2.39773285	-9.333870733153418e-19
2.398888089	-7.9302150712955e-19
2.400043328	-5.023931661383505e-19
2.401198567	-6.11789928827432e-20
2.402353806	4.603054017175138e-19
2.403509044	8.368014953595706e-19
2.404664283	8.3731315040201305e-19
2.405819522	3.09573024117665e-19
2.406974761	-8.359410312444174e-19
2.40813	-2.396390171461898e-18
2.409285239	-3.634226004568373e-18
2.410440478	-3.932631070145215e-18
2.411595717	-3.3934485573059386e-18
2.412750956	-2.340318197015487e-18
2.413906195	-9.950001410675e-19
2.415061434	3.5001277150942055e-19
2.416216673	1.0069622129543441e-18
2.417371912	7.457704439486138e-19
2.418527151	-8.473179748452941e-20
2.41968239	-9.998854044309588e-19
2.420837629	-1.5383309940249946e-18
2.421992867	-1.3506302992303888e-18
2.423148106	-6.848836494098586e-19
2.424303345	7.737116908481367e-20
2.425458584	6.56278468359936e-19
2.426613823	7.263333646199226e-19
2.427769062	-2.4064208720432432e-20
2.428924301	-1.180935499751404e-18
2.43007954	-2.1811252715419735e-18
2.431234779	-2.771903526481618e-18
2.432390018	-2.6966989978451388e-18
2.433545257	-1.1793246297347122e-18
2.434700496	1.742625665664089e-18
2.435855735	3.9636162048536325e-18
2.437010974	2.8404429471612316e-18
2.438166213	8.502519408931833e-19
2.439321452	-9.970414865489786e-20
2.44047669	3.6997236283804554e-20
2.441631929	6.868025779151228e-19
2.442787168	1.794725111619752e-18
2.443942407	2.5393174231185005e-18
2.445097646	9.92692577696122e-19
2.446252885	-4.265151123613701e-18
2.447408124	-1.08651603226426e-17
2.448563363	-1.3587583759005565e-17
2.449718602	-1.0992446026865016e-17
2.450873841	-4.60065712634471e-18
2.45202908	2.238468536817824e-18
2.453184319	5.724506383160817e-18
2.454339558	4.230839414138815e-18
2.455494797	1.0235655598237014e-18
2.456650036	-1.4705779999936339e-18
2.457805275	-2.4822270371675687e-18
2.458960513	-2.8955067348185963e-18
2.460115752	-3.2145453495167857e-18
2.461270991	-3.4567691515440264e-18
2.46242623	-3.3825455513472984e-18
2.463581469	-2.8194659669323725e-18
2.464736708	-2.1581869271082605e-18
2.465891947	-1.947765561502214e-18
2.467047186	-1.4426262215299938e-18
2.468202425	5.289934267317529e-19
2.469357664	4.4561892212684645e-18
2.470512903	7.823375036034559e-18
2.471668142	7.141767595965887e-18
2.472823381	2.693237609550456e-18
2.47397862	-3.4666937893754688e-18
2.475133859	-8.886212464355156e-18
2.476289098	-1.1734057291083741e-17
2.477444336	-1.1119425529113348e-17
2.478599575	-7.021315928257193e-18
2.479754814	8.242537027848686e-19
2.480910053	1.2917488455399677e-17
2.482065292	3.4184642336172835e-17
2.483220531	6.326214352386279e-17
2.48437577	8.55536308828677e-17
2.485531009	1.0221358845669224e-16
2.486686248	1.2123175772915734e-16
2.487841487	1.461352355716977e-16
2.488996726	1.9082085064071148e-16
2.490151965	2.620164163278788e-16
2.491307204	3.615273617353197e-16
2.492462443	5.039858018314784e-16
2.493617682	5.899393048675866e-16
2.494772921	4.155164301905813e-16
2.495928159	2.135384051900548e-16
2.497083398	1.1807454543841762e-16