0.45	7.641833471102366e-15
0.451209142	4.776115605692161e-15
0.452418284	1.3650282396925852e-15
0.453627426	5.010142826504987e-16
0.454836568	1.4312418426581337e-15
0.45604571	1.4746777389654947e-15
0.457254852	1.4134555572718795e-15
0.458463995	1.3996696921297203e-15
0.459673137	1.5734647273557845e-15
0.460882279	1.723204227290314e-15
0.462091421	1.7500009878107665e-15
0.463300563	1.895913368365246e-15
0.464509705	2.0420509953033288e-15
0.465718847	1.885921238697461e-15
0.466927989	2.069363197972411e-15
0.468137131	2.0734204169165774e-15
0.469346273	1.889221318857752e-15
0.470555415	1.8226492732724367e-15
0.471764557	1.6777025224082326e-15
0.472973699	1.7390079521408867e-15
0.474182842	1.813951566559743e-15
0.475391984	1.8070425622303644e-15
0.476601126	1.7507513859484144e-15
0.477810268	1.6115229211487338e-15
0.47901941	1.683192786045774e-15
0.480228552	1.7638874861051594e-15
0.481437694	1.828635590590503e-15
0.482646836	1.956047861375731e-15
0.483855978	1.985822751572968e-15
0.48506512	1.7340104751093951e-15
0.486274262	1.2770321861970627e-15
0.487483404	1.6156048046235861e-15
0.488692547	2.0668240037523494e-15
0.489901689	2.1968647169263292e-15
0.491110831	2.2233645131383706e-15
0.492319973	2.25292494388812e-15
0.493529115	2.286371868498224e-15
0.494738257	2.1777551966627786e-15
0.495947399	2.2948849426352563e-15
0.497156541	2.119477281469223e-15
0.498365683	2.124828301962935e-15
0.499574825	1.90165606933664e-15
0.500783967	1.8930703078885946e-15
0.501993109	1.9491925213673957e-15
0.503202251	1.9031655622877823e-15
0.504411394	1.8345075861096855e-15
0.505620536	1.7001331646659236e-15
0.506829678	1.791845675111829e-15
0.50803882	1.9370302565107954e-15
0.509247962	2.0458752241912082e-15
0.510457104	2.1416080084746736e-15
0.511666246	2.1405310587967267e-15
0.512875388	2.2228687972593544e-15
0.51408453	2.077105922341831e-15
0.515293672	1.9234113603274206e-15
0.516502814	2.114457994901687e-15
0.517711956	2.0709794066364857e-15
0.518921098	2.1053551562649073e-15
0.520130241	1.9652551316004236e-15
0.521339383	1.9909291354682315e-15
0.522548525	2.1077845674488925e-15
0.523757667	2.0528285856871867e-15
0.524966809	1.9916478111499315e-15
0.526175951	2.0886437686605797e-15
0.527385093	2.0927812911480816e-15
0.528594235	2.1382117366536964e-15
0.529803377	2.138553174430252e-15
0.531012519	1.9444564061235674e-15
0.532221661	1.8657129905142296e-15
0.533430803	1.6912848571039903e-15
0.534639946	1.6815731105124567e-15
0.535849088	1.4950204176468669e-15
0.53705823	1.4462933567971516e-15
0.538267372	1.2768706890887555e-15
0.539476514	1.1520219426536334e-15
0.540685656	1.0568066259028733e-15
0.541894798	9.386662187664065e-16
0.54310394	9.956030156175283e-16
0.544313082	1.1522111234765676e-15
0.545522224	1.3874056941923046e-15
0.546731366	1.666092133954493e-15
0.547940508	1.944014599998238e-15
0.54914965	2.0815265781819923e-15
0.550358793	2.1757368243638155e-15
0.551567935	2.1936745343432587e-15
0.552777077	2.2093855659213333e-15
0.553986219	2.1459502829929245e-15
0.555195361	2.0827247533157906e-15
0.556404503	2.0989172936743483e-15
0.557613645	2.0386197488228965e-15
0.558822787	2.0768551591960964e-15
0.560031929	2.0777397847095108e-15
0.561241071	2.1230336540012463e-15
0.562450213	2.093334802208171e-15
0.563659355	2.0377518091724424e-15
0.564868497	1.9917217455228373e-15
0.56607764	1.9123481617963553e-15
0.567286782	1.7269898576485477e-15
0.568495924	1.7386521803408216e-15
0.569705066	1.5810216891496934e-15
0.570914208	1.534901708092269e-15
0.57212335	1.4802207205880665e-15
0.573332492	1.4324234454165336e-15
0.574541634	1.3183710720341743e-15
0.575750776	1.2705302610199572e-15
0.576959918	1.2366776823282768e-15
0.57816906	1.228067557151359e-15
0.579378202	1.296385844874847e-15
0.580587344	1.4540560910100008e-15
0.581796487	1.6534022269859153e-15
0.583005629	1.8159734031041203e-15
0.584214771	1.9754098524150786e-15
0.585423913	2.098003552873675e-15
0.586633055	2.0792964122057797e-15
0.587842197	2.019618111994469e-15
0.589051339	1.9760177923088792e-15
0.590260481	1.916371851326695e-15
0.591469623	1.8298577792052078e-15
0.592678765	1.7081046725454152e-15
0.593887907	1.5868722690367703e-15
0.595097049	1.4552621798972344e-15
0.596306192	1.3381021314914916e-15
0.597515334	1.3004063135428736e-15
0.598724476	1.318698563452109e-15
0.599933618	1.3162771391614928e-15
0.60114276	1.3797753725650889e-15
0.602351902	1.5048232241440755e-15
0.603561044	1.5585419405181595e-15
0.604770186	1.6272746379534444e-15
0.605979328	1.6302542035785066e-15
0.60718847	1.5031350165405342e-15
0.608397612	1.31695320229153e-15
0.609606754	1.1554324497281184e-15
0.610815896	1.06825846048347e-15
0.612025039	9.176498521073154e-16
0.613234181	7.918991793196696e-16
0.614443323	6.543102312412464e-16
0.615652465	5.565627598621605e-16
0.616861607	5.261090695486354e-16
0.618070749	4.713296441559926e-16
0.619279891	4.582131693521026e-16
0.620489033	4.455979506835299e-16
0.621698175	4.603383449582738e-16
0.622907317	4.847004157741524e-16
0.624116459	5.581827367977442e-16
0.625325601	6.867059249393736e-16
0.626534743	8.365032291018861e-16
0.627743886	1.0003174665667617e-15
0.628953028	1.192684934899655e-15
0.63016217	1.3394868643515141e-15
0.631371312	1.4341317823700953e-15
0.632580454	1.5224874814747424e-15
0.633789596	1.5573588367931403e-15
0.634998738	1.5307776938207646e-15
0.63620788	1.5028995095354987e-15
0.637417022	1.4419896165775284e-15
0.638626164	1.4037642347810157e-15
0.639835306	1.338486087236172e-15
0.641044448	1.253047216889851e-15
0.64225359	1.1898515098283308e-15
0.643462733	1.1570571368884396e-15
0.644671875	1.1353151529593702e-15
0.645881017	1.1362007216199096e-15
0.647090159	1.1350241791735352e-15
0.648299301	1.089136253586153e-15
0.649508443	1.0457222276528581e-15
0.650717585	1.0215782781421585e-15
0.651926727	9.951866025764265e-16
0.653135869	9.611839224231226e-16
0.654345011	8.9374054109724e-16
0.655554153	7.110067119284032e-16
0.656763295	6.505442108264103e-16
0.657972438	7.6621632061571e-16
0.65918158	7.445374572519e-16
0.660390722	7.055042632799147e-16
0.661599864	6.721566693525113e-16
0.662809006	6.401684733567535e-16
0.664018148	6.009569058977405e-16
0.66522729	5.65722302255706e-16
0.666436432	5.471470092365594e-16
0.667645574	5.445545785272242e-16
0.668854716	5.676220589976273e-16
0.670063858	6.038678825294555e-16
0.671273	6.666845118624906e-16
0.672482142	7.574725411109057e-16
0.673691285	8.591783154007732e-16
0.674900427	9.624631926853828e-16
0.676109569	1.0806403021551184e-15
0.677318711	1.1566985790699504e-15
0.678527853	1.133161739547904e-15
0.679736995	1.0476387977696293e-15
0.680946137	9.252645675780173e-16
0.682155279	8.18977147699486e-16
0.683364421	7.633407262700029e-16
0.684573563	7.596281934294482e-16
0.685782705	7.860779040810494e-16
0.686991847	8.245574742250063e-16
0.688200989	8.637579140554376e-16
0.689410132	9.039280334512511e-16
0.690619274	9.318833613101546e-16
0.691828416	9.376441118409563e-16
0.693037558	9.119752030882662e-16
0.6942467	8.477439305194799e-16
0.695455842	7.5457351630136e-16
0.696664984	6.569392286185508e-16
0.697874126	5.641117645810283e-16
0.699083268	4.790181190569643e-16
0.70029241	4.130079960802179e-16
0.701501552	3.7194392383051994e-16
0.702710694	3.556755126153425e-16
0.703919837	3.6297993000819414e-16
0.705128979	3.8340006009442775e-16
0.706338121	4.1320140346153386e-16
0.707547263	4.527319996492169e-16
0.708756405	4.975479834246096e-16
0.709965547	5.320962525793673e-16
0.711174689	5.536242282840383e-16
0.712383831	5.70647728747976e-16
0.713592973	5.552903480563046e-16
0.714802115	4.998920070438305e-16
0.716011257	4.1554890135711027e-16
0.717220399	3.1416894685298893e-16
0.718429541	2.390897740757402e-16
0.719638684	2.1133992336288097e-16
0.720847826	2.1006577049211924e-16
0.722056968	2.064555517972972e-16
0.72326611	1.8868779085660305e-16
0.724475252	1.7442622831377185e-16
0.725684394	1.6152757391376627e-16
0.726893536	1.5358369976686108e-16
0.728102678	1.5415828251036537e-16
0.72931182	1.6011135472470956e-16
0.730520962	1.695237594616412e-16
0.731730104	1.8020190024364566e-16
0.732939246	1.9496488926007578e-16
0.734148388	2.0919900469956007e-16
0.735357531	2.264525744412615e-16
0.736566673	2.502829820736266e-16
0.737775815	2.837510336181697e-16
0.738984957	3.339126158161698e-16
0.740194099	4.0802297247449566e-16
0.741403241	4.918804421372127e-16
0.742612383	5.739723469711573e-16
0.743821525	6.45640893668505e-16
0.745030667	6.956897214764694e-16
0.746239809	7.155951992092006e-16
0.747448951	7.1974692956639e-16
0.748658093	7.164432943411613e-16
0.749867235	7.171457516585099e-16
0.751076378	7.233066141427379e-16
0.75228552	7.35253819123449e-16
0.753494662	7.45376909741253e-16
0.754703804	7.353284563545033e-16
0.755912946	6.950986199407341e-16
0.757122088	6.442752812996765e-16
0.75833123	6.00081484343984e-16
0.759540372	5.50398066361463e-16
0.760749514	4.710609219896776e-16
0.761958656	3.77587443925876e-16
0.763167798	3.41326626484427e-16
0.76437694	3.2853694039210087e-16
0.765586083	3.2431930655279587e-16
0.766795225	3.2943796139584017e-16
0.768004367	3.3920966605585276e-16
0.769213509	3.4031526828004947e-16
0.770422651	3.291917795150677e-16
0.771631793	3.103706027263048e-16
0.772840935	2.8599267371706767e-16
0.774050077	2.6517836346529906e-16
0.775259219	2.538077996549505e-16
0.776468361	2.4002901580825856e-16
0.777677503	2.2187358212012525e-16
0.778886645	2.1021362736802407e-16
0.780095787	1.9052647748169828e-16
0.78130493	1.7375156558327693e-16
0.782514072	1.6489781378318215e-16
0.783723214	1.609986229925599e-16
0.784932356	1.5939463201676286e-16
0.786141498	1.6575741392418175e-16
0.78735064	1.6977274366377737e-16
0.788559782	1.707075188623324e-16
0.789768924	1.672044609878215e-16
0.790978066	1.6104347634500963e-16
0.792187208	1.498627771808861e-16
0.79339635	1.4063748443029187e-16
0.794605492	1.3358577666135471e-16
0.795814634	1.3175244017444187e-16
0.797023777	1.3378851612348165e-16
0.798232919	1.379662206237653e-16
0.799442061	1.3944890289093597e-16
0.800651203	1.4143150516350324e-16
0.801860345	1.4428146680258889e-16
0.803069487	1.4813354522824505e-16
0.804278629	1.5304036555532763e-16
0.805487771	1.589737526560162e-16
0.806696913	1.6474304238119494e-16
0.807906055	1.718044670877903e-16
0.809115197	1.7833307118670493e-16
0.810324339	1.8524863926034466e-16
0.811533482	1.9488632762185714e-16
0.812742624	2.0841148439412009e-16
0.813951766	2.2234482236498936e-16
0.815160908	2.355290007106431e-16
0.81637005	2.5124953595301386e-16
0.817579192	2.8217320864780856e-16
0.818788334	3.190436700206514e-16
0.819997476	3.562556820165227e-16
0.821206618	3.8189288342335947e-16
0.82241576	3.830217551353293e-16
0.823624902	3.911387415130496e-16
0.824834044	3.947004639540332e-16
0.826043186	3.931277075768368e-16
0.827252329	4.0255273142640217e-16
0.828461471	4.3189699120409113e-16
0.829670613	4.691456430812134e-16
0.830879755	4.903883904327741e-16
0.832088897	4.763885310353552e-16
0.833298039	4.2020556356038647e-16
0.834507181	3.222624599370012e-16
0.835716323	2.3297369634284744e-16
0.836925465	1.752243906253496e-16
0.838134607	1.429108896954594e-16
0.839343749	1.2638733326058289e-16
0.840552891	1.1978387242876878e-16
0.841762033	1.1855173523641316e-16
0.842971176	1.212968657121116e-16
0.844180318	1.2822344020773645e-16
0.84538946	1.4000557998423083e-16
0.846598602	1.4666190850121132e-16
0.847807744	1.5546581876706627e-16
0.849016886	1.548155009673288e-16
0.850226028	1.362814703205953e-16
0.85143517	1.3070266985325372e-16
0.852644312	1.233154002794883e-16
0.853853454	9.200728810414787e-17
0.855062596	7.506361851533271e-17
0.856271738	9.607314734088136e-17
0.85748088	1.0279987246044772e-16
0.858690023	9.14905550273805e-17
0.859899165	8.130129843059356e-17
0.861108307	8.57970885210045e-17
0.862317449	8.596375839140312e-17
0.863526591	7.982748136610885e-17
0.864735733	7.051751412447285e-17
0.865944875	5.4707801992274824e-17
0.867154017	5.3847544948160185e-17
0.868363159	7.588073382267802e-17
0.869572301	9.213910250146822e-17
0.870781443	1.0139180089902129e-16
0.871990585	1.0589986972769763e-16
0.873199728	1.045821717171362e-16
0.87440887	9.53112055259322e-17
0.875618012	9.625782992352708e-17
0.876827154	1.0670303049706866e-16
0.878036296	1.044415705776653e-16
0.879245438	9.381852524147673e-17
0.88045458	8.233313664396876e-17
0.881663722	7.131055448264922e-17
0.882872864	5.96073898730868e-17
0.884082006	5.0974649929715224e-17
0.885291148	4.441397214182278e-17
0.88650029	4.021957993274604e-17
0.887709432	4.533696485770947e-17
0.888918575	4.771222121290144e-17
0.890127717	4.938509649269728e-17
0.891336859	5.2385092759677604e-17
0.892546001	5.1220624899399516e-17
0.893755143	5.0427657072754256e-17
0.894964285	5.100940902660814e-17
0.896173427	4.972606125825257e-17
0.897382569	5.181680608769766e-17
0.898591711	5.218514241890051e-17
0.899800853	5.207633751856688e-17
0.901009995	5.018305196801541e-17
0.902219137	6.102345282669883e-17
0.903428279	7.585090231429688e-17
0.904637422	8.296669725763157e-17
0.905846564	8.840289289341261e-17
0.907055706	8.908182712786193e-17
0.908264848	9.040154190218001e-17
0.90947399	9.234061013007794e-17
0.910683132	9.908862220770569e-17
0.911892274	1.0152636295635344e-16
0.913101416	1.0075311302254687e-16
0.914310558	1.0660959743432656e-16
0.9155197	1.1071153375255183e-16
0.916728842	1.2145677590692108e-16
0.917937984	1.3371311888119512e-16
0.919147126	1.484667699040444e-16
0.920356269	1.5940556067613152e-16
0.921565411	1.63539795593397e-16
0.922774553	1.5551340406880457e-16
0.923983695	1.8592357056985492e-16
0.925192837	2.1833511355306985e-16
0.926401979	2.4083042617947966e-16
0.927611121	2.6374232545942914e-16
0.928820263	2.9378732622993185e-16
0.930029405	3.340681195085568e-16
0.931238547	3.6053162993736347e-16
0.932447689	3.9259698110897387e-16
0.933656831	4.526120364362145e-16
0.934865974	4.825417682408568e-16
0.936075116	4.93287313018679e-16
0.937284258	4.936273746619937e-16
0.9384934	5.005300174886194e-16
0.939702542	5.082595217539407e-16
0.940911684	4.617953884145653e-16
0.942120826	4.534970281194861e-16
0.943329968	4.606242097368021e-16
0.94453911	4.443720787578573e-16
0.945748252	3.8834803203914923e-16
0.946957394	3.685695978693901e-16
0.948166536	3.521065091444951e-16
0.949375678	3.332174993350069e-16
0.950584821	3.241330188062566e-16
0.951793963	3.031022771667778e-16
0.953003105	2.8738410448853074e-16
0.954212247	2.8205033115912086e-16
0.955421389	3.088602348519404e-16
0.956630531	3.479572234501942e-16
0.957839673	3.836662198116592e-16
0.959048815	3.9742333909048883e-16
0.960257957	4.1015098460474794e-16
0.961467099	4.0846883082000353e-16
0.962676241	4.050331291920747e-16
0.963885383	4.0962479609943763e-16
0.965094525	3.984638898568806e-16
0.966303668	3.9656918732511294e-16
0.96751281	3.7984722857410907e-16
0.968721952	3.7215982764117607e-16
0.969931094	3.865126232534895e-16
0.971140236	0.
0.972349378	0.
0.97355852	0.
0.974767662	0.
0.975976804	0.
0.977185946	0.
0.978395088	0.
0.97960423	0.
0.980813373	0.
0.982022515	0.
0.983231657	0.
0.984440799	0.
0.985649941	0.
0.986859083	0.
0.988068225	0.
0.989277367	0.
0.990486509	0.
0.991695651	0.
0.992904793	0.
0.994113935	0.
0.995323077	0.
0.99653222	0.
0.997741362	3.983720989959712e-17
0.998950504	3.858400589830072e-17
1.000159646	3.9126235939272836e-17
1.001368788	3.950910070407114e-17
1.00257793	3.9276494481335754e-17
1.003787072	3.873676841400184e-17
1.004996214	4.246258083842544e-17
1.006205356	5.093448121452119e-17
1.007414498	5.497445976281934e-17
1.00862364	5.561186435839979e-17
1.009832782	6.201001409279032e-17
1.011041924	6.662193366327089e-17
1.012251067	6.648118998814463e-17
1.013460209	6.590286091600881e-17
1.014669351	6.289387291209273e-17
1.015878493	5.663065066830648e-17
1.017087635	4.932887734883398e-17
1.018296777	4.1252718550631044e-17
1.019505919	3.266518108840947e-17
1.020715061	2.4261404857539266e-17
1.021924203	1.7909951476048404e-17
1.023133345	1.4695385772301275e-17
1.024342487	1.6034885024881166e-17
1.025551629	2.4540079543376698e-17
1.026760771	3.626823898299349e-17
1.027969914	4.899008620482388e-17
1.029179056	6.027520042745632e-17
1.030388198	6.461316869237833e-17
1.03159734	6.451168803977359e-17
1.032806482	6.362109962487843e-17
1.034015624	6.338573401470222e-17
1.035224766	6.339495015415129e-17
1.036433908	6.35484672736787e-17
1.03764305	6.443580690902482e-17
1.038852192	6.43213030703238e-17
1.040061334	6.49571334434316e-17
1.041270476	6.856177228992047e-17
1.042479619	7.29723534214321e-17
1.043688761	7.601601583480757e-17
1.044897903	7.898794567022695e-17
1.046107045	8.191809613174418e-17
1.047316187	8.305909633139558e-17
1.048525329	8.591766763548205e-17
1.049734471	9.129715192447867e-17
1.050943613	9.559698846474543e-17
1.052152755	1.0040895273482265e-16
1.053361897	1.082258141105691e-16
1.054571039	1.1486895449508223e-16
1.055780181	1.1819362839017918e-16
1.056989323	1.2306650924068505e-16
1.058198466	1.3072721877903586e-16
1.059407608	1.3747919723720905e-16
1.06061675	1.4112049107289432e-16
1.061825892	1.4198012776035974e-16
1.063035034	1.4689899283381195e-16
1.064244176	1.517652298087632e-16
1.065453318	1.5686446686157155e-16
1.06666246	1.6239224869480937e-16
1.067871602	1.6875598799110527e-16
1.069080744	1.7726170031619326e-16
1.070289886	1.8633619451837954e-16
1.071499028	1.9250012851293423e-16
1.07270817	1.9962795983379125e-16
1.073917313	2.0879335843153937e-16
1.075126455	2.164250535558465e-16
1.076335597	2.226222080474136e-16
1.077544739	2.291340879592531e-16
1.078753881	2.3270307829215667e-16
1.079963023	2.334237710459585e-16
1.081172165	2.400613951123412e-16
1.082381307	2.475969665205577e-16
1.083590449	2.4575883994627013e-16
1.084799591	2.401847452928463e-16
1.086008733	2.3440251966514685e-16
1.087217875	2.354244739194028e-16
1.088427017	2.3543890718104553e-16
1.08963616	2.232577318542813e-16
1.090845302	2.118377330468241e-16
1.092054444	2.0442047530986793e-16
1.093263586	2.0116772484199492e-16
1.094472728	1.9510047878118822e-16
1.09568187	1.7882363223598398e-16
1.096891012	1.6290377240010835e-16
1.098100154	1.4845880629665988e-16
1.099309296	1.3171145938728297e-16
1.100518438	1.1614139276319604e-16
1.10172758	1.039336200996243e-16
1.102936722	9.196781533269915e-17
1.104145865	8.054269322729551e-17
1.105355007	7.146527999270903e-17
1.106564149	6.434743408901743e-17
1.107773291	5.893159679606949e-17
1.108982433	5.4804626075679283e-17
1.110191575	5.184860062994147e-17
1.111400717	5.0179244771010735e-17
1.112609859	4.890154145309797e-17
1.113819001	4.755970223749381e-17
1.115028143	4.62930464122362e-17
1.116237285	4.500764998050624e-17
1.117446427	4.3398962761875864e-17
1.118655569	4.1657538933507783e-17
1.119864712	3.979936002749227e-17
1.121073854	3.698296941377791e-17
1.122282996	3.3796256360079917e-17
1.123492138	3.08944392040086e-17
1.12470128	2.8092201942449433e-17
1.125910422	2.530234400993584e-17
1.127119564	2.2124251027507804e-17
1.128328706	1.910285418240704e-17
1.129537848	1.6807515562830864e-17
1.13074699	1.4861268039719806e-17
1.131956132	1.3128421594257199e-17
1.133165274	1.1846303192572376e-17
1.134374416	1.1004090389680774e-17
1.135583559	1.0442492303736241e-17
1.136792701	1.0230812960649704e-17
1.138001843	1.035475716797959e-17
1.139210985	1.0646942946508532e-17
1.140420127	1.106312544719213e-17
1.141629269	1.166366208973885e-17
1.142838411	1.2412707137086715e-17
1.144047553	1.3156532414178877e-17
1.145256695	1.3651440454599147e-17
1.146465837	1.3855535103294464e-17
1.147674979	1.3902959815095283e-17
1.148884121	1.3695214119162862e-17
1.150093264	1.3256815012739265e-17
1.151302406	1.2727616247261645e-17
1.152511548	1.2090618058664715e-17
1.15372069	1.1287905457347686e-17
1.154929832	1.0456888060063965e-17
1.156138974	9.637869466824062e-18
1.157348116	8.802589541106635e-18
1.158557258	8.081754700962799e-18
1.1597664	7.559769268482691e-18
1.160975542	7.146120984054682e-18
1.162184684	6.829268159484942e-18
1.163393826	6.6190344430114264e-18
1.164602968	6.5906265769879005e-18
1.165812111	6.770507342391047e-18
1.167021253	7.117474738730902e-18
1.168230395	7.712157448753276e-18
1.169439537	8.659050690303178e-18
1.170648679	9.87482970662505e-18
1.171857821	1.1195864382499748e-17
1.173066963	1.2549862331050324e-17
1.174276105	1.3887170977964063e-17
1.175485247	1.5248758646978457e-17
1.176694389	1.6361133883493555e-17
1.177903531	1.7055399470986656e-17
1.179112673	1.7251680785109298e-17
1.180321815	1.7020637144562122e-17
1.181530958	1.6756707162099697e-17
1.1827401	1.6438563034329223e-17
1.183949242	1.5978503353365098e-17
1.185158384	1.500861995312885e-17
1.186367526	1.4009420085226558e-17
1.187576668	1.3713662238814019e-17
1.18878581	1.3572224635267216e-17
1.189994952	1.3367589173703141e-17
1.191204094	1.3495120491995028e-17
1.192413236	1.3879767974382056e-17
1.193622378	1.4330456980506033e-17
1.19483152	1.4917038293540802e-17
1.196040662	1.5664487059543117e-17
1.197249805	1.6816463410952255e-17
1.198458947	1.815251351163106e-17
1.199668089	1.8966795671246743e-17
1.200877231	1.9724900852087733e-17
1.202086373	2.06894411353495e-17
1.203295515	2.226034028019924e-17
1.204504657	2.3798911017423367e-17
1.205713799	2.4366760254808232e-17
1.206922941	2.5508461870423892e-17
1.208132083	2.739372637931194e-17
1.209341225	2.8440184213689183e-17
1.210550367	2.91581602024306e-17
1.21175951	3.0074921902979845e-17
1.212968652	3.10038218042847e-17
1.214177794	3.184803010064027e-17
1.215386936	3.2440794579784194e-17
1.216596078	3.2840454217987695e-17
1.21780522	3.3070740077575894e-17
1.219014362	3.3026506962827297e-17
1.220223504	3.27310270041226e-17
1.221432646	3.221439740408165e-17
1.222641788	3.155716434165394e-17
1.22385093	3.0825769149874225e-17
1.225060072	2.993884491516721e-17
1.226269214	2.9041655914469394e-17
1.227478357	2.843427344740477e-17
1.228687499	2.7796695116618325e-17
1.229896641	2.7045870342797467e-17
1.231105783	2.6599068331973095e-17
1.232314925	2.6396672827152157e-17
1.233524067	2.6154734966927828e-17
1.234733209	2.5918876242487548e-17
1.235942351	2.5813371006949447e-17
1.237151493	2.5835167931936505e-17
1.238360635	2.6111751672377353e-17
1.239569777	2.688900831770733e-17
1.240778919	2.7904943246862794e-17
1.241988061	2.906125300824658e-17
1.243197204	3.056408659110362e-17
1.244406346	3.237222378414006e-17
1.245615488	3.431760237873736e-17
1.24682463	3.6494483815593e-17
1.248033772	3.8871230130135867e-17
1.249242914	4.1243566249562094e-17
1.250452056	4.365026809436011e-17
1.251661198	4.6305231767913176e-17
1.25287034	4.854637594812568e-17
1.254079482	5.0169266962743716e-17
1.255288624	5.1779125096847033e-17
1.256497766	5.324473121221266e-17
1.257706909	5.434417588205873e-17
1.258916051	5.5062258983521115e-17
1.260125193	5.556169309768097e-17
1.261334335	5.621239545893436e-17
1.262543477	5.69627254756862e-17
1.263752619	5.77054198846063e-17
1.264961761	5.87017304974982e-17
1.266170903	6.01561315807228e-17
1.267380045	6.253863329083582e-17
1.268589187	6.530379425989998e-17
1.269798329	6.741325700427606e-17
1.271007471	6.996203939481807e-17
1.272216613	7.303698336484001e-17
1.273425756	7.617460827922845e-17
1.274634898	7.888463103090003e-17
1.27584404	8.0687064822937e-17
1.277053182	8.214097049482951e-17
1.278262324	8.295685114971997e-17
1.279471466	8.278136598805988e-17
1.280680608	8.436161424278486e-17
1.28188975	8.88602875535037e-17
1.283098892	8.633423178445848e-17
1.284308034	7.953211111679832e-17
1.285517176	7.681342953594722e-17
1.286726318	7.508510789940609e-17
1.28793546	7.331629695435253e-17
1.289144603	7.156273945372328e-17
1.290353745	6.971383932766874e-17
1.291562887	6.69391042973551e-17
1.292772029	6.406658212493083e-17
1.293981171	6.150123027975883e-17
1.295190313	5.832075291079022e-17
1.296399455	5.482326666517653e-17
1.297608597	5.158164391281663e-17
1.298817739	4.784809738106618e-17
1.300026881	4.373355580711092e-17
1.301236023	4.0005035431698666e-17
1.302445165	3.660813629653362e-17
1.303654307	3.33806186318971e-17
1.30486345	3.026509125762826e-17
1.306072592	2.7379879208262308e-17
1.307281734	2.5067992146294797e-17
1.308490876	2.3165945627233942e-17
1.309700018	2.1552421004050896e-17
1.31090916	2.040239965472751e-17
1.312118302	1.9560186945452503e-17
1.313327444	1.8464238300434767e-17
1.314536586	1.7534563723070562e-17
1.315745728	1.7164453391577344e-17
1.31695487	1.653115125117352e-17
1.318164012	1.5627765504313655e-17
1.319373155	1.494016661029424e-17
1.320582297	1.4407483112660564e-17
1.321791439	1.4007178757832912e-17
1.323000581	1.3600210944096172e-17
1.324209723	1.3168286099490332e-17
1.325418865	1.2837400086414442e-17
1.326628007	1.2528628382100617e-17
1.327837149	1.219744237372114e-17
1.329046291	1.1977700977385973e-17
1.330255433	1.1794110188012789e-17
1.331464575	1.1472746057846477e-17
1.332673717	1.1051479034680055e-17
1.333882859	1.0570451541355812e-17
1.335092002	1.0210523447675859e-17
1.336301144	9.956725874252415e-18
1.337510286	9.69944310340278e-18
1.338719428	9.485882994272892e-18
1.33992857	9.303834331398727e-18
1.341137712	9.043496046398506e-18
1.342346854	8.694205611483055e-18
1.343555996	8.274521160546624e-18
1.344765138	7.655138427470439e-18
1.34597428	6.529511853871609e-18
1.347183422	4.580781663993152e-18
1.348392564	1.4405755532207886e-18
1.349601706	-3.747891765550433e-18
1.350810849	-1.1694967770726659e-17
1.352019991	-2.451236999712484e-17
1.353229133	-4.895321501305407e-17
1.354438275	-1.0320227239796739e-16
1.355647417	-2.9973072331508206e-16
1.356856559	-4.084674130593234e-15
1.358065701	1.3063245239663191e-15
1.359274843	1.3276863131030007e-15
1.360483985	1.8182030516956436e-15
1.361693127	2.643107962131643e-15
1.362902269	4.417456943231865e-15
1.364111411	8.364727985141304e-15
1.365320553	-2.3208181505601552e-14
1.366529696	-4.10507610317846e-15
1.367738838	-2.5660260880308418e-15
1.36894798	-2.257007206660165e-15
1.370157122	-2.771677870103746e-15
1.371366264	-5.997091863166389e-15
1.372575406	1.3214176015991118e-14
1.373784548	3.222449730991043e-15
1.37499369	2.0338378642753917e-15
1.376202832	1.6384008156305576e-15
1.377411974	1.503728831918524e-15
1.378621116	1.5904633426440845e-15
1.379830258	2.2902696084164415e-15
1.381039401	2.1439969698658047e-14
1.382248543	-1.7782426800035043e-15
1.383457685	-7.089592229358043e-16
1.384666827	-4.3294040156681203e-16
1.385875969	-3.254832076745279e-16
1.387085111	-2.6593549363018757e-16
1.388294253	-2.2812846698299955e-16
1.389503395	-1.9749804351264158e-16
1.390712537	-1.737200330078271e-16
1.391921679	-1.5973886096247284e-16
1.393130821	-1.5444594624467937e-16
1.394339963	-1.5921439019673195e-16
1.395549105	-1.7037928550142467e-16
1.396758248	-1.795815413164186e-16
1.39796739	-1.8153541691382904e-16
1.399176532	-1.7421968227065184e-16
1.400385674	-1.5462232144511048e-16
1.401594816	-1.2434009628789673e-16
1.402803958	-9.334856782349396e-17
1.4040131	-6.6841983009668e-17
1.405222242	-4.707858330249433e-17
1.406431384	-3.367846033630321e-17
1.407640526	-2.4662451646369894e-17
1.408849668	-1.8596610167090982e-17
1.41005881	-1.4452083295952352e-17
1.411267952	-1.1519649989418921e-17
1.412477095	-9.250739625332088e-18
1.413686237	-7.348962721577823e-18
1.414895379	-5.7439691497270965e-18
1.416104521	-4.301616683422889e-18
1.417313663	-2.9870095290602217e-18
1.418522805	-1.735669398462298e-18
1.419731947	-5.866956521188274e-19
1.420941089	3.714253578984612e-19
1.422150231	1.1660816345268519e-18
1.423359373	1.7941756449323806e-18
1.424568515	2.2894607733386247e-18
1.425777657	2.7105152922053178e-18
1.4269868	3.0299432381297997e-18
1.428195942	3.214055583131335e-18
1.429405084	3.2792190897833444e-18
1.430614226	3.338363733573045e-18
1.431823368	3.4462069288578772e-18
1.43303251	3.690314596258023e-18
1.434241652	4.1031425781540655e-18
1.435450794	4.538200162156691e-18
1.436659936	4.934087438972977e-18
1.437869078	5.2279164556164554e-18
1.43907822	5.4776394250927236e-18
1.440287362	5.673700939710539e-18
1.441496504	5.587632648777561e-18
1.442705647	5.4149396005367844e-18
1.443914789	5.316160383408219e-18
1.445123931	5.220571576648599e-18
1.446333073	5.190777246053589e-18
1.447542215	5.3718038555421345e-18
1.448751357	5.666005122812594e-18
1.449960499	5.9995331401070066e-18
1.451169641	6.372543534136724e-18
1.452378783	6.7527162705444205e-18
1.453587925	7.11645136305834e-18
1.454797067	7.464934354296245e-18
1.456006209	7.793558981981623e-18
1.457215351	7.99472468109343e-18
1.458424494	8.090510871104627e-18
1.459633636	8.194973938640995e-18
1.460842778	8.216398214745658e-18
1.46205192	8.078736140264645e-18
1.463261062	7.701394981970529e-18
1.464470204	7.145121598281657e-18
1.465679346	6.492932691588521e-18
1.466888488	5.795672118833262e-18
1.46809763	5.197985386628673e-18
1.469306772	4.791709862947273e-18
1.470515914	4.619022299038119e-18
1.471725056	4.678722800186288e-18
1.472934198	4.994910155657922e-18
1.474143341	5.526060797549584e-18
1.475352483	6.161991167578932e-18
1.476561625	6.888621519028697e-18
1.477770767	7.725351190800004e-18
1.478979909	8.547162273470498e-18
1.480189051	9.322681767168767e-18
1.481398193	1.0224762769747323e-17
1.482607335	1.1209337061772121e-17
1.483816477	1.215268293044248e-17
1.485025619	1.2851677879176635e-17
1.486234761	1.3388217590202708e-17
1.487443903	1.4528178801497268e-17
1.488653046	1.5329381954404155e-17
1.489862188	1.4747066455013465e-17
1.49107133	1.436325061270172e-17
1.492280472	1.4224133357647122e-17
1.493489614	1.3799743146333034e-17
1.494698756	1.3491972291530838e-17
1.495907898	1.3545832971193626e-17
1.49711704	1.3615634691538272e-17
1.498326182	1.3711356488906656e-17
1.499535324	1.4107203610036573e-17
1.500744466	1.489939375958501e-17
1.501953608	1.6202664576027237e-17
1.50316275	1.7480829313565316e-17
1.504371893	1.8542083914935897e-17
1.505581035	1.9437063825277083e-17
1.506790177	1.9664115571196223e-17
1.507999319	1.931031740935081e-17
1.509208461	1.8810443192863366e-17
1.510417603	1.8413114425603424e-17
1.511626745	1.853600901688993e-17
1.512835887	1.8643689214675756e-17
1.514045029	1.8477317779093737e-17
1.515254171	1.803074538195686e-17
1.516463313	1.7203540999628615e-17
1.517672455	1.6317085175735765e-17
1.518881597	1.5533235013675917e-17
1.52009074	1.5038809488890294e-17
1.521299882	1.523809185353235e-17
1.522509024	1.583959322387579e-17
1.523718166	1.6465621998333456e-17
1.524927308	1.7217838197944705e-17
1.52613645	1.805337918489256e-17
1.527345592	1.9014382609552586e-17
1.528554734	2.021996478204525e-17
1.529763876	2.1899946376524537e-17
1.530973018	2.302248667947495e-17
1.53218216	2.3368914294574324e-17
1.533391302	2.4178293326346705e-17
1.534600445	2.493444452583159e-17
1.535809587	2.492511968220178e-17
1.537018729	2.4868291913972955e-17
1.538227871	2.486792466739293e-17
1.539437013	2.4903986011039668e-17
1.540646155	2.494664513315257e-17
1.541855297	2.4782575162769252e-17
1.543064439	2.475052497015109e-17
1.544273581	2.4980375646066452e-17
1.545482723	2.550217376983855e-17
1.546691865	2.630203987330291e-17
1.547901007	2.7316768789135203e-17
1.549110149	2.793413473476221e-17
1.550319292	2.79675384340198e-17
1.551528434	2.749596590381661e-17
1.552737576	2.7062048040336715e-17
1.553946718	2.6918997292548817e-17
1.55515586	2.630710297682351e-17
1.556365002	2.528195390760011e-17
1.557574144	2.4355828925195125e-17
1.558783286	2.3701028299312214e-17
1.559992428	2.3022296337750578e-17
1.56120157	2.2263777243053392e-17
1.562410712	2.1638190397455347e-17
1.563619854	2.134722371252367e-17
1.564828996	2.1648945868556715e-17
1.566038139	2.2439394861515908e-17
1.567247281	2.3538557828720968e-17
1.568456423	2.4857572425681018e-17
1.569665565	2.6236142043220123e-17
1.570874707	2.75308559756188e-17
1.572083849	2.869312330887303e-17
1.573292991	2.992984168144533e-17
1.574502133	3.096491662241016e-17
1.575711275	3.191648190777176e-17
1.576920417	3.277332157151564e-17
1.578129559	3.3469919124078803e-17
1.579338701	3.3561784685078477e-17
1.580547843	3.4063859339715004e-17
1.581756986	3.6462173707479135e-17
1.582966128	3.83118648707049e-17
1.58417527	3.8526452323550266e-17
1.585384412	3.825113531156182e-17
1.586593554	3.793494012418699e-17
1.587802696	3.815979971387346e-17
1.589011838	3.8717193605651116e-17
1.59022098	3.8618080137752235e-17
1.591430122	3.623798864607329e-17
1.592639264	3.321713090596746e-17
1.593848406	3.08144130762802e-17
1.595057548	2.9468127286897416e-17
1.596266691	2.8657755583390494e-17
1.597475833	2.664681626738317e-17
1.598684975	2.4823547113797013e-17
1.599894117	2.4046401463092754e-17
1.601103259	2.3238494310994645e-17
1.602312401	2.2342854460074045e-17
1.603521543	2.1913926065834718e-17
1.604730685	2.1796327484830368e-17
1.605939827	2.1687730120775766e-17
1.607148969	2.1175318313472344e-17
1.608358111	2.003107184010079e-17
1.609567253	1.8933845213804187e-17
1.610776395	1.7322024810048543e-17
1.611985538	1.5052258130009165e-17
1.61319468	1.3133905992325768e-17
1.614403822	1.1841748783284667e-17
1.615612964	1.136481836014819e-17
1.616822106	1.106856420848654e-17
1.618031248	1.0791158282432894e-17
1.61924039	1.1282932296693962e-17
1.620449532	1.2187765982761379e-17
1.621658674	1.2660927401117549e-17
1.622867816	1.2824050771908379e-17
1.624076958	1.2743465731089395e-17
1.6252861	1.2466221542017365e-17
1.626495242	1.1906679216729751e-17
1.627704385	1.0889039817612935e-17
1.628913527	9.679882554123163e-18
1.630122669	8.514673868758968e-18
1.631331811	7.399423736755113e-18
1.632540953	6.6741079660732885e-18
1.633750095	6.44449062234652e-18
1.634959237	6.438920974732231e-18
1.636168379	6.547828467707571e-18
1.637377521	6.620274575232797e-18
1.638586663	6.492921278775111e-18
1.639795805	6.170440347582283e-18
1.641004947	5.740884333937244e-18
1.642214089	5.212577970169929e-18
1.643423232	4.65288181793106e-18
1.644632374	4.2009948100972735e-18
1.645841516	3.941841425618909e-18
1.647050658	4.150192821806362e-18
1.6482598	4.842349204756757e-18
1.649468942	5.6916297589811994e-18
1.650678084	6.477747485596864e-18
1.651887226	6.8304198442072394e-18
1.653096368	6.670917953333087e-18
1.65430551	6.2692989553947545e-18
1.655514652	5.7310881911599415e-18
1.656723794	5.20857812043966e-18
1.657932937	4.770962644204383e-18
1.659142079	4.229013720125118e-18
1.660351221	3.4996887937811274e-18
1.661560363	2.3843120147085974e-18
1.662769505	8.612075770481445e-19
1.663978647	-7.468874378569378e-19
1.665187789	-2.275487722489945e-18
1.666396931	-3.479536003442263e-18
1.667606073	-4.120743211531542e-18
1.668815215	-4.079088301575765e-18
1.670024357	-3.277158615104622e-18
1.671233499	-1.7389896022150624e-18
1.672442641	6.310010825485679e-19
1.673651784	3.168589758306145e-18
1.674860926	5.473045047974585e-18
1.676070068	7.230753779366562e-18
1.67727921	7.829066240944827e-18
1.678488352	7.766970213048712e-18
1.679697494	7.524612842211539e-18
1.680906636	7.045661785273021e-18
1.682115778	6.4243781955945865e-18
1.68332492	5.530139879151098e-18
1.684534062	4.574612613627011e-18
1.685743204	3.708755836587232e-18
1.686952346	2.8137701995641633e-18
1.688161488	2.065836385752758e-18
1.689370631	1.5824483660955405e-18
1.690579773	1.5345051078760833e-18
1.691788915	2.0449135577710657e-18
1.692998057	2.7169678403477983e-18
1.694207199	3.349708625968323e-18
1.695416341	3.610936166098866e-18
1.696625483	3.219056220883436e-18
1.697834625	2.5062161786012364e-18
1.699043767	1.6050078360794204e-18
1.700252909	6.635724929126135e-19
1.701462051	-1.515695523004891e-19
1.702671193	-8.772436027363778e-19
1.703880336	-1.4706842407918196e-18
1.705089478	-1.9133083488678636e-18
1.70629862	-2.2142698552943756e-18
1.707507762	-2.278653298672547e-18
1.708716904	-2.0210086673959274e-18
1.709926046	-1.3472368788826038e-18
1.711135188	-2.197657018756206e-19
1.71234433	1.1032352429981316e-18
1.713553472	2.3345360167188464e-18
1.714762614	3.2524946877213418e-18
1.715971756	3.753947317122787e-18
1.717180898	3.948204847077168e-18
1.71839004	3.897609471867254e-18
1.719599183	3.7193948707630316e-18
1.720808325	3.4673583504975468e-18
1.722017467	3.1725996687957155e-18
1.723226609	2.960684273025842e-18
1.724435751	2.8728384090406887e-18
1.725644893	2.916548239980557e-18
1.726854035	3.038803348921805e-18
1.728063177	3.206184168735973e-18
1.729272319	3.270178339659449e-18
1.730481461	3.103615861449788e-18
1.731690603	2.895315739749823e-18
1.732899745	2.7146145819765206e-18
1.734108887	2.6429701102224488e-18
1.73531803	2.800984434620144e-18
1.736527172	2.9954062525826188e-18
1.737736314	3.0818879315940863e-18
1.738945456	3.0199894287085864e-18
1.740154598	2.6846797735473878e-18
1.74136374	2.2988963408981257e-18
1.742572882	1.9335208935404563e-18
1.743782024	1.657865756799171e-18
1.744991166	1.6639777186960447e-18
1.746200308	1.8768728335594067e-18
1.74740945	2.223470803447619e-18
1.748618592	2.660510162539828e-18
1.749827734	3.14491705379396e-18
1.751036877	3.611394767216378e-18
1.752246019	3.99368390017163e-18
1.753455161	4.197348400037449e-18
1.754664303	4.234387260612952e-18
1.755873445	4.042360603145454e-18
1.757082587	3.520819426005368e-18
1.758291729	2.589330962817582e-18
1.759500871	1.01757636786829e-18
1.760710013	-7.925213672279251e-19
1.761919155	-2.5677182038841276e-18
1.763128297	-3.9020955722675314e-18
1.764337439	-4.127266570317204e-18
1.765546582	-3.6231635982313714e-18
1.766755724	-2.6169913955959882e-18
1.767964866	-1.299653631660174e-18
1.769174008	5.687010667317261e-20
1.77038315	1.3226813129658163e-18
1.771592292	2.3543860153800254e-18
1.772801434	3.0340005789652027e-18
1.774010576	3.1927552448572832e-18
1.775219718	3.0022387164497966e-18
1.77642886	2.5674299484992288e-18
1.777638002	1.9704444821249224e-18
1.778847144	1.369258086772883e-18
1.780056286	9.17102740213909e-19
1.781265429	7.6640889708388055e-19
1.782474571	1.0609591449773427e-18
1.783683713	2.0684835656651263e-18
1.784892855	3.506448601658468e-18
1.786101997	5.115602645316238e-18
1.787311139	6.6376385415024966e-18
1.788520281	7.905283465289982e-18
1.789729423	8.853265573602884e-18
1.790938565	9.215002643733092e-18
1.792147707	8.718700415373891e-18
1.793356849	6.681940627487957e-18
1.794565991	3.607497343848464e-18
1.795775133	1.3714964613916015e-19
1.796984276	-3.0464640008262168e-18
1.798193418	-4.421524017840987e-18
1.79940256	-4.101133428037078e-18
1.800611702	-2.3756016963970076e-18
1.801820844	5.143440369813909e-19
1.803029986	3.65836075994997e-18
1.804239128	6.6235319497231805e-18
1.80544827	9.334139446397473e-18
1.806657412	1.1651159312808013e-17
1.807866554	1.3391082926243935e-17
1.809075696	1.4828546361973436e-17
1.810284838	1.6200046794042688e-17
1.81149398	1.7715831039285872e-17
1.812703123	1.9615940800084873e-17
1.813912265	2.1696049430249848e-17
1.815121407	2.3858017270661532e-17
1.816330549	2.616072843327268e-17
1.817539691	2.90327111961246e-17
1.818748833	3.108874322393348e-17
1.819957975	3.0916891854019404e-17
1.821167117	3.1423797778930044e-17
1.822376259	3.2993639272193895e-17
1.823585401	3.392181581228155e-17
1.824794543	3.477482412475421e-17
1.826003685	3.5933660908944726e-17
1.827212828	3.682759226392288e-17
1.82842197	3.660827754745801e-17
1.829631112	0.
1.830840254	0.
1.832049396	0.
1.833258538	0.
1.83446768	0.
1.835676822	0.
1.836885964	0.
1.838095106	0.
1.839304248	0.
1.84051339	0.
1.841722532	0.
1.842931675	0.
1.844140817	0.
1.845349959	0.
1.846559101	0.
1.847768243	0.
1.848977385	0.
1.850186527	0.
1.851395669	0.
1.852604811	0.
1.853813953	0.
1.855023095	0.
1.856232237	0.
1.857441379	0.
1.858650522	0.
1.859859664	0.
1.861068806	0.
1.862277948	0.
1.86348709	0.
1.864696232	0.
1.865905374	0.
1.867114516	0.
1.868323658	0.
1.8695328	0.
1.870741942	-5.711690005919709e-17
1.871951084	-4.36161116075039e-17
1.873160227	-2.805695793853773e-17
1.874369369	-1.548558102025912e-17
1.875578511	-4.8534396740201846e-17
1.876787653	-1.2942609264871596e-16
1.877996795	-1.6933081010373364e-16
1.879205937	-1.5169143099474714e-16
1.880415079	-1.307648356000494e-16
1.881624221	-1.6233046551329772e-16
1.882833363	-3.7514897242181174e-16
1.884042505	1.3759141919549232e-14
1.885251647	9.730545202492054e-16
1.886460789	7.172718332915682e-16
1.887669931	3.984099302221252e-16
1.888879074	1.9341850684446785e-16
1.890088216	9.922823544139878e-17
1.891297358	6.892842637909812e-17
1.8925065	7.932186701719381e-17
1.893715642	1.726063146865543e-16
1.894924784	1.2207694538010446e-15
1.896133926	-1.870176023663896e-15
1.897343068	-6.344852821911679e-15
1.89855221	7.962538334218384e-15
1.899761352	-2.995040198165386e-15
1.900970494	-6.994030491020715e-16
1.902179636	-2.558800929691182e-16
1.903388778	-1.3001457928827426e-16
1.904597921	-9.75566832620205e-17
1.905807063	-1.1419309496203464e-16
1.907016205	-2.1274969294119877e-16
1.908225347	-5.979460824768443e-16
1.909434489	-6.724794552073625e-15
1.910643631	2.806471739096462e-15
1.911852773	2.1178324360537717e-15
1.913061915	1.357761681072037e-15
1.914271057	5.814816779698839e-16
1.915480199	2.1880761197865426e-16
1.916689341	8.41219431004813e-17
1.917898483	3.700379916396436e-17
1.919107625	1.9643563806445922e-17
1.920316768	1.331868547576798e-17
1.92152591	1.159318954024749e-17
1.922735052	1.3012797005983606e-17
1.923944194	1.97727225088481e-17
1.925153336	3.616513907363327e-17
1.926362478	7.105327905791056e-17
1.92757162	1.2676521847932544e-16
1.928780762	1.57780673874352e-16
1.929989904	1.356393687250431e-16
1.931199046	9.444261276279372e-17
1.932408188	6.76933110954472e-17
1.93361733	5.435494466359307e-17
1.934826473	4.882405708799764e-17
1.936035615	4.0242550025118285e-17
1.937244757	2.3663664628705274e-17
1.938453899	9.962506965932224e-18
1.939663041	4.83961562346336e-18
1.940872183	4.515367120665764e-18
1.942081325	5.3934460014914325e-18
1.943290467	6.6053720314946085e-18
1.944499609	7.113360435929458e-18
1.945708751	4.825356787168838e-18
1.946917893	1.5047548114889895e-18
1.948127035	8.093449125272366e-20
1.949336177	8.95665171365011e-19
1.95054532	2.257065160454825e-18
1.951754462	3.48597023827414e-18
1.952963604	4.757361060963193e-18
1.954172746	6.018087796889125e-18
1.955381888	6.671776869862157e-18
1.95659103	5.4258124848527005e-18
1.957800172	2.542012573564084e-18
1.959009314	6.432914487319424e-19
1.960218456	3.774644527189645e-19
1.961427598	1.1114730828825944e-18
1.96263674	2.3076767703273885e-18
1.963845882	3.407711462887309e-18
1.965055024	3.561053183346917e-18
1.966264167	2.413994343215969e-18
1.967473309	1.1654351546321892e-18
1.968682451	7.722702550680542e-19
1.969891593	1.1089621940117722e-18
1.971100735	1.2436391341787487e-18
1.972309877	6.2757559830914645e-19
1.973519019	9.019718116765141e-20
1.974728161	3.9149110030040784e-19
1.975937303	1.2507459902521543e-18
1.977146445	2.107703672862215e-18
1.978355587	2.623372857503048e-18
1.979564729	2.4152719604815638e-18
1.980773872	1.2089057991826791e-18
1.981983014	-3.094385349483201e-19
1.983192156	-1.3166970953315335e-18
1.984401298	-1.502407174256495e-18
1.98561044	-1.2536220084480727e-18
1.986819582	-8.048882537647477e-19
1.988028724	-3.6564612275567254e-19
1.989237866	-2.249964038528494e-19
1.990447008	-3.6388103577406237e-19
1.99165615	-5.486385976725007e-19
1.992865292	-6.094485361989074e-19
1.994074434	-6.599490562936751e-19
1.995283576	-8.424344675606245e-19
1.996492719	-1.1255988531473561e-18
1.997701861	-1.3310357506467958e-18
1.998911003	-1.112861650796269e-18
2.000120145	-2.140183353050982e-19
2.001329287	1.6805251513794377e-18
2.002538429	3.7035503279196205e-18
2.003747571	3.3139702493351965e-18
2.004956713	7.143804187523458e-19
2.006165855	-1.0518279532308498e-18
2.007374997	-9.383931192397783e-19
2.008584139	-1.1464785618581362e-19
2.009793281	7.870997575272812e-19
2.011002423	1.3537668467720535e-18
2.012211566	9.65951138831779e-19
2.013420708	-7.40717582368297e-19
2.01462985	-2.3922254849648525e-18
2.015838992	-2.574965106997965e-18
2.017048134	-1.634302211157663e-18
2.018257276	-3.709035262014553e-19
2.019466418	8.218054526448724e-19
2.02067556	1.893696931919449e-18
2.021884702	2.8044301656736687e-18
2.023093844	3.289437388849162e-18
2.024302986	3.2170232917231026e-18
2.025512128	2.748064907386934e-18
2.02672127	2.047706277007239e-18
2.027930413	1.2255991628097098e-18
2.029139555	3.243850370299687e-19
2.030348697	-6.395490773545953e-19
2.031557839	-1.367608803113264e-18
2.032766981	-1.5607966215726443e-18
2.033976123	-1.2191695788715552e-18
2.035185265	-7.080935555744302e-19
2.036394407	-3.8151509772125676e-19
2.037603549	-1.0085861824938987e-19
2.038812691	4.0368629588396026e-19
2.040021833	1.0187306894878907e-18
2.041230975	1.2697378735520642e-18
2.042440118	8.432134299293894e-19
2.04364926	1.355188533936149e-19
2.044858402	-3.80300030592218e-19
2.046067544	-6.0954384080305e-19
2.047276686	-6.4942992968534975e-19
2.048485828	-5.651686146253024e-19
2.04969497	-4.241064972117659e-19
2.050904112	-3.639949434549092e-19
2.052113254	-3.4087498451641796e-19
2.053322396	-2.1253541714399582e-19
2.054531538	7.449841486496786e-20
2.05574068	4.028204661414055e-19
2.056949822	6.833858310750676e-19
2.058158965	8.430918705650795e-19
2.059368107	8.423868770417019e-19
2.060577249	7.073891224297351e-19
2.061786391	5.010408323840372e-19
2.062995533	3.107190146230986e-19
2.064204675	1.2322605648286774e-19
2.065413817	-6.893889884899393e-20
2.066622959	-2.0957856476621383e-19
2.067832101	-2.6436930091911975e-19
2.069041243	-2.099721103235763e-19
2.070250385	-2.765612962995339e-20
2.071459527	2.8499976585468483e-19
2.072668669	5.518739686751479e-19
2.073877812	6.096553417961394e-19
2.075086954	4.542078675309657e-19
2.076296096	2.1545462803510601e-19
2.077505238	-1.7357226667584603e-20
2.07871438	-1.497582266511286e-19
2.079923522	-8.038784205204488e-20
2.081132664	1.218886251818485e-19
2.082341806	2.8173876605178943e-19
2.083550948	2.988086831919161e-19
2.08476009	2.426241878519783e-19
2.085969232	1.7021588343273423e-19
2.087178374	1.6289679402068777e-19
2.088387516	2.998299616795369e-19
2.089596659	5.674657387415234e-19
2.090805801	8.183994239874035e-19
2.092014943	9.393388980167152e-19
2.093224085	8.766134409893753e-19
2.094433227	6.10628620443345e-19
2.095642369	2.4204908098451244e-19
2.096851511	-7.320123992036978e-20
2.098060653	-2.1008050625174868e-19
2.099269795	-2.330638148340118e-19
2.100478937	-2.082526568335437e-19
2.101688079	-1.824091957991434e-19
2.102897221	-2.0238498428419555e-19
2.104106364	-2.6852339199177776e-19
2.105315506	-2.5617133170004506e-19
2.106524648	-5.422651422641788e-20
2.10773379	2.6136579991355722e-19
2.108942932	5.764039278863441e-19
2.110152074	8.054470124117117e-19
2.111361216	8.900020794714595e-19
2.112570358	8.035927585676989e-19
2.1137795	6.375704169157169e-19
2.114988642	4.797498321737737e-19
2.116197784	3.5886908378242453e-19
2.117406926	2.6452967801275023e-19
2.118616068	2.0263248549761408e-19
2.119825211	1.8585917790437852e-19
2.121034353	2.1139747572911516e-19
2.122243495	2.6674949005276636e-19
2.123452637	3.431733716120253e-19
2.124661779	4.153229352171628e-19
2.125870921	4.291325004872122e-19
2.127080063	3.4821385682589074e-19
2.128289205	2.815844898526342e-19
2.129498347	3.6191408551080942e-19
2.130707489	5.585567683736212e-19
2.131916631	7.012563163858455e-19
2.133125773	6.682630708133464e-19
2.134334915	4.937054726557025e-19
2.135544058	2.0537710545638852e-19
2.1367532	-9.969496065744017e-20
2.137962342	-2.6474035829385076e-19
2.139171484	-2.265882196675488e-19
2.140380626	-1.329560302890791e-19
2.141589768	-1.1923018751592316e-19
2.14279891	-1.3789836966642996e-19
2.144008052	-1.0567939861980386e-19
2.145217194	1.5117334890246665e-20
2.146426336	2.0640861085079077e-19
2.147635478	4.494659109409628e-19
2.14884462	6.840219062553521e-19
2.150053763	8.354917973006227e-19
2.151262905	8.732061024394739e-19
2.152472047	8.132082896577919e-19
2.153681189	6.747216029229053e-19
2.154890331	4.497796875329918e-19
2.156099473	1.285694895215411e-19
2.157308615	-1.7401224038830152e-19
2.158517757	-3.150229427735906e-19
2.159726899	-2.3637914092141636e-19
2.160936041	-1.769308136571275e-20
2.162145183	2.7056978959989344e-19
2.163354325	4.797185795343955e-19
2.164563467	4.208637243388775e-19
2.16577261	1.3596368804287985e-19
2.166981752	-1.3172539192649388e-19
2.168190894	-1.1405592496092728e-19
2.169400036	1.2156174905509342e-19
2.170609178	5.508517541258089e-19
2.17181832	9.771459934229616e-19
2.173027462	1.1197908613790125e-18
2.174236604	8.720933133783437e-19
2.175445746	5.873599005183272e-19
2.176654888	5.993010496432475e-19
2.17786403	8.636515506957418e-19
2.179073172	1.251797804730146e-18
2.180282314	1.5860349438672572e-18
2.181491457	1.6763101881229109e-18
2.182700599	1.290843992420928e-18
2.183909741	8.266649394109852e-19
2.185118883	8.771300857100753e-19
2.186328025	1.3125099572919959e-18
2.187537167	1.5861783730678465e-18
2.188746309	1.3171008835648068e-18
2.189955451	7.864540689819756e-19
2.191164593	3.0912269052735864e-19
2.192373735	7.067836682570769e-21
2.193582877	-1.8737531904471944e-20
2.194792019	2.733096202270887e-19
2.196001161	7.628410735499846e-19
2.197210304	1.3096954440881112e-18
2.198419446	1.7101068013818889e-18
2.199628588	1.746408027316614e-18
2.20083773	1.412145883229473e-18
2.202046872	8.986401624687106e-19
2.203256014	3.9754233971497208e-19
2.204465156	1.622040757848989e-19
2.205674298	4.395345556531541e-19
2.20688344	1.0564855785958859e-18
2.208092582	1.581103657334322e-18
2.209301724	1.7807531046869058e-18
2.210510866	1.7611154272591994e-18
2.211720009	1.5867715759469378e-18
2.212929151	1.3682626018906742e-18
2.214138293	1.269352704071471e-18
2.215347435	1.2783100072211885e-18
2.216556577	1.1289676216060035e-18
2.217765719	6.178449686026697e-19
2.218974861	3.720801801957979e-20
2.220184003	-2.7023999247503077e-19
2.221393145	-2.9647840814223823e-19
2.222602287	-2.433631581417011e-19
2.223811429	-2.279633882369887e-19
2.225020571	-4.9608153913186883e-20
2.226229713	4.757588953798734e-19
2.227438856	1.1893861284395815e-18
2.228647998	1.836997202921727e-18
2.22985714	2.2404748500336535e-18
2.231066282	2.224685391178332e-18
2.232275424	1.6304106257496126e-18
2.233484566	1.0264261836402126e-18
2.234693708	1.1578248686751893e-18
2.23590285	1.932518443245653e-18
2.237111992	2.537011522256127e-18
2.238321134	2.3883563889208407e-18
2.239530276	1.8522506457311072e-18
2.240739418	1.3789601564913908e-18
2.24194856	1.1383011013688837e-18
2.243157703	1.1815865102680681e-18
2.244366845	1.4741922510904553e-18
2.245575987	1.6403453236569932e-18
2.246785129	1.3194744814080454e-18
2.247994271	8.864984502548812e-19
2.249203413	8.037197673122273e-19
2.250412555	1.2913430950916362e-18
2.251621697	2.316274426221996e-18
2.252830839	3.833683061145393e-18
2.254039981	5.018915126831694e-18
2.255249123	4.752666870328871e-18
2.256458265	3.294134450457901e-18
2.257667408	1.8159991324461467e-18
2.25887655	1.0546872539624525e-18
2.260085692	7.691682407239891e-19
2.261294834	7.83684449535664e-19
2.262503976	8.767947848529124e-19
2.263713118	7.573027318020224e-19
2.26492226	3.684566217766836e-19
2.266131402	2.269981652307631e-20
2.267340544	-2.863328008623446e-20
2.268549686	2.0985433714668423e-19
2.269758828	7.183871207102424e-19
2.27096797	1.3119311208626504e-18
2.272177112	1.656742686138915e-18
2.273386255	1.5175027490400682e-18
2.274595397	1.1319895501278865e-18
2.275804539	7.576456272789214e-19
2.277013681	5.354249978656652e-19
2.278222823	5.50691381231372e-19
2.279431965	7.97888605126702e-19
2.280641107	1.0215497593263004e-18
2.281850249	9.807049679470851e-19
2.283059391	7.746878335110941e-19
2.284268533	6.468487304593803e-19
2.285477675	7.329969069022814e-19
2.286686817	9.522976545510006e-19
2.287895959	1.2246329926414426e-18
2.289105102	1.4916867460956204e-18
2.290314244	1.6909473412177557e-18
2.291523386	1.754582714915167e-18
2.292732528	1.6445240817665035e-18
2.29394167	1.3737337889693221e-18
2.295150812	1.0437182407584599e-18
2.296359954	8.029616958006557e-19
2.297569096	8.0879911757346885e-19
2.298778238	1.188760748027218e-18
2.29998738	1.8937162667238238e-18
2.301196522	2.5827434875834327e-18
2.302405664	2.954618413258315e-18
2.303614806	3.0132565160101482e-18
2.304823949	2.81535229877728e-18
2.306033091	2.465607237643744e-18
2.307242233	2.1239146423946706e-18
2.308451375	1.9391169200087675e-18
2.309660517	2.019595616245326e-18
2.310869659	2.459607371992057e-18
2.312078801	3.0399739529373553e-18
2.313287943	3.4512019249492048e-18
2.314497085	3.5390761343007034e-18
2.315706227	3.483049121990441e-18
2.316915369	3.426459507909192e-18
2.318124511	3.303396139921316e-18
2.319333654	3.0006170226901956e-18
2.320542796	2.5777817870729896e-18
2.321751938	2.248680471046534e-18
2.32296108	2.077567562802463e-18
2.324170222	2.0462193746914062e-18
2.325379364	2.1513153998197094e-18
2.326588506	2.2803247244237327e-18
2.327797648	2.2395255398107613e-18
2.32900679	1.951582951304105e-18
2.330215932	1.5720989204353266e-18
2.331425074	1.241196618609137e-18
2.332634216	1.0375027692616176e-18
2.333843358	1.0138611656382435e-18
2.335052501	1.2498203671706242e-18
2.336261643	1.8290277344003438e-18
2.337470785	2.8239135438619767e-18
2.338679927	3.969339968268078e-18
2.339889069	4.803061106123128e-18
2.341098211	5.0973177636797664e-18
2.342307353	4.909830430010851e-18
2.343516495	4.353169153234572e-18
2.344725637	3.777372555988054e-18
2.345934779	3.483383954772474e-18
2.347143921	3.864952243821253e-18
2.348353063	5.4251443690629144e-18
2.349562205	8.272614836869542e-18
2.350771348	1.122443516412663e-17
2.35198049	1.2930828035637598e-17
2.353189632	1.3010155897896216e-17
2.354398774	1.1958171261952665e-17
2.355607916	1.0544018746627862e-17
2.356817058	9.350923452842413e-18
2.3580262	8.81413911718161e-18
2.359235342	8.688516078149776e-18
2.360444484	8.942684548650955e-18
2.361653626	9.850999576865738e-18
2.362862768	1.1841909581815163e-17
2.36407191	1.5554836020446064e-17
2.365281052	2.0482053673345842e-17
2.366490195	2.3407065331891014e-17
2.367699337	2.3804384093919574e-17
2.368908479	2.4771846716667355e-17
2.370117621	2.7422991347060954e-17
2.371326763	3.065219998141524e-17
2.372535905	3.387267841953759e-17
2.373745047	3.8389515937245895e-17
2.374954189	4.433508803229151e-17
2.376163331	5.070009542188188e-17
2.377372473	5.198168317413035e-17
2.378581615	4.21219408379249e-17
2.379790757	3.4865480113995843e-17
2.3809999	3.4390135071200265e-17
2.382209042	3.8982221842133776e-17
2.383418184	4.8833319559650684e-17
2.384627326	6.525684017052879e-17
2.385836468	8.171672785812064e-17
2.38704561	6.94971164713662e-17
2.388254752	5.0356936592232775e-17
2.389463894	4.110005023537374e-17
2.390673036	3.8373971266543425e-17
2.391882178	4.096035950939727e-17
2.39309132	5.122377991990655e-17
2.394300462	6.810488360815128e-17
2.395509604	7.345836468354727e-17
2.396718747	6.470679777786635e-17
2.397927889	5.593298873863748e-17
2.399137031	4.9975597086018177e-17
2.400346173	4.30801144479589e-17
2.401555315	3.3208979652030003e-17
2.402764457	2.652700046630377e-17
2.403973599	2.6218974504200373e-17
2.405182741	3.074504980619707e-17
2.406391883	3.7514387752364385e-17
2.407601025	4.5620780864615567e-17
2.408810167	5.4227694151169806e-17
2.410019309	5.842012735215653e-17
2.411228451	5.3199495677446485e-17
2.412437594	4.016935480118317e-17
2.413646736	2.78908763662355e-17
2.414855878	2.2584668700081818e-17
2.41606502	2.5383585895972547e-17
2.417274162	3.291741127370545e-17
2.418483304	3.7482900316193566e-17
2.419692446	3.5490244773429303e-17
2.420901588	3.641734570508593e-17
2.42211073	5.809555682919358e-17
2.423319872	3.972653168668137e-16
2.424529014	-1.3142064345993908e-16
2.425738156	-1.0511582952193443e-16
2.426947299	-1.963290430824848e-16
2.428156441	1.3799676130266903e-16
2.429365583	2.879999707139871e-17
2.430574725	1.0458512463213043e-17
2.431783867	4.494165543740978e-18
2.432993009	4.936395953711464e-18
2.434202151	1.7269410024671637e-17
2.435411293	5.500723911716001e-17
2.436620435	5.118921997798355e-17
2.437829577	2.887938954791251e-17
2.439038719	2.52283058886639e-17
2.440247861	3.4410250916176214e-17
2.441457003	5.082360938368601e-17
2.442666146	6.476069696879104e-17
2.443875288	7.120825867540999e-17
2.44508443	7.185622710434585e-17
2.446293572	6.606760916677598e-17
2.447502714	5.396765872368797e-17
2.448711856	4.124309574821873e-17
2.449920998	3.2147868909988607e-17
2.45113014	2.606190203704018e-17
2.452339282	2.2226548560526912e-17
2.453548424	2.0509884985320745e-17
2.454757566	2.088156645055866e-17
2.455966708	2.1449499679358644e-17
2.45717585	1.9541423539335785e-17
2.458384993	1.6942735901357538e-17
2.459594135	1.5803895808951535e-17
2.460803277	1.6709849829890408e-17
2.462012419	1.8703753670524436e-17
2.463221561	2.0564916821717263e-17
2.464430703	2.268330777235444e-17
2.465639845	2.630027344345405e-17
2.466848987	3.317305920740611e-17
2.468058129	4.666587840920061e-17
2.469267271	7.319245542989182e-17
2.470476413	1.0000877125748136e-16
2.471685555	7.68963309057777e-17
2.472894697	5.167098324203955e-17
2.47410384	3.984323296314264e-17
2.475312982	3.303397800248032e-17
2.476522124	2.751968436984604e-17
2.477731266	2.2416546759793985e-17
2.478940408	1.8417902907792253e-17
2.48014955	1.8604361551273188e-17
2.481358692	2.3258476777381256e-17
2.482567834	2.6556694069076688e-17
2.483776976	2.5598187058172395e-17
2.484986118	2.389062749503716e-17
2.48619526	2.2818405176601974e-17
2.487404402	2.1726435327268433e-17
2.488613545	2.1288239047841827e-17
2.489822687	2.234256039053435e-17
2.491031829	2.3195601320364445e-17
2.492240971	2.2461666097462488e-17
2.493450113	2.0897270038908752e-17
2.494659255	1.9514227493429105e-17
2.495868397	1.867866890083717e-17
2.497077539	1.8160123126176732e-17