0.45	2.839964629282121e-16
0.451155239	2.755252656813518e-16
0.452310479	2.6884708240556847e-16
0.453465718	2.6459291173059955e-16
0.454620957	2.617804706934979e-16
0.455776196	2.617873234902138e-16
0.456931436	2.7231344729200953e-16
0.458086675	2.6294343863610994e-16
0.459241914	2.7431291046203044e-16
0.460397153	2.889316212256124e-16
0.461552393	2.885994437522424e-16
0.462707632	2.6838236243797966e-16
0.463862871	2.7847506304075936e-16
0.46501811	2.8350611622754587e-16
0.46617335	2.889882183071729e-16
0.467328589	2.9048699041477006e-16
0.468483828	2.9454709206038237e-16
0.469639068	2.9326304474571937e-16
0.470794307	2.996552115174719e-16
0.471949546	2.834496029760506e-16
0.473104785	2.9299370394835107e-16
0.474260025	3.0636465831505923e-16
0.475415264	3.08083275423101e-16
0.476570503	3.1733252820866724e-16
0.477725742	3.098514278061981e-16
0.478880982	3.238713941488646e-16
0.480036221	3.1363099769870676e-16
0.48119146	3.206185921970881e-16
0.4823467	3.5362007263476737e-16
0.483501939	3.8323854452181032e-16
0.484657178	3.533170388526046e-16
0.485812417	2.407594067469994e-16
0.486967657	2.4936667789831353e-16
0.488122896	2.7649381459022895e-16
0.489278135	3.0500162496878446e-16
0.490433374	3.0349157192747457e-16
0.491588614	3.0726921818672576e-16
0.492743853	2.936665653975977e-16
0.493899092	3.065184230179126e-16
0.495054331	3.134687821508914e-16
0.496209571	3.164167482144288e-16
0.49736481	2.956672003973965e-16
0.498520049	2.9686724699260287e-16
0.499675289	2.688914371589159e-16
0.500830528	2.717754485928767e-16
0.501985767	2.739708171376982e-16
0.503141006	2.8220949820100714e-16
0.504296246	2.9441721819835486e-16
0.505451485	2.9023084867763136e-16
0.506606724	3.0005147820816428e-16
0.507761963	3.051049456699046e-16
0.508917203	2.9220283209758196e-16
0.510072442	2.8792622528210895e-16
0.511227681	2.8525563992647483e-16
0.512382921	2.842304510397952e-16
0.51353816	2.78937764760006e-16
0.514693399	2.748416921047263e-16
0.515848638	2.7275933979508326e-16
0.517003878	2.7657635560361843e-16
0.518159117	2.7553874897377185e-16
0.519314356	2.6750822587948486e-16
0.520469595	2.7581033195392827e-16
0.521624835	2.755891804651793e-16
0.522780074	2.852580209072491e-16
0.523935313	2.777444568464546e-16
0.525090552	2.712475959517533e-16
0.526245792	2.780501314881177e-16
0.527401031	2.6121410400129717e-16
0.52855627	2.726271325516737e-16
0.52971151	2.905684258176741e-16
0.530866749	2.846987278508403e-16
0.532021988	2.80562170106075e-16
0.533177227	2.781626409639796e-16
0.534332467	2.845624168054854e-16
0.535487706	2.8765591096083773e-16
0.536642945	3.0176238025632182e-16
0.537798184	2.9974224334219984e-16
0.538953424	2.9130192216635367e-16
0.540108663	2.936467435943095e-16
0.541263902	2.8098750583658917e-16
0.542419142	2.8228091040964137e-16
0.543574381	2.9051441136180783e-16
0.54472962	2.9792137808711063e-16
0.545884859	2.9367982494806254e-16
0.547040099	2.9102379106996903e-16
0.548195338	2.8690038222561916e-16
0.549350577	2.8076808660520466e-16
0.550505816	2.841895001956987e-16
0.551661056	2.8820278268103384e-16
0.552816295	2.887869684464402e-16
0.553971534	2.8869275183353664e-16
0.555126773	2.9154961783633064e-16
0.556282013	2.968427811918543e-16
0.557437252	2.89110803228428e-16
0.558592491	2.8840386663704233e-16
0.559747731	2.865702236651924e-16
0.56090297	2.920853459665348e-16
0.562058209	2.928724325002865e-16
0.563213448	2.8563208103931245e-16
0.564368688	2.85264382162615e-16
0.565523927	2.8820222413728132e-16
0.566679166	2.7835452421519843e-16
0.567834405	2.760630796093088e-16
0.568989645	2.8743410305592603e-16
0.570144884	2.794340852487595e-16
0.571300123	2.804462264536661e-16
0.572455362	2.8226073979575946e-16
0.573610602	2.87907165431022e-16
0.574765841	2.811960172289601e-16
0.57592108	2.87059045693954e-16
0.57707632	2.8285428842700467e-16
0.578231559	2.7445393555594463e-16
0.579386798	2.7232448923096375e-16
0.580542037	2.7695534699898676e-16
0.581697277	2.8623839425933104e-16
0.582852516	2.856224775537573e-16
0.584007755	2.8567202101307844e-16
0.585162994	2.875187634319736e-16
0.586318234	2.9338646748378335e-16
0.587473473	2.814824890111294e-16
0.588628712	2.686326987033415e-16
0.589783952	2.821337545824054e-16
0.590939191	2.707424014842352e-16
0.59209443	2.764689245313367e-16
0.593249669	2.77461164271305e-16
0.594404909	2.798270132639324e-16
0.595560148	2.8138693471256397e-16
0.596715387	2.7677713116069883e-16
0.597870626	2.7777229025209357e-16
0.599025866	2.7421430702778844e-16
0.600181105	2.699880952381557e-16
0.601336344	2.698137313955996e-16
0.602491583	2.7519872661950604e-16
0.603646823	2.6507605286283113e-16
0.604802062	2.714628062310332e-16
0.605957301	2.781154662532642e-16
0.607112541	2.78772085445737e-16
0.60826778	2.7049479842230664e-16
0.609423019	2.610540589767469e-16
0.610578258	2.626400682733384e-16
0.611733498	2.535198688284979e-16
0.612888737	2.5289264942209566e-16
0.614043976	2.5167403335900954e-16
0.615199215	2.484577862413485e-16
0.616354455	2.5358602928593654e-16
0.617509694	2.4468913075188956e-16
0.618664933	2.496823095154129e-16
0.619820173	2.5800016324428664e-16
0.620975412	2.569560253362102e-16
0.622130651	2.535186244853506e-16
0.62328589	2.4739035359088784e-16
0.62444113	2.4240122478863703e-16
0.625596369	2.486104195122953e-16
0.626751608	2.456027155434866e-16
0.627906847	2.434803266952319e-16
0.629062087	2.469581171042729e-16
0.630217326	2.457881587575388e-16
0.631372565	2.4316309648488583e-16
0.632527804	2.482013141802176e-16
0.633683044	2.5023856464732e-16
0.634838283	2.44159144989216e-16
0.635993522	2.4805792741610963e-16
0.637148762	2.416072428048203e-16
0.638304001	2.456682756515489e-16
0.63945924	2.5013240046001585e-16
0.640614479	2.4787757981966806e-16
0.641769719	2.456319084242575e-16
0.642924958	2.4723425347304785e-16
0.644080197	2.45445029795201e-16
0.645235436	2.415064971954935e-16
0.646390676	2.449963502360244e-16
0.647545915	2.4644972937014214e-16
0.648701154	2.443741256305562e-16
0.649856394	2.430515028076281e-16
0.651011633	2.4315668999099973e-16
0.652166872	2.4553482272346136e-16
0.653322111	2.506529845361201e-16
0.654477351	2.584881763417871e-16
0.65563259	2.470543562048741e-16
0.656787829	2.5093197995125713e-16
0.657943068	2.5247338653262576e-16
0.659098308	2.475950391627413e-16
0.660253547	2.438596058112334e-16
0.661408786	2.389408680990072e-16
0.662564025	2.414560206382478e-16
0.663719265	2.419110361091543e-16
0.664874504	2.379113869651681e-16
0.666029743	2.356244082273855e-16
0.667184983	2.36167890522816e-16
0.668340222	2.367533662980021e-16
0.669495461	2.371943394375067e-16
0.6706507	2.345293718652277e-16
0.67180594	2.3465756714556913e-16
0.672961179	2.35426174273437e-16
0.674116418	2.3306410107671426e-16
0.675271657	2.3297767334032276e-16
0.676426897	2.3706808563843827e-16
0.677582136	2.3483846806470087e-16
0.678737375	2.3283208582615677e-16
0.679892614	2.321749862557837e-16
0.681047854	2.307872673754425e-16
0.682203093	2.3008507719281865e-16
0.683358332	2.293646742629635e-16
0.684513572	2.286585713769503e-16
0.685668811	2.336710417463291e-16
0.68682405	2.405729417157439e-16
0.687979289	2.3315423290881935e-16
0.689134529	2.2103077940783278e-16
0.690289768	2.1791448769229136e-16
0.691445007	2.1834994277667785e-16
0.692600246	2.189086071269614e-16
0.693755486	2.1938727751992948e-16
0.694910725	2.1965633470897918e-16
0.696065964	2.198251585070264e-16
0.697221204	2.214312248056742e-16
0.698376443	2.2162032327737034e-16
0.699531682	2.1718878159781105e-16
0.700686921	2.1312640091819158e-16
0.701842161	2.1400309072195728e-16
0.7029974	2.141071415218318e-16
0.704152639	2.1462847832886846e-16
0.705307878	2.1374084069210154e-16
0.706463118	2.1268078150131893e-16
0.707618357	2.131701688919245e-16
0.708773596	2.155740341372676e-16
0.709928835	2.1377903257210072e-16
0.711084075	2.115201567380802e-16
0.712239314	2.1123330690941098e-16
0.713394553	2.119019859832798e-16
0.714549793	2.1164876594796365e-16
0.715705032	2.1591425197921606e-16
0.716860271	2.125459082427386e-16
0.71801551	2.0460529870592071e-16
0.71917075	1.9601113957648306e-16
0.720325989	1.9161355437727902e-16
0.721481228	1.9786017859121518e-16
0.722636467	1.9937539214347048e-16
0.723791707	1.9856789353303604e-16
0.724946946	1.9572918140477274e-16
0.726102185	1.9187474309180454e-16
0.727257425	1.8930924867819813e-16
0.728412664	1.880841621394652e-16
0.729567903	1.878786499508773e-16
0.730723142	1.856566579106783e-16
0.731878382	1.8886562158642196e-16
0.733033621	1.9121154104754385e-16
0.73418886	1.9147758442932318e-16
0.735344099	1.9317238049714215e-16
0.736499339	1.94086487494416e-16
0.737654578	1.9314244315345347e-16
0.738809817	1.932349343375325e-16
0.739965056	1.9499442721650866e-16
0.741120296	1.923639748210627e-16
0.742275535	1.885913137572757e-16
0.743430774	1.859914716556036e-16
0.744586014	1.8686687692574435e-16
0.745741253	1.9009300306966146e-16
0.746896492	1.8741334586035743e-16
0.748051731	1.8830514331449382e-16
0.749206971	1.8794347742293679e-16
0.75036221	1.8689566825104837e-16
0.751517449	1.859568312773671e-16
0.752672688	1.8557515227608537e-16
0.753827928	1.8467257626870027e-16
0.754983167	1.8290333159196942e-16
0.756138406	1.8096851172411212e-16
0.757293646	1.8359602649255155e-16
0.758448885	1.9858558290852246e-16
0.759604124	2.2586929304389656e-16
0.760759363	2.1751874592186301e-16
0.761914603	1.6112650707227353e-16
0.763069842	1.547757813593907e-16
0.764225081	1.588992156355425e-16
0.76538032	1.5351320362095436e-16
0.76653556	1.5475348772167493e-16
0.767690799	1.6267564291673538e-16
0.768846038	1.7226038277921817e-16
0.770001277	1.7324469410338193e-16
0.771156517	1.6985747571438674e-16
0.772311756	1.703849037194451e-16
0.773466995	1.7370864597532597e-16
0.774622235	1.743287613663917e-16
0.775777474	1.718569885579765e-16
0.776932713	1.661999893965045e-16
0.778087952	1.7032512771160594e-16
0.779243192	1.7506901848631457e-16
0.780398431	1.7070785023868592e-16
0.78155367	1.6760992150356358e-16
0.782708909	1.6700967972051389e-16
0.783864149	1.6526959748417153e-16
0.785019388	1.6172080177304695e-16
0.786174627	1.6141317581095045e-16
0.787329866	1.6179950143565903e-16
0.788485106	1.61264984881578e-16
0.789640345	1.576460925925324e-16
0.790795584	1.570412348863465e-16
0.791950824	1.568436215429881e-16
0.793106063	1.5719115041191983e-16
0.794261302	1.5638291095761944e-16
0.795416541	1.58164604191915e-16
0.796571781	1.6062546362385294e-16
0.79772702	1.6004498300042545e-16
0.798882259	1.5923768984898118e-16
0.800037498	1.5934960318152367e-16
0.801192738	1.5820606418162458e-16
0.802347977	1.5725663781146872e-16
0.803503216	1.5454898437910477e-16
0.804658456	1.543218175634869e-16
0.805813695	1.5299195975126714e-16
0.806968934	1.5007435311280416e-16
0.808124173	1.4824715030542297e-16
0.809279413	1.4876293065167663e-16
0.810434652	1.4748794345985467e-16
0.811589891	1.4722421506117593e-16
0.81274513	1.494908759333613e-16
0.81390037	1.500550694608905e-16
0.815055609	1.4787652105702562e-16
0.816210848	1.4401101735184266e-16
0.817366087	1.4051930404314277e-16
0.818521327	1.3807221436371814e-16
0.819676566	1.386154680232197e-16
0.820831805	1.4054273979854587e-16
0.821987045	1.4125762737151688e-16
0.823142284	1.394861733054418e-16
0.824297523	1.3922507486011445e-16
0.825452762	1.4304627130938965e-16
0.826608002	1.4754628930381167e-16
0.827763241	1.451866315712638e-16
0.82891848	1.4177397599735485e-16
0.830073719	1.3860139221048407e-16
0.831228959	1.3657854822883023e-16
0.832384198	1.3629636027089452e-16
0.833539437	1.3592387302517867e-16
0.834694677	1.3530138216172712e-16
0.835849916	1.3448057868076835e-16
0.837005155	1.3253167243415716e-16
0.838160394	1.3041397751792778e-16
0.839315634	1.288250938921476e-16
0.840470873	1.3464260499555884e-16
0.841626112	1.3303456294038558e-16
0.842781351	1.3913242977430217e-16
0.843936591	1.3262529149708204e-16
0.84509183	1.4094371685887068e-16
0.846247069	1.3799584696265192e-16
0.847402308	1.3428723085278755e-16
0.848557548	1.365936261107235e-16
0.849712787	1.337568049341018e-16
0.850868026	1.119332425771448e-16
0.852023266	1.171850680510469e-16
0.853178505	1.1537618359271685e-16
0.854333744	1.0216134791901557e-16
0.855488983	9.46070909978293e-17
0.856644223	1.2055048712998705e-16
0.857799462	1.304403434086279e-16
0.858954701	1.246186376030366e-16
0.86010994	1.1537858723273964e-16
0.86126518	1.269265707651146e-16
0.862420419	1.3021842021634556e-16
0.863575658	1.2835127989778603e-16
0.864730898	1.22425810630389e-16
0.865886137	1.0882191276007068e-16
0.867041376	8.774369815456171e-17
0.868196615	1.0032708919069874e-16
0.869351855	1.2134547844229577e-16
0.870507094	1.2778602612604957e-16
0.871662333	1.269799896867797e-16
0.872817572	1.2903531848864447e-16
0.873972812	1.2559315571276256e-16
0.875128051	1.1535125350766685e-16
0.87628329	1.2754785046739902e-16
0.877438529	1.3347930202445545e-16
0.878593769	1.2986022979478201e-16
0.879749008	1.272357497958258e-16
0.880904247	1.2750767645178165e-16
0.882059487	1.2845730701193076e-16
0.883214726	1.262320916542121e-16
0.884369965	1.2368167234804166e-16
0.885525204	1.1619826146456966e-16
0.886680444	1.1048357729823533e-16
0.887835683	1.2203321514934926e-16
0.888990922	1.2550737937612634e-16
0.890146161	1.2360671877885648e-16
0.891301401	1.2128506697205523e-16
0.89245664	1.2039749137304285e-16
0.893611879	1.2124863907571933e-16
0.894767119	1.2001849399857064e-16
0.895922358	1.1783239984471046e-16
0.897077597	1.1577194982580304e-16
0.898232836	1.1495861590312546e-16
0.899388076	1.097108214209188e-16
0.900543315	1.0491974500952854e-16
0.901698554	9.878214434978404e-17
0.902853793	1.100791512231843e-16
0.904009033	1.1535812993185522e-16
0.905164272	1.1663896806675603e-16
0.906319511	1.146583154051993e-16
0.90747475	1.1588487000330617e-16
0.90862999	1.1214092389526367e-16
0.909785229	1.0650825378223648e-16
0.910940468	1.0398613840239798e-16
0.912095708	1.0396256595863802e-16
0.913250947	1.0479550168101001e-16
0.914406186	1.0680287124405765e-16
0.915561425	1.0322508020082428e-16
0.916716665	1.0271546842694042e-16
0.917871904	9.988605533079695e-17
0.919027143	9.878206575342988e-17
0.920182382	9.643808492326862e-17
0.921337622	9.281446063104355e-17
0.922492861	8.774995363964535e-17
0.9236481	8.938831877679164e-17
0.924803339	9.439613860823683e-17
0.925958579	9.396853803531994e-17
0.927113818	9.277205499332476e-17
0.928269057	9.273217045044205e-17
0.929424297	9.127417037983332e-17
0.930579536	8.954427611629795e-17
0.931734775	8.698498890516125e-17
0.932890014	8.436553206602979e-17
0.934045254	7.804917412661475e-17
0.935200493	7.434969118443895e-17
0.936355732	7.368113753999779e-17
0.937510971	7.476703556808109e-17
0.938666211	7.60840379417664e-17
0.93982145	7.752965568190867e-17
0.940976689	7.748536563939475e-17
0.942131929	7.788502777989086e-17
0.943287168	7.423492431412479e-17
0.944442407	7.17479414058342e-17
0.945597646	7.60219939951308e-17
0.946752886	7.880965142546543e-17
0.947908125	7.894145687867803e-17
0.949063364	8.036288527950121e-17
0.950218603	8.16860291936997e-17
0.951373843	9.02105209817782e-17
0.952529082	9.557328716982386e-17
0.953684321	9.787973135285245e-17
0.95483956	8.179647779421678e-17
0.9559948	7.524020941903471e-17
0.957150039	7.451223110130877e-17
0.958305278	7.498100055539345e-17
0.959460518	7.361040198014043e-17
0.960615757	7.175104972749887e-17
0.961770996	7.139964797720171e-17
0.962926235	7.109369282521874e-17
0.964081475	7.126853552027453e-17
0.965236714	7.0541701822667e-17
0.966391953	6.715330711939931e-17
0.967547192	6.801713675723333e-17
0.968702432	6.935160245239691e-17
0.969857671	6.940522720524169e-17
0.97101291	0.
0.97216815	0.
0.973323389	0.
0.974478628	0.
0.975633867	0.
0.976789107	0.
0.977944346	0.
0.979099585	0.
0.980254824	0.
0.981410064	0.
0.982565303	0.
0.983720542	0.
0.984875781	0.
0.986031021	0.
0.98718626	0.
0.988341499	0.
0.989496739	0.
0.990651978	0.
0.991807217	0.
0.992962456	0.
0.994117696	0.
0.995272935	0.
0.996428174	0.
0.997583413	1.3308943717871918e-16
0.998738653	1.3210098000066147e-16
0.999893892	1.308313731531699e-16
1.001049131	1.278399264754509e-16
1.002204371	1.2426802077845409e-16
1.00335961	1.1840686466684203e-16
1.004514849	1.1182961490822282e-16
1.005670088	1.1140996636689565e-16
1.006825328	1.1479657215426188e-16
1.007980567	1.136520050009768e-16
1.009135806	1.130975342943716e-16
1.010291045	1.1266713357116364e-16
1.011446285	1.1461402601652813e-16
1.012601524	1.1357790042729802e-16
1.013756763	1.1400435445142722e-16
1.014912002	1.1417621039413678e-16
1.016067242	1.1528115378094868e-16
1.017222481	1.1154708407202788e-16
1.01837772	1.096723839535549e-16
1.01953296	1.1112762453124561e-16
1.020688199	1.13625210608352e-16
1.021843438	1.1520803768257605e-16
1.022998677	1.1428850673910848e-16
1.024153917	1.1234071887286717e-16
1.025309156	1.1151496722369652e-16
1.026464395	1.1039147616921076e-16
1.027619634	1.0883151970408029e-16
1.028774874	1.0931447814273116e-16
1.029930113	1.1078598062641883e-16
1.031085352	1.0900876413790728e-16
1.032240591	1.0736959891490393e-16
1.033395831	1.0801327057527833e-16
1.03455107	1.0871162533461859e-16
1.035706309	1.0770256433546693e-16
1.036861549	1.0737915264270393e-16
1.038016788	1.0804573564349863e-16
1.039172027	1.0822922452372191e-16
1.040327266	1.0835270338561904e-16
1.041482506	1.0860796748298889e-16
1.042637745	1.078493885385907e-16
1.043792984	1.0623333031115873e-16
1.044948223	1.0639789906985452e-16
1.046103463	1.069981604634313e-16
1.047258702	1.052890426386264e-16
1.048413941	1.0474114274405529e-16
1.049569181	1.0595463755839013e-16
1.05072442	1.0507254181898058e-16
1.051879659	1.0328781103028679e-16
1.053034898	1.0420694013041623e-16
1.054190138	1.0564310823537247e-16
1.055345377	1.0463822620204921e-16
1.056500616	1.0456190910433775e-16
1.057655855	1.07024656876607e-16
1.058811095	1.0778342287672481e-16
1.059966334	1.0666891201262827e-16
1.061121573	1.0636320975864537e-16
1.062276812	1.0653181687800351e-16
1.063432052	1.065351474723953e-16
1.064587291	1.0679135894479831e-16
1.06574253	1.0684978260232088e-16
1.06689777	1.0677583765173443e-16
1.068053009	1.0677775502650106e-16
1.069208248	1.0742385716867614e-16
1.070363487	1.0770198319907232e-16
1.071518727	1.0622839297330102e-16
1.072673966	1.0530967375389791e-16
1.073829205	1.0553367124939275e-16
1.074984444	1.0526215988202024e-16
1.076139684	1.0447326472199302e-16
1.077294923	1.0406163376903779e-16
1.078450162	1.0331006825118843e-16
1.079605402	1.0146329203275022e-16
1.080760641	1.0187289674801914e-16
1.08191588	1.051278938535072e-16
1.083071119	1.065554491749509e-16
1.084226359	1.0631315338068399e-16
1.085381598	1.0587454932226575e-16
1.086536837	1.0714083496698946e-16
1.087692076	1.1146977362681491e-16
1.088847316	1.1245430584545894e-16
1.090002555	1.0935019823115312e-16
1.091157794	1.0720107550675501e-16
1.092313033	1.0647750624090376e-16
1.093468273	1.0808800897216766e-16
1.094623512	1.0762509681124455e-16
1.095778751	1.0290829828633642e-16
1.096933991	9.926498435908145e-17
1.09808923	9.71933357615454e-17
1.099244469	9.447890382736122e-17
1.100399708	9.258175679459304e-17
1.101554948	9.315270741582525e-17
1.102710187	9.331686848214747e-17
1.103865426	9.186887599593482e-17
1.105020665	9.053584083422693e-17
1.106175905	8.943251975676356e-17
1.107331144	8.815858860385042e-17
1.108486383	8.633434185541842e-17
1.109641623	8.400477410120873e-17
1.110796862	8.199466625358714e-17
1.111952101	8.051410190899252e-17
1.11310734	7.924289200970822e-17
1.11426258	7.822257514374538e-17
1.115417819	7.769110923639027e-17
1.116573058	7.753777120545389e-17
1.117728297	7.744277054498986e-17
1.118883537	7.812634988004484e-17
1.120038776	7.93697462667452e-17
1.121194015	7.973235938309295e-17
1.122349254	8.034417134459775e-17
1.123504494	8.143620546010482e-17
1.124659733	8.253431000781285e-17
1.125814972	8.297495881116863e-17
1.126970212	8.055560855713507e-17
1.128125451	7.735195895820746e-17
1.12928069	7.606718282382325e-17
1.130435929	7.667889656091291e-17
1.131591169	7.852016800756377e-17
1.132746408	8.082571642190611e-17
1.133901647	8.30660379115505e-17
1.135056886	8.326083116211741e-17
1.136212126	8.173494916280776e-17
1.137367365	8.085531465421517e-17
1.138522604	7.984962138077477e-17
1.139677843	7.859497163418312e-17
1.140833083	7.741931329735489e-17
1.141988322	7.638252761686021e-17
1.143143561	7.625399338278214e-17
1.144298801	7.682879650407709e-17
1.14545404	7.718912187208181e-17
1.146609279	7.801760485533591e-17
1.147764518	7.952226677091071e-17
1.148919758	8.059714943177458e-17
1.150074997	8.12086403405916e-17
1.151230236	8.165173550050768e-17
1.152385475	8.171898725294758e-17
1.153540715	8.109341323778045e-17
1.154695954	8.047224294123879e-17
1.155851193	8.012792649972469e-17
1.157006433	7.940844374941247e-17
1.158161672	7.851015953202156e-17
1.159316911	7.835284991041662e-17
1.16047215	7.843127221731572e-17
1.16162739	7.824571613623681e-17
1.162782629	7.761696630222451e-17
1.163937868	7.652598938842093e-17
1.165093107	7.580447265379563e-17
1.166248347	7.530969235084033e-17
1.167403586	7.449831354448144e-17
1.168558825	7.435972803257351e-17
1.169714064	7.508493446374127e-17
1.170869304	7.535382173054559e-17
1.172024543	7.502193316207775e-17
1.173179782	7.466870693441943e-17
1.174335022	7.445903360065056e-17
1.175490261	7.480661162333749e-17
1.1766455	7.470311038867981e-17
1.177800739	7.383598900341315e-17
1.178955979	7.232111405689522e-17
1.180111218	7.053638919488561e-17
1.181266457	7.002089786865684e-17
1.182421696	7.048633649519871e-17
1.183576936	7.152531181760964e-17
1.184732175	7.160430323406139e-17
1.185887414	7.018247965580237e-17
1.187042654	7.063655357690554e-17
1.188197893	7.255955907637216e-17
1.189353132	7.24805637432811e-17
1.190508371	7.161843342221552e-17
1.191663611	7.110322179855538e-17
1.19281885	7.045069540710555e-17
1.193974089	6.947566314084335e-17
1.195129328	6.873732541013323e-17
1.196284568	6.855678015014587e-17
1.197439807	6.989593641684427e-17
1.198595046	7.136206087926962e-17
1.199750285	7.075320773159015e-17
1.200905525	6.983544035304725e-17
1.202060764	6.922027222194776e-17
1.203216003	6.980847412787755e-17
1.204371243	7.035900643291354e-17
1.205526482	6.804883740495921e-17
1.206681721	6.700808186632866e-17
1.20783696	6.87098815387852e-17
1.2089922	6.917179888906703e-17
1.210147439	6.808752510871266e-17
1.211302678	6.743649074352875e-17
1.212457917	6.694659453479549e-17
1.213613157	6.629230116273764e-17
1.214768396	6.512690459910353e-17
1.215923635	6.281507324368058e-17
1.217078875	5.989232986468956e-17
1.218234114	5.727885738706799e-17
1.219389353	5.54893416271856e-17
1.220544592	5.594698170483254e-17
1.221699832	5.810081068741212e-17
1.222855071	6.098760743340774e-17
1.22401031	6.394571346013567e-17
1.225165549	6.551304801525008e-17
1.226320789	6.616341722084477e-17
1.227476028	6.677679689670078e-17
1.228631267	6.669343791165463e-17
1.229786506	6.585102334859369e-17
1.230941746	6.52446156895012e-17
1.232096985	6.495753490550171e-17
1.233252224	6.445622173823234e-17
1.234407464	6.388512219669436e-17
1.235562703	6.339605004402436e-17
1.236717942	6.289871304152972e-17
1.237873181	6.241354023053086e-17
1.239028421	6.234325712017672e-17
1.24018366	6.254231251913164e-17
1.241338899	6.240557074514153e-17
1.242494138	6.217145864235082e-17
1.243649378	6.210359169273937e-17
1.244804617	6.193666428916332e-17
1.245959856	6.164368084236066e-17
1.247115095	6.149627391919171e-17
1.248270335	6.141145131609754e-17
1.249425574	6.118038746154797e-17
1.250580813	6.114593176112685e-17
1.251736053	6.151270374360787e-17
1.252891292	6.151719807431534e-17
1.254046531	6.109906208662664e-17
1.25520177	6.092073969821913e-17
1.25635701	6.084318868686391e-17
1.257512249	6.060943978916181e-17
1.258667488	6.029948772253466e-17
1.259822727	5.989992172684371e-17
1.260977967	5.967358099866474e-17
1.262133206	5.961743409569156e-17
1.263288445	5.945503497932216e-17
1.264443685	5.930459919696878e-17
1.265598924	5.931911062861861e-17
1.266754163	5.971058892007584e-17
1.267909402	6.043959436023922e-17
1.269064642	6.049775743747718e-17
1.270219881	5.999610487428252e-17
1.27137512	6.002106681082481e-17
1.272530359	6.03526308231848e-17
1.273685599	6.090717304831805e-17
1.274840838	6.132431320205498e-17
1.275996077	6.149063703291353e-17
1.277151316	6.182188159867354e-17
1.278306556	6.206697319687289e-17
1.279461795	6.208457801531517e-17
1.280617034	6.353066919906914e-17
1.281772274	6.752587462905968e-17
1.282927513	6.728261111186708e-17
1.284082752	6.274503236300342e-17
1.285237991	6.04650061177573e-17
1.286393231	5.95237501445154e-17
1.28754847	5.861536546946854e-17
1.288703709	5.775863838297544e-17
1.289858948	5.720973769370025e-17
1.291014188	5.63971552000403e-17
1.292169427	5.540057791809115e-17
1.293324666	5.502521496992583e-17
1.294479906	5.483832810567354e-17
1.295635145	5.433568856661186e-17
1.296790384	5.412679639592518e-17
1.297945623	5.424210538452772e-17
1.299100863	5.389565904883373e-17
1.300256102	5.330295520565671e-17
1.301411341	5.305654267093288e-17
1.30256658	5.285553959904757e-17
1.30372182	5.256873274502792e-17
1.304877059	5.2032864552438286e-17
1.306032298	5.1387426152693616e-17
1.307187537	5.1023046908023894e-17
1.308342777	5.075101065723608e-17
1.309498016	5.0301173078317354e-17
1.310653255	5.0039487129161303e-17
1.311808495	5.0173687909669174e-17
1.312963734	4.954446497333269e-17
1.314118973	4.8418886176850127e-17
1.315274212	4.8576404134037363e-17
1.316429452	4.901972014092313e-17
1.317584691	4.8196717552222165e-17
1.31873993	4.7522006232737957e-17
1.319895169	4.741268027890174e-17
1.321050409	4.748866373059064e-17
1.322205648	4.752945742510572e-17
1.323360887	4.699638663882256e-17
1.324516127	4.6163358443451506e-17
1.325671366	4.550909466403337e-17
1.326826605	4.4826747612189104e-17
1.327981844	4.432810591722261e-17
1.329137084	4.4531001457668174e-17
1.330292323	4.5058668083873986e-17
1.331447562	4.5323821501280965e-17
1.332602801	4.5315980267178855e-17
1.333758041	4.494562413183925e-17
1.33491328	4.480093053878698e-17
1.336068519	4.491765912128429e-17
1.337223758	4.47946679423048e-17
1.338378998	4.453459286025902e-17
1.339534237	4.4354465756724474e-17
1.340689476	4.3817794447216745e-17
1.341844716	4.271701055605797e-17
1.342999955	4.15696060852326e-17
1.344155194	4.050062398085223e-17
1.345310433	3.952992457123646e-17
1.346465673	3.862032135708129e-17
1.347620912	3.752178268270828e-17
1.348776151	3.661313344331383e-17
1.34993139	3.592904351069225e-17
1.35108663	3.4860303834696515e-17
1.352241869	3.353524917507928e-17
1.353397108	3.234962138734203e-17
1.354552347	3.144377723109411e-17
1.355707587	3.106584078276651e-17
1.356862826	3.074011195173454e-17
1.358018065	3.0890327401595436e-17
1.359173305	3.262404236172449e-17
1.360328544	3.488463160656247e-17
1.361483783	3.612856584280652e-17
1.362639022	3.490198533387399e-17
1.363794262	3.127667444855758e-17
1.364949501	2.5736156234709138e-17
1.36610474	2.0591912448101525e-17
1.367259979	1.8866619650929524e-17
1.368415219	2.4557250975642834e-17
1.369570458	3.4288889210821697e-17
1.370725697	4.1078817167042726e-17
1.371880937	4.3209680705165394e-17
1.373036176	4.108373963694386e-17
1.374191415	3.8530761656628984e-17
1.375346654	3.6753878851356064e-17
1.376501894	3.53495102471063e-17
1.377657133	3.3870315052283366e-17
1.378812372	3.2759827803709373e-17
1.379967611	3.245169840291173e-17
1.381122851	3.3525796553218514e-17
1.38227809	3.754798639009372e-17
1.383433329	4.385979875571112e-17
1.384588568	5.065966926120934e-17
1.385743808	5.4198464362656044e-17
1.386899047	5.117758615708245e-17
1.388054286	4.7182950674556373e-17
1.389209526	4.424672376975566e-17
1.390364765	4.2286049808862166e-17
1.391520004	4.0860564200531106e-17
1.392675243	3.9632245923456506e-17
1.393830483	3.8635123790273704e-17
1.394985722	3.75653827732286e-17
1.396140961	3.6395509486404254e-17
1.3972962	3.5279060114358836e-17
1.39845144	3.4508966898227134e-17
1.399606679	3.456443832365095e-17
1.400761918	3.480280959679464e-17
1.401917158	3.4846092369720043e-17
1.403072397	3.517158198803333e-17
1.404227636	3.5719865094033734e-17
1.405382875	3.620949710063722e-17
1.406538115	3.6630562078651907e-17
1.407693354	3.6906012383809985e-17
1.408848593	3.6930761790260655e-17
1.410003832	3.680710116858251e-17
1.411159072	3.6918968784772e-17
1.412314311	3.706563072756682e-17
1.41346955	3.661558346628042e-17
1.414624789	3.6004397341928665e-17
1.415780029	3.55300202798045e-17
1.416935268	3.5329200254529713e-17
1.418090507	3.55450597874189e-17
1.419245747	3.5875062778643296e-17
1.420400986	3.622745805228707e-17
1.421556225	3.6686145926180205e-17
1.422711464	3.6532552840929846e-17
1.423866704	3.5679813212717774e-17
1.425021943	3.512290147571273e-17
1.426177182	3.4914346853778424e-17
1.427332421	3.451819295388635e-17
1.428487661	3.4060502782787684e-17
1.4296429	3.360371394245784e-17
1.430798139	3.295008840585348e-17
1.431953379	3.2804530027875826e-17
1.433108618	3.300531560303651e-17
1.434263857	3.305386751276703e-17
1.435419096	3.3039123288154925e-17
1.436574336	3.2933476390729645e-17
1.437729575	3.2648279232553876e-17
1.438884814	3.2945055083447797e-17
1.440040053	3.402989083934476e-17
1.441195293	3.420173833019721e-17
1.442350532	3.325708192313409e-17
1.443505771	3.299861917074425e-17
1.44466101	3.2745407347013083e-17
1.44581625	3.18600349981912e-17
1.446971489	3.109070310633715e-17
1.448126728	3.086601163435412e-17
1.449281968	3.121669198596876e-17
1.450437207	3.1942240013198473e-17
1.451592446	3.10044455177654e-17
1.452747685	3.071935414528918e-17
1.453902925	3.1478496549817596e-17
1.455058164	3.1738501543525064e-17
1.456213403	3.0628282543903554e-17
1.457368642	2.9766568320190044e-17
1.458523882	2.9846623201703237e-17
1.459679121	2.9907365702241594e-17
1.46083436	2.912262507196436e-17
1.461989599	2.880607337224878e-17
1.463144839	2.900476203856019e-17
1.464300078	2.8302021957792294e-17
1.465455317	2.6872013716421492e-17
1.466610557	2.6289428286070605e-17
1.467765796	2.6533193239239186e-17
1.468921035	2.6502008137896444e-17
1.470076274	2.617976260806566e-17
1.471231514	2.5924332238739508e-17
1.472386753	2.5577463703459676e-17
1.473541992	2.532374752341659e-17
1.474697231	2.5295078714222842e-17
1.475852471	2.529741057506371e-17
1.47700771	2.4839845005622634e-17
1.478162949	2.4009019231348958e-17
1.479318189	2.3432896328553316e-17
1.480473428	2.3588511722923593e-17
1.481628667	2.4150079224271524e-17
1.482783906	2.4229983117239252e-17
1.483939146	2.3690936219215853e-17
1.485094385	2.213379661497508e-17
1.486249624	2.122868316735561e-17
1.487404863	2.2856729956177064e-17
1.488560103	2.491784066300931e-17
1.489715342	2.4370856541664762e-17
1.490870581	2.348888430844894e-17
1.49202582	2.3626917942048487e-17
1.49318106	2.3487322036107992e-17
1.494336299	2.277839971811775e-17
1.495491538	2.2594776742963272e-17
1.496646778	2.3066140373655788e-17
1.497802017	2.3242476256655167e-17
1.498957256	2.2619390657237744e-17
1.500112495	2.1966252006290992e-17
1.501267735	2.138544288827466e-17
1.502422974	2.060332362624925e-17
1.503578213	1.994050424111594e-17
1.504733452	2.02692031540416e-17
1.505888692	2.1135110635592472e-17
1.507043931	2.147653033811256e-17
1.50819917	2.146097773894333e-17
1.50935441	2.1462041041518007e-17
1.510509649	2.1697045199104513e-17
1.511664888	2.203196389245034e-17
1.512820127	2.2029979623190054e-17
1.513975367	2.2144208696006694e-17
1.515130606	2.2564741649749745e-17
1.516285845	2.2629409952749237e-17
1.517441084	2.228966868006322e-17
1.518596324	2.225755578131802e-17
1.519751563	2.276315801450063e-17
1.520906802	2.3222108287568296e-17
1.522062041	2.3299234476545174e-17
1.523217281	2.328076804365249e-17
1.52437252	2.3589585880709594e-17
1.525527759	2.3613511649544243e-17
1.526682999	2.2984140091510133e-17
1.527838238	2.2447250798462836e-17
1.528993477	2.2742957802299204e-17
1.530148716	2.3275016414035823e-17
1.531303956	2.2608983566961917e-17
1.532459195	2.1860035129086942e-17
1.533614434	2.2423583035606345e-17
1.534769673	2.2973430077734276e-17
1.535924913	2.269959103021667e-17
1.537080152	2.2523039718436227e-17
1.538235391	2.286094944647221e-17
1.539390631	2.32945218902863e-17
1.54054587	2.3093414203881566e-17
1.541701109	2.254531693816041e-17
1.542856348	2.265891188380778e-17
1.544011588	2.3275090639172942e-17
1.545166827	2.3365019707929397e-17
1.546322066	2.2834579241439902e-17
1.547477305	2.2733901613280072e-17
1.548632545	2.3218989884057992e-17
1.549787784	2.3582561499591853e-17
1.550943023	2.3162863984365357e-17
1.552098262	2.2367357460112535e-17
1.553253502	2.2438568500233233e-17
1.554408741	2.3201503767086906e-17
1.55556398	2.330534521757877e-17
1.55671922	2.2452663617836763e-17
1.557874459	2.1861455628508057e-17
1.559029698	2.1998907921596813e-17
1.560184937	2.2461400464230092e-17
1.561340177	2.2511202910705864e-17
1.562495416	2.2228306914508206e-17
1.563650655	2.2146359387017503e-17
1.564805894	2.2578468950245626e-17
1.565961134	2.3052252764131013e-17
1.567116373	2.2880977869838042e-17
1.568271612	2.226879159526349e-17
1.569426852	2.1727839978418416e-17
1.570582091	2.1425765235478563e-17
1.57173733	2.1597420182596788e-17
1.572892569	2.1739194107369783e-17
1.574047809	2.2091801381501672e-17
1.575203048	2.2849993275926673e-17
1.576358287	2.3394938208354585e-17
1.577513526	2.3487451278291366e-17
1.578668766	2.3070036096253155e-17
1.579824005	2.2093512802281726e-17
1.580979244	2.1964437590237e-17
1.582134483	2.231504487670471e-17
1.583289723	2.1804558283152227e-17
1.584444962	2.1219123906503317e-17
1.585600201	2.102503518769296e-17
1.586755441	2.1089913747935876e-17
1.58791068	2.1335510378657977e-17
1.589065919	2.2005063381639647e-17
1.590221158	2.3258935972775242e-17
1.591376398	2.3931108678028894e-17
1.592531637	2.3767017771145264e-17
1.593686876	2.3413467368054446e-17
1.594842115	2.367918113200618e-17
1.595997355	2.4349119971599767e-17
1.597152594	2.3717518075094897e-17
1.598307833	2.2480323485861957e-17
1.599463072	2.2553154565863676e-17
1.600618312	2.3414796386079952e-17
1.601773551	2.3898058181254894e-17
1.60292879	2.3774231844824694e-17
1.60408403	2.354140297092458e-17
1.605239269	2.3825300180853255e-17
1.606394508	2.4245205317958788e-17
1.607549747	2.3827165304262162e-17
1.608704987	2.3299554044533857e-17
1.609860226	2.3768123751719625e-17
1.611015465	2.4504826387049385e-17
1.612170704	2.4816129257139367e-17
1.613325944	2.4689880899298006e-17
1.614481183	2.4486972815193847e-17
1.615636422	2.4860861128053186e-17
1.616791662	2.4985996044842368e-17
1.617946901	2.4101760049700687e-17
1.61910214	2.3469702412235025e-17
1.620257379	2.308049122513437e-17
1.621412619	2.2274317466558607e-17
1.622567858	2.1885867848882e-17
1.623723097	2.209146242619752e-17
1.624878336	2.2317386406358503e-17
1.626033576	2.2174646676056404e-17
1.627188815	2.1647317620075816e-17
1.628344054	2.1212728478396345e-17
1.629499293	2.126573639764342e-17
1.630654533	2.1390468196428415e-17
1.631809772	2.114809282701575e-17
1.632965011	2.0767496524962526e-17
1.634120251	2.055845929999292e-17
1.63527549	2.052560871713456e-17
1.636430729	2.0408260374671302e-17
1.637585968	2.0272877174212104e-17
1.638741208	2.0070144056531627e-17
1.639896447	1.9844742719482263e-17
1.641051686	1.9836419595574297e-17
1.642206925	1.9903089419465364e-17
1.643362165	1.9856841777700872e-17
1.644517404	1.9572162940444674e-17
1.645672643	1.9016532907464885e-17
1.646827883	1.855248349292426e-17
1.647983122	1.8384101655778892e-17
1.649138361	1.8253711465730794e-17
1.6502936	1.8058931954477606e-17
1.65144884	1.7837803577641132e-17
1.652604079	1.7735468530329452e-17
1.653759318	1.7698642534994327e-17
1.654914557	1.7703653744678158e-17
1.656069797	1.7793749384126728e-17
1.657225036	1.7950620378430942e-17
1.658380275	1.8099415410823726e-17
1.659535514	1.8198329996600127e-17
1.660690754	1.8140386695153835e-17
1.661845993	1.8042647900752677e-17
1.663001232	1.8145516343691943e-17
1.664156472	1.836051298978999e-17
1.665311711	1.852494477631181e-17
1.66646695	1.863177376490724e-17
1.667622189	1.8822737289557367e-17
1.668777429	1.895457072035156e-17
1.669932668	1.8891746352122257e-17
1.671087907	1.9290303632905437e-17
1.672243146	2.0049135358393332e-17
1.673398386	2.0126547985429468e-17
1.674553625	1.9929592282437053e-17
1.675708864	2.012454821505558e-17
1.676864104	2.0105702651757898e-17
1.678019343	1.9837117716196804e-17
1.679174582	2.0021196811327474e-17
1.680329821	2.064921942393146e-17
1.681485061	2.1161677117675538e-17
1.6826403	2.1370320800787432e-17
1.683795539	2.1087607397884563e-17
1.684950778	2.0877024765069795e-17
1.686106018	2.0789430055569688e-17
1.687261257	2.0556817715144643e-17
1.688416496	2.0237686652143726e-17
1.689571735	2.0147226724826767e-17
1.690726975	2.021334517837226e-17
1.691882214	2.0205117028472585e-17
1.693037453	2.0187490313724032e-17
1.694192693	2.013454507373747e-17
1.695347932	2.003214055301866e-17
1.696503171	2.0052839295384405e-17
1.69765841	2.0273681471681224e-17
1.69881365	2.0560162316553478e-17
1.699968889	2.076317373160632e-17
1.701124128	2.0723509773810144e-17
1.702279367	2.050955313807364e-17
1.703434607	2.023341911820111e-17
1.704589846	1.9951966051795567e-17
1.705745085	1.9710883255258027e-17
1.706900324	1.9624074748170403e-17
1.708055564	1.96929599247055e-17
1.709210803	1.9596358306628385e-17
1.710366042	1.950148629156346e-17
1.711521282	1.9977182822140126e-17
1.712676521	2.02486190083559e-17
1.71383176	1.9645231505040442e-17
1.714986999	1.923318023191697e-17
1.716142239	1.9275328184224625e-17
1.717297478	1.9386369559952944e-17
1.718452717	1.9584636320294507e-17
1.719607956	1.9883038293867667e-17
1.720763196	1.9935710138461395e-17
1.721918435	1.9698256757182127e-17
1.723073674	1.9753513529704783e-17
1.724228914	2.0212489306772463e-17
1.725384153	2.0372349989012832e-17
1.726539392	2.03002707327756e-17
1.727694631	2.031726072855902e-17
1.728849871	2.0135386764617884e-17
1.73000511	1.9872221829147245e-17
1.731160349	1.9855856519125806e-17
1.732315588	1.9988074651871924e-17
1.733470828	2.0333190069100688e-17
1.734626067	2.066356400670889e-17
1.735781306	2.0938502065297458e-17
1.736936545	2.110276249067446e-17
1.738091785	2.1057905163047397e-17
1.739247024	2.0914279339952565e-17
1.740402263	2.0559111074148845e-17
1.741557503	2.0287314899218873e-17
1.742712742	1.9829600245528903e-17
1.743867981	1.9327374169289693e-17
1.74502322	1.9389944976213878e-17
1.74617846	1.9872059113851362e-17
1.747333699	2.0071645021769638e-17
1.748488938	1.9801458409130635e-17
1.749644177	1.9230115229635275e-17
1.750799417	1.8746681444190542e-17
1.751954656	1.8596112477220335e-17
1.753109895	1.8581817292818256e-17
1.754265135	1.858197538667944e-17
1.755420374	1.8588365657763565e-17
1.756575613	1.8472160731579346e-17
1.757730852	1.8259434138218315e-17
1.758886092	1.8049884547637224e-17
1.760041331	1.7900514370675907e-17
1.76119657	1.792370913462183e-17
1.762351809	1.792406948698799e-17
1.763507049	1.7620605757671276e-17
1.764662288	1.740670519949007e-17
1.765817527	1.7560356774943163e-17
1.766972766	1.791923953438621e-17
1.768128006	1.813521938585953e-17
1.769283245	1.8012074871894506e-17
1.770438484	1.7625268216771207e-17
1.771593724	1.718149575904051e-17
1.772748963	1.697686652094317e-17
1.773904202	1.699228022358612e-17
1.775059441	1.70830873966675e-17
1.776214681	1.7052059170992398e-17
1.77736992	1.675837727351974e-17
1.778525159	1.6451356324480056e-17
1.779680398	1.6342645058667822e-17
1.780835638	1.6476844979496417e-17
1.781990877	1.6711483996626588e-17
1.783146116	1.681261039143642e-17
1.784301356	1.6748986427560728e-17
1.785456595	1.661684858939669e-17
1.786611834	1.640141978534282e-17
1.787767073	1.6043946926044162e-17
1.788922313	1.5724697882792392e-17
1.790077552	1.5633334234651656e-17
1.791232791	1.5690647107663436e-17
1.79238803	1.5951743082805737e-17
1.79354327	1.6420580745933515e-17
1.794698509	1.6592985270200552e-17
1.795853748	1.6279632704104297e-17
1.797008987	1.57005423462866e-17
1.798164227	1.513206925006714e-17
1.799319466	1.503086884116127e-17
1.800474705	1.534855958403295e-17
1.801629945	1.5956029303586454e-17
1.802785184	1.646701012672229e-17
1.803940423	1.6412474343273863e-17
1.805095662	1.626767434250885e-17
1.806250902	1.6176535615997593e-17
1.807406141	1.609770431920597e-17
1.80856138	1.6201941184087176e-17
1.809716619	1.6419254170012394e-17
1.810871859	1.6748427551112154e-17
1.812027098	1.7163596764490378e-17
1.813182337	1.7539752556912674e-17
1.814337576	1.7855330416756925e-17
1.815492816	1.812540231512748e-17
1.816648055	1.84719374394279e-17
1.817803294	1.9099882258637657e-17
1.818958534	1.8807762893456283e-17
1.820113773	1.745993046719873e-17
1.821269012	1.6560268617045724e-17
1.822424251	1.5918361441105934e-17
1.823579491	1.4982061566316186e-17
1.82473473	1.4211118614281276e-17
1.825889969	1.3934385126458056e-17
1.827045208	1.402460267458926e-17
1.828200448	1.4283838060631825e-17
1.829355687	1.4468285021510134e-17
1.830510926	1.4492085649238558e-17
1.831666166	1.4537110260638565e-17
1.832821405	0.
1.833976644	0.
1.835131883	0.
1.836287123	0.
1.837442362	0.
1.838597601	0.
1.83975284	0.
1.84090808	0.
1.842063319	0.
1.843218558	0.
1.844373797	0.
1.845529037	0.
1.846684276	0.
1.847839515	0.
1.848994755	0.
1.850149994	0.
1.851305233	0.
1.852460472	0.
1.853615712	0.
1.854770951	0.
1.85592619	0.
1.857081429	0.
1.858236669	0.
1.859391908	0.
1.860547147	0.
1.861702387	0.
1.862857626	0.
1.864012865	0.
1.865168104	0.
1.866323344	0.
1.867478583	0.
1.868633822	0.
1.869789061	0.
1.870944301	0.
1.87209954	-1.8628727988591542e-17
1.873254779	-1.8409087149916578e-17
1.874410018	-1.7492012235052264e-17
1.875565258	-1.4245122498950868e-17
1.876720497	6.134585936816315e-19
1.877875736	2.0103996131062493e-17
1.879030976	2.739228255339994e-17
1.880186215	2.8923115690197286e-17
1.881341454	2.6215704215622605e-17
1.882496693	2.2851735614904928e-17
1.883651933	2.0460932668550698e-17
1.884807172	1.8484140712120005e-17
1.885962411	1.5810315658483996e-17
1.88711765	1.278462956653366e-17
1.88827289	1.2966249496551745e-17
1.889428129	2.1037543031422343e-17
1.890583368	2.945977528024106e-17
1.891738608	2.170732003669851e-17
1.892893847	1.5802481761577674e-17
1.894049086	1.3750340166243763e-17
1.895204325	1.415491527489937e-17
1.896359565	1.6735677822169167e-17
1.897514804	2.3668687159068406e-17
1.898670043	4.170156868892588e-17
1.899825282	9.034776883647864e-17
1.900980522	1.568810011571727e-16
1.902135761	1.2324399676969222e-16
1.903291	7.007509311354945e-17
1.904446239	4.200823169312902e-17
1.905601479	2.883209811001864e-17
1.906756718	2.1422029649750155e-17
1.907911957	1.4015074144969627e-17
1.909067197	2.880414852425831e-18
1.910222436	-8.708442575199006e-18
1.911377675	-1.690969082131512e-17
1.912532914	-1.8403902432141637e-17
1.913688154	-1.2898872253256133e-17
1.914843393	-3.895692767211155e-18
1.915998632	2.7195934806481487e-18
1.917153871	5.864918055431185e-18
1.918309111	6.366977210942469e-18
1.91946435	5.815953796895851e-18
1.920619589	5.215656944751925e-18
1.921774828	4.681505096336319e-18
1.922930068	4.253793678451493e-18
1.924085307	3.978953359293093e-18
1.925240546	4.078816765117111e-18
1.926395786	5.095537902027316e-18
1.927551025	7.036553095360455e-18
1.928706264	8.205674316818548e-18
1.929861503	6.550089340988093e-18
1.931016743	4.957649035932877e-18
1.932171982	4.656390596889573e-18
1.933327221	4.913632615953229e-18
1.93448246	5.268731035796164e-18
1.9356377	5.687941052688168e-18
1.936792939	5.787593785995542e-18
1.937948178	4.768793148108493e-18
1.939103418	3.300378478469779e-18
1.940258657	2.5442631536999177e-18
1.941413896	2.6679839051259246e-18
1.942569135	2.8177824831127443e-18
1.943724375	2.6677770286256744e-18
1.944879614	1.8867663670724428e-18
1.946034853	4.995426491018469e-19
1.947190092	-8.805950259555197e-19
1.948345332	-1.2668882477475374e-18
1.949500571	-3.217603325717729e-19
1.95065581	1.296123815675889e-18
1.951811049	2.7395390516002344e-18
1.952966289	3.336463207857332e-18
1.954121528	3.391162942538845e-18
1.955276767	3.518400399079254e-18
1.956432007	3.851572109271422e-18
1.957587246	4.060424562168523e-18
1.958742485	3.977466981687512e-18
1.959897724	3.829506270566015e-18
1.961052964	3.7711751611160325e-18
1.962208203	3.808642862069602e-18
1.963363442	3.8618075130404816e-18
1.964518681	3.844555825478357e-18
1.965673921	3.6601849984424854e-18
1.96682916	3.338509136529463e-18
1.967984399	2.9755885575094414e-18
1.969139639	2.7499158501582097e-18
1.970294878	2.7674332671590092e-18
1.971450117	2.949308092378921e-18
1.972605356	3.156425128668482e-18
1.973760596	3.236407523713699e-18
1.974915835	3.2418371678349158e-18
1.976071074	3.1897792311920552e-18
1.977226313	3.1435620906842257e-18
1.978381553	3.134651166197088e-18
1.979536792	3.1253752474855017e-18
1.980692031	3.1531758811922414e-18
1.98184727	3.2486306623787862e-18
1.98300251	3.3065047260927695e-18
1.984157749	3.221295554582366e-18
1.985312988	2.9988536961967062e-18
1.986468228	2.7536032796774785e-18
1.987623467	2.574904129382892e-18
1.988778706	2.549114694281816e-18
1.989933945	2.649720194286554e-18
1.991089185	2.7631949064977072e-18
1.992244424	2.8223232425758923e-18
1.993399663	2.7549361696740676e-18
1.994554902	2.5911633017240276e-18
1.995710142	2.401252689430775e-18
1.996865381	2.33582646737433e-18
1.99802062	2.38733302208878e-18
1.99917586	2.485933852716601e-18
2.000331099	2.6013412547970197e-18
2.001486338	2.7039949199685483e-18
2.002641577	2.754078459076071e-18
2.003796817	3.032260930455776e-18
2.004952056	3.56123204720263e-18
2.006107295	3.858112914819338e-18
2.007262534	3.774064191787075e-18
2.008417774	3.4047433448524582e-18
2.009573013	2.914481095682755e-18
2.010728252	2.343635317234009e-18
2.011883491	1.823909087645992e-18
2.013038731	1.606861672111128e-18
2.01419397	1.930886160193886e-18
2.015349209	2.5432949547243467e-18
2.016504449	3.034751042722086e-18
2.017659688	3.2479226974777672e-18
2.018814927	3.272679054276312e-18
2.019970166	3.213060686852909e-18
2.021125406	3.0705792395014483e-18
2.022280645	2.8109673043780755e-18
2.023435884	2.4505437226024733e-18
2.024591123	2.157073788831668e-18
2.025746363	2.0540477629386025e-18
2.026901602	2.0630461098996047e-18
2.028056841	2.130012092176695e-18
2.02921208	2.24393393304516e-18
2.03036732	2.3941860455270278e-18
2.031522559	2.493567355513681e-18
2.032677798	2.527489418878521e-18
2.033833038	2.505954918306299e-18
2.034988277	2.378314221691951e-18
2.036143516	2.2165650469742614e-18
2.037298755	2.1380238552036043e-18
2.038453995	2.142015073888925e-18
2.039609234	2.157410990908931e-18
2.040764473	2.2140628002875162e-18
2.041919712	2.3050302137241037e-18
2.043074952	2.332186609856778e-18
2.044230191	2.2730318218967533e-18
2.04538543	2.1584381582544847e-18
2.04654067	2.020447953634743e-18
2.047695909	1.907371779938531e-18
2.048851148	1.8515102823995217e-18
2.050006387	1.848772646038913e-18
2.051161627	1.8904276738003945e-18
2.052316866	1.956321585710413e-18
2.053472105	2.0388914074957947e-18
2.054627344	2.1534571950666438e-18
2.055782584	2.2647334290930682e-18
2.056937823	2.3173439594133673e-18
2.058093062	2.2922450565862265e-18
2.059248301	2.2394771349218558e-18
2.060403541	2.1715335319299634e-18
2.06155878	2.0725512471755112e-18
2.062714019	2.036900938087659e-18
2.063869259	2.1555776464362742e-18
2.065024498	2.278508057748686e-18
2.066179737	2.3044182622788644e-18
2.067334976	2.3045340286048906e-18
2.068490216	2.2903519988345486e-18
2.069645455	2.252758270292218e-18
2.070800694	2.1978426054575682e-18
2.071955933	2.144181455820804e-18
2.073111173	2.1198297381913726e-18
2.074266412	2.1112949347831297e-18
2.075421651	2.103283288301658e-18
2.076576891	2.0906691072314125e-18
2.07773213	2.05224950474177e-18
2.078887369	2.0066697182721184e-18
2.080042608	1.9826966870305833e-18
2.081197848	1.968147721721369e-18
2.082353087	1.9352833262723456e-18
2.083508326	1.8935779820249122e-18
2.084663565	1.8254910360268063e-18
2.085818805	1.768194177236832e-18
2.086974044	1.8125474340727037e-18
2.088129283	1.933088752665173e-18
2.089284522	2.0597144848612282e-18
2.090439762	2.1598665753389764e-18
2.091595001	2.2536263972620585e-18
2.09275024	2.2951576196796104e-18
2.09390548	2.265968280151901e-18
2.095060719	2.231805596940162e-18
2.096215958	2.211854451126358e-18
2.097371197	2.195383523977935e-18
2.098526437	2.2165655376984267e-18
2.099681676	2.2275194948941956e-18
2.100836915	2.1547042996751213e-18
2.101992154	1.987917230471697e-18
2.103147394	1.8194846848162643e-18
2.104302633	1.7186399806726075e-18
2.105457872	1.7226077984733277e-18
2.106613112	1.8687315907997987e-18
2.107768351	2.162688951037326e-18
2.10892359	2.4774241967348522e-18
2.110078829	2.658657893377928e-18
2.111234069	2.6663633152499054e-18
2.112389308	2.587639327690301e-18
2.113544547	2.527685703002676e-18
2.114699786	2.4984625992197916e-18
2.115855026	2.52830358941664e-18
2.117010265	2.5671245518519698e-18
2.118165504	2.5794731709232705e-18
2.119320743	2.6038155185953556e-18
2.120475983	2.646174754771239e-18
2.121631222	2.6644367570192697e-18
2.122786461	2.693984063978146e-18
2.123941701	2.7660169887885046e-18
2.12509694	2.8400701866110356e-18
2.126252179	2.8765108682049547e-18
2.127407418	2.879637679091591e-18
2.128562658	2.858851916243749e-18
2.129717897	2.8388439232901282e-18
2.130873136	2.810087767381679e-18
2.132028375	2.775730542943196e-18
2.133183615	2.7547145019911784e-18
2.134338854	2.7475374901855508e-18
2.135494093	2.759899581327836e-18
2.136649332	2.756978486068428e-18
2.137804572	2.690624277119946e-18
2.138959811	2.6256661927202913e-18
2.14011505	2.597840521496462e-18
2.14127029	2.598933778240807e-18
2.142425529	2.644647801853317e-18
2.143580768	2.720227164655428e-18
2.144736007	2.7906796195832633e-18
2.145891247	2.8399455972915023e-18
2.147046486	2.859172404275259e-18
2.148201725	2.8530974813545907e-18
2.149356964	2.8653372202847244e-18
2.150512204	2.917888440970058e-18
2.151667443	2.9941774714347985e-18
2.152822682	3.0241669426366015e-18
2.153977922	2.9429872148373388e-18
2.155133161	2.8206541888847308e-18
2.1562884	2.7525547707045593e-18
2.157443639	2.786799793859096e-18
2.158598879	2.8741824756313746e-18
2.159754118	2.9813774535079502e-18
2.160909357	3.0720376289619135e-18
2.162064596	3.1056447289423326e-18
2.163219836	3.0643172773792208e-18
2.164375075	3.0342926578433864e-18
2.165530314	3.2011517903875583e-18
2.166685553	3.4058208132063756e-18
2.167840793	3.320367036165084e-18
2.168996032	3.2410454295131755e-18
2.170151271	3.2494210557628236e-18
2.171306511	3.2502277356963423e-18
2.17246175	3.2075073398987694e-18
2.173616989	3.0768922827161095e-18
2.174772228	2.8589464426585277e-18
2.175927468	2.6594657143714067e-18
2.177082707	2.592642233390981e-18
2.178237946	2.6269589240739744e-18
2.179393185	2.6278965806538518e-18
2.180548425	2.573826441130527e-18
2.181703664	2.588409839452101e-18
2.182858903	2.627744612933024e-18
2.184014143	2.6722573239495863e-18
2.185169382	2.792126769102834e-18
2.186324621	3.0215551958897957e-18
2.18747986	3.2950751118529716e-18
2.1886351	3.4416842278534707e-18
2.189790339	3.353719931258268e-18
2.190945578	3.214162635562038e-18
2.192100817	3.1362171598734863e-18
2.193256057	3.1034205055418827e-18
2.194411296	3.1003372165569398e-18
2.195566535	3.101214767927416e-18
2.196721774	3.092557652609979e-18
2.197877014	3.0737383199237692e-18
2.199032253	3.0536174181311867e-18
2.200187492	3.038748660108785e-18
2.201342732	3.031836081622267e-18
2.202497971	3.0314292468940904e-18
2.20365321	3.0101980528430212e-18
2.204808449	3.0195137469326833e-18
2.205963689	3.1061631347211246e-18
2.207118928	3.1273131434783933e-18
2.208274167	3.0345055772212796e-18
2.209429406	2.918050287796443e-18
2.210584646	2.833648018211713e-18
2.211739885	2.819362629426111e-18
2.212895124	2.8715739742694817e-18
2.214050364	2.9621221093133484e-18
2.215205603	3.0680192001910906e-18
2.216360842	3.1414509997368423e-18
2.217516081	3.1289059575208473e-18
2.218671321	3.0246937303337937e-18
2.21982656	2.8595021593511426e-18
2.220981799	2.6798600867128366e-18
2.222137038	2.5539470983482933e-18
2.223292278	2.5282767926733934e-18
2.224447517	2.6248077973507917e-18
2.225602756	2.7699739508236594e-18
2.226757995	2.8085129253521783e-18
2.227913235	2.7240828958899698e-18
2.229068474	2.6422718535498588e-18
2.230223713	2.6268207606067387e-18
2.231378953	2.638975628206848e-18
2.232534192	2.653246359394264e-18
2.233689431	2.6734116583178195e-18
2.23484467	2.714457265925269e-18
2.23599991	2.778932811692765e-18
2.237155149	2.8437600259970087e-18
2.238310388	2.868472639659239e-18
2.239465627	2.8260416197203952e-18
2.240620867	2.772792383301247e-18
2.241776106	2.7718206972188064e-18
2.242931345	2.7920108886377042e-18
2.244086585	2.7983262543169934e-18
2.245241824	2.7803098809768934e-18
2.246397063	2.7498883854224703e-18
2.247552302	2.727932814315713e-18
2.248707542	2.5457797359780635e-18
2.249862781	2.0095458882106912e-18
2.25101802	1.3289991518354715e-18
2.252173259	8.853025948650983e-19
2.253328499	9.545872271306055e-19
2.254483738	1.3383202571828e-18
2.255638977	1.7904464882999284e-18
2.256794216	2.140924008288303e-18
2.257949456	2.3129035270371337e-18
2.259104695	2.227666691444072e-18
2.260259934	2.0416340698763853e-18
2.261415174	1.9619854763473957e-18
2.262570413	2.042434217065162e-18
2.263725652	2.1458567108896767e-18
2.264880891	2.2259189143163642e-18
2.266036131	2.342507643795389e-18
2.26719137	2.5316031750558605e-18
2.268346609	2.7897684837675995e-18
2.269501848	2.9433022856930055e-18
2.270657088	2.732626723652422e-18
2.271812327	2.3806283758732568e-18
2.272967566	2.1610475423835985e-18
2.274122805	2.1379557903279328e-18
2.275278045	2.1588265280037087e-18
2.276433284	2.1261739850545647e-18
2.277588523	2.0755793954008465e-18
2.278743763	2.042657828043769e-18
2.279899002	2.0476634116614935e-18
2.281054241	2.1215817376089434e-18
2.28220948	2.275586808452209e-18
2.28336472	2.3647548080765477e-18
2.284519959	2.344018282287573e-18
2.285675198	2.2786895569175417e-18
2.286830437	2.194375384646144e-18
2.287985677	2.124969082147601e-18
2.289140916	2.1057593789334904e-18
2.290296155	2.1534998400983992e-18
2.291451395	2.2820246347773304e-18
2.292606634	2.4588933657492578e-18
2.293761873	2.5877066525422305e-18
2.294917112	2.5049170704228235e-18
2.296072352	2.2044250129365078e-18
2.297227591	1.7973870582267675e-18
2.29838283	1.4746447415044626e-18
2.299538069	1.3541992336680327e-18
2.300693309	1.4077259264198758e-18
2.301848548	1.5530466583794614e-18
2.303003787	1.716054176054195e-18
2.304159026	1.865854898709956e-18
2.305314266	1.9515555322822766e-18
2.306469505	1.957570731863279e-18
2.307624744	1.901286128899435e-18
2.308779984	1.8107889369610878e-18
2.309935223	1.7105367800553502e-18
2.311090462	1.6184029739998193e-18
2.312245701	1.554807748941639e-18
2.313400941	1.538518847152259e-18
2.31455618	1.586393677856001e-18
2.315711419	1.65112181137774e-18
2.316866658	1.6497095923495485e-18
2.318021898	1.553526297382906e-18
2.319177137	1.4022876613699707e-18
2.320332376	1.2475066458091501e-18
2.321487616	1.1531585446660617e-18
2.322642855	1.1532917055607514e-18
2.323798094	1.2373656682478844e-18
2.324953333	1.3526923607053843e-18
2.326108573	1.4581981052753655e-18
2.327263812	1.5212788126868562e-18
2.328419051	1.531193962218634e-18
2.32957429	1.5006989968282002e-18
2.33072953	1.435969564088618e-18
2.331884769	1.3419733857009496e-18
2.333040008	1.2416856737849239e-18
2.334195247	1.1666508587341277e-18
2.335350487	1.1532601022783273e-18
2.336505726	1.191574764656581e-18
2.337660965	1.2627258947863942e-18
2.338816205	1.3510517594901474e-18
2.339971444	1.4321397449524898e-18
2.341126683	1.4983167337426694e-18
2.342281922	1.545387454990958e-18
2.343437162	1.5759665730854932e-18
2.344592401	1.535806413229735e-18
2.34574764	1.3357731083095466e-18
2.346902879	9.216427287978004e-19
2.348058119	4.677735340395321e-19
2.349213358	2.388105363449011e-19
2.350368597	3.1328761880890683e-19
2.351523837	6.349286833642378e-19
2.352679076	1.0688695985007423e-18
2.353834315	1.3969538324797435e-18
2.354989554	1.501498799356219e-18
2.356144794	1.4604756812380276e-18
2.357300033	1.3854554581341493e-18
2.358455272	1.336982509926086e-18
2.359610511	1.2879443997523272e-18
2.360765751	1.266889109652355e-18
2.36192099	1.2691760950366127e-18
2.363076229	1.2561111168203839e-18
2.364231468	1.202848256379604e-18
2.365386708	1.111596630361778e-18
2.366541947	9.871035284870665e-19
2.367697186	8.533006366232142e-19
2.368852426	7.637085676548563e-19
2.370007665	7.80754792818786e-19
2.371162904	8.52886170199588e-19
2.372318143	9.159894412607604e-19
2.373473383	9.844628851322894e-19
2.374628622	1.075266480392367e-18
2.375783861	1.1635309885156174e-18
2.3769391	1.2032231454981573e-18
2.37809434	1.1366762114749665e-18
2.379249579	9.590230736833387e-19
2.380404818	7.451977741704271e-19
2.381560057	5.41958355222979e-19
2.382715297	4.3382863196809855e-19
2.383870536	5.210488175618006e-19
2.385025775	7.983030193542291e-19
2.386181015	1.1201066732342415e-18
2.387336254	1.353084956832362e-18
2.388491493	1.3243991804513132e-18
2.389646732	9.145458971901904e-19
2.390801972	1.1543857017606362e-19
2.391957211	-8.248416666446317e-19
2.39311245	-1.6515773791062637e-18
2.394267689	-2.0307083672358806e-18
2.395422929	-1.6329107246762011e-18
2.396578168	-5.018731204226399e-19
2.397733407	6.222266910818819e-19
2.398888647	1.0442225082424788e-18
2.400043886	9.448075357660817e-19
2.401199125	6.745734040173086e-19
2.402354364	5.012731110561041e-19
2.403509604	3.9552197717348433e-19
2.404664843	3.7125113959762143e-19
2.405820082	4.1636143779245656e-19
2.406975321	4.954904950415332e-19
2.408130561	5.702957823044987e-19
2.4092858	6.418393318631774e-19
2.410441039	7.126995014358135e-19
2.411596278	7.801680427396133e-19
2.412751518	8.468912973922253e-19
2.413906757	9.217766600346787e-19
2.415061996	9.981290976803328e-19
2.416217236	1.0691325110796228e-18
2.417372475	1.0556952400930642e-18
2.418527714	9.496244260070838e-19
2.419682953	8.028465632027554e-19
2.420838193	6.023934334232199e-19
2.421993432	2.880882086365104e-19
2.423148671	-5.3540466950860215e-21
2.42430391	-1.8111141261574154e-21
2.42545915	4.806548856893768e-19
2.426614389	9.781589288970006e-19
2.427769628	1.1094473947758996e-18
2.428924868	9.165648703326921e-19
2.430080107	6.116682502084784e-19
2.431235346	3.0120752455740212e-19
2.432390585	1.4112216195613537e-20
2.433545825	-9.99956393132763e-20
2.434701064	9.099659901053535e-20
2.435856303	5.41129201776259e-19
2.437011542	1.1162609552843694e-18
2.438166782	1.4677276042199636e-18
2.439322021	1.3361404574887616e-18
2.44047726	7.963055987828523e-19
2.441632499	-6.522697205647668e-20
2.442787739	-1.6076269674562282e-18
2.443942978	-3.6294122597644385e-18
2.445098217	-4.790454840168725e-18
2.446253457	-3.75517937332246e-18
2.447408696	-2.0529259676557774e-18
2.448563935	-1.5015387077620631e-18
2.449719174	-1.6035341974544616e-18
2.450874414	-1.48922986925052e-18
2.452029653	-1.0123335504709109e-18
2.453184892	-7.103733826023758e-19
2.454340131	-7.880860009526214e-19
2.455495371	-1.1330213707085096e-18
2.45665061	-1.255018040967918e-18
2.457805849	-7.699863091808829e-19
2.458961089	-3.5460828107304616e-19
2.460116328	-1.1800688548819641e-19
2.461271567	5.426585188725109e-20
2.462426806	2.121298616497153e-19
2.463582046	3.3616619390098054e-19
2.464737285	3.689629699653612e-19
2.465892524	2.833055882399627e-19
2.467047763	1.41572367259643e-19
2.468203003	-4.6932794558297145e-21
2.469358242	-1.2374850217826177e-19
2.470513481	-8.704563522106712e-20
2.47166872	2.9760504727387004e-19
2.47282396	8.048525074226398e-19
2.473979199	1.2656589633874074e-18
2.475134438	1.593676312600811e-18
2.476289678	1.229348791975839e-18
2.477444917	-1.5991781510509843e-18
2.478600156	-9.485504228912314e-18
2.479755395	-3.994038658791714e-17
2.480910635	5.3987587631133605e-17
2.482065874	2.2626154492420432e-17
2.483221113	6.533285458417768e-17
2.484376352	-7.626639728073114e-18
2.485531592	-1.6936391234708137e-18
2.486686831	-6.522559527411141e-19
2.48784207	6.75746549668269e-19
2.488997309	1.8556530022584228e-18
2.490152549	4.036161741646097e-18
2.491307788	7.284395765021014e-18
2.492463027	9.88771111651845e-18
2.493618267	9.633011911488315e-18
2.494773506	1.8801451292711867e-18
2.495928745	-3.808860458844018e-18
2.497083984	-5.403524839727065e-18