0.45	5.941917087602314e-16
0.451206295	1.7614000993708505e-16
0.452412589	8.915435106057598e-16
0.453618884	1.8098562480719096e-15
0.454825178	1.128639411414239e-15
0.456031473	7.0721956871962645e-16
0.457237767	7.149230938328552e-16
0.458444062	5.295825616892528e-16
0.459650356	4.969684603088185e-16
0.460856651	7.525393355314977e-16
0.462062945	6.800421557122744e-16
0.46326924	5.54726847725427e-16
0.464475534	8.250960190886352e-16
0.465681829	9.336490727338877e-16
0.466888124	9.61456429777622e-16
0.468094418	9.146957873234482e-16
0.469300713	8.567059108397199e-16
0.470507007	8.604330214105661e-16
0.471713302	8.674722777762873e-16
0.472919596	9.627610955936298e-16
0.474125891	9.529190661653042e-16
0.475332185	9.499525794751757e-16
0.47653848	1.0952593395207651e-15
0.477744774	1.0846751300377206e-15
0.478951069	1.06711865935754e-15
0.480157364	1.0800609004582364e-15
0.481363658	1.1256597473590184e-15
0.482569953	1.0331596704013226e-15
0.483776247	9.06026505353607e-16
0.484982542	7.575111491846663e-16
0.486188836	6.111888943754327e-16
0.487395131	7.67852718347592e-16
0.488601425	8.856170557591296e-16
0.48980772	9.083420573787646e-16
0.491014014	9.248922864679391e-16
0.492220309	9.244622730979392e-16
0.493426603	9.735643791036284e-16
0.494632898	9.75529420265763e-16
0.495839193	1.0030357704721474e-15
0.497045487	9.29396926108351e-16
0.498251782	9.64916426152945e-16
0.499458076	9.126101785834776e-16
0.500664371	8.933765322224341e-16
0.501870665	9.19787338537083e-16
0.50307696	9.459306643457983e-16
0.504283254	9.744279220182645e-16
0.505489549	9.466306048120307e-16
0.506695843	9.856309762925557e-16
0.507902138	9.90245420380496e-16
0.509108433	9.745191385932404e-16
0.510314727	9.897596656806765e-16
0.511521022	9.609777523315751e-16
0.512727316	9.672621509916611e-16
0.513933611	9.46044523005624e-16
0.515139905	9.083047871260761e-16
0.5163462	9.380584856278457e-16
0.517552494	9.485931452147348e-16
0.518758789	1.0226407673250656e-15
0.519965083	9.838994705339048e-16
0.521171378	1.0032644351786619e-15
0.522377672	1.0349559565552348e-15
0.523583967	1.0226681738779655e-15
0.524790262	9.972034887337527e-16
0.525996556	9.791403650028834e-16
0.527202851	9.679974671126955e-16
0.528409145	1.000224456839752e-15
0.52961544	1.079997382716605e-15
0.530821734	1.0564572172443066e-15
0.532028029	1.0410343763150766e-15
0.533234323	1.0196494589186082e-15
0.534440618	1.0809335801404334e-15
0.535646912	1.0737225329453474e-15
0.536853207	1.1372235255401143e-15
0.538059501	1.1043160453512741e-15
0.539265796	1.0870483672037181e-15
0.540472091	1.098446958012923e-15
0.541678385	1.0265582608480456e-15
0.54288468	1.0515503991642686e-15
0.544090974	1.0700016510640648e-15
0.545297269	1.1069472382146787e-15
0.546503563	1.117020766953371e-15
0.547709858	1.1338091367223343e-15
0.548916152	1.1232927299221405e-15
0.550122447	1.1256936546627595e-15
0.551328741	1.115069622638792e-15
0.552535036	1.117311219069699e-15
0.553741331	1.107919807973392e-15
0.554947625	1.1115224597425459e-15
0.55615392	1.1535954495555979e-15
0.557360214	1.1498084373461957e-15
0.558566509	1.1435577170632296e-15
0.559772803	1.1266506214097358e-15
0.560979098	1.1445138791946888e-15
0.562185392	1.1487044738643287e-15
0.563391687	1.14089741323764e-15
0.564597981	1.1581060575124738e-15
0.565804276	1.1624127833356768e-15
0.56701057	1.1114307659510847e-15
0.568216865	1.1394353053683218e-15
0.56942316	1.1420454762046098e-15
0.570629454	1.1532040858947498e-15
0.571835749	1.1575735421333723e-15
0.573042043	1.1854213663463156e-15
0.574248338	1.1857869337146001e-15
0.575454632	1.209044767510904e-15
0.576660927	1.225055359425905e-15
0.577867221	1.1978919301757184e-15
0.579073516	1.239554549322606e-15
0.58027981	1.2451873254088586e-15
0.581486105	1.2588503519027022e-15
0.5826924	1.275873190416096e-15
0.583898694	1.3022206722419987e-15
0.585104989	1.3186427516439354e-15
0.586311283	1.348538271824945e-15
0.587517578	1.288854807764294e-15
0.588723872	1.2720294994232776e-15
0.589930167	1.3770439734086219e-15
0.591136461	1.3104303591088864e-15
0.592342756	1.3101164640128872e-15
0.59354905	1.3341297048852195e-15
0.594755345	1.3624041144447915e-15
0.595961639	1.362102060809016e-15
0.597167934	1.3675831117556548e-15
0.598374229	1.381156888778125e-15
0.599580523	1.350136992597396e-15
0.600786818	1.3605217100228032e-15
0.601993112	1.3767269828071287e-15
0.603199407	1.3831351580616286e-15
0.604405701	1.380108195692953e-15
0.605611996	1.42984027394431e-15
0.60681829	1.465948666765096e-15
0.608024585	1.4275116061524358e-15
0.609230879	1.3839380444919258e-15
0.610437174	1.3825442304767096e-15
0.611643468	1.3290934198757337e-15
0.612849763	1.3241287674520985e-15
0.614056058	1.2950601585348516e-15
0.615262352	1.226824642910979e-15
0.616468647	1.248048510257393e-15
0.617674941	1.1826155122998781e-15
0.618881236	1.1990112675809635e-15
0.62008753	1.2069332132957166e-15
0.621293825	1.198700871008638e-15
0.622500119	1.1733109458599875e-15
0.623706414	1.1890654829946535e-15
0.624912708	1.2113855815146801e-15
0.626119003	1.3071893909877392e-15
0.627325298	1.348202129568475e-15
0.628531592	1.3864341691999134e-15
0.629737887	1.4388047598093668e-15
0.630944181	1.4440656230350848e-15
0.632150476	1.4648754465522821e-15
0.63335677	1.4835919603799686e-15
0.634563065	1.4697299756153219e-15
0.635769359	1.4820298648826072e-15
0.636975654	1.4707395199169647e-15
0.638181948	1.4994226574271831e-15
0.639388243	1.5170054718600224e-15
0.640594537	1.5184417514740037e-15
0.641800832	1.507999948843035e-15
0.643007127	1.5133430048341512e-15
0.644213421	1.5001026592048156e-15
0.645419716	1.4858532473987888e-15
0.64662601	1.5146977644111393e-15
0.647832305	1.499009428220388e-15
0.649038599	1.476875883439566e-15
0.650244894	1.4858887293723002e-15
0.651451188	1.4740618103742313e-15
0.652657483	1.481155216305622e-15
0.653863777	1.4874977814293473e-15
0.655070072	1.392980041961776e-15
0.656276366	1.1622952103244647e-15
0.657482661	1.5190060670067855e-15
0.658688956	1.6492812010506641e-15
0.65989525	1.5672859611557209e-15
0.661101545	1.4962698613120183e-15
0.662307839	1.4817613704458202e-15
0.663514134	1.46494791306583e-15
0.664720428	1.4338752787636187e-15
0.665926723	1.4044392873385737e-15
0.667133017	1.40315985775368e-15
0.668339312	1.410120082363438e-15
0.669545606	1.4149137374528455e-15
0.670751901	1.4183028615566492e-15
0.671958196	1.451477535030986e-15
0.67316449	1.4890682223783094e-15
0.674370785	1.507338900151966e-15
0.675577079	1.5433597916851141e-15
0.676783374	1.5829040509144413e-15
0.677989668	1.5820591731518268e-15
0.679195963	1.578164221520926e-15
0.680402257	1.5717520352471217e-15
0.681608552	1.563880892572168e-15
0.682814846	1.5410832988448915e-15
0.684021141	1.5260849060730798e-15
0.685227435	1.528584308302411e-15
0.68643373	1.551311252176878e-15
0.687640025	1.5766099019031818e-15
0.688846319	1.582692915543112e-15
0.690052614	1.5741321319088182e-15
0.691258908	1.5817353668805215e-15
0.692465203	1.5842018996290879e-15
0.693671497	1.5689973494221929e-15
0.694877792	1.5556974584777054e-15
0.696084086	1.5496743372844191e-15
0.697290381	1.520831496862155e-15
0.698496675	1.448947200028685e-15
0.69970297	1.3787592731672902e-15
0.700909265	1.3222537702138849e-15
0.702115559	1.2926091910331538e-15
0.703321854	1.2850911984914492e-15
0.704528148	1.284274569628551e-15
0.705734443	1.2998050950705157e-15
0.706940737	1.3295459668500964e-15
0.708147032	1.3757475718091809e-15
0.709353326	1.4031530390751527e-15
0.710559621	1.4067415888741884e-15
0.711765915	1.4195961660436495e-15
0.71297221	1.4419123337293805e-15
0.714178504	1.4445820216080834e-15
0.715384799	1.4274659563161478e-15
0.716591094	1.353463299294176e-15
0.717797388	1.202199715282665e-15
0.719003683	1.0681356377960023e-15
0.720209977	1.0228030287433085e-15
0.721416272	1.036222517325287e-15
0.722622566	1.0071048647562243e-15
0.723828861	9.622852265367643e-16
0.725035155	9.221608995554939e-16
0.72624145	8.832753287843865e-16
0.727447744	8.453753806710236e-16
0.728654039	8.329798752752765e-16
0.729860333	8.475806688125467e-16
0.731066628	8.847037881992652e-16
0.732272923	9.365537680429632e-16
0.733479217	9.852105747905854e-16
0.734685512	1.0264636714777466e-15
0.735891806	1.0757820743100466e-15
0.737098101	1.1186248344177703e-15
0.738304395	1.163541458518338e-15
0.73951069	1.209149959073557e-15
0.740716984	1.2691315189758869e-15
0.741923279	1.321253599225817e-15
0.743129573	1.3674911305055112e-15
0.744335868	1.4019091783121478e-15
0.745542163	1.437534144293857e-15
0.746748457	1.4328713481264627e-15
0.747954752	1.4441891828884527e-15
0.749161046	1.4379955548577703e-15
0.750367341	1.4386859918888622e-15
0.751573635	1.4427975654520019e-15
0.75277993	1.451396695324744e-15
0.753986224	1.4637484570759846e-15
0.755192519	1.471337228085182e-15
0.756398813	1.4459680751812957e-15
0.757605108	1.434252580699365e-15
0.758811402	1.4606765881562541e-15
0.760017697	1.4695512145165614e-15
0.761223992	1.4119568194574297e-15
0.762430286	1.3001880591639635e-15
0.763636581	1.2712095748122248e-15
0.764842875	1.2336476937865681e-15
0.76604917	1.2068623467238686e-15
0.767255464	1.2118666933021448e-15
0.768461759	1.2268436856119614e-15
0.769668053	1.2158554538217933e-15
0.770874348	1.1976165832354045e-15
0.772080642	1.190267344693561e-15
0.773286937	1.1586412626723957e-15
0.774493232	1.1377574348014712e-15
0.775699526	1.1251323105380577e-15
0.776905821	1.0652643298465513e-15
0.778112115	1.0588890895589931e-15
0.77931841	1.0672988453816535e-15
0.780524704	1.0314022325886833e-15
0.781730999	9.862003555708524e-16
0.782937293	9.500312729717887e-16
0.784143588	9.286902343295068e-16
0.785349882	9.265885282897784e-16
0.786556177	9.426610101656354e-16
0.787762471	9.439341007232432e-16
0.788968766	9.470308271178032e-16
0.790175061	9.417407010407827e-16
0.791381355	9.351268917135185e-16
0.79258765	9.096766178617647e-16
0.793793944	8.839456459034426e-16
0.795000239	8.563720827080085e-16
0.796206533	8.527664483693937e-16
0.797412828	8.586748985437339e-16
0.798619122	8.608726312590256e-16
0.799825417	8.566600393636112e-16
0.801031711	8.513991030923654e-16
0.802238006	8.56459287223944e-16
0.8034443	8.768105795843707e-16
0.804650595	8.949237243298621e-16
0.80585689	9.040116905154413e-16
0.807063184	9.184956662877456e-16
0.808269479	9.406845509744701e-16
0.809475773	9.573677710732717e-16
0.810682068	9.722916705812366e-16
0.811888362	9.996733595456287e-16
0.813094657	1.0394872783897272e-15
0.814300951	1.0747367585052105e-15
0.815507246	1.1018371197548562e-15
0.81671354	1.1237399167359642e-15
0.817919835	1.1546649472939259e-15
0.81912613	1.171428007970209e-15
0.820332424	1.1936480314584377e-15
0.821538719	1.204183196626413e-15
0.822745013	1.174324470713888e-15
0.823951308	1.230700938120717e-15
0.825157602	1.2618459177877993e-15
0.826363897	1.286151088525035e-15
0.827570191	1.285848628526563e-15
0.828776486	1.2849806399470228e-15
0.82998278	1.266265875502364e-15
0.831189075	1.2483195409126728e-15
0.832395369	1.2415365393039994e-15
0.833601664	1.2165919369678316e-15
0.834807959	1.1359719701223267e-15
0.836014253	1.033618829416264e-15
0.837220548	9.399135421273053e-16
0.838426842	8.7067221067165e-16
0.839633137	8.148798792664589e-16
0.840839431	7.966815970471937e-16
0.842045726	7.932946674066344e-16
0.84325202	7.894117496867225e-16
0.844458315	7.847634129177306e-16
0.845664609	8.474257113052227e-16
0.846870904	8.27966484632511e-16
0.848077199	9.169331239796277e-16
0.849283493	8.86728605646061e-16
0.850489788	7.543869735035509e-16
0.851696082	7.90886489680739e-16
0.852902377	7.669610889977965e-16
0.854108671	5.448202322746496e-16
0.855314966	5.167906399296654e-16
0.85652126	6.704848734044757e-16
0.857727555	7.008809556250512e-16
0.858933849	6.24054425796748e-16
0.860140144	5.638572065269457e-16
0.861346438	6.280690878910886e-16
0.862552733	6.096487642445411e-16
0.863759028	5.59975927440989e-16
0.864965322	4.995825114673142e-16
0.866171617	3.6727810058115464e-16
0.867377911	3.925854142330757e-16
0.868584206	5.413528643357361e-16
0.8697905	6.438847035396101e-16
0.870996795	6.66623695528161e-16
0.872203089	6.825387071869767e-16
0.873409384	6.696797716610636e-16
0.874615678	5.938323989050838e-16
0.875821973	6.477447105248176e-16
0.877028267	7.575756307236008e-16
0.878234562	7.268248660702951e-16
0.879440857	6.43528537598649e-16
0.880647151	5.590182957001987e-16
0.881853446	4.721326984228669e-16
0.88305974	4.0266163023642484e-16
0.884266035	3.6388068529882306e-16
0.885472329	3.3243737203810795e-16
0.886678624	3.1865966006181903e-16
0.887884918	3.6567285307789496e-16
0.889091213	3.6229086753331567e-16
0.890297507	3.5818001450450925e-16
0.891503802	3.612568424636665e-16
0.892710097	3.4901641016926056e-16
0.893916391	3.4105230214498416e-16
0.895122686	3.3291878130225845e-16
0.89632898	3.33496894376991e-16
0.897535275	3.497619743173243e-16
0.898741569	3.604563732706886e-16
0.899947864	3.66400635369957e-16
0.901154158	3.434646269989259e-16
0.902360453	4.1517822144108824e-16
0.903566747	5.290271581546925e-16
0.904773042	5.705129027312304e-16
0.905979336	5.697578964613831e-16
0.907185631	5.711222572648955e-16
0.908391926	5.816350068483741e-16
0.90959822	5.994218079137981e-16
0.910804515	6.231201288138703e-16
0.912010809	6.311138516212208e-16
0.913217104	6.194708664593341e-16
0.914423398	6.265799732249099e-16
0.915629693	6.090420913788592e-16
0.916835987	6.419953615862755e-16
0.918042282	6.622131445742718e-16
0.919248576	6.78049371442659e-16
0.920454871	6.720836076972596e-16
0.921661165	6.427767954533207e-16
0.92286746	6.158744820163958e-16
0.924073755	7.086431793290619e-16
0.925280049	7.519380768951384e-16
0.926486344	7.269133530773391e-16
0.927692638	7.292848045056373e-16
0.928898933	7.264105735217225e-16
0.930105227	7.052209605217189e-16
0.931311522	6.441947804103803e-16
0.932517816	5.693726278142159e-16
0.933724111	5.169117265368471e-16
0.934930405	4.906022353213962e-16
0.9361367	4.904499995039e-16
0.937342995	4.606620045578506e-16
0.938549289	4.478146810615644e-16
0.939755584	4.802691731354718e-16
0.940961878	4.555995526961587e-16
0.942168173	4.1005064532473223e-16
0.943374467	3.440198289396677e-16
0.944580762	3.155947534735446e-16
0.945787056	3.074314866656828e-16
0.946993351	3.039336518548879e-16
0.948199645	2.8758317714728934e-16
0.94940594	2.7579660433213185e-16
0.950612234	2.846255672074309e-16
0.951818529	3.0341253059525222e-16
0.953024824	3.0632371675145116e-16
0.954231118	2.7746559449246144e-16
0.955437413	2.477991073486694e-16
0.956643707	2.3496004658707584e-16
0.957850002	2.3759499204154177e-16
0.959056296	2.1554904300221528e-16
0.960262591	2.0432464127382886e-16
0.961468885	2.0050947985638977e-16
0.96267518	1.9093322076478617e-16
0.963881474	1.829177522188525e-16
0.965087769	1.7912915899199478e-16
0.966294064	1.6961279470353766e-16
0.967500358	1.7335354048248116e-16
0.968706653	1.8597044623307998e-16
0.969912947	1.881777840078311e-16
0.971119242	0.
0.972325536	0.
0.973531831	0.
0.974738125	0.
0.97594442	0.
0.977150714	0.
0.978357009	0.
0.979563303	0.
0.980769598	0.
0.981975893	0.
0.983182187	0.
0.984388482	0.
0.985594776	0.
0.986801071	0.
0.988007365	0.
0.98921366	0.
0.990419954	0.
0.991626249	0.
0.992832543	0.
0.994038838	0.
0.995245132	0.
0.996451427	0.
0.997657722	2.672137496021912e-16
0.998864016	2.6199376494287736e-16
1.000070311	2.589531639705357e-16
1.001276605	2.4773610413079605e-16
1.0024829	2.422001655581979e-16
1.003689194	2.357332390926902e-16
1.004895489	2.3441966658887293e-16
1.006101783	2.5447943263907e-16
1.007308078	2.731119035665109e-16
1.008514372	2.8504027761037105e-16
1.009720667	2.980759399194102e-16
1.010926962	3.0142578364827483e-16
1.012133256	2.9186459343957286e-16
1.013339551	2.829464646942457e-16
1.014545845	2.6746214570041024e-16
1.01575214	2.4510675038731645e-16
1.016958434	2.2023994911826215e-16
1.018164729	1.9621250126011015e-16
1.019371023	1.7893573840499647e-16
1.020577318	1.7557925229678105e-16
1.021783612	1.7755510435386263e-16
1.022989907	1.8676604074480265e-16
1.024196201	2.0176776188989592e-16
1.025402496	2.2197407523777734e-16
1.026608791	2.4332837553333766e-16
1.027815085	2.633629467265832e-16
1.02902138	2.839983330650615e-16
1.030227674	3.0028055016665265e-16
1.031433969	3.070155230493497e-16
1.032640263	3.1360070062496537e-16
1.033846558	3.2318845983411095e-16
1.035052852	3.2541092912048673e-16
1.036259147	3.2592539977144737e-16
1.037465441	3.3505536180843943e-16
1.038671736	3.4256534768696015e-16
1.039878031	3.4583367659999315e-16
1.041084325	3.514696875937988e-16
1.04229062	3.589026806002959e-16
1.043496914	3.6378643764567213e-16
1.044703209	3.7019164765796334e-16
1.045909503	3.8006612435945756e-16
1.047115798	3.8687258317689097e-16
1.048322092	3.931648702501323e-16
1.049528387	4.0278811117817917e-16
1.050734681	4.163280107747356e-16
1.051940976	4.3081086356855813e-16
1.05314727	4.479701232433979e-16
1.054353565	4.636887859383862e-16
1.05555986	4.732011078985394e-16
1.056766154	4.870577765458452e-16
1.057972449	5.059024147478331e-16
1.059178743	5.151758635978863e-16
1.060385038	5.176680369346388e-16
1.061591332	5.196215478992968e-16
1.062797627	5.385065719428691e-16
1.064003921	5.479412469617797e-16
1.065210216	5.569623681237343e-16
1.06641651	5.661281141672177e-16
1.067622805	5.759473320092913e-16
1.068829099	5.908435101010533e-16
1.070035394	6.075034871927338e-16
1.071241689	6.147962983144987e-16
1.072447983	6.202881726121583e-16
1.073654278	6.330779710941631e-16
1.074860572	6.418657987419891e-16
1.076066867	6.452195111303577e-16
1.077273161	6.502857749724872e-16
1.078479456	6.521705760091202e-16
1.07968575	6.463762876246542e-16
1.080892045	6.556429251653868e-16
1.082098339	6.781975076144789e-16
1.083304634	6.816987612372691e-16
1.084510929	6.736969086984698e-16
1.085717223	6.648121284892593e-16
1.086923518	6.733510817644468e-16
1.088129812	6.926898437266284e-16
1.089336107	6.805600598106639e-16
1.090542401	6.631656443033268e-16
1.091748696	6.611156121778727e-16
1.09295499	6.735782812820898e-16
1.094161285	6.891255941292345e-16
1.095367579	6.689193265222752e-16
1.096573874	6.39015538384081e-16
1.097780168	6.170007590631841e-16
1.098986463	5.84385989215079e-16
1.100192758	5.445349155977566e-16
1.101399052	5.150492703249683e-16
1.102605347	4.827270305090122e-16
1.103811641	4.4252498205999186e-16
1.105017936	4.0754548846883307e-16
1.10622423	3.7940620297923027e-16
1.107430525	3.5700388634832424e-16
1.108636819	3.4003630376621693e-16
1.109843114	3.284654728386574e-16
1.111049408	3.2271781269751213e-16
1.112255703	3.202192823235811e-16
1.113461998	3.15566617260403e-16
1.114668292	3.087562944212826e-16
1.115874587	3.0136959187886707e-16
1.117080881	2.931442056495492e-16
1.118287176	2.84375736953419e-16
1.11949347	2.7621461883817435e-16
1.120699765	2.634784761036043e-16
1.121906059	2.4508340745897357e-16
1.123112354	2.278257519620142e-16
1.124318648	2.1425169713687152e-16
1.125524943	2.0361690087746168e-16
1.126731237	1.9161779158562292e-16
1.127937532	1.7766132614736887e-16
1.129143827	1.6673837331639513e-16
1.130350121	1.5781787917452587e-16
1.131556416	1.4817729766557573e-16
1.13276271	1.4018413604233292e-16
1.133969005	1.3362794126179667e-16
1.135175299	1.2751328252794606e-16
1.136381594	1.2306543879185085e-16
1.137587888	1.2204350634173813e-16
1.138794183	1.2223034509745913e-16
1.140000477	1.2270631205698225e-16
1.141206772	1.2336972257591997e-16
1.142413066	1.2452092196652207e-16
1.143619361	1.27410072668349e-16
1.144825656	1.2966472039831257e-16
1.14603195	1.306571732885815e-16
1.147238245	1.318311853999693e-16
1.148444539	1.3159263703661694e-16
1.149650834	1.2902718449294426e-16
1.150857128	1.2479942936593631e-16
1.152063423	1.1894572873367868e-16
1.153269717	1.1138788059985864e-16
1.154476012	1.0350726358519504e-16
1.155682306	9.65018913222021e-17
1.156888601	8.986244259477342e-17
1.158094896	8.397566000108377e-17
1.15930119	7.978829403811908e-17
1.160507485	7.653788379508444e-17
1.161713779	7.353004200040527e-17
1.162920074	7.022791170268093e-17
1.164126368	6.704139927534126e-17
1.165332663	6.518467454042914e-17
1.166538957	6.444864114014922e-17
1.167745252	6.480200226412171e-17
1.168951546	6.71049229482814e-17
1.170157841	7.075230720918622e-17
1.171364135	7.409812569881754e-17
1.17257043	7.779494503051906e-17
1.173776725	8.201844639319705e-17
1.174983019	8.721691308508751e-17
1.176189314	9.292093051360433e-17
1.177395608	9.749611432723146e-17
1.178601903	1.0092089101597184e-16
1.179808197	1.0256558530597801e-16
1.181014492	1.0468259476019211e-16
1.182220786	1.0744290643679965e-16
1.183427081	1.1006393749903606e-16
1.184633375	1.1043803023891582e-16
1.18583967	1.0743991567111548e-16
1.187045965	1.0743545113384846e-16
1.188252259	1.105046003842288e-16
1.189458554	1.1121133811265264e-16
1.190664848	1.1180940618561706e-16
1.191871143	1.136753322255702e-16
1.193077437	1.1580233415253748e-16
1.194283732	1.1797326173258778e-16
1.195490026	1.207720371966561e-16
1.196696321	1.252896948571414e-16
1.197902615	1.320481657601121e-16
1.19910891	1.363443138658046e-16
1.200315204	1.3814542063012293e-16
1.201521499	1.4084581768103574e-16
1.202727794	1.4644540244784933e-16
1.203934088	1.5521990759731036e-16
1.205140383	1.5925285497728436e-16
1.206346677	1.613233916239226e-16
1.207552972	1.7110654247720164e-16
1.208759266	1.7960547710647898e-16
1.209965561	1.825883139738918e-16
1.211171855	1.861648767146674e-16
1.21237815	1.9093588885412676e-16
1.213584444	1.964003567667801e-16
1.214790739	2.0170108887984348e-16
1.215997033	2.0641056789910197e-16
1.217203328	2.1079506897881733e-16
1.218409623	2.1418474876742517e-16
1.219615917	2.160928676443127e-16
1.220822212	2.1655506063406267e-16
1.222028506	2.1549105117910523e-16
1.223234801	2.1356291496469993e-16
1.224441095	2.1081006074674632e-16
1.22564739	2.0698157634402722e-16
1.226853684	2.0388056708384532e-16
1.228059979	2.0172767750048333e-16
1.229266273	1.9774492710218059e-16
1.230472568	1.9417989276214654e-16
1.231678863	1.9414996714697406e-16
1.232885157	1.957276044195692e-16
1.234091452	1.979266619833272e-16
1.235297746	2.0115865749567674e-16
1.236504041	2.0490878047873396e-16
1.237710335	2.0865791126468406e-16
1.23891663	2.1377806063829514e-16
1.240122924	2.2005674603746383e-16
1.241329219	2.248303898132287e-16
1.242535513	2.2870473011791635e-16
1.243741808	2.3333541986379656e-16
1.244948102	2.3782641306652965e-16
1.246154397	2.4264911794658744e-16
1.247360692	2.4927969947297636e-16
1.248566986	2.5619166654516495e-16
1.249773281	2.6280163415961435e-16
1.250979575	2.70850893435468e-16
1.25218587	2.7949214693434713e-16
1.253392164	2.845464543046101e-16
1.254598459	2.8802928511227384e-16
1.255804753	2.915435108384478e-16
1.257011048	2.9265706486678264e-16
1.258217342	2.922220299404557e-16
1.259423637	2.9082775609148234e-16
1.260629931	2.903172875804915e-16
1.261836226	2.926248684869421e-16
1.263042521	2.9636361224491817e-16
1.264248815	3.0177797387901003e-16
1.26545511	3.097165316513519e-16
1.266661404	3.2147131326823e-16
1.267867699	3.3735039548274883e-16
1.269073993	3.5110335890425713e-16
1.270280288	3.6302079309191615e-16
1.271486582	3.7979775004355556e-16
1.272692877	3.987205506818958e-16
1.273899171	4.180381686044556e-16
1.275105466	4.336416765467252e-16
1.276311761	4.452683668652693e-16
1.277518055	4.557819267497369e-16
1.27872435	4.602633812806891e-16
1.279930644	4.632827672645753e-16
1.281136939	4.844554060793908e-16
1.282343233	5.079181518865124e-16
1.283549528	4.79899020032246e-16
1.284755822	4.541026763764942e-16
1.285962117	4.483849948593145e-16
1.287168411	4.4352744050073286e-16
1.288374706	4.343544413495525e-16
1.289581	4.238125782559039e-16
1.290787295	4.078557316374384e-16
1.29199359	3.8600429253256297e-16
1.293199884	3.6529286515405846e-16
1.294406179	3.4408832184209937e-16
1.295612473	3.184494073110209e-16
1.296818768	2.931736804044629e-16
1.298025062	2.694945150562101e-16
1.299231357	2.4437907200182325e-16
1.300437651	2.215555767836331e-16
1.301643946	2.0434449155338697e-16
1.30285024	1.9002415470922397e-16
1.304056535	1.778243837319539e-16
1.30526283	1.6661597826529148e-16
1.306469124	1.5692307239556683e-16
1.307675419	1.4962147269634724e-16
1.308881713	1.4309644122014615e-16
1.310088008	1.370842094588254e-16
1.311294302	1.326312617603961e-16
1.312500597	1.2816509822044868e-16
1.313706891	1.2147059978629257e-16
1.314913186	1.1755424743153033e-16
1.31611948	1.1674533513120044e-16
1.317325775	1.1354884052169132e-16
1.318532069	1.0985603216707173e-16
1.319738364	1.0745528291728592e-16
1.320944659	1.0514765257037981e-16
1.322150953	1.0271630210730923e-16
1.323357248	9.923443322216633e-17
1.324563542	9.544531039921554e-17
1.325769837	9.206448922120722e-17
1.326976131	8.852012795365408e-17
1.328182426	8.525328048775068e-17
1.32938872	8.338831286715236e-17
1.330595015	8.247667829368083e-17
1.331801309	8.12950956040483e-17
1.333007604	7.959587407987393e-17
1.334213898	7.747638098463721e-17
1.335420193	7.538642157142199e-17
1.336626488	7.308478766952978e-17
1.337832782	7.040503306723337e-17
1.339039077	6.797360901249482e-17
1.340245371	6.609148005096203e-17
1.341451666	6.382514078524041e-17
1.34265796	6.166472899971839e-17
1.343864255	6.000477292831076e-17
1.345070549	5.87417777062543e-17
1.346276844	5.784893764950847e-17
1.347483138	5.714330847967896e-17
1.348689433	5.759173726226721e-17
1.349895728	6.000986177378821e-17
1.351102022	6.461786103924822e-17
1.352308317	7.406805346992892e-17
1.353514611	9.302458708473974e-17
1.354720906	1.2617989104010949e-16
1.3559272	1.815026253055906e-16
1.357133495	2.3367772414492295e-16
1.358339789	2.3280295098538417e-16
1.359546084	2.517659951760234e-16
1.360752378	3.183059838599204e-16
1.361958673	3.7979781350157323e-16
1.363164967	4.1926919015655285e-16
1.364371262	3.8650467230934727e-16
1.365577557	3.0704568148608375e-16
1.366783851	2.4677231404859514e-16
1.367990146	2.0299245125762742e-16
1.36919644	1.675607137626035e-16
1.370402735	1.3827358957886764e-16
1.371609029	1.1555155568155663e-16
1.372815324	9.929938856659771e-17
1.374021618	9.021976436960547e-17
1.375227913	8.890870524323934e-17
1.376434207	9.138651601558815e-17
1.377640502	9.57304745828794e-17
1.378846797	1.0007905427682521e-16
1.380053091	9.964374373394304e-17
1.381259386	9.681604244809442e-17
1.38246568	9.222749538736745e-17
1.383671975	8.616124857277881e-17
1.384878269	8.042519257207938e-17
1.386084564	7.697580266824442e-17
1.387290858	7.512857094441899e-17
1.388497153	7.589383750239285e-17
1.389703447	8.128735419535915e-17
1.390909742	8.550064264471347e-17
1.392116036	8.671653144692164e-17
1.393322331	8.495027091926826e-17
1.394528626	7.798371943130307e-17
1.39573492	7.001871767295785e-17
1.396941215	6.265886104210721e-17
1.398147509	5.700259074398323e-17
1.399353804	5.58019562125711e-17
1.400560098	5.651968826022258e-17
1.401766393	5.71855535661027e-17
1.402972687	5.788102781523566e-17
1.404178982	5.770064888547768e-17
1.405385276	5.659722193419317e-17
1.406591571	5.505917206884024e-17
1.407797865	5.332596019794063e-17
1.40900416	5.1094684795632045e-17
1.410210455	4.939440550403803e-17
1.411416749	4.916901376698642e-17
1.412623044	4.9802699175985916e-17
1.413829338	5.124668168401098e-17
1.415035633	5.315993418894327e-17
1.416241927	5.492055267970742e-17
1.417448222	5.63510199067989e-17
1.418654516	5.673581634923587e-17
1.419860811	5.648717087652353e-17
1.421067105	5.64289719605263e-17
1.4222734	5.642662962542936e-17
1.423479695	5.552994190283276e-17
1.424685989	5.498198175825271e-17
1.425892284	5.547101998559441e-17
1.427098578	5.594125567444113e-17
1.428304873	5.63466346846846e-17
1.429511167	5.688537587293239e-17
1.430717462	5.75409230671373e-17
1.431923756	5.839551476114933e-17
1.433130051	5.940300761252279e-17
1.434336345	6.031831644427838e-17
1.43554264	6.079122152372641e-17
1.436748934	6.095408236441548e-17
1.437955229	6.111067843941846e-17
1.439161524	6.218906853896386e-17
1.440367818	6.338425843560456e-17
1.441574113	6.207367909629319e-17
1.442780407	6.105996293589725e-17
1.443986702	6.15969152823924e-17
1.445192996	6.151046822694849e-17
1.446399291	6.10030601909116e-17
1.447605585	6.153133765202876e-17
1.44881188	6.18896621692742e-17
1.450018174	6.201441913894028e-17
1.451224469	6.282944488105172e-17
1.452430764	6.382054539830579e-17
1.453637058	6.459213050007566e-17
1.454843353	6.54300173811545e-17
1.456049647	6.678055128487447e-17
1.457255942	6.746377225282451e-17
1.458462236	6.724605861795805e-17
1.459668531	6.746880992674069e-17
1.460874825	6.827051122544219e-17
1.46208112	6.953291524280396e-17
1.463287414	7.059426926103066e-17
1.464493709	7.139659787522509e-17
1.465700003	7.23001990837837e-17
1.466906298	7.238296434103771e-17
1.468112593	7.140534351115508e-17
1.469318887	7.040892213137193e-17
1.470525182	6.95924019213707e-17
1.471731476	6.872542980417253e-17
1.472937771	6.829549734055177e-17
1.474144065	6.71829417642148e-17
1.47535036	6.488725880339758e-17
1.476556654	6.629482539891739e-17
1.477762949	6.859889966327949e-17
1.478969243	6.890185073310054e-17
1.480175538	7.00232586971952e-17
1.481381832	7.206186889218748e-17
1.482588127	7.604417168214203e-17
1.483794422	7.708409274704275e-17
1.485000716	7.90961472770266e-17
1.486207011	7.981346309836927e-17
1.487413305	8.70822311701871e-17
1.4886196	9.230902247065911e-17
1.489825894	8.789934560716367e-17
1.491032189	8.595566072338303e-17
1.492238483	8.851333809855492e-17
1.493444778	8.873632993137871e-17
1.494651072	8.849003164398196e-17
1.495857367	9.011031624321908e-17
1.497063662	9.012431622419717e-17
1.498269956	8.761666895969905e-17
1.499476251	8.491816596856816e-17
1.500682545	8.442123110855789e-17
1.50188884	8.412066586042299e-17
1.503095134	8.275484464612382e-17
1.504301429	8.281115055069364e-17
1.505507723	8.374165188715324e-17
1.506714018	8.380391663929094e-17
1.507920312	8.30809256163292e-17
1.509126607	8.384274595022712e-17
1.510332901	8.439296211810102e-17
1.511539196	8.727794747106447e-17
1.512745491	9.030845215163472e-17
1.513951785	9.292386861564591e-17
1.51515808	9.473192301603458e-17
1.516364374	9.553513634474828e-17
1.517570669	9.686936879197973e-17
1.518776963	9.811904548487679e-17
1.519983258	9.958737149434094e-17
1.521189552	1.0189733704888331e-16
1.522395847	1.0523303764123975e-16
1.523602141	1.0678663009024599e-16
1.524808436	1.0706481066231067e-16
1.52601473	1.0703572609307797e-16
1.527221025	1.0879948768965513e-16
1.52842732	1.125622410011822e-16
1.529633614	1.1860280564937822e-16
1.530839909	1.215038943886519e-16
1.532046203	1.2055646994016414e-16
1.533252498	1.228400266358728e-16
1.534458792	1.2634487899255938e-16
1.535665087	1.267310438304241e-16
1.536871381	1.271765267532931e-16
1.538077676	1.2821306132932875e-16
1.53928397	1.2851775785817608e-16
1.540490265	1.2636418397606324e-16
1.54169656	1.227133475140605e-16
1.542902854	1.2001851036993526e-16
1.544109149	1.1937049235506282e-16
1.545315443	1.201153350696042e-16
1.546521738	1.2207105833856808e-16
1.547728032	1.2614148160002221e-16
1.548934327	1.2886099663983813e-16
1.550140621	1.295043074897961e-16
1.551346916	1.2838658175273196e-16
1.55255321	1.271295040491838e-16
1.553759505	1.2735424670406958e-16
1.554965799	1.2555240887576255e-16
1.556172094	1.2274901122300112e-16
1.557378389	1.2144374477557437e-16
1.558584683	1.2190937630609265e-16
1.559790978	1.222390810185707e-16
1.560997272	1.212688880259252e-16
1.562203567	1.1816184530359568e-16
1.563409861	1.1575701208225203e-16
1.564616156	1.1334211643426284e-16
1.56582245	1.1194918953202656e-16
1.567028745	1.1214095591658324e-16
1.568235039	1.1294886805642425e-16
1.569441334	1.1388984763747244e-16
1.570647629	1.1648643951567596e-16
1.571853923	1.2227582568983828e-16
1.573060218	1.3036934945559529e-16
1.574266512	1.3877478079497456e-16
1.575472807	1.4636711266884853e-16
1.576679101	1.5358831512308627e-16
1.577885396	1.578467793386371e-16
1.57909169	1.5806226617584033e-16
1.580297985	1.5489218040868195e-16
1.581504279	1.5971885516484954e-16
1.582710574	1.6334782750046472e-16
1.583916868	1.5874153483572483e-16
1.585123163	1.5319317419893714e-16
1.586329458	1.495786810352278e-16
1.587535752	1.503877662366775e-16
1.588742047	1.5814745251866515e-16
1.589948341	1.6749955002535208e-16
1.591154636	1.69321976743274e-16
1.59236093	1.6416140010865303e-16
1.593567225	1.6081747617930976e-16
1.594773519	1.6117785570669165e-16
1.595979814	1.636230021414389e-16
1.597186108	1.588795935235497e-16
1.598392403	1.5095702022382556e-16
1.599598697	1.4941606312521969e-16
1.600804992	1.4817191240058785e-16
1.602011287	1.4317874542404606e-16
1.603217581	1.3869343784851923e-16
1.604423876	1.339721784794142e-16
1.60563017	1.2940410751327344e-16
1.606836465	1.2292051583134778e-16
1.608042759	1.1477645982906573e-16
1.609249054	1.0940120195217313e-16
1.610455348	1.0526371467476165e-16
1.611661643	1.0008822498358757e-16
1.612867937	9.527465743981473e-17
1.614074232	9.062673210071956e-17
1.615280527	8.857306213258556e-17
1.616486821	8.642329240176165e-17
1.617693116	7.954637191789296e-17
1.61889941	7.47875018152303e-17
1.620105705	7.204355509329517e-17
1.621311999	6.797063731911278e-17
1.622518294	6.306672302650092e-17
1.623724588	5.898716045837985e-17
1.624930883	5.561742825291843e-17
1.626137177	5.27447433772661e-17
1.627343472	4.941177005097547e-17
1.628549766	4.65684505947798e-17
1.629756061	4.453048569834042e-17
1.630962356	4.259761139244732e-17
1.63216865	4.040168831160406e-17
1.633374945	3.877092057268551e-17
1.634581239	3.7618279505169017e-17
1.635787534	3.6583128625848675e-17
1.636993828	3.6020102520945173e-17
1.638200123	3.532559553816845e-17
1.639406417	3.435568526291974e-17
1.640612712	3.358335657804693e-17
1.641819006	3.3768150937564716e-17
1.643025301	3.450379175719649e-17
1.644231596	3.45808094993403e-17
1.64543789	3.319732222983002e-17
1.646644185	3.1556215992818025e-17
1.647850479	3.0192868446149106e-17
1.649056774	2.92580140613084e-17
1.650263068	2.8435944812097224e-17
1.651469363	2.7393108120012172e-17
1.652675657	2.63888493509996e-17
1.653881952	2.572133151416324e-17
1.655088246	2.5534108147436966e-17
1.656294541	2.5556709567203593e-17
1.657500835	2.5894787670129466e-17
1.65870713	2.6561477117010745e-17
1.659913425	2.7381543575436628e-17
1.661119719	2.792946698045198e-17
1.662326014	2.809886951587352e-17
1.663532308	2.8163053862489134e-17
1.664738603	2.776117013481321e-17
1.665944897	2.740200542151011e-17
1.667151192	2.7011185064015677e-17
1.668357486	2.6513296899695497e-17
1.669563781	2.6079734366037432e-17
1.670770075	2.6431553130782766e-17
1.67197637	2.770141668417801e-17
1.673182664	2.8382118074627865e-17
1.674388959	2.852164815039353e-17
1.675595254	2.93499534789139e-17
1.676801548	2.97026843826946e-17
1.678007843	2.8980003209381595e-17
1.679214137	2.870297050097057e-17
1.680420432	2.899701232959252e-17
1.681626726	2.963074541144214e-17
1.682833021	2.982293071461231e-17
1.684039315	2.9115056940283215e-17
1.68524561	2.855442589500295e-17
1.686451904	2.836444188558168e-17
1.687658199	2.799861711975971e-17
1.688864494	2.770119265514504e-17
1.690070788	2.767205282456036e-17
1.691277083	2.7438393130720396e-17
1.692483377	2.70125101006434e-17
1.693689672	2.6910626685303728e-17
1.694895966	2.644508906744577e-17
1.696102261	2.570969191988172e-17
1.697308555	2.4584714266911932e-17
1.69851485	2.319044496358446e-17
1.699721144	2.1666070801524543e-17
1.700927439	1.9855985426482086e-17
1.702133733	1.8008364992175403e-17
1.703340028	1.6450092290678726e-17
1.704546323	1.5349019001771848e-17
1.705752617	1.4716165366190433e-17
1.706958912	1.452569443212974e-17
1.708165206	1.4732988859740356e-17
1.709371501	1.5007631509519055e-17
1.710577795	1.5546633036878105e-17
1.71178409	1.6630199791058565e-17
1.712990384	1.755503355453773e-17
1.714196679	1.7956380449725958e-17
1.715402973	1.8675489193207332e-17
1.716609268	1.9533867032677065e-17
1.717815563	2.0033540393815165e-17
1.719021857	2.0169001278393804e-17
1.720228152	2.0168534344252663e-17
1.721434446	1.969799637105915e-17
1.722640741	1.917448245641123e-17
1.723847035	1.8823814729824727e-17
1.72505333	1.8139499003103172e-17
1.726259624	1.7007982127075123e-17
1.727465919	1.6199744893596096e-17
1.728672213	1.5663715574703866e-17
1.729878508	1.517551123055652e-17
1.731084802	1.489108596847168e-17
1.732291097	1.4894524112018706e-17
1.733497392	1.5120302196429746e-17
1.734703686	1.5593888347434888e-17
1.735909981	1.6096132375628925e-17
1.737116275	1.6631558243179297e-17
1.73832257	1.7558904528647353e-17
1.739528864	1.8643364807854583e-17
1.740735159	1.9837691805112537e-17
1.741941453	2.1090596847536746e-17
1.743147748	2.2175574364172625e-17
1.744354042	2.3074211857856587e-17
1.745560337	2.4178476010921826e-17
1.746766631	2.5213856348031763e-17
1.747972926	2.5536089423314516e-17
1.749179221	2.5510525384997123e-17
1.750385515	2.53043959603494e-17
1.75159181	2.483025191358888e-17
1.752798104	2.444449352483016e-17
1.754004399	2.3766493905760985e-17
1.755210693	2.3135022838528316e-17
1.756416988	2.2617281898566693e-17
1.757623282	2.2077934571167183e-17
1.758829577	2.1525389961336423e-17
1.760035871	2.1078316470385048e-17
1.761242166	2.091175628554559e-17
1.762448461	2.087059788344141e-17
1.763654755	2.0392048431549848e-17
1.76486105	1.9925181088174688e-17
1.766067344	1.9668879664806757e-17
1.767273639	1.9624272225431995e-17
1.768479933	1.9731272426158386e-17
1.769686228	1.9759176959775846e-17
1.770892522	1.9606802315237897e-17
1.772098817	1.921883303602944e-17
1.773305111	1.8635256062038482e-17
1.774511406	1.8108494598938734e-17
1.7757177	1.780247767718229e-17
1.776923995	1.7592327155553472e-17
1.77813029	1.7602908537084422e-17
1.779336584	1.7805707410069998e-17
1.780542879	1.8260832153068974e-17
1.781749173	1.8929673233477847e-17
1.782955468	1.9609787022108514e-17
1.784161762	2.0260038694095203e-17
1.785368057	2.0940916898394622e-17
1.786574351	2.1595333372123132e-17
1.787780646	2.2074576977033943e-17
1.78898694	2.266836393407156e-17
1.790193235	2.3446465001520433e-17
1.79139953	2.4202688038035503e-17
1.792605824	2.4938567225804652e-17
1.793812119	2.5866983368534956e-17
1.795018413	2.7049080990347637e-17
1.796224708	2.8545608932074833e-17
1.797431002	3.072401748732933e-17
1.798637297	3.3579554120938195e-17
1.799843591	3.7032127082846976e-17
1.801049886	4.125895852842851e-17
1.80225618	4.576761221720771e-17
1.803462475	4.948493743766056e-17
1.804668769	5.296211713363879e-17
1.805875064	5.699232708545397e-17
1.807081359	6.128449716477552e-17
1.808287653	6.579100831602655e-17
1.809493948	7.049908342991993e-17
1.810700242	7.53736426997666e-17
1.811906537	8.061330585505679e-17
1.813112831	8.562343473231615e-17
1.814319126	9.001224322858303e-17
1.81552542	9.39290435175162e-17
1.816731715	9.802525504838304e-17
1.817938009	1.0320544693449175e-16
1.819144304	1.0265110696918936e-16
1.820350598	9.77519640758891e-17
1.821556893	9.775437701708357e-17
1.822763188	9.914850574974933e-17
1.823969482	9.867873154770713e-17
1.825175777	9.918299750600388e-17
1.826382071	1.0054799611747109e-16
1.827588366	1.0182824022930907e-16
1.82879466	1.0234975187343002e-16
1.830000955	0.
1.831207249	0.
1.832413544	0.
1.833619838	0.
1.834826133	0.
1.836032428	0.
1.837238722	0.
1.838445017	0.
1.839651311	0.
1.840857606	0.
1.8420639	0.
1.843270195	0.
1.844476489	0.
1.845682784	0.
1.846889078	0.
1.848095373	0.
1.849301667	0.
1.850507962	0.
1.851714257	0.
1.852920551	0.
1.854126846	0.
1.85533314	0.
1.856539435	0.
1.857745729	0.
1.858952024	0.
1.860158318	0.
1.861364613	0.
1.862570907	0.
1.863777202	0.
1.864983496	0.
1.866189791	0.
1.867396086	0.
1.86860238	0.
1.869808675	0.
1.871014969	7.840129594472846e-17
1.872221264	8.164761439331113e-17
1.873427558	9.971875647176114e-17
1.874633853	1.5667721789013705e-16
1.875840147	3.1173353022067185e-16
1.877046442	3.161507979257465e-16
1.878252736	1.7681031972899864e-16
1.879459031	1.456809011444124e-16
1.880665326	1.463799371359289e-16
1.88187162	1.3120035479501526e-16
1.883077915	1.0766367963696802e-16
1.884284209	9.232992150115112e-17
1.885490504	8.535780961454608e-17
1.886696798	8.449687987324081e-17
1.887903093	9.263922908892661e-17
1.889109387	1.1871651743494138e-16
1.890315682	1.5664690801907655e-16
1.891521976	1.496802201681104e-16
1.892728271	1.2629395312290228e-16
1.893934565	1.1745600081307506e-16
1.89514086	1.2282842190269058e-16
1.896347155	1.413514301946271e-16
1.897553449	1.7404857934587944e-16
1.898759744	2.359049062081324e-16
1.899966038	3.6911808939983494e-16
1.901172333	5.087617446951576e-16
1.902378627	3.8248636603480884e-16
1.903584922	2.017517605025423e-16
1.904791216	1.14310551665133e-16
1.905997511	7.959931977996642e-17
1.907203805	6.793998310046554e-17
1.9084101	7.342330552156813e-17
1.909616395	9.266341063346453e-17
1.910822689	1.055751940576123e-16
1.912028984	8.712616542183528e-17
1.913235278	6.486587272918057e-17
1.914441573	4.926315759334891e-17
1.915647867	3.8234351186215875e-17
1.916854162	2.8425899859568435e-17
1.918060456	1.918060162597534e-17
1.919266751	1.3243947505764299e-17
1.920473045	1.2509065288927013e-17
1.92167934	1.424781141569784e-17
1.922885634	1.7770902286761253e-17
1.924091929	2.41511713079366e-17
1.925298224	3.3326796273533515e-17
1.926504518	4.1456147219965044e-17
1.927710813	4.302245669930967e-17
1.928917107	3.604206173285119e-17
1.930123402	3.019322605030621e-17
1.931329696	2.835826125234956e-17
1.932535991	2.863041377737287e-17
1.933742285	2.8448257771229446e-17
1.93494858	2.742282007374902e-17
1.936154874	2.6862488088007695e-17
1.937361169	2.847028541456279e-17
1.938567463	3.102718316869563e-17
1.939773758	3.2337260612101797e-17
1.940980053	3.112189526383478e-17
1.942186347	2.886509128217626e-17
1.943392642	2.841588344901444e-17
1.944598936	2.9150120701314915e-17
1.945805231	2.971436412351852e-17
1.947011525	2.99436733886569e-17
1.94821782	2.955090048553503e-17
1.949424114	3.012125354803289e-17
1.950630409	3.120034531892143e-17
1.951836703	3.21892378286706e-17
1.953042998	3.2055829773832367e-17
1.954249293	3.146820734046232e-17
1.955455587	3.2980841572020237e-17
1.956661882	3.4830070095739337e-17
1.957868176	3.493699976684293e-17
1.959074471	3.4115113212873e-17
1.960280765	3.338506799217283e-17
1.96148706	3.2901146735015e-17
1.962693354	3.273103172039334e-17
1.963899649	3.311049330612651e-17
1.965105943	3.293987429047916e-17
1.966312238	3.19457776848461e-17
1.967518532	3.072589834369538e-17
1.968724827	2.9743553230113335e-17
1.969931122	2.931013175832905e-17
1.971137416	2.9376531402114266e-17
1.972343711	2.9676991187801345e-17
1.973550005	2.9417647724231935e-17
1.9747563	2.913994727689102e-17
1.975962594	2.9361597528540383e-17
1.977168889	3.004182806886123e-17
1.978375183	3.0638849568091907e-17
1.979581478	3.075037552306161e-17
1.980787772	3.1767479755127647e-17
1.981994067	3.437528826570823e-17
1.983200362	3.724072288220491e-17
1.984406656	3.9780491430764364e-17
1.985612951	4.264603841024988e-17
1.986819245	4.445390097236289e-17
1.98802554	4.446011837417137e-17
1.989231834	4.5978567685104525e-17
1.990438129	5.03561418582628e-17
1.991644423	5.517372299922693e-17
1.992850718	5.847445388204124e-17
1.994057012	5.962098117841456e-17
1.995263307	5.815591626953125e-17
1.996469601	5.457078291004e-17
1.997675896	5.081608474788019e-17
1.998882191	4.855785810091949e-17
2.000088485	4.957840161391393e-17
2.00129478	5.4874106047175694e-17
2.002501074	6.153833621018959e-17
2.003707369	6.6857206005075e-17
2.004913663	6.857578959072717e-17
2.006119958	6.82032565995517e-17
2.007326252	6.736431574655588e-17
2.008532547	6.679690047079393e-17
2.009738841	6.684271143882036e-17
2.010945136	6.696988049763311e-17
2.01215143	6.695900108664865e-17
2.013357725	6.681981907459614e-17
2.01456402	6.656483132783414e-17
2.015770314	6.624772473711965e-17
2.016976609	6.628616667798574e-17
2.018182903	6.666154188990377e-17
2.019389198	6.730677872411596e-17
2.020595492	6.813948566001749e-17
2.021801787	6.921035123428529e-17
2.023008081	6.945076933240468e-17
2.024214376	6.824351401734307e-17
2.02542067	6.669046466751351e-17
2.026626965	6.533618073203879e-17
2.02783326	6.445714147066127e-17
2.029039554	6.447731834833482e-17
2.030245849	6.496113798827476e-17
2.031452143	6.400810691337678e-17
2.032658438	6.258746057551085e-17
2.033864732	6.230915452324939e-17
2.035071027	6.167442947457196e-17
2.036277321	6.060295118177928e-17
2.037483616	6.041307808224636e-17
2.03868991	6.029672313690076e-17
2.039896205	5.902425942998828e-17
2.041102499	5.8653385310369e-17
2.042308794	5.921430332961022e-17
2.043515089	5.918045857016e-17
2.044721383	5.871258504849016e-17
2.045927678	5.79952352099536e-17
2.047133972	5.723336526678109e-17
2.048340267	5.665791469056874e-17
2.049546561	5.601016723327569e-17
2.050752856	5.5359455794214584e-17
2.05195915	5.484443958852266e-17
2.053165445	5.3962546964024226e-17
2.054371739	5.288035791858415e-17
2.055578034	5.209535524872125e-17
2.056784329	5.1568237977790915e-17
2.057990623	5.116140249888049e-17
2.059196918	5.088511760411134e-17
2.060403212	5.024431868685605e-17
2.061609507	4.827145386023487e-17
2.062815801	4.6798243740628326e-17
2.064022096	4.702058870017291e-17
2.06522839	4.6187697160466267e-17
2.066434685	4.440419298421391e-17
2.067640979	4.366175326991614e-17
2.068847274	4.33311548742384e-17
2.070053568	4.305022301958138e-17
2.071259863	4.230973744773894e-17
2.072466158	4.122283002484487e-17
2.073672452	4.0322881278926013e-17
2.074878747	3.966929971536856e-17
2.076085041	3.918086745652938e-17
2.077291336	3.8538693891293864e-17
2.07849763	3.7797616970246206e-17
2.079703925	3.745394714098763e-17
2.080910219	3.6851703694843695e-17
2.082116514	3.5655269730411985e-17
2.083322808	3.4903019922014674e-17
2.084529103	3.434529245525056e-17
2.085735397	3.3009503925990716e-17
2.086941692	3.1613382517582605e-17
2.088147987	3.0638411359946897e-17
2.089354281	2.987569407178282e-17
2.090560576	2.941484653632987e-17
2.09176687	2.960009639757331e-17
2.092973165	2.9528325101482126e-17
2.094179459	2.8845643453932045e-17
2.095385754	2.822015905446605e-17
2.096592048	2.768132724328078e-17
2.097798343	2.7058341522929433e-17
2.099004637	2.6576318154656507e-17
2.100210932	2.6164973889021627e-17
2.101417227	2.5674267826559833e-17
2.102623521	2.510822736146732e-17
2.103829816	2.4447197308065613e-17
2.10503611	2.3771788219954874e-17
2.106242405	2.3104561862460045e-17
2.107448699	2.2499234063155492e-17
2.108654994	2.2035625679162785e-17
2.109861288	2.1852658577461004e-17
2.111067583	2.160705368234875e-17
2.112273877	2.1241622554439083e-17
2.113480172	2.110893861626472e-17
2.114686466	2.1127535541483765e-17
2.115892761	2.1200162270760934e-17
2.117099056	2.0972708285829483e-17
2.11830535	2.0444883508153123e-17
2.119511645	2.0119703481043004e-17
2.120717939	1.9861018834614123e-17
2.121924234	1.94526175221259e-17
2.123130528	1.9187697188896326e-17
2.124336823	1.904519986071952e-17
2.125543117	1.869451727426076e-17
2.126749412	1.8253877013884422e-17
2.127955706	1.7865773231322548e-17
2.129162001	1.7602165422027368e-17
2.130368295	1.7470145286656635e-17
2.13157459	1.728130894024582e-17
2.132780885	1.7014276342426008e-17
2.133987179	1.6710058347971316e-17
2.135193474	1.6534038175482292e-17
2.136399768	1.6470613880540468e-17
2.137606063	1.6081408996891375e-17
2.138812357	1.5582407543723753e-17
2.140018652	1.524214936763035e-17
2.141224946	1.495108554581161e-17
2.142431241	1.4750598784002835e-17
2.143637535	1.4600800048340355e-17
2.14484383	1.4367355975900246e-17
2.146050125	1.404054102371112e-17
2.147256419	1.3575246822369668e-17
2.148462714	1.3058772055517462e-17
2.149669008	1.2696532768717257e-17
2.150875303	1.2535013828663007e-17
2.152081597	1.248813637936739e-17
2.153287892	1.2425151425298953e-17
2.154494186	1.2242106794612824e-17
2.155700481	1.183417972483707e-17
2.156906775	1.113976296577939e-17
2.15811307	1.0357235141835778e-17
2.159319364	9.714838775277938e-18
2.160525659	9.19689166822654e-18
2.161731954	8.693023539416937e-18
2.162938248	8.171581715156776e-18
2.164144543	7.802021447578054e-18
2.165350837	8.037453155964064e-18
2.166557132	8.562438355457212e-18
2.167763426	8.216526977740287e-18
2.168969721	7.742067304173424e-18
2.170176015	7.514912272496787e-18
2.17138231	7.354754943337656e-18
2.172588604	7.231365078636134e-18
2.173794899	7.109366610115707e-18
2.175001194	7.074845790658437e-18
2.176207488	7.232859399760597e-18
2.177413783	7.657833966741524e-18
2.178620077	8.10706246550503e-18
2.179826372	8.222480606315613e-18
2.181032666	8.30681813991213e-18
2.182238961	8.55585502856372e-18
2.183445255	8.727171350398303e-18
2.18465155	8.759416890160158e-18
2.185857844	8.708113527276975e-18
2.187064139	8.639325953630323e-18
2.188270433	8.55197760939638e-18
2.189476728	8.210856689104789e-18
2.190683023	7.82436599397066e-18
2.191889317	7.642817824075262e-18
2.193095612	7.524167923153194e-18
2.194301906	7.355255072075896e-18
2.195508201	6.987587137602365e-18
2.196714495	6.286740235148878e-18
2.19792079	5.2152906058406776e-18
2.199127084	4.09578864396673e-18
2.200333379	3.270230625218181e-18
2.201539673	2.9294134378542242e-18
2.202745968	3.1800975763905512e-18
2.203952262	3.905311688306525e-18
2.205158557	4.7739873670617104e-18
2.206364852	5.4339954564263284e-18
2.207571146	5.724891329927695e-18
2.208777441	5.9413433183311595e-18
2.209983735	6.260204031494856e-18
2.21119003	6.573433941905789e-18
2.212396324	6.81801721742374e-18
2.213602619	6.885820778611975e-18
2.214808913	6.698970145224027e-18
2.216015208	6.338573720836216e-18
2.217221502	5.931358912695463e-18
2.218427797	5.5946380292959546e-18
2.219634092	5.32618510467375e-18
2.220840386	5.138375153002411e-18
2.222046681	5.0209684472335305e-18
2.223252975	4.9045122025263185e-18
2.22445927	4.782113106823045e-18
2.225665564	4.736381714807952e-18
2.226871859	4.724063670477801e-18
2.228078153	4.626206655724842e-18
2.229284448	4.452246488900823e-18
2.230490742	4.2295731484687826e-18
2.231697037	4.027625735750708e-18
2.232903331	3.91991304494542e-18
2.234109626	3.853077183171337e-18
2.235315921	3.772246971304007e-18
2.236522215	3.6895635896423986e-18
2.23772851	3.652163720565591e-18
2.238934804	3.624855767040737e-18
2.240141099	3.572195457750727e-18
2.241347393	3.540820039500475e-18
2.242553688	3.504843622686726e-18
2.243759982	3.4158941453780352e-18
2.244966277	3.2678396555035427e-18
2.246172571	3.070100719901595e-18
2.247378866	2.8516438786687886e-18
2.248585161	2.6703858212244274e-18
2.249791455	2.603643335444425e-18
2.25099775	2.5109763863145346e-18
2.252204044	2.0415135487702726e-18
2.253410339	1.0364417117087209e-18
2.254616633	1.5227410879525289e-19
2.255822928	1.1928646750554698e-19
2.257029222	6.187032017901849e-19
2.258235517	1.0258100981096248e-18
2.259441811	1.0810252629023854e-18
2.260648106	1.0740425925582008e-18
2.2618544	1.2173956562661021e-18
2.263060695	1.4981916430262622e-18
2.26426699	1.9154206302483016e-18
2.265473284	2.3866929218360605e-18
2.266679579	2.6804745840832e-18
2.267885873	2.610949710657304e-18
2.269092168	2.349344123004781e-18
2.270298462	2.049411736582247e-18
2.271504757	1.786918119129925e-18
2.272711051	1.6311485798833732e-18
2.273917346	1.6387869256066737e-18
2.27512364	1.779415659902057e-18
2.276329935	2.0107522927418084e-18
2.277536229	2.243879658107952e-18
2.278742524	2.373491985958421e-18
2.279948819	2.381755289952224e-18
2.281155113	2.403234559600813e-18
2.282361408	2.5049934929370774e-18
2.283567702	2.518666929939491e-18
2.284773997	2.4603377794968635e-18
2.285980291	2.3674953962803785e-18
2.287186586	2.1455046242592663e-18
2.28839288	1.775854873486108e-18
2.289599175	1.4040078621501952e-18
2.290805469	1.174641065948746e-18
2.292011764	1.0524698475030214e-18
2.293218059	9.440263834476497e-19
2.294424353	8.058836034190948e-19
2.295630648	7.277489284208579e-19
2.296836942	8.064629389408445e-19
2.298043237	9.698264017018613e-19
2.299249531	1.1129955061762814e-18
2.300455826	1.146815841957822e-18
2.30166212	1.0012823406700146e-18
2.302868415	6.478181133511677e-19
2.304074709	3.578067470295259e-19
2.305281004	4.1880872914741824e-19
2.306487298	8.117955382036803e-19
2.307693593	1.3663446218931412e-18
2.308899888	1.9166906778655657e-18
2.310106182	2.2885862562963835e-18
2.311312477	2.3286482691177243e-18
2.312518771	2.1282844202985897e-18
2.313725066	1.8272259082095154e-18
2.31493136	1.5315257911406805e-18
2.316137655	1.3069263460172184e-18
2.317343949	1.2576925766059028e-18
2.318550244	1.3495069475968655e-18
2.319756538	1.4761036770312889e-18
2.320962833	1.59862081100084e-18
2.322169128	1.717272844234085e-18
2.323375422	1.7925477935266054e-18
2.324581717	1.7487625561737548e-18
2.325788011	1.5221356897323702e-18
2.326994306	1.2005657732035583e-18
2.3282006	9.245671487932058e-19
2.329406895	7.769881118572657e-19
2.330613189	6.976413711779417e-19
2.331819484	6.366772763590679e-19
2.333025778	6.007139983352679e-19
2.334232073	6.092593270335102e-19
2.335438367	6.60430405410044e-19
2.336644662	7.080159115598948e-19
2.337850957	7.097320774143689e-19
2.339057251	6.8025653840812e-19
2.340263546	6.360327033824141e-19
2.34146984	6.251652907644779e-19
2.342676135	7.039085505644783e-19
2.343882429	8.740940809276025e-19
2.345088724	9.748740380384589e-19
2.346295018	8.468123015918628e-19
2.347501313	5.85312495672654e-19
2.348707607	3.7764161075227145e-19
2.349913902	3.4146899081578994e-19
2.351120196	4.366377924606112e-19
2.352326491	6.203948114868545e-19
2.353532786	8.167177457451945e-19
2.35473908	9.513097062136331e-19
2.355945375	1.0576323404922192e-18
2.357151669	1.2375588029933712e-18
2.358357964	1.5376433843862865e-18
2.359564258	1.796270548167309e-18
2.360770553	1.9019439642784515e-18
2.361976847	1.8426423208411194e-18
2.363183142	1.6122691215278077e-18
2.364389436	1.2314558372383227e-18
2.365595731	7.879401792740826e-19
2.366802026	3.5222089269004456e-19
2.36800832	-8.038539863413116e-21
2.369214615	-1.190040198686989e-19
2.370420909	9.348618015430387e-20
2.371627204	3.598190022646118e-19
2.372833498	3.917506459158605e-19
2.374039793	2.506895387570925e-19
2.375246087	-1.512061924487419e-20
2.376452382	-2.9997210961446287e-19
2.377658676	-4.783645385734776e-19
2.378864971	-4.510735997513125e-19
2.380071265	-2.0829146568141645e-19
2.38127756	2.8251977728555295e-19
2.382483855	7.388014736048381e-19
2.383690149	7.643904399258744e-19
2.384896444	8.395394502492677e-20
2.386102738	-1.1322339553385434e-18
2.387309033	-2.624315254834565e-18
2.388515327	-3.586040935543119e-18
2.389721622	-3.1779756247142784e-18
2.390927916	-1.8135119069214412e-18
2.392134211	-8.566757831565242e-19
2.393340505	-1.0693987434757558e-18
2.3945468	-1.4455232616461417e-18
2.395753095	-9.320165314480424e-19
2.396959389	1.839407904002857e-19
2.398165684	1.0242684065636414e-18
2.399371978	1.1455664963434281e-18
2.400578273	8.820402167823742e-19
2.401784567	4.586640553150118e-19
2.402990862	7.520913955400074e-20
2.404197156	-1.3390724242956937e-20
2.405403451	2.8617314172535153e-19
2.406609745	6.95977071516487e-19
2.40781604	9.204508401161601e-19
2.409022334	9.642700080744543e-19
2.410228629	8.657713309998329e-19
2.411434924	7.278228778698457e-19
2.412641218	7.07007873901739e-19
2.413847513	9.547188883831678e-19
2.415053807	1.434568001404375e-18
2.416260102	2.0219847189165444e-18
2.417466396	2.4913078994029085e-18
2.418672691	2.724809668731478e-18
2.419878985	2.793321423949996e-18
2.42108528	2.6471450512338283e-18
2.422291574	2.2928608220014748e-18
2.423497869	1.8068404333455912e-18
2.424704163	1.2551612008486588e-18
2.425910458	7.790676075077306e-19
2.427116753	5.403894977464544e-19
2.428323047	6.066982107632321e-19
2.429529342	6.950676247000929e-19
2.430735636	4.695251079927557e-19
2.431941931	5.281949159509061e-20
2.433148225	5.34751720074438e-20
2.43435452	1.2113927658703109e-18
2.435560814	2.7482307325550226e-18
2.436767109	3.1547657131356006e-18
2.437973403	2.5461683577889854e-18
2.439179698	1.422410703737235e-18
2.440385993	1.1095718348587838e-20
2.441592287	-1.288743055833116e-18
2.442798582	-2.1104704014044337e-18
2.444004876	-2.362974972316993e-18
2.445211171	-1.647124683039531e-18
2.446417465	-1.197269635951881e-19
2.44762376	8.47120026745999e-19
2.448830054	-2.342600917353089e-19
2.450036349	-1.4989489932023437e-18
2.451242643	-6.675064638752638e-19
2.452448938	1.3466175400213916e-18
2.453655232	2.9521832728482588e-18
2.454861527	3.630614213958141e-18
2.456067822	3.4745718708937676e-18
2.457274116	2.34071944284649e-18
2.458480411	9.11897246329813e-19
2.459686705	1.217159791153985e-19
2.460893	3.806544732158036e-19
2.462099294	1.1800656388318467e-18
2.463305589	1.9576849655318097e-18
2.464511883	2.210121450544391e-18
2.465718178	1.3955773766710418e-18
2.466924472	-9.101494895714741e-20
2.468130767	-1.3550991374606247e-18
2.469337061	-1.7804201749111326e-18
2.470543356	-1.2895720962379569e-18
2.471749651	2.357376169394931e-19
2.472955945	1.735532702056912e-18
2.47416224	2.205868582159712e-18
2.475368534	1.520963249060323e-18
2.476574829	6.57055824319285e-19
2.477781123	2.5608859922631204e-19
2.478987418	6.351105759986837e-19
2.480193712	3.226049305838785e-18
2.481400007	8.80117922198875e-18
2.482606301	1.3556887773796673e-17
2.483812596	1.3164961470463653e-17
2.485018891	1.0634782966219973e-17
2.486225185	8.783661208033482e-18
2.48743148	7.423653076451521e-18
2.488637774	6.520499512617415e-18
2.489844069	6.3987166698465155e-18
2.491050363	7.479072269375112e-18
2.492256658	1.0415384300664243e-17
2.493462952	1.3969309773081766e-17
2.494669247	1.5253579934439946e-17
2.495875541	1.3895965270488896e-17
2.497081836	1.2546419953255875e-17