0.45	-1.9535657803920113e-15
0.451206287	-1.7450300182168037e-15
0.452412574	-1.8768509307246854e-15
0.453618861	-4.873115455643614e-16
0.454825148	6.669893565814066e-16
0.456031435	9.265220997280017e-16
0.457237722	1.2243258625632679e-15
0.458444009	1.34639716410453e-15
0.459650296	1.1385963398794193e-15
0.460856583	9.977247104068391e-16
0.462062869	9.092361471583288e-16
0.463269156	8.593440964297973e-16
0.464475443	9.782412430329423e-16
0.46568173	9.447050257710855e-16
0.466888017	9.180077042816803e-16
0.468094304	8.969091583921551e-16
0.469300591	9.604479733213525e-16
0.470506878	1.0384268811288925e-15
0.471713165	9.52629729402632e-16
0.472919452	9.468057488783245e-16
0.474125739	9.663752392751715e-16
0.475332026	1.0056474649338421e-15
0.476538313	1.0614806094791618e-15
0.4777446	1.013107761329119e-15
0.478950887	1.0728684440005879e-15
0.480157174	1.0731047779732554e-15
0.481363461	1.0197385825342554e-15
0.482569748	9.9104998110068e-16
0.483776034	9.193355103190578e-16
0.484982321	7.674274711181317e-16
0.486188608	6.710577421724126e-16
0.487394895	7.786103888741936e-16
0.488601182	9.2555877260833e-16
0.489807469	9.829298745403018e-16
0.491013756	1.0120812824120247e-15
0.492220043	1.0531665835204473e-15
0.49342633	1.0738232900602039e-15
0.494632617	1.0480145729520625e-15
0.495838904	1.1206754210770939e-15
0.497045191	1.0446037878087272e-15
0.498251478	1.0552752760521828e-15
0.499457765	9.859632051768533e-16
0.500664052	9.832445580071521e-16
0.501870339	9.904656081370376e-16
0.503076626	1.0103554769430091e-15
0.504282913	1.0842485935922896e-15
0.505489199	1.0516049591142335e-15
0.506695486	1.0511764540046093e-15
0.507901773	1.0587626246714497e-15
0.50910806	1.047790958115951e-15
0.510314347	1.0395458188076185e-15
0.511520634	1.0061681189782958e-15
0.512726921	1.031912124495305e-15
0.513933208	1.0084469882775058e-15
0.515139495	9.74620011170169e-16
0.516345782	1.0177437805252752e-15
0.517552069	1.0136960357474435e-15
0.518758356	1.07758182692852e-15
0.519964643	1.0402202385698868e-15
0.52117093	1.060993421632461e-15
0.522377217	1.0854824458884305e-15
0.523583504	1.0660196796373137e-15
0.524789791	1.047522153578396e-15
0.525996078	1.0490540507211654e-15
0.527202364	1.0340139868821423e-15
0.528408651	1.0337758614232687e-15
0.529614938	1.1105825335141607e-15
0.530821225	1.0998188976349021e-15
0.532027512	1.0945437553045125e-15
0.533233799	1.0881706175309083e-15
0.534440086	1.13481496442677e-15
0.535646373	1.104965248448988e-15
0.53685266	1.184446886581143e-15
0.538058947	1.1539311254513627e-15
0.539265234	1.1178482056544719e-15
0.540471521	1.1181333147967303e-15
0.541677808	1.0595507146323669e-15
0.542884095	1.1104180030562388e-15
0.544090382	1.1280845260710589e-15
0.545296669	1.1484818846594499e-15
0.546502956	1.1393132018019307e-15
0.547709243	1.1522304565159521e-15
0.548915529	1.128580413024909e-15
0.550121816	1.127780419226099e-15
0.551328103	1.1491358945286378e-15
0.55253439	1.172722572335704e-15
0.553740677	1.1630378701346837e-15
0.554946964	1.170397774187853e-15
0.556153251	1.204108925963421e-15
0.557359538	1.2008890636360207e-15
0.558565825	1.2000210965757732e-15
0.559772112	1.1843668434205943e-15
0.560978399	1.2040278472293286e-15
0.562184686	1.2052170241875433e-15
0.563390973	1.1915476344917342e-15
0.56459726	1.2069045967204148e-15
0.565803547	1.2038285966418157e-15
0.567009834	1.1471816559586231e-15
0.568216121	1.1769805054381424e-15
0.569422408	1.176420172038487e-15
0.570628694	1.1930753459711904e-15
0.571834981	1.194263239138346e-15
0.573041268	1.2113048814982761e-15
0.574247555	1.1896156981844035e-15
0.575453842	1.1866794447813357e-15
0.576660129	1.2036996865412142e-15
0.577866416	1.1698321740170435e-15
0.579072703	1.1778940241898925e-15
0.58027899	1.1695984343544493e-15
0.581485277	1.1887867625379108e-15
0.582691564	1.2032013682463433e-15
0.583897851	1.2185860127967157e-15
0.585104138	1.2343867224607807e-15
0.586310425	1.2587920047971467e-15
0.587516712	1.2045371075829708e-15
0.588722999	1.1874029692887222e-15
0.589929286	1.2646365837167566e-15
0.591135573	1.1972150867416432e-15
0.592341859	1.1895360528589658e-15
0.593548146	1.1994208035184223e-15
0.594754433	1.220199507951704e-15
0.59596072	1.2051991346748728e-15
0.597167007	1.2090871679934593e-15
0.598373294	1.2131348060351486e-15
0.599579581	1.1816626594070589e-15
0.600785868	1.1892527767143127e-15
0.601992155	1.2083132996325954e-15
0.603198442	1.2152590670603395e-15
0.604404729	1.2005745885869283e-15
0.605611016	1.2211450397591709e-15
0.606817303	1.2352627704330481e-15
0.60802359	1.204003509314928e-15
0.609229877	1.1680767349582267e-15
0.610436164	1.1675295989803753e-15
0.611642451	1.1154001572920743e-15
0.612848738	1.1068409033047177e-15
0.614055024	1.0875455782338975e-15
0.615261311	1.032965331793435e-15
0.616467598	1.0432950236121163e-15
0.617673885	9.784896119019213e-16
0.618880172	9.822580685576622e-16
0.620086459	9.769945882786971e-16
0.621292746	9.70485304717885e-16
0.622499033	9.541555619910156e-16
0.62370532	9.672131234894797e-16
0.624911607	9.794628744646098e-16
0.626117894	1.0447441659161386e-15
0.627324181	1.0800647508031799e-15
0.628530468	1.1084848523831343e-15
0.629736755	1.1327686637294128e-15
0.630943042	1.1362899941807703e-15
0.632149329	1.1490925815369829e-15
0.633355616	1.1497494636690835e-15
0.634561903	1.1387064025497497e-15
0.635768189	1.1415288659686851e-15
0.636974476	1.1263527151954178e-15
0.638180763	1.132272184203118e-15
0.63938705	1.1481361271274483e-15
0.640593337	1.1506777275092281e-15
0.641799624	1.141986137285902e-15
0.643005911	1.1371058337456678e-15
0.644212198	1.1193195080525597e-15
0.645418485	1.1048589531773155e-15
0.646624772	1.118971804513159e-15
0.647831059	1.109320277755389e-15
0.649037346	1.0935358246744554e-15
0.650243633	1.095064978738335e-15
0.65144992	1.0867743355705676e-15
0.652656207	1.0762467583103058e-15
0.653862494	1.057406612359358e-15
0.655068781	9.587065879937113e-16
0.656275068	7.98746547280656e-16
0.657481355	9.387376130158056e-16
0.658687641	1.0438400153399578e-15
0.659893928	1.0474020312387907e-15
0.661100215	1.0361223412239849e-15
0.662306502	1.0348197634204533e-15
0.663512789	1.0261041761771685e-15
0.664719076	1.0034566972988252e-15
0.665925363	9.817628302431743e-16
0.66713165	9.74602169785262e-16
0.668337937	9.750724172951589e-16
0.669544224	9.804665645990624e-16
0.670750511	9.85897332173539e-16
0.671956798	1.0106786975310485e-15
0.673163085	1.0320966584937803e-15
0.674369372	1.0367653994122457e-15
0.675575659	1.052393617823067e-15
0.676781946	1.0693815172387618e-15
0.677988233	1.069855197630717e-15
0.67919452	1.0637742570439683e-15
0.680400806	1.0570968204929193e-15
0.681607093	1.046529555503368e-15
0.68281338	1.0293018266442534e-15
0.684019667	1.021664319908551e-15
0.685225954	1.0277592702924486e-15
0.686432241	1.0479565544735975e-15
0.687638528	1.0493144293579511e-15
0.688844815	1.0343478639257666e-15
0.690051102	1.0285489491933149e-15
0.691257389	1.0335520679331024e-15
0.692463676	1.0356046408677074e-15
0.693669963	1.0246708785629879e-15
0.69487625	1.0093447601872983e-15
0.696082537	1.0035925481733663e-15
0.697288824	9.828175797936757e-16
0.698495111	9.385003541953766e-16
0.699701398	8.915576720419275e-16
0.700907685	8.537489696922714e-16
0.702113971	8.365108700723663e-16
0.703320258	8.294599876188713e-16
0.704526545	8.272050670630527e-16
0.705732832	8.327431680925197e-16
0.706939119	8.493666874348681e-16
0.708145406	8.801942701812858e-16
0.709351693	8.95111627700548e-16
0.71055798	8.908321590284051e-16
0.711764267	8.971153736785575e-16
0.712970554	9.07124201311625e-16
0.714176841	9.08502802529619e-16
0.715383128	8.97919449311998e-16
0.716589415	8.499492121655254e-16
0.717795702	7.541101445184063e-16
0.719001989	6.757755886417346e-16
0.720208276	6.474293695139961e-16
0.721414563	6.442403156807398e-16
0.72262085	6.235960373864502e-16
0.723827136	5.92531147730451e-16
0.725033423	5.65124050198062e-16
0.72623971	5.414802716181002e-16
0.727445997	5.20593747510884e-16
0.728652284	5.161468945126756e-16
0.729858571	5.250437161614647e-16
0.731064858	5.426581827183435e-16
0.732271145	5.693677914908255e-16
0.733477432	5.967526196604404e-16
0.734683719	6.177799493483777e-16
0.735890006	6.448684349787169e-16
0.737096293	6.73069667162615e-16
0.73830258	7.046755980105656e-16
0.739508867	7.361568077445754e-16
0.740715154	7.713655841053706e-16
0.741921441	8.006682829894143e-16
0.743127728	8.207697814251307e-16
0.744334015	8.413501399233572e-16
0.745540301	8.566239002081757e-16
0.746746588	8.520282011347023e-16
0.747952875	8.548736104669221e-16
0.749159162	8.545908239187354e-16
0.750365449	8.564727711356878e-16
0.751571736	8.584261545663934e-16
0.752778023	8.608479461926809e-16
0.75398431	8.682829537547117e-16
0.755190597	8.662431218579413e-16
0.756396884	8.465600281384207e-16
0.757603171	8.546385237447902e-16
0.758809458	9.017156030636241e-16
0.760015745	9.200238032651138e-16
0.761222032	8.272943716323704e-16
0.762428319	7.423781547081422e-16
0.763634606	7.315439100532646e-16
0.764840893	7.004671143801151e-16
0.76604718	6.865033770248878e-16
0.767253466	6.932303502232287e-16
0.768459753	7.012586103214079e-16
0.76966604	7.006540481872028e-16
0.770872327	6.954594120002167e-16
0.772078614	6.873728598322962e-16
0.773284901	6.628734708920204e-16
0.774491188	6.529746938057804e-16
0.775697475	6.4605309801606605e-16
0.776903762	6.141631899295422e-16
0.778110049	6.059244693281734e-16
0.779316336	6.070230045855452e-16
0.780522623	5.873980099356851e-16
0.78172891	5.55917826768778e-16
0.782935197	5.346746566806957e-16
0.784141484	5.250388873712483e-16
0.785347771	5.240731131662582e-16
0.786554058	5.296605394866836e-16
0.787760345	5.301302809016108e-16
0.788966631	5.320245672044927e-16
0.790172918	5.279021953782262e-16
0.791379205	5.201135757023556e-16
0.792585492	5.079640795513909e-16
0.793791779	4.961651616341638e-16
0.794998066	4.813350344377057e-16
0.796204353	4.753034664551081e-16
0.79741064	4.760296626034911e-16
0.798616927	4.783162164633342e-16
0.799823214	4.741516722967448e-16
0.801029501	4.692987914898981e-16
0.802235788	4.723098001241796e-16
0.803442075	4.82174569086273e-16
0.804648362	4.903088061976176e-16
0.805854649	4.979219406957118e-16
0.807060936	5.04080978686376e-16
0.808267223	5.124259851030047e-16
0.80947351	5.2439158969866e-16
0.810679796	5.335555458776849e-16
0.811886083	5.485125843523662e-16
0.81309237	5.719177544477437e-16
0.814298657	5.94129451278113e-16
0.815504944	6.058431073351595e-16
0.816711231	6.140741778636569e-16
0.817917518	6.3151301828373255e-16
0.819123805	6.477698855327358e-16
0.820330092	6.573698540037047e-16
0.821536379	6.573108810424874e-16
0.822742666	6.450854019151427e-16
0.823948953	6.646133264217832e-16
0.82515524	6.75505404703573e-16
0.826361527	6.888078017796194e-16
0.827567814	6.886953616588179e-16
0.828774101	6.788111563136503e-16
0.829980388	6.695363964509198e-16
0.831186675	6.657941737771781e-16
0.832392961	6.63214100703225e-16
0.833599248	6.504530415512624e-16
0.834805535	6.104634785018124e-16
0.836011822	5.487572178450318e-16
0.837218109	4.929258899750086e-16
0.838424396	4.538115057152522e-16
0.839630683	4.2718728311262454e-16
0.84083697	4.17782004938766e-16
0.842043257	4.15568009331701e-16
0.843249544	4.102734123918183e-16
0.844455831	4.106568882433404e-16
0.845662118	4.3523505805221047e-16
0.846868405	4.3494142168138303e-16
0.848074692	4.758232444684237e-16
0.849280979	4.680361096324127e-16
0.850487266	4.04920383022269e-16
0.851693553	4.1309122823474135e-16
0.85289984	4.067773497200296e-16
0.854106127	3.034015993773711e-16
0.855312413	2.833271551219556e-16
0.8565187	3.585644197070089e-16
0.857724987	3.717766176664175e-16
0.858931274	3.2823627725727136e-16
0.860137561	2.9512299575495833e-16
0.861343848	3.1273085404074055e-16
0.862550135	3.1469557104629237e-16
0.863756422	3.022955364920476e-16
0.864962709	2.684875855310553e-16
0.866168996	1.9929431917963082e-16
0.867375283	2.0500844340735766e-16
0.86858157	2.7686058128912796e-16
0.869787857	3.3966146172789146e-16
0.870994144	3.6691048019723065e-16
0.872200431	3.751609760262922e-16
0.873406718	3.530758334032583e-16
0.874613005	3.069059499515989e-16
0.875819292	3.188478266451768e-16
0.877025578	3.6984623218693046e-16
0.878231865	3.7800842929515967e-16
0.879438152	3.5111035815137476e-16
0.880644439	3.1005707384931654e-16
0.881850726	2.6388518479212555e-16
0.883057013	2.2326661827528377e-16
0.8842633	1.9314142467606707e-16
0.885469587	1.697617186680786e-16
0.886675874	1.5646505159805888e-16
0.887882161	1.7149190387344535e-16
0.889088448	1.8220779751552104e-16
0.890294735	1.9103165313154828e-16
0.891501022	1.99008851377563e-16
0.892707309	1.9499169245206325e-16
0.893913596	1.9196161205187311e-16
0.895119883	1.893444908482043e-16
0.89632617	1.8661324730137244e-16
0.897532457	1.9511774788545873e-16
0.898738743	2.001723172958481e-16
0.89994503	1.8971944390355696e-16
0.901151317	1.7103295453334206e-16
0.902357604	1.9326117855607202e-16
0.903563891	2.4487433665822564e-16
0.904770178	2.777054545024517e-16
0.905976465	2.8977594618837965e-16
0.907182752	3.007987578640339e-16
0.908389039	3.1299256280357055e-16
0.909595326	3.2221243540549533e-16
0.910801613	3.3049831179146195e-16
0.9120079	3.3219507095492846e-16
0.913214187	3.2207516167671743e-16
0.914420474	3.1546193769208147e-16
0.915626761	3.0639749604397464e-16
0.916833048	3.1439390268102347e-16
0.918039335	3.2295114759962474e-16
0.919245622	3.2892657122686806e-16
0.920451908	3.2341009780278345e-16
0.921658195	3.0213789258342165e-16
0.922864482	2.802260876283758e-16
0.924070769	3.0752490543491107e-16
0.925277056	3.4754863016150117e-16
0.926483343	3.7294510685956635e-16
0.92768963	3.8860413770978133e-16
0.928895917	3.979623075993173e-16
0.930102204	4.0490823323173316e-16
0.931308491	3.858569125189476e-16
0.932514778	3.6646133093754896e-16
0.933721065	3.506331172404701e-16
0.934927352	3.40715262706991e-16
0.936133639	3.398873940744526e-16
0.937339926	3.243110957431165e-16
0.938546213	3.096419878735886e-16
0.9397525	3.2422905431156954e-16
0.940958787	3.2309679152846706e-16
0.942165073	3.054897495319899e-16
0.94337136	2.6760214710370646e-16
0.944577647	2.443984641543135e-16
0.945783934	2.4308627126850323e-16
0.946990221	2.540442185731511e-16
0.948196508	2.5221169191409343e-16
0.949402795	2.4047464669198214e-16
0.950609082	2.3805999687251057e-16
0.951815369	2.310489341814028e-16
0.953021656	2.189585884086814e-16
0.954227943	1.9802834251283042e-16
0.95543423	1.948748145140571e-16
0.956640517	1.9895778444895742e-16
0.957846804	2.0724897892097683e-16
0.959053091	2.146106875988024e-16
0.960259378	2.2035523543730654e-16
0.961465665	2.1555714494728813e-16
0.962671952	2.0225895609362417e-16
0.963878238	1.958404518685619e-16
0.965084525	1.9261600798878447e-16
0.966290812	1.866632017726776e-16
0.967497099	1.9908303375298729e-16
0.968703386	1.9551128357960827e-16
0.969909673	2.1605552332650958e-16
0.97111596	0.
0.972322247	0.
0.973528534	0.
0.974734821	0.
0.975941108	0.
0.977147395	0.
0.978353682	0.
0.979559969	0.
0.980766256	0.
0.981972543	0.
0.98317883	0.
0.984385117	0.
0.985591403	0.
0.98679769	0.
0.988003977	0.
0.989210264	0.
0.990416551	0.
0.991622838	0.
0.992829125	0.
0.994035412	0.
0.995241699	0.
0.996447986	0.
0.997654273	2.0715803567502532e-16
0.99886056	1.8261026283472278e-16
1.000066847	1.8568175559442118e-16
1.001273134	1.815973540849948e-16
1.002479421	1.8068762609907685e-16
1.003685708	1.7876169363291811e-16
1.004891995	1.795460499953402e-16
1.006098282	1.9110086861277048e-16
1.007304568	1.995525781892054e-16
1.008510855	2.0239933178123986e-16
1.009717142	2.0533584024652082e-16
1.010923429	2.0238428573571045e-16
1.012129716	1.9399087661731751e-16
1.013336003	1.88162980269186e-16
1.01454229	1.827569466081273e-16
1.015748577	1.7923225958014056e-16
1.016954864	1.7674416849077032e-16
1.018161151	1.742400666925276e-16
1.019367438	1.7412828049698776e-16
1.020573725	1.7788298856834232e-16
1.021780012	1.8061171035267955e-16
1.022986299	1.8432095107262914e-16
1.024192586	1.891855169308206e-16
1.025398873	1.955505107907175e-16
1.02660516	2.0140286266139725e-16
1.027811447	2.064684132197853e-16
1.029017734	2.1334196866472714e-16
1.03022402	2.2095194963229407e-16
1.031430307	2.2527062571836297e-16
1.032636594	2.3105479878990453e-16
1.033842881	2.398071950750578e-16
1.035049168	2.4209645159483825e-16
1.036255455	2.4123956643665044e-16
1.037461742	2.454815708747244e-16
1.038668029	2.479625316290954e-16
1.039874316	2.4707336264694267e-16
1.041080603	2.4745015145550613e-16
1.04228689	2.4907374903101517e-16
1.043493177	2.4927501214284134e-16
1.044699464	2.512216122529603e-16
1.045905751	2.564539870605736e-16
1.047112038	2.601859812287383e-16
1.048318325	2.6404618701862235e-16
1.049524612	2.7063577483101275e-16
1.050730899	2.7972316851889655e-16
1.051937185	2.899213449769857e-16
1.053143472	3.0169759653897177e-16
1.054349759	3.1255130125096244e-16
1.055556046	3.192585063012162e-16
1.056762333	3.286127638090476e-16
1.05796862	3.411839007206043e-16
1.059174907	3.475395030501177e-16
1.060381194	3.490176801266806e-16
1.061587481	3.510183263708859e-16
1.062793768	3.618376358051996e-16
1.064000055	3.685888059152567e-16
1.065206342	3.7365935574662017e-16
1.066412629	3.789525980602985e-16
1.067618916	3.847059430004616e-16
1.068825203	3.9400630542705433e-16
1.07003149	4.0483260820098583e-16
1.071237777	4.0972416810405246e-16
1.072444064	4.136424587030655e-16
1.07365035	4.2272356044948253e-16
1.074856637	4.2954782830634704e-16
1.076062924	4.327513009338136e-16
1.077269211	4.3683894999901925e-16
1.078475498	4.3830011041308866e-16
1.079681785	4.333875499134541e-16
1.080888072	4.3798825627379847e-16
1.082094359	4.514969342431257e-16
1.083300646	4.527724902369519e-16
1.084506933	4.477452625311317e-16
1.08571322	4.429047126737734e-16
1.086919507	4.497586003647806e-16
1.088125794	4.636030994763479e-16
1.089332081	4.554972867584449e-16
1.090538368	4.4259720326862903e-16
1.091744655	4.3864626945966673e-16
1.092950942	4.4276174021663713e-16
1.094157229	4.467592135227428e-16
1.095363515	4.2599364319219397e-16
1.096569802	3.98729160173961e-16
1.097776089	3.7686305620961473e-16
1.098982376	3.4976742145395524e-16
1.100188663	3.201432306992582e-16
1.10139495	2.986106027894944e-16
1.102601237	2.77541348266752e-16
1.103807524	2.5432633038159495e-16
1.105013811	2.361270881583608e-16
1.106220098	2.2258579190627735e-16
1.107426385	2.1240485497946617e-16
1.108632672	2.045545673923023e-16
1.109838959	1.9861549505756913e-16
1.111045246	1.9529710504436311e-16
1.112251533	1.9314490754620227e-16
1.11345782	1.8907422572020307e-16
1.114664107	1.8322293846306337e-16
1.115870394	1.768108850063497e-16
1.11707668	1.6995627571182724e-16
1.118282967	1.6322667760232746e-16
1.119489254	1.5769238230798154e-16
1.120695541	1.5015135947583194e-16
1.121901828	1.3984534529950146e-16
1.123108115	1.3026904044795947e-16
1.124314402	1.2211851013244393e-16
1.125520689	1.153530511124477e-16
1.126726976	1.0760463697231506e-16
1.127933263	9.870549514742954e-17
1.12913955	9.186426137647615e-17
1.130345837	8.634833155188259e-17
1.131552124	8.070331424444991e-17
1.132758411	7.634006695676745e-17
1.133964698	7.330480499801802e-17
1.135170985	7.075412548862211e-17
1.136377272	6.921180051037787e-17
1.137583559	6.961359906018521e-17
1.138789845	7.072081696208177e-17
1.139996132	7.180754704242521e-17
1.141202419	7.267105314007617e-17
1.142408706	7.338275176293576e-17
1.143614993	7.445304109893779e-17
1.14482128	7.488387145741016e-17
1.146027567	7.457640534454096e-17
1.147233854	7.453904336627544e-17
1.148440141	7.415325378675143e-17
1.149646428	7.280317075833306e-17
1.150852715	7.072268202607538e-17
1.152059002	6.781236233722488e-17
1.153265289	6.359438575174753e-17
1.154471576	5.879913749406987e-17
1.155677863	5.430566456946912e-17
1.15688415	4.9946360762811497e-17
1.158090437	4.6274018004721554e-17
1.159296724	4.38711909861922e-17
1.16050301	4.2142992643091316e-17
1.161709297	4.0654120303977303e-17
1.162915584	3.905933725747023e-17
1.164121871	3.7446727774994903e-17
1.165328158	3.643784366216408e-17
1.166534445	3.588340636036199e-17
1.167740732	3.567352413963901e-17
1.168947019	3.6310025530287616e-17
1.170153306	3.7630554869495067e-17
1.171359593	3.884161542329503e-17
1.17256588	4.041684215779443e-17
1.173772167	4.2532913244865883e-17
1.174978454	4.526359633506854e-17
1.176184741	4.830800355377381e-17
1.177391028	5.0731167988044675e-17
1.178597315	5.2436992249365456e-17
1.179803602	5.316550053898494e-17
1.181009889	5.410266289139413e-17
1.182216175	5.5377900887870075e-17
1.183422462	5.659366275789578e-17
1.184628749	5.663489915106508e-17
1.185835036	5.490820076063095e-17
1.187041323	5.465124555630149e-17
1.18824761	5.589175063625007e-17
1.189453897	5.594760078621789e-17
1.190660184	5.599724744351217e-17
1.191866471	5.677757845237523e-17
1.193072758	5.786472169996776e-17
1.194279045	5.905255992642442e-17
1.195485332	6.057639086287859e-17
1.196691619	6.293942526296944e-17
1.197897906	6.630575276807918e-17
1.199104193	6.837598328128222e-17
1.20031048	6.915401412634956e-17
1.201516767	7.037459719052756e-17
1.202723054	7.308886134601108e-17
1.20392934	7.74528139473862e-17
1.205135627	7.953284160343234e-17
1.206341914	8.067872185835811e-17
1.207548201	8.581117448920079e-17
1.208754488	9.037309663628043e-17
1.209960775	9.21193831255989e-17
1.211167062	9.406508944126991e-17
1.212373349	9.63927865848048e-17
1.213579636	9.893751542462349e-17
1.214785923	1.0136987046142674e-16
1.21599221	1.0353744646454657e-16
1.217198497	1.0572864935936632e-16
1.218404784	1.0755927085134873e-16
1.219611071	1.0864951745111925e-16
1.220817358	1.0894896965255503e-16
1.222023645	1.0827118282830785e-16
1.223229932	1.0692992889604594e-16
1.224436219	1.0508509630407488e-16
1.225642506	1.0266249437961894e-16
1.226848792	1.0069027198322072e-16
1.228055079	9.92852699801428e-17
1.229261366	9.697064796518051e-17
1.230467653	9.481305096142637e-17
1.23167394	9.422856187484916e-17
1.232880227	9.431430567294793e-17
1.234086514	9.471905108419158e-17
1.235292801	9.570112625520563e-17
1.236499088	9.712195299063395e-17
1.237705375	9.877588557632323e-17
1.238911662	1.0118541937660508e-16
1.240117949	1.0420109155803927e-16
1.241324236	1.0649778509819266e-16
1.242530523	1.0822909842550419e-16
1.24373681	1.1025332193393997e-16
1.244943097	1.1216639920421574e-16
1.246149384	1.141947691400614e-16
1.247355671	1.1713690183288797e-16
1.248561957	1.201609125267591e-16
1.249768244	1.2291910272416806e-16
1.250974531	1.2614682230590545e-16
1.252180818	1.293183583386211e-16
1.253387105	1.3072486360285688e-16
1.254593392	1.3143408148025615e-16
1.255799679	1.3236691535359796e-16
1.257005966	1.3262434851154081e-16
1.258212253	1.32394900443264e-16
1.25941854	1.3186393043464598e-16
1.260624827	1.317474876175295e-16
1.261831114	1.3266570768913182e-16
1.263037401	1.3412470237704492e-16
1.264243688	1.3624911792519877e-16
1.265449975	1.3942237302839165e-16
1.266656262	1.4454309082502487e-16
1.267862549	1.5149248393553194e-16
1.269068836	1.5727103600843943e-16
1.270275122	1.618463832040483e-16
1.271481409	1.6775592932645033e-16
1.272687696	1.7404694732864937e-16
1.273893983	1.801388109079034e-16
1.27510027	1.8445169426083478e-16
1.276306557	1.8705581265413523e-16
1.277512844	1.893625036050448e-16
1.278719131	1.895753351436371e-16
1.279925418	1.8976223304327432e-16
1.281131705	1.9846327637854247e-16
1.282337992	2.0905486339110687e-16
1.283544279	1.9884697330980008e-16
1.284750566	1.893608113458427e-16
1.285956853	1.877234661950162e-16
1.28716314	1.8601918268988332e-16
1.288369427	1.8218872233509205e-16
1.289575714	1.7749354734072997e-16
1.290782001	1.7035955026233543e-16
1.291988287	1.6057330894305044e-16
1.293194574	1.5117631362701027e-16
1.294400861	1.4159185393329712e-16
1.295607148	1.303001986485396e-16
1.296813435	1.1928090984260006e-16
1.298019722	1.0906293348467683e-16
1.299226009	9.842158525320903e-17
1.300432296	8.880736260332845e-17
1.301638583	8.165320464427722e-17
1.30284487	7.575617222967781e-17
1.304051157	7.075548189636253e-17
1.305257444	6.615662468493558e-17
1.306463731	6.210529794737607e-17
1.307670018	5.901570345578849e-17
1.308876305	5.626957665197055e-17
1.310082592	5.380383393514816e-17
1.311288879	5.200178733084245e-17
1.312495166	5.021546015197404e-17
1.313701452	4.755430538467542e-17
1.314907739	4.5957254715647254e-17
1.316114026	4.563547293081272e-17
1.317320313	4.43520462044167e-17
1.3185266	4.277911764673587e-17
1.319732887	4.1585582912121504e-17
1.320939174	4.0136520440024205e-17
1.322145461	3.854489099377177e-17
1.323351748	3.660736110393176e-17
1.324558035	3.473963625128653e-17
1.325764322	3.3483227267857836e-17
1.326970609	3.243873572474764e-17
1.328176896	3.1600038956108176e-17
1.329383183	3.1217803760017966e-17
1.33058947	3.084088455849624e-17
1.331795757	3.013958273142064e-17
1.333002044	2.914082662487845e-17
1.334208331	2.798002443330698e-17
1.335414617	2.696625844181569e-17
1.336620904	2.5944064038533873e-17
1.337827191	2.4845784026406465e-17
1.339033478	2.3894320116140032e-17
1.340239765	2.3144425105368096e-17
1.341446052	2.231781430316603e-17
1.342652339	2.1572846230732825e-17
1.343858626	2.1029227901525385e-17
1.345064913	2.061374149811054e-17
1.3462712	2.0259348789106715e-17
1.347477487	1.9838739810447394e-17
1.348683774	1.954534486457976e-17
1.349890061	1.944656716952706e-17
1.351096348	1.918656783930265e-17
1.352302635	1.8840950886060472e-17
1.353508922	1.8694903958989206e-17
1.354715209	1.888935184624174e-17
1.355921496	1.9538131563022867e-17
1.357127782	2.0167565008239557e-17
1.358334069	2.0941957818335158e-17
1.359540356	2.2520321314734765e-17
1.360746643	2.4274111207099584e-17
1.36195293	2.53009265193275e-17
1.363159217	2.5248412556268188e-17
1.364365504	2.405865727520006e-17
1.365571791	2.2168933871748998e-17
1.366778078	2.0425516904747686e-17
1.367984365	1.905033464709062e-17
1.369190652	1.76473964131086e-17
1.370396939	1.6115464487790547e-17
1.371603226	1.4663984593000233e-17
1.372809513	1.3465779613864797e-17
1.3740158	1.2590168924634613e-17
1.375222087	1.1893764905898863e-17
1.376428374	1.152608124565365e-17
1.377634661	1.161112286398567e-17
1.378840947	1.263109526942662e-17
1.380047234	1.4983597704832928e-17
1.381253521	1.7503991023312453e-17
1.382459808	1.9615369171357357e-17
1.383666095	2.0947893258453372e-17
1.384872382	2.1645866251315123e-17
1.386078669	2.219803870770206e-17
1.387284956	2.2394927334658846e-17
1.388491243	2.249028101432846e-17
1.38969753	2.299671666804699e-17
1.390903817	2.335462790963956e-17
1.392110104	2.331585933258553e-17
1.393316391	2.2989596257666212e-17
1.394522678	2.2057544973263276e-17
1.395728965	2.071490453887142e-17
1.396935252	1.9176783965251213e-17
1.398141539	1.7675988859121674e-17
1.399347826	1.6657525682849988e-17
1.400554112	1.5929379030529642e-17
1.401760399	1.527310321489033e-17
1.402966686	1.4956538207074723e-17
1.404172973	1.5037721941170306e-17
1.40537926	1.5306850206019727e-17
1.406585547	1.5682146535331694e-17
1.407791834	1.6120161345205228e-17
1.408998121	1.6559952037550457e-17
1.410204408	1.704266586334118e-17
1.411410695	1.770880310468859e-17
1.412616982	1.8277932368180518e-17
1.413823269	1.8496860235586028e-17
1.415029556	1.8513812780835772e-17
1.416235843	1.8445773574915687e-17
1.41744213	1.8388830324443702e-17
1.418648417	1.8312842146187935e-17
1.419854704	1.8273255459924475e-17
1.421060991	1.838361917328226e-17
1.422267278	1.8563076926703328e-17
1.423473564	1.8447133485036288e-17
1.424679851	1.843304721621095e-17
1.425886138	1.878857510236546e-17
1.427092425	1.915182035937977e-17
1.428298712	1.9486252781791368e-17
1.429504999	1.9846370177758057e-17
1.430711286	2.0233250522198375e-17
1.431917573	2.066924758965593e-17
1.43312386	2.1167500261745174e-17
1.434330147	2.1674126389354614e-17
1.435536434	2.1982261957091126e-17
1.436742721	2.2133455944682978e-17
1.437949008	2.218616281030245e-17
1.439155295	2.2435583433256114e-17
1.440361582	2.274989117164e-17
1.441567869	2.2236700271347488e-17
1.442774156	2.1937003674292238e-17
1.443980443	2.238978063162054e-17
1.445186729	2.2621259937792068e-17
1.446393016	2.26148167624453e-17
1.447599303	2.2814455313566386e-17
1.44880559	2.2712398723176002e-17
1.450011877	2.243274790028689e-17
1.451218164	2.2321538576764843e-17
1.452424451	2.22658409669599e-17
1.453630738	2.2150198435631837e-17
1.454837025	2.2100209899305896e-17
1.456043312	2.225304103889962e-17
1.457249599	2.2239639142166452e-17
1.458455886	2.2012215123984188e-17
1.459662173	2.2005972458322987e-17
1.46086846	2.2225271514512063e-17
1.462074747	2.2612077871676698e-17
1.463281034	2.298047545843891e-17
1.464487321	2.325559502670786e-17
1.465693608	2.351419132934886e-17
1.466899894	2.3463244433515522e-17
1.468106181	2.2980613554805607e-17
1.469312468	2.24547139467889e-17
1.470518755	2.2050657148297336e-17
1.471725042	2.1759614652572028e-17
1.472931329	2.1798525447733434e-17
1.474137616	2.1762295951607472e-17
1.475343903	2.1459845979879054e-17
1.47655019	2.2079480154897335e-17
1.477756477	2.2846999746571872e-17
1.478962764	2.286667918200861e-17
1.480169051	2.2926592479291897e-17
1.481375338	2.3376080690343368e-17
1.482581625	2.4285583588512228e-17
1.483787912	2.4584283489973424e-17
1.484994199	2.492095743234232e-17
1.486200486	2.5059637185009802e-17
1.487406773	2.7007655085571662e-17
1.488613059	2.840216121849741e-17
1.489819346	2.6878061003672247e-17
1.491025633	2.610138518125077e-17
1.49223192	2.6614264696939965e-17
1.493438207	2.6476176725083862e-17
1.494644494	2.6197068397318208e-17
1.495850781	2.6445990266064443e-17
1.497057068	2.6234103686170784e-17
1.498263355	2.5304602419489715e-17
1.499469642	2.444306875390745e-17
1.500675929	2.4219504535805128e-17
1.501882216	2.4290573210563284e-17
1.503088503	2.4340501227609555e-17
1.50429479	2.4797222173261185e-17
1.505501077	2.5555339084033256e-17
1.506707364	2.5947292581125172e-17
1.507913651	2.588137010759872e-17
1.509119938	2.603997940061121e-17
1.510326224	2.613948149119809e-17
1.511532511	2.6825422284489793e-17
1.512738798	2.7546982529300676e-17
1.513945085	2.8085386805177005e-17
1.515151372	2.8402519186062944e-17
1.516357659	2.851053328102959e-17
1.517563946	2.8855468657302944e-17
1.518770233	2.929608623760507e-17
1.51997652	2.9838733275342765e-17
1.521182807	3.0707131997448835e-17
1.522389094	3.1841883579286984e-17
1.523595381	3.2425234939638704e-17
1.524801668	3.2599774086878606e-17
1.526007955	3.2660171816437207e-17
1.527214242	3.319796879651217e-17
1.528420529	3.4267005917128256e-17
1.529626816	3.593625378331242e-17
1.530833103	3.6530477794257474e-17
1.532039389	3.569808229447038e-17
1.533245676	3.5624842258400954e-17
1.534451963	3.588501304052691e-17
1.53565825	3.5309782321083003e-17
1.536864537	3.4958200726604966e-17
1.538070824	3.498980300085706e-17
1.539277111	3.495922771738012e-17
1.540483398	3.447886050730314e-17
1.541689685	3.3658737227457747e-17
1.542895972	3.318364042131123e-17
1.544102259	3.3251904377181176e-17
1.545308546	3.3642856902071864e-17
1.546514833	3.422233237334584e-17
1.54772112	3.5146723145752065e-17
1.548927407	3.560301417095859e-17
1.550133694	3.54117889235189e-17
1.551339981	3.4764559058620174e-17
1.552546268	3.4151836908334063e-17
1.553752554	3.394959972250993e-17
1.554958841	3.323669537521021e-17
1.556165128	3.2168529607256644e-17
1.557371415	3.140985726748296e-17
1.558577702	3.118503955332474e-17
1.559783989	3.1129220871895497e-17
1.560990276	3.104090210707969e-17
1.562196563	3.090249211715655e-17
1.56340285	3.1102923850764507e-17
1.564609137	3.1461055395264487e-17
1.565815424	3.202702164193356e-17
1.567021711	3.282321071292678e-17
1.568227998	3.362496518522938e-17
1.569434285	3.427715790873708e-17
1.570640572	3.517430876987709e-17
1.571846859	3.66682625715715e-17
1.573053146	3.863432089195848e-17
1.574259433	4.055193638742891e-17
1.575465719	4.223411155464422e-17
1.576672006	4.381698736394786e-17
1.577878293	4.471858618528358e-17
1.57908458	4.4389378216452244e-17
1.580290867	4.321432322620735e-17
1.581497154	4.4130516963730657e-17
1.582703441	4.473593330817246e-17
1.583909728	4.3063318056049185e-17
1.585116015	4.11144323805216e-17
1.586322302	3.963634161337742e-17
1.587528589	3.9352226695285746e-17
1.588734876	4.0803053175267367e-17
1.589941163	4.2683005371494826e-17
1.59114745	4.2682672330603076e-17
1.592353737	4.104619993251351e-17
1.593560024	3.98913504456985e-17
1.594766311	3.968406301773065e-17
1.595972598	4.01086119149232e-17
1.597178884	3.880476623470566e-17
1.598385171	3.6683599233511083e-17
1.599591458	3.605638008223048e-17
1.600797745	3.5360381522905015e-17
1.602004032	3.372577783181415e-17
1.603210319	3.208129773556682e-17
1.604416606	3.0388907431588385e-17
1.605622893	2.8672299901881226e-17
1.60682918	2.655445702609432e-17
1.608035467	2.4178870627253007e-17
1.609241754	2.251231199975107e-17
1.610448041	2.1373162240891176e-17
1.611654328	2.0227636623927173e-17
1.612860615	1.9347981713937513e-17
1.614066902	1.8653842105183856e-17
1.615273189	1.8493193901550636e-17
1.616479476	1.8270875236392945e-17
1.617685763	1.6993626358377193e-17
1.61889205	1.6067259134707442e-17
1.620098336	1.5583963470282116e-17
1.621304623	1.4741633692738367e-17
1.62251091	1.3690176637298661e-17
1.623717197	1.2783717792791078e-17
1.624923484	1.2015295562290216e-17
1.626129771	1.1353267839494528e-17
1.627336058	1.0631961129974526e-17
1.628542345	1.0031602443566248e-17
1.629748632	9.65692400499972e-18
1.630954919	9.349849068654794e-18
1.632161206	9.016965781490711e-18
1.633367493	8.794183336818444e-18
1.63457378	8.647892187830127e-18
1.635780067	8.479369031361049e-18
1.636986354	8.346955231562904e-18
1.638192641	8.144024091674512e-18
1.639398928	7.806163201695171e-18
1.640605215	7.459713120868231e-18
1.641811501	7.288384673374218e-18
1.643017788	7.230288459025586e-18
1.644224075	7.08406221928981e-18
1.645430362	6.7309549276932454e-18
1.646636649	6.388290591124627e-18
1.647842936	6.178128640310421e-18
1.649049223	6.1157253165853394e-18
1.65025551	6.1564506822305336e-18
1.651461797	6.195072854501536e-18
1.652668084	6.249964616619997e-18
1.653874371	6.352101215585909e-18
1.655080658	6.516300552365793e-18
1.656286945	6.675291001111498e-18
1.657493232	6.819277623407293e-18
1.658699519	6.949775514782332e-18
1.659905806	6.953323604435559e-18
1.661112093	6.777769469286688e-18
1.66231838	6.542629854589325e-18
1.663524666	6.386556449732595e-18
1.664730953	6.424439648803142e-18
1.66593724	6.725123887300182e-18
1.667143527	7.121396148878542e-18
1.668349814	7.493231681293245e-18
1.669556101	7.666884068556357e-18
1.670762388	7.833941981468336e-18
1.671968675	8.133000033167148e-18
1.673174962	8.139453631247201e-18
1.674381249	7.926008269065694e-18
1.675587536	7.854076526390237e-18
1.676793823	7.616534450835093e-18
1.67800011	7.10004819750574e-18
1.679206397	6.711006638798954e-18
1.680412684	6.498382115115132e-18
1.681618971	6.4049822265035145e-18
1.682825258	6.318269112372008e-18
1.684031545	6.181046435261907e-18
1.685237831	6.243048589524274e-18
1.686444118	6.455440061441083e-18
1.687650405	6.6478516519464545e-18
1.688856692	6.809396064343035e-18
1.690062979	6.935034530809243e-18
1.691269266	6.892690632556175e-18
1.692475553	6.674429492616119e-18
1.69368184	6.3656323309576026e-18
1.694888127	5.760754151937856e-18
1.696094414	5.005258654251365e-18
1.697300701	4.201991047125728e-18
1.698506988	3.478037817267118e-18
1.699713275	3.0022591964296712e-18
1.700919562	2.6851087094745625e-18
1.702125849	2.5201488997843815e-18
1.703332136	2.5095105221545595e-18
1.704538423	2.618818479748038e-18
1.70574471	2.84399371281124e-18
1.706950996	3.169129054934323e-18
1.708157283	3.567702535844857e-18
1.70936357	3.950497053332908e-18
1.710569857	4.323653212736231e-18
1.711776144	4.759710892822064e-18
1.712982431	5.026795732820895e-18
1.714188718	4.990805462540141e-18
1.715395005	4.951140879029531e-18
1.716601292	4.904392865630464e-18
1.717807579	4.766191494701267e-18
1.719013866	4.608101959547655e-18
1.720220153	4.465102776630869e-18
1.72142644	4.2728776592644524e-18
1.722632727	4.110946182621018e-18
1.723839014	4.051845880642188e-18
1.725045301	3.966255698980702e-18
1.726251588	3.800614612476563e-18
1.727457875	3.6953038126889765e-18
1.728664161	3.596361045871266e-18
1.729870448	3.4500124127442076e-18
1.731076735	3.332413247405065e-18
1.732283022	3.273067261067894e-18
1.733489309	3.2961674628095358e-18
1.734695596	3.4115229957993564e-18
1.735901883	3.566578489942821e-18
1.73710817	3.757519140430293e-18
1.738314457	4.043202002452469e-18
1.739520744	4.3943020453288455e-18
1.740727031	4.767802066249364e-18
1.741933318	5.1554089083889866e-18
1.743139605	5.474396007368261e-18
1.744345892	5.719359327147743e-18
1.745552179	5.995118241224791e-18
1.746758466	6.212520264245728e-18
1.747964753	6.227760653058937e-18
1.74917104	6.09823168848812e-18
1.750377326	5.900030662165851e-18
1.751583613	5.6606207416618704e-18
1.7527899	5.453754559129256e-18
1.753996187	5.255796264237477e-18
1.755202474	5.092935799620809e-18
1.756408761	4.961933061575437e-18
1.757615048	4.81067892141246e-18
1.758821335	4.608553221127958e-18
1.760027622	4.418632416769626e-18
1.761233909	4.30546401609284e-18
1.762440196	4.2568114646525366e-18
1.763646483	4.209755451685238e-18
1.76485277	4.204006951519869e-18
1.766059057	4.249629294223016e-18
1.767265344	4.319646102718678e-18
1.768471631	4.353454047798029e-18
1.769677918	4.335709430702082e-18
1.770884205	4.268749887819948e-18
1.772090491	4.165406574054e-18
1.773296778	4.062053810480036e-18
1.774503065	3.99623714332568e-18
1.775709352	4.006538998892022e-18
1.776915639	4.0604387344412805e-18
1.778121926	4.1695437037772205e-18
1.779328213	4.35441913735281e-18
1.7805345	4.631482077182104e-18
1.781740787	5.003178297005657e-18
1.782947074	5.4541639257909245e-18
1.784153361	5.9343014911408965e-18
1.785359648	6.4118110090184436e-18
1.786565935	6.841917450794994e-18
1.787772222	7.116997951339828e-18
1.788978509	7.331598319805604e-18
1.790184796	7.553840472724245e-18
1.791391083	7.736762753541027e-18
1.79259737	7.91412350828153e-18
1.793803656	8.158058463919059e-18
1.795009943	8.512529038524991e-18
1.79621623	9.021045651423504e-18
1.797422517	9.828400783435791e-18
1.798628804	1.10130912877746e-17
1.799835091	1.2482193003778376e-17
1.801041378	1.4250719975889598e-17
1.802247665	1.609394287006982e-17
1.803453952	1.745805296651157e-17
1.804660239	1.8630867160260388e-17
1.805866526	1.9963834997971495e-17
1.807072813	2.1428447190180478e-17
1.8082791	2.3156363969461592e-17
1.809485387	2.5058768452343802e-17
1.810691674	2.7113369404092018e-17
1.811897961	2.9348323374236953e-17
1.813104248	3.155988479451622e-17
1.814310535	3.373619260321625e-17
1.815516822	3.59553888348065e-17
1.816723108	3.8503417565147e-17
1.817929395	4.164609601810342e-17
1.819135682	4.2571770818804416e-17
1.820341969	4.173478721115917e-17
1.821548256	4.310826795770275e-17
1.822754543	4.5611174501617766e-17
1.82396083	4.7576061495217494e-17
1.825167117	5.000735876191075e-17
1.826373404	5.27980166484405e-17
1.827579691	5.3278508538770047e-17
1.828785978	5.983486350631631e-17
1.829992265	0.
1.831198552	0.
1.832404839	0.
1.833611126	0.
1.834817413	0.
1.8360237	0.
1.837229987	0.
1.838436273	0.
1.83964256	0.
1.840848847	0.
1.842055134	0.
1.843261421	0.
1.844467708	0.
1.845673995	0.
1.846880282	0.
1.848086569	0.
1.849292856	0.
1.850499143	0.
1.85170543	0.
1.852911717	0.
1.854118004	0.
1.855324291	0.
1.856530578	0.
1.857736865	0.
1.858943152	0.
1.860149438	0.
1.861355725	0.
1.862562012	0.
1.863768299	0.
1.864974586	0.
1.866180873	0.
1.86738716	0.
1.868593447	0.
1.869799734	0.
1.871006021	-4.831319824623463e-16
1.872212308	-4.558234338251225e-16
1.873418595	-5.004426332736316e-16
1.874624882	-4.238084923445396e-15
1.875831169	4.7708072108532094e-17
1.877037456	8.54115860059865e-19
1.878243743	3.8510619911003636e-18
1.87945003	1.2899827210546706e-17
1.880656317	2.1270562604748118e-17
1.881862603	2.3817014406889504e-17
1.88306889	1.782413834166547e-17
1.884275177	9.516626454712604e-18
1.885481464	5.719984086082328e-18
1.886687751	4.9690472560483976e-18
1.887894038	4.7065247783990036e-18
1.889100325	3.980558605055551e-18
1.890306612	3.633600520192985e-18
1.891512899	4.409651615965445e-18
1.892719186	5.086105728162699e-18
1.893925473	4.647522156234735e-18
1.89513176	3.966463293209748e-18
1.896338047	3.4265313180294578e-18
1.897544334	2.415513577930403e-18
1.898750621	4.088339821583399e-20
1.899956908	-6.512094150361648e-18
1.901163195	-1.230881108229687e-17
1.902369482	6.0210653857601e-18
1.903575768	4.493767930947874e-17
1.904782055	6.04506001935872e-17
1.905988342	5.1611298209417265e-17
1.907194629	3.719156466616262e-17
1.908400916	2.172386619063067e-17
1.909607203	5.683293171857957e-18
1.91081349	-7.642613695940634e-18
1.912019777	-8.228338600947966e-18
1.913226064	3.0879097724598362e-18
1.914432351	6.087542508209849e-18
1.915638638	4.674739474304146e-18
1.916844925	3.2830338665098244e-18
1.918051212	2.1297654859737453e-18
1.919257499	2.015151085423033e-18
1.920463786	3.904026214895807e-18
1.921670073	6.1991447065552326e-18
1.92287636	6.99144823720482e-18
1.924082647	6.288592952358263e-18
1.925288933	5.317217722549482e-18
1.92649522	4.4743300092134626e-18
1.927701507	4.2524318902875175e-18
1.928907794	5.735713420459151e-18
1.930114081	8.433429357586977e-18
1.931320368	9.270715309318641e-18
1.932526655	7.95205393555515e-18
1.933732942	6.419569664630411e-18
1.934939229	5.468799732699922e-18
1.936145516	5.082821307145075e-18
1.937351803	5.3345485858117075e-18
1.93855809	6.29877394873938e-18
1.939764377	6.7598477547814156e-18
1.940970664	5.755768610663303e-18
1.942176951	4.4371626240097135e-18
1.943383238	3.95747725617496e-18
1.944589525	4.308096649791277e-18
1.945795812	4.9723589261992934e-18
1.947002098	5.661802019759816e-18
1.948208385	5.874420323942827e-18
1.949414672	5.6129445263501885e-18
1.950620959	5.067301802198421e-18
1.951827246	4.656647256103724e-18
1.953033533	4.3411360274997175e-18
1.95423982	4.269888880486946e-18
1.955446107	5.026831588604726e-18
1.956652394	6.2445713830257636e-18
1.957858681	6.653842771223684e-18
1.959064968	6.2590534463194996e-18
1.960271255	5.749345075542588e-18
1.961477542	5.193088469136865e-18
1.962683829	4.714667407011073e-18
1.963890116	4.616851746770742e-18
1.965096403	4.907746498378394e-18
1.96630269	5.182282205428858e-18
1.967508977	5.322542340250239e-18
1.968715263	5.52918868155214e-18
1.96992155	5.966122660396403e-18
1.971127837	6.553726962800608e-18
1.972334124	7.091903556076443e-18
1.973540411	7.368450128085709e-18
1.974746698	7.353634970529702e-18
1.975952985	7.048114810584584e-18
1.977159272	6.720086120872642e-18
1.978365559	6.7443353366842885e-18
1.979571846	7.10467877085264e-18
1.980778133	7.62686885944101e-18
1.98198442	8.272777215200341e-18
1.983190707	8.891588721609345e-18
1.984396994	9.331923732944695e-18
1.985603281	9.598539705603366e-18
1.986809568	9.847315118935331e-18
1.988015855	1.0262470976790513e-17
1.989222142	1.1013991512011306e-17
1.990428428	1.1837321715783538e-17
1.991634715	1.2402402921117978e-17
1.992841002	1.2426090642556328e-17
1.994047289	1.1532246192986066e-17
1.995253576	1.0061856305579193e-17
1.996459863	8.802829761437356e-18
1.99766615	8.290888745462327e-18
1.998872437	8.284990382195576e-18
2.000078724	8.76341533826635e-18
2.001285011	1.01909315652888e-17
2.002491298	1.2531853873349056e-17
2.003697585	1.4759421887290053e-17
2.004903872	1.581072096548028e-17
2.006110159	1.6239213801292636e-17
2.007316446	1.6003625706450223e-17
2.008522733	1.511768723908002e-17
2.00972902	1.4419050952641615e-17
2.010935307	1.4221943409434808e-17
2.012141594	1.4383661773182502e-17
2.01334788	1.483493935413314e-17
2.014554167	1.5728863001250367e-17
2.015760454	1.666399459222323e-17
2.016966741	1.7415454679692545e-17
2.018173028	1.79386301235464e-17
2.019379315	1.8222816849390544e-17
2.020585602	1.826759248672892e-17
2.021791889	1.8321678329112106e-17
2.022998176	1.8324875341397067e-17
2.024204463	1.801377364169802e-17
2.02541075	1.741645168287838e-17
2.026617037	1.643236791184493e-17
2.027823324	1.5451313080891672e-17
2.029029611	1.491983911359834e-17
2.030235898	1.4738068137739613e-17
2.031442185	1.4377519145396803e-17
2.032648472	1.3983869059071516e-17
2.033854759	1.3862404750052063e-17
2.035061045	1.3607644974058928e-17
2.036267332	1.3367435564258054e-17
2.037473619	1.3595412367721617e-17
2.038679906	1.39855984903958e-17
2.039886193	1.3851861871486597e-17
2.04109248	1.3494829214302976e-17
2.042298767	1.3068221146920122e-17
2.043505054	1.2445418681495624e-17
2.044711341	1.1844249164152899e-17
2.045917628	1.1434125429671296e-17
2.047123915	1.1271611963613616e-17
2.048330202	1.130851469736566e-17
2.049536489	1.1333291537851719e-17
2.050742776	1.1411477936868521e-17
2.051949063	1.1728025676105797e-17
2.05315535	1.2178576037292062e-17
2.054361637	1.2469433435026105e-17
2.055567924	1.2431503167245757e-17
2.05677421	1.193485432033821e-17
2.057980497	1.116383687289946e-17
2.059186784	1.0523669326006117e-17
2.060393071	1.019018537970693e-17
2.061599358	9.908163210607099e-18
2.062805645	9.904219075965151e-18
2.064011932	1.0321001388575717e-17
2.065218219	1.0468927114489884e-17
2.066424506	1.0285401802943923e-17
2.067630793	1.0284601687898699e-17
2.06883708	1.0350462569561785e-17
2.070043367	1.0382822593399149e-17
2.071249654	1.022503957079626e-17
2.072455941	9.85405719682154e-18
2.073662228	9.404049246215874e-18
2.074868515	9.007740899989292e-18
2.076074802	8.760641886967391e-18
2.077281089	8.54456032782014e-18
2.078487375	8.329531811501872e-18
2.079693662	8.224349372968793e-18
2.080899949	8.11443728085335e-18
2.082106236	7.89850598861726e-18
2.083312523	7.773381675866095e-18
2.08451881	7.678714013131753e-18
2.085725097	7.373224541542007e-18
2.086931384	6.991815532659241e-18
2.088137671	6.6282239903493736e-18
2.089343958	6.291728152502516e-18
2.090550245	6.06790922568792e-18
2.091756532	6.059830261170541e-18
2.092962819	6.102181217003579e-18
2.094169106	6.098647074438865e-18
2.095375393	6.114301490604256e-18
2.09658168	6.072694050362227e-18
2.097787967	5.93050373704163e-18
2.098994254	5.756948376496108e-18
2.10020054	5.585231929163967e-18
2.101406827	5.431166311450916e-18
2.102613114	5.321514264195327e-18
2.103819401	5.2146324567516764e-18
2.105025688	5.082390142208834e-18
2.106231975	4.9321993977562065e-18
2.107438262	4.803647287507788e-18
2.108644549	4.720200381765915e-18
2.109850836	4.671155676033551e-18
2.111057123	4.559024566993413e-18
2.11226341	4.417926723179047e-18
2.113469697	4.3921910968460615e-18
2.114675984	4.491937188661788e-18
2.115882271	4.614603213332617e-18
2.117088558	4.575929465823713e-18
2.118294845	4.4095358957680625e-18
2.119501132	4.30831340895777e-18
2.120707419	4.27782946051188e-18
2.121913705	4.23420423952532e-18
2.123119992	4.219946729852622e-18
2.124326279	4.2058544832291515e-18
2.125532566	4.0692770848752836e-18
2.126738853	3.863937893938519e-18
2.12794514	3.7104417165898524e-18
2.129151427	3.682985703535613e-18
2.130357714	3.71912795295733e-18
2.131564001	3.73111188757369e-18
2.132770288	3.721973418509395e-18
2.133976575	3.705588518009089e-18
2.135182862	3.696156965571249e-18
2.136389149	3.6760882686890216e-18
2.137595436	3.57074994760618e-18
2.138801723	3.432609112765513e-18
2.14000801	3.3035126782747536e-18
2.141214297	3.1509852713632095e-18
2.142420584	3.0142500325498954e-18
2.14362687	2.938254077483332e-18
2.144833157	2.945766816360154e-18
2.146039444	3.0731812984450374e-18
2.147245731	3.2331038890779805e-18
2.148452018	3.2808969826380142e-18
2.149658305	3.133566052928949e-18
2.150864592	2.8260152380976987e-18
2.152070879	2.4010843612686984e-18
2.153277166	1.9995287001290554e-18
2.154483453	1.8143806223264766e-18
2.15568974	1.9143437219761575e-18
2.156896027	2.068667584858846e-18
2.158102314	2.0605836734972904e-18
2.159308601	1.941053423779562e-18
2.160514888	1.8099164314935143e-18
2.161721175	1.720052839890931e-18
2.162927462	1.6591309207177867e-18
2.164133749	1.623861148337818e-18
2.165340035	1.6756203168577514e-18
2.166546322	1.7702736200726724e-18
2.167752609	1.6732211146942608e-18
2.168958896	1.5103652091319949e-18
2.170165183	1.3344141779609862e-18
2.17137147	1.173335326787685e-18
2.172577757	1.080558041975931e-18
2.173784044	1.08019434490098e-18
2.174990331	1.193904666410398e-18
2.176196618	1.4054955472171738e-18
2.177402905	1.6182863430585794e-18
2.178609192	1.7271335725792276e-18
2.179815479	1.6838311377465413e-18
2.181021766	1.5453511401768008e-18
2.182228053	1.3817114237733036e-18
2.18343434	1.2934645903992935e-18
2.184640627	1.420648091348443e-18
2.185846914	1.6313423329627809e-18
2.187053201	1.7483156121846284e-18
2.188259487	1.7428225026622232e-18
2.189465774	1.6534028629269813e-18
2.190672061	1.5737205597026588e-18
2.191878348	1.5443764708888245e-18
2.193084635	1.580579854488801e-18
2.194290922	1.574872943326394e-18
2.195497209	1.3608595771669224e-18
2.196703496	8.955473149729342e-19
2.197909783	4.536391848741708e-19
2.19911607	3.1956600469126375e-19
2.200322357	4.15106895038708e-19
2.201528644	5.547825462457048e-19
2.202734931	6.420228656616451e-19
2.203941218	7.063971181128013e-19
2.205147505	7.725646780708223e-19
2.206353792	8.662509970052601e-19
2.207560079	9.778650961393028e-19
2.208766366	1.0969208717732873e-18
2.209972652	1.1939369930698077e-18
2.211178939	1.233913659578654e-18
2.212385226	1.1740263502771438e-18
2.213591513	9.412815781892491e-19
2.2147978	6.408360156437517e-19
2.216004087	4.637884504553465e-19
2.217210374	5.109160466586039e-19
2.218416661	6.385452902750993e-19
2.219622948	7.102579832401796e-19
2.220829235	7.317244079147355e-19
2.222035522	7.333581738192055e-19
2.223241809	7.283787887094971e-19
2.224448096	7.270881501665051e-19
2.225654383	7.4957934212614905e-19
2.22686067	7.778083981123917e-19
2.228066957	8.022757753373408e-19
2.229273244	8.075984275038704e-19
2.230479531	7.331455047911675e-19
2.231685817	5.372408425069388e-19
2.232892104	3.574846090925022e-19
2.234098391	3.4529234254395714e-19
2.235304678	4.828610849266634e-19
2.236510965	6.757806756950376e-19
2.237717252	8.46489055124376e-19
2.238923539	9.27522587247586e-19
2.240129826	8.485196754652636e-19
2.241336113	6.830511178749067e-19
2.2425424	5.255210652086922e-19
2.243748687	4.331221979271205e-19
2.244954974	4.1080689037632156e-19
2.246161261	4.59478344072226e-19
2.247367548	5.554044923897413e-19
2.248573835	6.725375733156806e-19
2.249780122	7.303730306083329e-19
2.250986409	6.38741344337285e-19
2.252192696	3.460032115167915e-19
2.253398982	-2.8098967697021465e-21
2.254605269	-2.4746188173786794e-19
2.255811556	-3.189836523377935e-19
2.257017843	-2.1601287455811287e-19
2.25822413	1.9714565074388814e-20
2.259430417	2.347107880910858e-19
2.260636704	2.6841043446467433e-19
2.261842991	2.0547077022318413e-19
2.263049278	1.9669775233531536e-19
2.264255565	2.9255750660237167e-19
2.265461852	3.8815214299748407e-19
2.266668139	4.047963414873765e-19
2.267874426	3.7650764390542283e-19
2.269080713	3.5338365619990836e-19
2.270287	3.4470568546930183e-19
2.271493287	3.287991419848163e-19
2.272699574	2.9132545903686957e-19
2.273905861	2.1939010801709594e-19
2.275112147	9.697643336031851e-20
2.276318434	-3.7769038191231705e-20
2.277524721	-1.2578900041574952e-19
2.278731008	-1.3470414909613333e-19
2.279937295	-8.572802274214504e-20
2.281143582	2.4559426377463647e-21
2.282349869	1.0200178819362184e-19
2.283556156	1.6650805960320832e-19
2.284762443	1.7236349971903826e-19
2.28596873	1.3719537809477112e-19
2.287175017	7.12917222453632e-20
2.288381304	-1.2617487692067135e-20
2.289587591	-1.0309406496295959e-19
2.290793878	-1.7235317552233495e-19
2.292000165	-1.7739083785988142e-19
2.293206452	-9.209836736214062e-20
2.294412739	4.095876009253242e-20
2.295619026	1.7274439282738233e-19
2.296825312	2.582176310737537e-19
2.298031599	2.5398949764348396e-19
2.299237886	1.428990181524795e-19
2.300444173	3.311499204600713e-20
2.30165046	3.661782668492083e-20
2.302856747	1.0239521746106758e-19
2.304063034	1.3506838410548034e-19
2.305269321	1.0144873930345044e-19
2.306475608	7.037785406485244e-20
2.307681895	8.991361503318793e-20
2.308888182	1.5808829570926307e-19
2.310094469	2.7625544889251654e-19
2.311300756	4.0031704969646434e-19
2.312507043	4.469880513793694e-19
2.31371333	3.5741905380476893e-19
2.314919617	2.1672890632555613e-19
2.316125904	1.2828838766444367e-19
2.317332191	1.1946761094333727e-19
2.318538477	1.635338174005491e-19
2.319744764	2.2455141431505387e-19
2.320951051	2.620228145022765e-19
2.322157338	2.401525932181386e-19
2.323363625	1.8198907055954686e-19
2.324569912	1.2566203685711492e-19
2.325776199	9.980525482158924e-20
2.326982486	1.1853553993935492e-19
2.328188773	1.951566397052209e-19
2.32939506	2.8610217480888386e-19
2.330601347	3.347094099353053e-19
2.331807634	3.350570659020042e-19
2.333013921	3.3050847556350084e-19
2.334220208	3.545136106623666e-19
2.335426495	3.8363908800426468e-19
2.336632782	3.9184764617415184e-19
2.337839069	3.609083140354059e-19
2.339045356	2.7589103721222383e-19
2.340251642	1.4377426608527218e-19
2.341457929	5.1530731677428493e-20
2.342664216	8.342005148600385e-20
2.343870503	2.1586044337189453e-19
2.34507679	3.901384045351766e-19
2.346283077	5.562005804130027e-19
2.347489364	6.79831482574319e-19
2.348695651	7.271601030945889e-19
2.349901938	6.792121887673405e-19
2.351108225	5.264027160662457e-19
2.352314512	3.0829222122732833e-19
2.353520799	1.256853526880867e-19
2.354727086	7.104346541166158e-20
2.355933373	1.1359298087353384e-19
2.35713966	2.1352227293108195e-19
2.358345947	3.4382825165363396e-19
2.359552234	4.715768213466255e-19
2.360758521	5.706499071665634e-19
2.361964807	6.302051843422195e-19
2.363171094	6.342937923152306e-19
2.364377381	6.036977177069541e-19
2.365583668	5.75558219408846e-19
2.366789955	5.609928163988291e-19
2.367996242	4.907873170580846e-19
2.369202529	2.855847424789997e-19
2.370408816	2.820144501047069e-20
2.371615103	-1.228746954391185e-19
2.37282139	-1.0374342722720403e-19
2.374027677	1.7643364316319022e-20
2.375233964	1.8806473572061984e-19
2.376440251	3.6066979805873694e-19
2.377646538	4.95138437061314e-19
2.378852825	6.014041828355256e-19
2.380059112	7.263742216647925e-19
2.381265399	8.812656346420366e-19
2.382471686	9.221718584018011e-19
2.383677973	7.024114048118051e-19
2.384884259	2.8008396473080895e-19
2.386090546	-1.433961080387616e-19
2.387296833	-3.8489170296841896e-19
2.38850312	-4.105347884097227e-19
2.389709407	-2.1702848294171886e-19
2.390915694	3.4066009537440975e-20
2.392121981	1.5233029621366254e-19
2.393328268	1.2385696684812057e-19
2.394534555	1.1675354138164407e-19
2.395740842	2.5707106581876603e-19
2.396947129	4.352835600567736e-19
2.398153416	5.220940874726581e-19
2.399359703	5.40034450780026e-19
2.40056599	5.884480717865932e-19
2.401772277	7.187524434814363e-19
2.402978564	8.883380879514536e-19
2.404184851	1.064664724654372e-18
2.405391138	1.2032259415473609e-18
2.406597424	1.240120902883789e-18
2.407803711	1.1602403458385515e-18
2.409009998	1.074623258917065e-18
2.410216285	1.0789565715787676e-18
2.411422572	1.1985394477918728e-18
2.412628859	1.4797727242169407e-18
2.413835146	1.916603333213426e-18
2.415041433	2.2802976109507007e-18
2.41624772	2.2716270916270556e-18
2.417454007	1.874367288275228e-18
2.418660294	1.3384596825265388e-18
2.419866581	9.391462634923416e-19
2.421072868	7.683937507916477e-19
2.422279155	8.316779405357069e-19
2.423485442	8.574216389229685e-19
2.424691729	5.705248754150935e-19
2.425898016	1.7100173564227107e-19
2.427104303	-7.186879983473639e-21
2.428310589	1.8463374331787132e-19
2.429516876	6.664445736935658e-19
2.430723163	1.4498736080726199e-18
2.43192945	2.2709183326764527e-18
2.433135737	2.7066165084153578e-18
2.434342024	2.3652675917309067e-18
2.435548311	1.033449966574784e-18
2.436754598	-6.880386365495797e-19
2.437960885	-1.5596701756264347e-18
2.439167172	-1.431316115482519e-18
2.440373459	-7.36416632762105e-19
2.441579746	2.328106446612501e-19
2.442786033	1.4068660909065583e-18
2.44399232	2.6674432199536877e-18
2.445198607	3.6732184695992136e-18
2.446404894	4.192077534381408e-18
2.447611181	4.06401832533935e-18
2.448817468	3.312549241634405e-18
2.450023754	2.2047541408084677e-18
2.451230041	1.2221497245158313e-18
2.452436328	5.332449808870591e-19
2.453642615	1.177082179011893e-19
2.454848902	-2.093795316603779e-21
2.456055189	2.4491377459987614e-19
2.457261476	8.83087879135427e-19
2.458467763	1.7104645468725421e-18
2.45967405	2.525441601428517e-18
2.460880337	3.196407675465242e-18
2.462086624	3.5534298148136136e-18
2.463292911	3.3426440487612185e-18
2.464499198	2.8989782660698073e-18
2.465705485	2.6469925953213828e-18
2.466911772	2.714524093319419e-18
2.468118059	3.193024418184489e-18
2.469324346	4.198308079714861e-18
2.470530633	5.0851088198108274e-18
2.471736919	4.316323976407009e-18
2.472943206	2.5440761764367922e-18
2.474149493	1.1505238387226704e-18
2.47535578	6.933201534788349e-19
2.476562067	1.1556020142892941e-18
2.477768354	2.7370454860258143e-18
2.478974641	5.218613812665398e-18
2.480180928	7.877708903208275e-18
2.481387215	1.0067475490494476e-17
2.482593502	1.1902033341754464e-17
2.483799789	1.3259128264604294e-17
2.485006076	1.395469565163787e-17
2.486212363	1.4570416728430202e-17
2.48741865	1.51509346872763e-17
2.488624937	1.6837197597422607e-17
2.489831224	2.1646533450688164e-17
2.491037511	2.870841568691914e-17
2.492243798	2.9401934671411944e-17
2.493450084	2.2460907800048652e-17
2.494656371	1.553236457439372e-17
2.495862658	1.1056253909169094e-17
2.497068945	8.772844218943941e-18