0.45	4.85857733987397e-15
0.451206288	1.2157025700660585e-14
0.452412576	1.2945476375773084e-14
0.453618865	1.439782681353294e-14
0.454825153	1.1458099613167695e-14
0.456031441	9.678129352740885e-15
0.457237729	1.0557931525730008e-14
0.458444017	1.155832036779698e-14
0.459650306	1.1683783453462521e-14
0.460856594	1.2516992496243688e-14
0.462062882	1.3195055108715183e-14
0.46326917	1.3616872495767194e-14
0.464475459	1.4807492994912906e-14
0.465681747	1.46266850063883e-14
0.466888035	1.5389764936284184e-14
0.468094323	1.4961205555033676e-14
0.469300611	1.487269682310026e-14
0.4705069	1.5221170876884695e-14
0.471713188	1.4161291461153792e-14
0.472919476	1.4406571607682395e-14
0.474125764	1.473376438970006e-14
0.475332052	1.4933291804649764e-14
0.476538341	1.5757028512294532e-14
0.477744629	1.5740254112021848e-14
0.478950917	1.6854017178990143e-14
0.480157205	1.6264338668051966e-14
0.481363493	1.5408520507002228e-14
0.482569782	1.5371660246404023e-14
0.48377607	1.459366661688814e-14
0.484982358	1.2262056205303905e-14
0.486188646	9.83873973095108e-15
0.487394935	1.2061015510518196e-14
0.488601223	1.4249716818448597e-14
0.489807511	1.519685361542745e-14
0.491013799	1.5494715038505663e-14
0.492220087	1.553895830734847e-14
0.493426376	1.578263682159716e-14
0.494632664	1.524921143042066e-14
0.495838952	1.606896235534448e-14
0.49704524	1.4873423684481856e-14
0.498251528	1.441237643278445e-14
0.499457817	1.3236866258090272e-14
0.500664105	1.3192281656898142e-14
0.501870393	1.3246780111229026e-14
0.503076681	1.303986092899189e-14
0.504282969	1.314958823865401e-14
0.505489258	1.2242212788545457e-14
0.506695546	1.2259543768416944e-14
0.507901834	1.2410665911581405e-14
0.509108122	1.2610948764126706e-14
0.510314411	1.3212382165473833e-14
0.511520699	1.3320664528316664e-14
0.512726987	1.388012624034071e-14
0.513933275	1.3543820790634244e-14
0.515139563	1.2841955241566975e-14
0.516345852	1.320097445832725e-14
0.51755214	1.3138148831014418e-14
0.518758428	1.363538109738965e-14
0.519964716	1.2720603867394465e-14
0.521171004	1.2828281628667287e-14
0.522377293	1.3254862719261977e-14
0.523583581	1.3178213561425128e-14
0.524789869	1.294724095510805e-14
0.525996157	1.2974719029365232e-14
0.527202445	1.2945538215361807e-14
0.528408734	1.312862956898237e-14
0.529615022	1.364116682732215e-14
0.53082131	1.2770588265228043e-14
0.532027598	1.1973882324085645e-14
0.533233887	1.1238536622493494e-14
0.534440175	1.1215154420351294e-14
0.535646463	1.025342794610551e-14
0.536852751	9.966788790876759e-15
0.538059039	8.843725554612264e-15
0.539265328	7.900054626745932e-15
0.540471616	7.31768557311225e-15
0.541677904	6.373702755793208e-15
0.542884192	6.3917887854567646e-15
0.54409048	6.981167250260196e-15
0.545296769	8.220604867161922e-15
0.546503057	9.690930821369189e-15
0.547709345	1.12824559901442e-14
0.548915633	1.2170737832022276e-14
0.550121921	1.281786629969071e-14
0.55132821	1.3142424008187351e-14
0.552534498	1.3292494257641197e-14
0.553740786	1.3016966756307233e-14
0.554947074	1.2778055160657216e-14
0.556153363	1.282800278671641e-14
0.557359651	1.2532528837414304e-14
0.558565939	1.2500067361901536e-14
0.559772227	1.251203862057045e-14
0.560978515	1.2787077458803072e-14
0.562184804	1.2743594125542994e-14
0.563391092	1.2444998572893896e-14
0.56459738	1.229381645455323e-14
0.565803668	1.1887318027149934e-14
0.567009956	1.0882234832196828e-14
0.568216245	1.0584288703553662e-14
0.569422533	1.0062133304081758e-14
0.570628821	9.697703288713001e-15
0.571835109	9.338392455883915e-15
0.573041398	9.111525147485858e-15
0.574247686	8.477695156333094e-15
0.575453974	7.983450627992734e-15
0.576660262	7.770979123590046e-15
0.57786655	7.439548140745991e-15
0.579072839	7.78320628150797e-15
0.580279127	8.36014957261378e-15
0.581485415	9.31977935784114e-15
0.582691703	1.0196168562982931e-14
0.583897991	1.0976610919298356e-14
0.58510428	1.1529567222020536e-14
0.586310568	1.2006684122225585e-14
0.587516856	1.1589255974922242e-14
0.588723144	1.1276980701888375e-14
0.589929432	1.173061573410603e-14
0.591135721	1.06984114342117e-14
0.592342009	1.0076049739999752e-14
0.593548297	9.456029119162082e-15
0.594754585	8.841001491700385e-15
0.595960874	8.186266608227721e-15
0.597167162	7.809815158284693e-15
0.59837345	7.772757202458971e-15
0.599579738	7.709991418031022e-15
0.600786026	7.981269169554397e-15
0.601992315	8.397965996637686e-15
0.603198603	8.833387553252168e-15
0.604404891	9.092230484054338e-15
0.605611179	9.334113533016758e-15
0.606817467	9.045602184149086e-15
0.608023756	8.107929870546614e-15
0.609230044	7.159959598882178e-15
0.610436332	6.563983620069873e-15
0.61164262	5.790370486916506e-15
0.612848908	5.113751800108044e-15
0.614055197	4.288263221970849e-15
0.615261485	3.492151650899674e-15
0.616467773	3.142761343606167e-15
0.617674061	2.7197619457452352e-15
0.61888035	2.5438438238912864e-15
0.620086638	2.406857291171936e-15
0.621292926	2.388133714909834e-15
0.622499214	2.4954677740175663e-15
0.623705502	2.8645397621607624e-15
0.624911791	3.4563355504071923e-15
0.626118079	4.4401622515079766e-15
0.627324367	5.357963596447838e-15
0.628530655	6.230987623705914e-15
0.629736943	7.003111251449298e-15
0.630943232	7.47680154456095e-15
0.63214952	7.954076879402957e-15
0.633355808	8.234841906479371e-15
0.634562096	8.195687160850421e-15
0.635768384	8.15548226449013e-15
0.636974673	7.870210731850293e-15
0.638180961	7.74074055141292e-15
0.639387249	7.500718869376575e-15
0.640593537	7.174637832495347e-15
0.641799826	6.841086984204948e-15
0.643006114	6.626073135072386e-15
0.644212402	6.443722763007932e-15
0.64541869	6.368830043460813e-15
0.646624978	6.451347941879636e-15
0.647831267	6.2854677285290035e-15
0.649037555	6.002933954550881e-15
0.650243843	5.825921582239283e-15
0.651450131	5.6808996564865245e-15
0.652656419	5.624527238129306e-15
0.653862708	5.539774859931796e-15
0.655068996	5.0783019461827014e-15
0.656275284	3.932905509791648e-15
0.657481572	4.4911614310058836e-15
0.65868786	4.487811969347438e-15
0.659894149	4.221966751267912e-15
0.661100437	3.980836503308955e-15
0.662306725	3.790343774011894e-15
0.663513013	3.566161871856382e-15
0.664719302	3.340514460112662e-15
0.66592559	3.1444312589704275e-15
0.667131878	3.0422851865240703e-15
0.668338166	3.0624310706300223e-15
0.669544454	3.2055655072998807e-15
0.670750743	3.4632776421379367e-15
0.671957031	3.90369581647235e-15
0.673163319	4.436249390166849e-15
0.674369607	4.937902732126027e-15
0.675575895	5.486142931474763e-15
0.676782184	5.973649391326783e-15
0.677988472	6.098315415869929e-15
0.67919476	5.862806555630594e-15
0.680401048	5.34643912350944e-15
0.681607336	4.786298790689596e-15
0.682813625	4.366372616784769e-15
0.684019913	4.193648254554744e-15
0.685226201	4.292389180940282e-15
0.686432489	4.510756148934366e-15
0.687638778	4.584738827619107e-15
0.688845066	4.632536601357833e-15
0.690051354	4.749243141809142e-15
0.691257642	4.860356468212644e-15
0.69246393	4.871612193680322e-15
0.693670219	4.7014637171616475e-15
0.694876507	4.337620668715576e-15
0.696082795	3.8683288350675885e-15
0.697289083	3.3640667238467095e-15
0.698495371	2.8370246685300654e-15
0.69970166	2.3767663686184107e-15
0.700907948	2.010796230905978e-15
0.702114236	1.825182876096135e-15
0.703320524	1.7897804584380057e-15
0.704526812	1.8639193213654317e-15
0.705733101	2.0283043006377754e-15
0.706939389	2.2547907944368712e-15
0.708145677	2.509515831244925e-15
0.709351965	2.7358324045272346e-15
0.710558254	2.9033703997807614e-15
0.711764542	3.0176510694164286e-15
0.71297083	3.0564352723017262e-15
0.714177118	2.9058161585633934e-15
0.715383406	2.523105234075808e-15
0.716589695	1.9348025412005518e-15
0.717795983	1.3374879437410568e-15
0.719002271	9.766560432711404e-16
0.720208559	8.602887542195002e-16
0.721414847	8.570917950899858e-16
0.722621136	8.25228042533248e-16
0.723827424	7.649763335241373e-16
0.725033712	7.054128137380608e-16
0.72624	6.625606055895802e-16
0.727446288	6.379512122183224e-16
0.728652577	6.44514699178987e-16
0.729858865	6.721012983459989e-16
0.731065153	7.094822161288142e-16
0.732271441	7.620928622743508e-16
0.73347773	8.316274867151569e-16
0.734684018	9.154722841182092e-16
0.735890306	1.0314108574141457e-15
0.737096594	1.189209985213929e-15
0.738302882	1.4381568128260789e-15
0.739509171	1.791136143751534e-15
0.740715459	2.2329663889102683e-15
0.741921747	2.683967541050146e-15
0.743128035	3.101213659509822e-15
0.744334323	3.4015113185703747e-15
0.745540612	3.592844598358701e-15
0.7467469	3.612901258049154e-15
0.747953188	3.646900055954128e-15
0.749159476	3.628758879514677e-15
0.750365764	3.634085276023145e-15
0.751572053	3.67718317909634e-15
0.752778341	3.7185433402507395e-15
0.753984629	3.728881568106369e-15
0.755190917	3.655474783620381e-15
0.756397206	3.4110882661422665e-15
0.757603494	3.2773378603946057e-15
0.758809782	3.3994073347996524e-15
0.76001607	3.1525392851933635e-15
0.761222358	2.194926267574936e-15
0.762428647	1.5969099742033936e-15
0.763634935	1.4800697540341523e-15
0.764841223	1.4207235589936565e-15
0.766047511	1.465273626232461e-15
0.767253799	1.5688425863051004e-15
0.768460088	1.6466670764968958e-15
0.769666376	1.6511275344855835e-15
0.770872664	1.5964450474056718e-15
0.772078952	1.4952179775700675e-15
0.77328524	1.3525617091437748e-15
0.774491529	1.2480789430708053e-15
0.775697817	1.1848602722396485e-15
0.776904105	1.0623446084964258e-15
0.778110393	9.752385555630663e-16
0.779316682	8.925061868374575e-16
0.78052297	7.819605263604271e-16
0.781729258	6.875041110376416e-16
0.782935546	6.385073312956583e-16
0.784141834	6.291250848309202e-16
0.785348123	6.411443674330572e-16
0.786554411	6.645766863438427e-16
0.787760699	6.790322026535772e-16
0.788966987	6.86632802217851e-16
0.790173275	6.656986046434663e-16
0.791379564	6.289593764880063e-16
0.792585852	5.811934613865757e-16
0.79379214	5.393230525285469e-16
0.794998428	5.035892054205006e-16
0.796204717	4.923202797332126e-16
0.797411005	4.9850143131654185e-16
0.798617293	5.136978107256114e-16
0.799823581	5.242125578242377e-16
0.801029869	5.299271052297725e-16
0.802236158	5.435569955828307e-16
0.803442446	5.711808042931093e-16
0.804648734	6.046468423493516e-16
0.805855022	6.413594679755441e-16
0.80706131	6.804717525233408e-16
0.808267599	7.183379574875975e-16
0.809473887	7.552051023315802e-16
0.810680175	7.962485337930939e-16
0.811886463	8.626641107007323e-16
0.813092751	9.549603796425381e-16
0.81429904	1.0357786562322738e-15
0.815505328	1.1058345769516942e-15
0.816711616	1.1955986401314899e-15
0.817917904	1.3372235829038751e-15
0.819124193	1.4990471095874481e-15
0.820330481	1.6721567271563494e-15
0.821536769	1.785651566176142e-15
0.822743057	1.7550804502262171e-15
0.823949345	1.7962993664522556e-15
0.825155634	1.7944320942827585e-15
0.826361922	1.8175575004816887e-15
0.82756821	1.8603187875989197e-15
0.828774498	1.9761071992143996e-15
0.829980786	2.1278833748995898e-15
0.831187075	2.221980648781524e-15
0.832393363	2.175363320930492e-15
0.833599651	1.9085959253641964e-15
0.834805939	1.463445497208649e-15
0.836012227	1.0389649162929688e-15
0.837218516	7.431234860138945e-16
0.838424804	5.742424282863634e-16
0.839631092	4.816675898678217e-16
0.84083738	4.516489953056284e-16
0.842043669	4.545835849682707e-16
0.843249957	4.746534007085512e-16
0.844456245	5.080739262896366e-16
0.845662533	5.895893941850554e-16
0.846868821	6.133642528552914e-16
0.84807511	7.036550729651993e-16
0.849281398	6.912540972860615e-16
0.850487686	5.790026901192278e-16
0.851693974	5.681086321751158e-16
0.852900262	5.076331748131606e-16
0.854106551	3.325417451178885e-16
0.855312839	2.8729679847004735e-16
0.856519127	3.4403772122213544e-16
0.857725415	3.4428783264365154e-16
0.858931703	3.027222479393562e-16
0.860137992	2.6360022466655874e-16
0.86134428	2.837067746352707e-16
0.862550568	2.7978536139971594e-16
0.863756856	2.653497647568107e-16
0.864963145	2.388405453338637e-16
0.866169433	1.7253466517289098e-16
0.867375721	1.8130389315146697e-16
0.868582009	2.4951266233470287e-16
0.869788297	3.024649355909421e-16
0.870994586	3.268707202866486e-16
0.872200874	3.5139790813066617e-16
0.873407162	3.5103775927477674e-16
0.87461345	3.0390615058129104e-16
0.875819738	3.099896587702413e-16
0.877026027	3.445307401891748e-16
0.878232315	3.308993907031869e-16
0.879438603	2.9710673963325596e-16
0.880644891	2.629178757106432e-16
0.881851179	2.2720578328898147e-16
0.883057468	1.9714190677411626e-16
0.884263756	1.7714368870705476e-16
0.885470044	1.5690121283405548e-16
0.886676332	1.419314546144578e-16
0.887882621	1.6110015367059675e-16
0.889088909	1.680261073820122e-16
0.890295197	1.7143765425857363e-16
0.891501485	1.7419729023723303e-16
0.892707773	1.7211333206378316e-16
0.893914062	1.697403762241428e-16
0.89512035	1.632627744459287e-16
0.896326638	1.5827988163374245e-16
0.897532926	1.6124275507258628e-16
0.898739214	1.6389798225806531e-16
0.899945503	1.6678783119367547e-16
0.901151791	1.5217779411397255e-16
0.902358079	1.7092049056349736e-16
0.903564367	2.1523450440675244e-16
0.904770655	2.4312429656407083e-16
0.905976944	2.4985493183838877e-16
0.907183232	2.497264123906445e-16
0.90838952	2.655325118646257e-16
0.909595808	2.8962279577739437e-16
0.910802097	3.012796303967425e-16
0.912008385	2.9766322468950583e-16
0.913214673	2.922944762233811e-16
0.914420961	3.0514882127133514e-16
0.915627249	3.189526588439336e-16
0.916833538	3.7686066254667247e-16
0.918039826	4.44720277181945e-16
0.919246114	5.283237091247825e-16
0.920452402	6.101237412690059e-16
0.92165869	6.64366314113042e-16
0.922864979	6.992754379876361e-16
0.924071267	8.798500500758881e-16
0.925277555	1.0782190830744538e-15
0.926483843	1.2132331190623485e-15
0.927690131	1.393680118243466e-15
0.92889642	1.5736938581258592e-15
0.930102708	1.7152270578231636e-15
0.931308996	1.8153915384272585e-15
0.932515284	1.8819927229568324e-15
0.933721573	1.955971582720935e-15
0.934927861	2.107191447417908e-15
0.936134149	2.276989152812648e-15
0.937340437	2.29605243794396e-15
0.938546725	2.3811060323489656e-15
0.939753014	2.583648214392572e-15
0.940959302	2.4656696400767177e-15
0.94216559	2.389728356644743e-15
0.943371878	2.245317687847331e-15
0.944578166	2.1865985647361958e-15
0.945784455	2.242091663759808e-15
0.946990743	2.3530210054796483e-15
0.948197031	2.3194325368160397e-15
0.949403319	2.3195177842592216e-15
0.950609607	2.463146273636445e-15
0.951815896	2.5132077553414e-15
0.953022184	2.429801531675456e-15
0.954228472	2.2048656289693243e-15
0.95543476	2.1734417657662973e-15
0.956641049	2.4410011512653986e-15
0.957847337	2.7427103441907856e-15
0.959053625	2.6960064862833478e-15
0.960259913	2.7697604774345208e-15
0.961466201	2.785717906557099e-15
0.96267249	2.7394225486133764e-15
0.963878778	2.7111417233839397e-15
0.965085066	2.7249794165739432e-15
0.966291354	2.671074689895538e-15
0.967497642	2.6952987167669243e-15
0.968703931	2.727192910319701e-15
0.969910219	2.7212139165120775e-15
0.971116507	0.
0.972322795	0.
0.973529083	0.
0.974735372	0.
0.97594166	0.
0.977147948	0.
0.978354236	0.
0.979560525	0.
0.980766813	0.
0.981973101	0.
0.983179389	0.
0.984385677	0.
0.985591966	0.
0.986798254	0.
0.988004542	0.
0.98921083	0.
0.990417118	0.
0.991623407	0.
0.992829695	0.
0.994035983	0.
0.995242271	0.
0.996448559	0.
0.997654848	1.0635049061334513e-16
0.998861136	1.0431507868486367e-16
1.000067424	1.0330135321884882e-16
1.001273712	9.935204581580205e-17
1.002480001	9.755982983678352e-17
1.003686289	9.510737868335822e-17
1.004892577	9.425230630467725e-17
1.006098865	1.0100057053824011e-16
1.007305153	1.0672560516980658e-16
1.008511442	1.097493052380837e-16
1.00971773	1.1361886902130363e-16
1.010924018	1.1474442515638306e-16
1.012130306	1.121762782730986e-16
1.013336594	1.112443121956456e-16
1.014542883	1.0928463327346833e-16
1.015749171	1.0669661192540504e-16
1.016955459	1.0370768857335929e-16
1.018161747	1.0024734451403429e-16
1.019368036	9.811534853979133e-17
1.020574324	9.971208452371575e-17
1.021780612	1.0066030437066637e-16
1.0229869	1.025338163902045e-16
1.024193188	1.0475393559635653e-16
1.025399477	1.0697153086406656e-16
1.026605765	1.0815180910991351e-16
1.027812053	1.0841659699053033e-16
1.029018341	1.093932707255329e-16
1.030224629	1.1048615992398995e-16
1.031430918	1.0981302506640868e-16
1.032637206	1.1012640327979571e-16
1.033843494	1.122142035501479e-16
1.035049782	1.118600506295403e-16
1.03625607	1.1089347616465802e-16
1.037462359	1.130735942121615e-16
1.038668647	1.1495886493521185e-16
1.039874935	1.1567883849856572e-16
1.041081223	1.175970306305989e-16
1.042287512	1.2087693064296225e-16
1.0434938	1.24313980647535e-16
1.044700088	1.2960094004134497e-16
1.045906376	1.3772367841722566e-16
1.047112664	1.4631334989996585e-16
1.048318953	1.5621267582437285e-16
1.049525241	1.6897266520459201e-16
1.050731529	1.8496511834370478e-16
1.051937817	2.027138901171959e-16
1.053144105	2.2285152994675917e-16
1.054350394	2.4312722819768946e-16
1.055556682	2.6045774942564355e-16
1.05676297	2.801638315659779e-16
1.057969258	3.0276485974081716e-16
1.059175546	3.193359874328804e-16
1.060381835	3.3082810341243596e-16
1.061588123	3.413022795789745e-16
1.062794411	3.627114049396744e-16
1.064000699	3.7789886160146987e-16
1.065206988	3.9292225019869106e-16
1.066413276	4.0834877445901905e-16
1.067619564	4.247432734979799e-16
1.068825852	4.45640061529957e-16
1.07003214	4.688023482965229e-16
1.071238429	4.859255714682349e-16
1.072444717	5.028018035085861e-16
1.073651005	5.271940552087319e-16
1.074857293	5.508273305613791e-16
1.076063581	5.706042784797645e-16
1.07726987	5.91185905694547e-16
1.078476158	6.0678694613898055e-16
1.079682446	6.107749938490445e-16
1.080888734	6.245519443341759e-16
1.082095022	6.468087054819819e-16
1.083301311	6.465110867221652e-16
1.084507599	6.309961321056362e-16
1.085713887	6.110452990254627e-16
1.086920175	6.038846901042489e-16
1.088126464	6.03305583576584e-16
1.089332752	5.73579053373176e-16
1.09053904	5.392075203732039e-16
1.091745328	5.172721712828456e-16
1.092951616	5.059413187371972e-16
1.094157905	4.955380193703669e-16
1.095364193	4.589610860161716e-16
1.096570481	4.166522171795651e-16
1.097776769	3.804389745500776e-16
1.098983057	3.3859847028589177e-16
1.100189346	2.9373695858864814e-16
1.101395634	2.5556594819408506e-16
1.102601922	2.1734382962417557e-16
1.10380821	1.7897879916607556e-16
1.105014498	1.4776019210859902e-16
1.106220787	1.2347200477386545e-16
1.107427075	1.0523459696529967e-16
1.108633363	9.210266028281943e-17
1.109839651	8.320743675740795e-17
1.11104594	7.81095783618789e-17
1.112252228	7.541798648716156e-17
1.113458516	7.311621065134869e-17
1.114664804	7.059076297828715e-17
1.115871092	6.825774175570646e-17
1.117077381	6.593340732531006e-17
1.118283669	6.364899816362939e-17
1.119489957	6.170125751905792e-17
1.120696245	5.884673537082473e-17
1.121902533	5.481738584242876e-17
1.123108822	5.1062026521230104e-17
1.12431511	4.799748731179198e-17
1.125521398	4.555397484459654e-17
1.126727686	4.281373815140071e-17
1.127933974	3.974197901589205e-17
1.129140263	3.7655126397178304e-17
1.130346551	3.617901682182596e-17
1.131552839	3.460444701144694e-17
1.132759127	3.342306921125248e-17
1.133965416	3.2604554535776116e-17
1.135171704	3.172399861504202e-17
1.136377992	3.099858867217611e-17
1.13758428	3.084468967498633e-17
1.138790568	3.0604965422651705e-17
1.139996857	3.0243148551746774e-17
1.141203145	2.987813418063994e-17
1.142409433	2.9679418739768926e-17
1.143615721	3.007185284196606e-17
1.144822009	3.046690955424289e-17
1.146028298	3.0675656257316444e-17
1.147234586	3.102108821892149e-17
1.148440874	3.1101428205113655e-17
1.149647162	3.07439673985013e-17
1.15085345	3.016244674959452e-17
1.152059739	2.9383033162203406e-17
1.153266027	2.833336099685419e-17
1.154472315	2.7225245233224126e-17
1.155678603	2.6271645642164673e-17
1.156884892	2.5276315901512814e-17
1.15809118	2.4308467340855733e-17
1.159297468	2.368581053930535e-17
1.160503756	2.324336722804424e-17
1.161710044	2.280199095505818e-17
1.162916333	2.223966785112907e-17
1.164122621	2.1656582790215674e-17
1.165328909	2.1414350155374616e-17
1.166535197	2.1443945424495355e-17
1.167741485	2.1727524178377174e-17
1.168947774	2.2544653956741858e-17
1.170154062	2.365404916902328e-17
1.17136035	2.447935410777302e-17
1.172566638	2.5212497920861355e-17
1.173772926	2.591623199992222e-17
1.174979215	2.6759827733119355e-17
1.176185503	2.759532801391876e-17
1.177391791	2.794096678532612e-17
1.178598079	2.7823902582728516e-17
1.179804368	2.715155016566346e-17
1.181010656	2.6570904797703708e-17
1.182216944	2.6130561390712943e-17
1.183423232	2.5634783897356716e-17
1.18462952	2.4631196003378963e-17
1.185835809	2.296684724785581e-17
1.187042097	2.2070652952359738e-17
1.188248385	2.1937992643214566e-17
1.189454673	2.148029126868652e-17
1.190660961	2.116638270552646e-17
1.19186725	2.1260631151234214e-17
1.193073538	2.1580549468671785e-17
1.194279826	2.200604406274698e-17
1.195486114	2.258801321859424e-17
1.196692402	2.3477004746337694e-17
1.197898691	2.47019305509806e-17
1.199104979	2.5395403098065154e-17
1.200311267	2.555868059377552e-17
1.201517555	2.5836626578543133e-17
1.202723844	2.6602494494612204e-17
1.203930132	2.793199040633108e-17
1.20513642	2.843426541312466e-17
1.206342708	2.863973796728215e-17
1.207548996	3.029594825354097e-17
1.208755285	3.183038479209609e-17
1.209961573	3.250043700155281e-17
1.211167861	3.3390299133992264e-17
1.212374149	3.4649212602770894e-17
1.213580437	3.6126371741909145e-17
1.214786726	3.759037668770085e-17
1.215993014	3.890545408024667e-17
1.217199302	4.003401870482798e-17
1.21840559	4.0839568956429275e-17
1.219611878	4.124131702831611e-17
1.220818167	4.124324765566632e-17
1.222024455	4.084195849905006e-17
1.223230743	4.015472210390702e-17
1.224437031	3.9183187749512725e-17
1.22564332	3.7883288600443804e-17
1.226849608	3.66036783575263e-17
1.228055896	3.53793210375564e-17
1.229262184	3.373130405418555e-17
1.230468472	3.209100524659651e-17
1.231674761	3.098534078729839e-17
1.232881049	3.015303496567173e-17
1.234087337	2.954541522231399e-17
1.235293625	2.931352021873469e-17
1.236499913	2.946703485671945e-17
1.237706202	3.001212633383726e-17
1.23891249	3.1240116510349035e-17
1.240118778	3.3219184266183824e-17
1.241325066	3.563429694929994e-17
1.242531355	3.861097162121884e-17
1.243737643	4.2478273952926405e-17
1.244943931	4.709833313130383e-17
1.246150219	5.2541077300600864e-17
1.247356507	5.911455632848336e-17
1.248562796	6.625549356582983e-17
1.249769084	7.360813764360851e-17
1.250975372	8.151282801661915e-17
1.25218166	8.96828284305455e-17
1.253387948	9.644668996108331e-17
1.254594237	1.0213606858134116e-16
1.255800525	1.0710171661404638e-16
1.257006813	1.1010456978632182e-16
1.258213101	1.1171986049429834e-16
1.259419389	1.1235598223595822e-16
1.260625678	1.1290170801695212e-16
1.261831966	1.1438087414492666e-16
1.263038254	1.1647881218456469e-16
1.264244542	1.1951967193567896e-16
1.265450831	1.2410283351655352e-16
1.266657119	1.3112646113493733e-16
1.267863407	1.4063304662507195e-16
1.269069695	1.4981664842890827e-16
1.270275983	1.5840634983484993e-16
1.271482272	1.6897103046593263e-16
1.27268856	1.80030310327592e-16
1.273894848	1.9054681005251962e-16
1.275101136	1.9851388522866468e-16
1.276307424	2.0364842422315367e-16
1.277513713	2.0748965245369227e-16
1.278720001	2.08064703227225e-16
1.279926289	2.076410939603399e-16
1.281132577	2.152255992225827e-16
1.282338865	2.2364562828842614e-16
1.283545154	2.0933715602576864e-16
1.284751442	1.9600759707874746e-16
1.28595773	1.9136882480736081e-16
1.287164018	1.8716636519294636e-16
1.288370307	1.8122232931455872e-16
1.289576595	1.748085409581042e-16
1.290782883	1.6634313462774185e-16
1.291989171	1.5552052895463154e-16
1.293195459	1.4501682393551313e-16
1.294401748	1.3403453160058221e-16
1.295608036	1.2080042900303621e-16
1.296814324	1.0710017758558734e-16
1.298020612	9.37372588662681e-17
1.2992269	7.990861797620852e-17
1.300433189	6.734511021404287e-17
1.301639477	5.746973796308006e-17
1.302845765	4.927503781488286e-17
1.304052053	4.260112087197048e-17
1.305258341	3.721143035660835e-17
1.30646463	3.317090019893775e-17
1.307670918	3.044105728552744e-17
1.308877206	2.84575326154647e-17
1.310083494	2.6894460374908483e-17
1.311289783	2.5632968010702657e-17
1.312496071	2.4408977907403533e-17
1.313702359	2.276475779132668e-17
1.314908647	2.1614833330631454e-17
1.316114935	2.1002703902212683e-17
1.317321224	1.9997886341563603e-17
1.318527512	1.89998534611638e-17
1.3197338	1.8387114783606262e-17
1.320940088	1.805062563363102e-17
1.322146376	1.7867762706437898e-17
1.323352665	1.7636284160890494e-17
1.324558953	1.7438452751536377e-17
1.325765241	1.734364973109852e-17
1.326971529	1.722144544239976e-17
1.328177817	1.7109586767475892e-17
1.329384106	1.7177158556798482e-17
1.330590394	1.72244137939591e-17
1.331796682	1.7081679015366653e-17
1.33300297	1.6770458706923434e-17
1.334209259	1.63838932997047e-17
1.335415547	1.6193828616193406e-17
1.336621835	1.6045385549836583e-17
1.337828123	1.5818907149027337e-17
1.339034411	1.5594745079546842e-17
1.3402407	1.522476490161507e-17
1.341446988	1.4553257750098378e-17
1.342653276	1.3779518747339432e-17
1.343859564	1.3030605533831198e-17
1.345065852	1.2469201635598107e-17
1.346272141	1.2112834262659288e-17
1.347478429	1.185381733936385e-17
1.348684717	1.1872875147859675e-17
1.349891005	1.2211031019112856e-17
1.351097293	1.274096818378825e-17
1.352303582	1.3800714045619037e-17
1.35350987	1.5997727870271933e-17
1.354716158	1.998324088694573e-17
1.355922446	2.6335212011867474e-17
1.357128735	3.4100973901237836e-17
1.358335023	4.104723999131811e-17
1.359541311	4.9020404696471747e-17
1.360747599	5.99005898759489e-17
1.361953887	6.736012778040321e-17
1.363160176	6.88614765320153e-17
1.364366464	6.212322902715396e-17
1.365572752	4.967773478539099e-17
1.36677904	3.8597010593404355e-17
1.367985328	3.0189855225638173e-17
1.369191617	2.367548064178245e-17
1.370397905	1.883637118757731e-17
1.371604193	1.5567114532733624e-17
1.372810481	1.3395814837440873e-17
1.374016769	1.1974221110346806e-17
1.375223058	1.0967298867596158e-17
1.376429346	1.0166911696866814e-17
1.377635634	9.557683899247469e-18
1.378841922	9.567266858739894e-18
1.380048211	1.0600577087471519e-17
1.381254499	1.1841968261697392e-17
1.382460787	1.2728146770174568e-17
1.383667075	1.2878340418609003e-17
1.384873363	1.2326982171925731e-17
1.386079652	1.1581007447879822e-17
1.38728594	1.0623621272553652e-17
1.388492228	9.623078626554468e-18
1.389698516	8.77890980096003e-18
1.390904804	7.862862719194285e-18
1.392111093	6.865614704891071e-18
1.393317381	5.914727431399109e-18
1.394523669	5.062811293573122e-18
1.395729957	4.4030726122256485e-18
1.396936245	3.964316330760028e-18
1.398142534	3.75804444184028e-18
1.399348822	3.807117078362406e-18
1.40055511	4.1050399599596105e-18
1.401761398	4.602360699810384e-18
1.402967687	5.3274281526207984e-18
1.404173975	6.3048042321022625e-18
1.405380263	7.257808553241305e-18
1.406586551	8.026768789947707e-18
1.407792839	8.566864682461754e-18
1.408999128	8.768195575586084e-18
1.410205416	8.82138087989369e-18
1.411411704	8.982716221725822e-18
1.412617992	9.192868122137137e-18
1.41382428	9.478494691330689e-18
1.415030569	9.837883462094992e-18
1.416236857	1.0152468188841982e-17
1.417443145	1.0404129401684679e-17
1.418649433	1.0460883012919938e-17
1.419855721	1.036969855379981e-17
1.42106201	1.0322562732450417e-17
1.422268298	1.0307362056895497e-17
1.423474586	1.0192652390060813e-17
1.424680874	1.021198923040644e-17
1.425887163	1.0408733075889601e-17
1.427093451	1.0552741164353958e-17
1.428299739	1.0569000627475838e-17
1.429506027	1.0459693973730485e-17
1.430712315	1.0310415415063495e-17
1.431918604	1.0175784915035818e-17
1.433124892	1.0109905417836901e-17
1.43433118	1.0125322944586366e-17
1.435537468	1.0118726899500912e-17
1.436743756	1.0103940678593667e-17
1.437950045	1.0108785115074275e-17
1.439156333	1.0264273171511657e-17
1.440362621	1.0492717779656389e-17
1.441568909	1.0369873479796063e-17
1.442775197	1.0367101364810344e-17
1.443981486	1.0725393713512027e-17
1.445187774	1.0992346927208105e-17
1.446394062	1.114803066438049e-17
1.44760035	1.1417422357203132e-17
1.448806639	1.1536811230608785e-17
1.450012927	1.154788208697621e-17
1.451219215	1.1648472391377822e-17
1.452425503	1.1763866927964259e-17
1.453631791	1.1849160980159536e-17
1.45483808	1.1932692381097987e-17
1.456044368	1.2081909021714594e-17
1.457250656	1.2072210675761693e-17
1.458456944	1.1827426168163478e-17
1.459663232	1.1623459375255096e-17
1.460869521	1.1505593132834729e-17
1.462075809	1.1470188228374123e-17
1.463282097	1.1462041715018467e-17
1.464488385	1.1459262413813912e-17
1.465694674	1.1508058911665543e-17
1.466900962	1.1462306936912115e-17
1.46810725	1.1269243990541541e-17
1.469313538	1.1102924895011468e-17
1.470519826	1.1004942085892342e-17
1.471726115	1.0934228889503615e-17
1.472932403	1.097911795788845e-17
1.474138691	1.0934753874195852e-17
1.475344979	1.0707315358697468e-17
1.476551267	1.1106261305170567e-17
1.477757556	1.164878825168857e-17
1.478963844	1.1875907475566787e-17
1.480170132	1.2277463532599735e-17
1.48137642	1.2900423719496818e-17
1.482582708	1.3975756504630083e-17
1.483788997	1.4590547286456533e-17
1.484995285	1.5420540015879568e-17
1.486201573	1.59954544924122e-17
1.487407861	1.7883402080782275e-17
1.48861415	1.9380194861372076e-17
1.489820438	1.8798408670053053e-17
1.491026726	1.8667952514288094e-17
1.492233014	1.9490243985328695e-17
1.493439302	1.9777521301847e-17
1.494645591	1.9867703074878866e-17
1.495851879	2.026689587633533e-17
1.497058167	2.0138667896760118e-17
1.498264455	1.9226121676482462e-17
1.499470743	1.8283907165024296e-17
1.500677032	1.7944928872825395e-17
1.50188332	1.793786152905542e-17
1.503089608	1.8169621572550965e-17
1.504295896	1.9001183783714553e-17
1.505502184	2.0257293665843747e-17
1.506708473	2.140506025271186e-17
1.507914761	2.228309646176946e-17
1.509121049	2.353772305292113e-17
1.510327337	2.4719748480858643e-17
1.511533626	2.6603936544946076e-17
1.512739914	2.861395575656492e-17
1.513946202	3.050991482697018e-17
1.51515249	3.211960565020642e-17
1.516358778	3.331618033923437e-17
1.517565067	3.4537722049649083e-17
1.518771355	3.5704148467563506e-17
1.519977643	3.7023275909668424e-17
1.521183931	3.8818979857791096e-17
1.522390219	4.1340917344225577e-17
1.523596508	4.342772720213696e-17
1.524802796	4.5149325165636214e-17
1.526009084	4.678970474640231e-17
1.527215372	4.926800819397956e-17
1.52842166	5.2567418633856495e-17
1.529627949	5.670309137127356e-17
1.530834237	5.894583822879826e-17
1.532040525	5.853234226256695e-17
1.533246813	5.911381290150581e-17
1.534453102	6.003060693669691e-17
1.53565939	5.9402900154087e-17
1.536865678	5.907537966616317e-17
1.538071966	5.936969612121861e-17
1.539278254	5.969220400759831e-17
1.540484543	5.928144033635412e-17
1.541690831	5.866194618343644e-17
1.542897119	5.885233886904674e-17
1.544103407	6.008132458997318e-17
1.545309695	6.186173100481233e-17
1.546515984	6.374267789817706e-17
1.547722272	6.609752672401796e-17
1.54892856	6.730604583405286e-17
1.550134848	6.70415286076287e-17
1.551341136	6.569211356337196e-17
1.552547425	6.41755929218914e-17
1.553753713	6.312906753592106e-17
1.554960001	6.078555407516282e-17
1.556166289	5.753836808048579e-17
1.557372578	5.4578708620312323e-17
1.558578866	5.2519145717507235e-17
1.559785154	5.080546383009745e-17
1.560991442	4.945935353853078e-17
1.56219773	4.854464138330588e-17
1.563404019	4.8880012958927076e-17
1.564610307	5.0046817631415267e-17
1.565816595	5.226040569525492e-17
1.567022883	5.562286416277772e-17
1.568229171	5.943840767955894e-17
1.56943546	6.311992387061891e-17
1.570641748	6.716414274535253e-17
1.571848036	7.212794216883929e-17
1.573054324	7.765733677952264e-17
1.574260612	8.260171507738465e-17
1.575466901	8.638070033577583e-17
1.576673189	8.941245372571002e-17
1.577879477	9.032886761624355e-17
1.579085765	8.880990763979674e-17
1.580292054	8.546116788929619e-17
1.581498342	8.684472101014362e-17
1.58270463	8.77907529062884e-17
1.583910918	8.442710425482508e-17
1.585117206	8.066709593400902e-17
1.586323495	7.78968077531206e-17
1.587529783	7.739824955084734e-17
1.588736071	8.041253968822132e-17
1.589942359	8.411613147871619e-17
1.591148647	8.394726475113485e-17
1.592354936	8.026526347581657e-17
1.593561224	7.748957724746286e-17
1.594767512	7.648907438183226e-17
1.5959738	7.647090618824784e-17
1.597180088	7.307607482898595e-17
1.598386377	6.820377898994896e-17
1.599592665	6.615303933515678e-17
1.600798953	6.408836666893197e-17
1.602005241	6.028855864125747e-17
1.60321153	5.670404313791396e-17
1.604417818	5.307429154317769e-17
1.605624106	4.969404297431309e-17
1.606830394	4.5779211941368916e-17
1.608036682	4.135590339589496e-17
1.609242971	3.7990770028953037e-17
1.610449259	3.500482934200001e-17
1.611655547	3.1634438515383754e-17
1.612861835	2.8448569046849805e-17
1.614068123	2.539337326245017e-17
1.615274412	2.3047083872942284e-17
1.6164807	2.0610591793525166e-17
1.617686988	1.724018540286713e-17
1.618893276	1.4688424582655527e-17
1.620099564	1.299487950225536e-17
1.621305853	1.1622873066081751e-17
1.622512141	1.0489982125103782e-17
1.623718429	9.785049738618017e-18
1.624924717	9.362641821301665e-18
1.626131006	9.070431596280694e-18
1.627337294	8.755274354367089e-18
1.628543582	8.540701327401435e-18
1.62974987	8.454213105542371e-18
1.630956158	8.330110140854376e-18
1.632162447	8.095827436591042e-18
1.633368735	7.913518273652017e-18
1.634575023	7.775680009001786e-18
1.635781311	7.62341114743731e-18
1.636987599	7.533910588835639e-18
1.638193888	7.390277214021685e-18
1.639400176	7.174033320762011e-18
1.640606464	7.008324923598398e-18
1.641812752	7.042411049935741e-18
1.64301904	7.187728525084709e-18
1.644225329	7.19275667228818e-18
1.645431617	6.868168499935854e-18
1.646637905	6.486370923329839e-18
1.647844193	6.180300374768399e-18
1.649050482	5.9927416752543366e-18
1.65025677	5.890454652306707e-18
1.651463058	5.779210523600482e-18
1.652669346	5.684071464378259e-18
1.653875634	5.648154226147341e-18
1.655081923	5.687105664669071e-18
1.656288211	5.736351770248488e-18
1.657494499	5.809623306607185e-18
1.658700787	5.9072200784644605e-18
1.659907075	5.939449093979275e-18
1.661113364	5.877036250935233e-18
1.662319652	5.78515213199808e-18
1.66352594	5.7778304993516595e-18
1.664732228	5.914551263431982e-18
1.665938516	6.2489398107870585e-18
1.667144805	6.6545072920520835e-18
1.668351093	7.026207291897255e-18
1.669557381	7.238509858009898e-18
1.670763669	7.477706660098967e-18
1.671969958	7.835433338081468e-18
1.673176246	7.898647567873553e-18
1.674382534	7.704986070277956e-18
1.675588822	7.604547235753243e-18
1.67679511	7.34725396185746e-18
1.678001399	6.84651168778124e-18
1.679207687	6.545373560669246e-18
1.680413975	6.5020761912496965e-18
1.681620263	6.6136755844093064e-18
1.682826551	6.6980051823558956e-18
1.68403284	6.6281185099162886e-18
1.685239128	6.608373361954833e-18
1.686445416	6.684387261825563e-18
1.687651704	6.7129986986687345e-18
1.688857993	6.724613124682698e-18
1.690064281	6.759836596279947e-18
1.691270569	6.738669910830667e-18
1.692476857	6.680246294485108e-18
1.693683145	6.730234747945285e-18
1.694889434	6.730810993695172e-18
1.696095722	6.740831864097919e-18
1.69730201	6.747309322228166e-18
1.698508298	6.815742966666565e-18
1.699714586	7.047622640102818e-18
1.700920875	7.229439650282821e-18
1.702127163	7.324288170872267e-18
1.703333451	7.321912470127735e-18
1.704539739	7.10052339726849e-18
1.705746027	6.8122093942798904e-18
1.706952316	6.515216760293638e-18
1.708158604	6.258055316572735e-18
1.709364892	6.034596999435774e-18
1.71057118	5.8882153993715226e-18
1.711777469	5.90572456605156e-18
1.712983757	5.8275476095608936e-18
1.714190045	5.522299691205337e-18
1.715396333	5.334238515229077e-18
1.716602621	5.236328744950141e-18
1.71780891	5.119022590682231e-18
1.719015198	5.02653346272722e-18
1.720221486	5.004306052146846e-18
1.721427774	4.964661212796041e-18
1.722634062	5.002859509374948e-18
1.723840351	5.1966769446475346e-18
1.725046639	5.366979408901129e-18
1.726252927	5.395175985336521e-18
1.727459215	5.465149822838429e-18
1.728665503	5.4761359670390786e-18
1.729871792	5.3751949889198645e-18
1.73107808	5.291929815361634e-18
1.732284368	5.296833683462109e-18
1.733490656	5.451585951398719e-18
1.734696945	5.775303446160787e-18
1.735903233	6.12099373117867e-18
1.737109521	6.452450306978884e-18
1.738315809	6.8673940716212894e-18
1.739522097	7.244461142446861e-18
1.740728386	7.558094050472487e-18
1.741934674	7.783645598052462e-18
1.743140962	7.821714070267555e-18
1.74434725	7.687515921965873e-18
1.745553538	7.590472630205441e-18
1.746759827	7.474918058788126e-18
1.747966115	7.216839488917681e-18
1.749172403	6.972505635518138e-18
1.750378691	6.733956076028504e-18
1.751584979	6.462265051543611e-18
1.752791268	6.222864287741859e-18
1.753997556	5.8879038531899176e-18
1.755203844	5.603344020512407e-18
1.756410132	5.410818649168844e-18
1.757616421	5.3068014998857756e-18
1.758822709	5.325009443805419e-18
1.760028997	5.473532278523318e-18
1.761235285	5.787287158635484e-18
1.762441573	6.225953287699534e-18
1.763647862	6.620772583757472e-18
1.76485415	6.977900645383145e-18
1.766060438	7.29821407200626e-18
1.767266726	7.517868138739954e-18
1.768473014	7.499336434973969e-18
1.769679303	7.27602897174655e-18
1.770885591	6.885189545432684e-18
1.772091879	6.386091852134889e-18
1.773298167	5.9081502199455195e-18
1.774504455	5.476734790691627e-18
1.775710744	5.120613086495328e-18
1.776917032	4.787942537228346e-18
1.77812332	4.5023980772736175e-18
1.779329608	4.277915620899575e-18
1.780535897	4.127885504134941e-18
1.781742185	4.0438306859193095e-18
1.782948473	3.9660902724774765e-18
1.784154761	3.9111334155964165e-18
1.785361049	3.924005758463609e-18
1.786567338	4.015146918511099e-18
1.787773626	4.1871932196556134e-18
1.788979914	4.489653536694433e-18
1.790186202	4.926336312181909e-18
1.79139249	5.451938154835337e-18
1.792598779	6.070665988181049e-18
1.793805067	6.8144823836466776e-18
1.795011355	7.677865908201102e-18
1.796217643	8.651380690108108e-18
1.797423931	9.78764479247871e-18
1.79863022	1.1104732989080073e-17
1.799836508	1.2608073735975654e-17
1.801042796	1.4409850373457685e-17
1.802249084	1.6467149217594708e-17
1.803455373	1.8431380623551423e-17
1.804661661	2.0547216912059947e-17
1.805867949	2.317199205503426e-17
1.807074237	2.6168680350139807e-17
1.808280525	2.954471118720692e-17
1.809486814	3.343589055419024e-17
1.810693102	3.7950389016597974e-17
1.81189939	4.337315574137172e-17
1.813105678	4.9700790981927165e-17
1.814311966	5.668445448263587e-17
1.815518255	6.431016391782779e-17
1.816724543	7.292011199375825e-17
1.817930831	8.281754705469692e-17
1.819137119	8.806930969540464e-17
1.820343407	8.877384754674602e-17
1.821549696	9.299799419931625e-17
1.822755984	9.812959946373665e-17
1.823962272	1.0073011487998671e-16
1.82516856	1.0351083224034979e-16
1.826374849	1.0651124787574423e-16
1.827581137	1.0863028931001189e-16
1.828787425	1.0937337645672598e-16
1.829993713	0.
1.831200001	0.
1.83240629	0.
1.833612578	0.
1.834818866	0.
1.836025154	0.
1.837231442	0.
1.838437731	0.
1.839644019	0.
1.840850307	0.
1.842056595	0.
1.843262883	0.
1.844469172	0.
1.84567546	0.
1.846881748	0.
1.848088036	0.
1.849294325	0.
1.850500613	0.
1.851706901	0.
1.852913189	0.
1.854119477	0.
1.855325766	0.
1.856532054	0.
1.857738342	0.
1.85894463	0.
1.860150918	0.
1.861357207	0.
1.862563495	0.
1.863769783	0.
1.864976071	0.
1.866182359	0.
1.867388648	0.
1.868594936	0.
1.869801224	0.
1.871007512	0.
1.872213801	2.5172166156806395e-19
1.873420089	2.941610239232885e-19
1.874626377	4.178442360450472e-19
1.875832665	6.1407343487986325e-19
1.877038953	6.679293165771307e-19
1.878245242	8.24104861309074e-19
1.87945153	2.466114452707959e-18
1.880657818	-1.34051037189361e-17
1.881864106	-1.926080396966675e-18
1.883070394	-6.302911304339806e-19
1.884276683	5.339019087952857e-19
1.885482971	2.3018838106051125e-18
1.886689259	4.413018393056997e-18
1.887895547	5.895103480983587e-18
1.889101836	6.386145033310348e-18
1.890308124	5.7304958546716746e-18
1.891514412	2.862664253815592e-18
1.8927207	-3.0749434609541882e-18
1.893926988	-9.350083704104531e-18
1.895133277	-1.0217330955208022e-17
1.896339565	-8.704442650906304e-18
1.897545853	-6.991539647148089e-18
1.898752141	-4.898211901115662e-18
1.899958429	-1.4751309930814058e-18
1.901164718	5.109832186807429e-18
1.902371006	2.132084102093806e-17
1.903577294	-1.009401134485865e-16
1.904783582	-8.596102759703001e-18
1.90598987	5.164922174646982e-18
1.907196159	3.2240244751483245e-17
1.908402447	-1.1076593068727678e-16
1.909608735	-2.5560654804175747e-17
1.910815023	-1.3747016649957115e-17
1.912021312	-1.1157250880410555e-17
1.9132276	-9.01298213568219e-18
1.914433888	-4.33443812470131e-18
1.915640176	-7.286324763767448e-19
1.916846464	8.19218366370132e-19
1.918052753	1.298854129839102e-18
1.919259041	1.336138636643141e-18
1.920465329	1.2015145346594418e-18
1.921671617	9.556131757381093e-19
1.922877905	6.238805824800075e-19
1.924084194	3.1017164278375465e-19
1.925290482	-7.190487912640891e-20
1.92649677	-7.64542117510812e-19
1.927703058	-1.779627762468676e-18
1.928909346	-2.2808898626154285e-18
1.930115635	-8.642268936010209e-19
1.931321923	2.0564584620434807e-18
1.932528211	4.498404760863113e-18
1.933734499	5.1554018910500885e-18
1.934940788	4.37668402071026e-18
1.936147076	2.2940206904971053e-18
1.937353364	-9.675267094068408e-20
1.938559652	-1.4432416390382013e-18
1.93976594	-1.7503882569178644e-18
1.940972229	-1.5320394756309788e-18
1.942178517	-1.290549605735234e-18
1.943384805	-1.2232197208120767e-18
1.944591093	-1.390256045888982e-18
1.945797381	-1.6740149711342399e-18
1.94700367	-1.9543110546507506e-18
1.948209958	-2.0747232798547892e-18
1.949416246	-2.010445408232853e-18
1.950622534	-1.6752463209295715e-18
1.951828822	-1.3100931898912183e-18
1.953035111	-1.111785871017547e-18
1.954241399	-1.174550897047375e-18
1.955447687	-1.6251837967953441e-18
1.956653975	-2.325314110296868e-18
1.957860264	-2.2587739338067526e-18
1.959066552	-8.859050152848735e-19
1.96027284	6.548480286735399e-19
1.961479128	1.7561633330249434e-18
1.962685416	2.3648256406718027e-18
1.963891705	2.4816233469623826e-18
1.965097993	1.9594896981733776e-18
1.966304281	1.2450728779267826e-18
1.967510569	8.2050175720462e-19
1.968716857	8.150840127811271e-19
1.969923146	1.113725634615546e-18
1.971129434	1.644278802721227e-18
1.972335722	2.2083062027215727e-18
1.97354201	2.5357748825167684e-18
1.974748298	2.5827218628266036e-18
1.975954587	2.4093370240048525e-18
1.977160875	2.087011779643447e-18
1.978367163	1.826606075852763e-18
1.979573451	1.799569351237001e-18
1.98077974	1.924267621714612e-18
1.981986028	2.011927247576279e-18
1.983192316	1.9492077141262927e-18
1.984398604	1.809263176021693e-18
1.985604892	1.6508570793778592e-18
1.986811181	1.4426441382073063e-18
1.988017469	1.212305550974153e-18
1.989223757	1.045978597567536e-18
1.990430045	9.1807973181929e-19
1.991636333	8.01454800510621e-19
1.992842622	7.994156391742758e-19
1.99404891	1.0320222570147466e-18
1.995255198	1.4840243600761832e-18
1.996461486	2.0852607042148596e-18
1.997667774	2.8395875240742085e-18
1.998874063	3.6831413058623094e-18
2.000080351	4.316091013386695e-18
2.001286639	4.5267171780393814e-18
2.002492927	3.9337002380650395e-18
2.003699216	2.276150403940715e-18
2.004905504	2.9101630669073215e-19
2.006111792	-6.444668586097453e-19
2.00731808	-5.47307018795903e-19
2.008524368	4.98471912263218e-20
2.009730657	7.906560595335474e-19
2.010936945	1.4139065244624268e-18
2.012143233	1.7367713390919408e-18
2.013349521	1.6936798167231093e-18
2.014555809	1.162271012490566e-18
2.015762098	4.0262050726052323e-19
2.016968386	-1.563510531466084e-19
2.018174674	-3.047152163074175e-19
2.019380962	-5.516616066367368e-20
2.02058725	5.039073440173709e-19
2.021793539	1.1210303097746884e-18
2.022999827	1.6006959924735225e-18
2.024206115	1.8518005517954363e-18
2.025412403	1.89183424541099e-18
2.026618692	1.7262228215263206e-18
2.02782498	1.4836430478221597e-18
2.029031268	1.2887124692165744e-18
2.030237556	1.1738022322403241e-18
2.031443844	1.0932227097641859e-18
2.032650133	1.065799028041452e-18
2.033856421	1.152460101756867e-18
2.035062709	1.3314316105616717e-18
2.036268997	1.6133431429982154e-18
2.037475285	2.079188188139197e-18
2.038681574	2.6534078168852645e-18
2.039887862	2.715780639891495e-18
2.04109415	1.79722762128348e-18
2.042300438	3.9743058697941735e-19
2.043506726	-6.352405927385701e-19
2.044713015	-8.133422811186154e-19
2.045919303	-4.813379999969073e-19
2.047125591	1.0399536557050987e-19
2.048331879	8.139505829825545e-19
2.049538168	1.4441700266495395e-18
2.050744456	1.8816487056657007e-18
2.051950744	2.1955098375879284e-18
2.053157032	2.4084978737112043e-18
2.05436332	2.269083108821118e-18
2.055569609	1.5843676569104625e-18
2.056775897	6.65564671994787e-19
2.057982185	-3.196043385854952e-20
2.059188473	-3.3178846563100083e-19
2.060394761	-4.1301445175980897e-19
2.06160105	-3.9516358243654837e-19
2.062807338	-3.096009619296745e-19
2.064013626	-1.6683729366750075e-19
2.065219914	6.883694438224309e-20
2.066426202	4.867664311858684e-19
2.067632491	1.1511576732267115e-18
2.068838779	1.7797576087149304e-18
2.070045067	2.0867069541174546e-18
2.071251355	1.9441496555374248e-18
2.072457644	1.413913440358814e-18
2.073663932	6.163872608986161e-19
2.07487022	-9.781266294178973e-20
2.076076508	-4.0981024127708443e-19
2.077282796	-3.5226282507570243e-19
2.078489085	-1.2090259041215714e-19
2.079695373	1.4549864999883226e-19
2.080901661	3.898127027700138e-19
2.082107949	5.36839258033257e-19
2.083314237	5.932342160805019e-19
2.084520526	5.696903811433253e-19
2.085726814	4.773118861858543e-19
2.086933102	3.794313374208882e-19
2.08813939	3.2990078478721135e-19
2.089345678	2.9509296541502464e-19
2.090551967	2.351632708142814e-19
2.091758255	1.4599888603293183e-19
2.092964543	4.814542773153033e-20
2.094170831	-3.3863201289356e-20
2.09537712	-6.729011459168855e-20
2.096583408	-1.7970886851983268e-20
2.097789696	8.316548606695532e-20
2.098995984	1.6808739513269285e-19
2.100202272	1.9436750102027615e-19
2.101408561	1.943108623429771e-19
2.102614849	1.9876815248883942e-19
2.103821137	1.975000016562861e-19
2.105027425	1.7233693591045769e-19
2.106233713	1.1491036154612414e-19
2.107440002	3.089713898140821e-20
2.10864629	-7.393673003965431e-20
2.109852578	-1.7021201153705375e-19
2.111058866	-2.2207025669145946e-19
2.112265155	-2.1176143731472532e-19
2.113471443	-1.4418523756076894e-19
2.114677731	-2.3169441225681295e-20
2.115884019	8.166796522124804e-20
2.117090307	7.053912339126862e-20
2.118296596	6.92717850605986e-21
2.119502884	4.908005028834962e-20
2.120709172	2.70069595174817e-19
2.12191546	4.610632716392861e-19
2.123121748	4.2792619893991816e-19
2.124328037	2.1865460000159437e-19
2.125534325	-4.688271564335378e-20
2.126740613	-2.587848814550426e-19
2.127946901	-3.5833717659165336e-19
2.129153189	-2.924850114481407e-19
2.130359478	-1.3591057898208926e-19
2.131565766	7.26046035740858e-21
2.132772054	9.260806514606089e-20
2.133978342	1.4556255580591194e-19
2.135184631	1.8399697654036908e-19
2.136390919	1.749994245546834e-19
2.137597207	7.573809600993629e-20
2.138803495	-4.9261822432573173e-20
2.140009783	-8.56074577887375e-20
2.141216072	2.6258236722333728e-20
2.14242236	1.4699316979099823e-19
2.143628648	1.1538111924672566e-19
2.144834936	9.64907010681291e-20
2.146041224	3.731538425226627e-19
2.147247513	9.840202361660431e-19
2.148453801	1.4918862880617983e-18
2.149660089	1.5246343516619984e-18
2.150866377	1.1444463747958695e-18
2.152072665	4.671500051874983e-19
2.153278954	-3.055707278686476e-19
2.154485242	-8.633399066292046e-19
2.15569153	-9.50295494798599e-19
2.156897818	-7.627354138020831e-19
2.158104107	-5.411714797983011e-19
2.159310395	-3.4572904074761495e-19
2.160516683	-1.4558317253456391e-19
2.161722971	6.667888125537794e-20
2.162929259	2.7327732846622523e-19
2.164135548	4.661286893904396e-19
2.165341836	6.546304488012915e-19
2.166548124	8.183498409178618e-19
2.167754412	8.196899997297605e-19
2.1689607	6.7122949669202435e-19
2.170166989	3.7531390813410557e-19
2.171373277	1.050599429468902e-19
2.172579565	5.848948200846923e-20
2.173785853	2.8899840203542936e-19
2.174992141	7.229880953018929e-19
2.17619843	1.2664286886713104e-18
2.177404718	1.661848167641431e-18
2.178611006	1.620282690324437e-18
2.179817294	1.1669912404560773e-18
2.181023583	5.780824619596098e-19
2.182229871	3.532016427538989e-20
2.183436159	-2.7000895768602735e-19
2.184642447	-7.751072492930437e-20
2.185848735	2.837222615880102e-19
2.187055024	3.169746834219642e-19
2.188261312	-1.2086897626066143e-19
2.1894676	-5.034954301083331e-19
2.190673888	-3.709616351954361e-19
2.191880176	1.7747838195095545e-19
2.193086465	1.0180274291695754e-18
2.194292753	1.7902948621127238e-18
2.195499041	1.961702089752095e-18
2.196705329	1.1717540734844008e-18
2.197911617	1.0413066023697266e-19
2.199117906	-3.78639687777625e-19
2.200324194	-2.1171536751014733e-19
2.201530482	1.7609229878975707e-19
2.20273677	4.2878591389508617e-19
2.203943059	5.043741277103245e-19
2.205149347	3.4261405823920965e-19
2.206355635	9.918358359568767e-20
2.207561923	1.8187924354971547e-20
2.208768211	2.022150521951331e-19
2.2099745	4.650528657092315e-19
2.211180788	6.595304984323038e-19
2.212387076	6.532987765858222e-19
2.213593364	2.977222520953514e-19
2.214799652	-2.915401858855683e-19
2.216005941	-7.489377422210889e-19
2.217212229	-7.671911114186546e-19
2.218418517	-4.927503987195463e-19
2.219624805	-1.1121399049799093e-19
2.220831093	2.7652583080862826e-19
2.222037382	6.144249259041671e-19
2.22324367	8.316162286222746e-19
2.224449958	8.451688152511271e-19
2.225656246	5.807053589236483e-19
2.226862535	2.5201551301182097e-19
2.228068823	1.8478091042869444e-19
2.229275111	4.636114838352584e-19
2.230481399	7.682963409025725e-19
2.231687687	8.192859536079615e-19
2.232893976	7.0865528766238775e-19
2.234100264	5.628304380041171e-19
2.235306552	4.724720541866576e-19
2.23651284	5.088649503565531e-19
2.237719128	7.281963811378998e-19
2.238925417	9.527966237771658e-19
2.240131705	9.671387988298587e-19
2.241337993	8.051236491414709e-19
2.242544281	5.986953999327592e-19
2.243750569	4.341551392834883e-19
2.244956858	3.1118699155351064e-19
2.246163146	2.416303474849977e-19
2.247369434	1.947741473710391e-19
2.248575722	1.1970159094855703e-19
2.249782011	-7.531703186513112e-21
2.250988299	-1.5934022308333506e-19
2.252194587	-3.1760929064707105e-19
2.253400875	-4.55120995929188e-19
2.254607163	-5.328772272728256e-19
2.255813452	-5.450764881562685e-19
2.25701974	-5.360189461890317e-19
2.258226028	-5.352861525422431e-19
2.259432316	-5.262327826906379e-19
2.260638604	-5.070522643948127e-19
2.261844893	-4.17087107994298e-19
2.263051181	-1.5445468685481922e-19
2.264257469	2.6196769170562483e-19
2.265463757	6.091785766306888e-19
2.266670045	7.34491445838821e-19
2.267876334	6.747330783029454e-19
2.269082622	5.149780830106006e-19
2.27028891	3.219362333385251e-19
2.271495198	1.5236993707562516e-19
2.272701487	7.438268048811378e-20
2.273907775	5.454653721972799e-20
2.275114063	3.750305573324332e-20
2.276320351	2.091896752582996e-21
2.277526639	-4.503396490819254e-20
2.278732928	-1.0008260540765756e-19
2.279939216	-1.1495747323803146e-19
2.281145504	-3.028987554078508e-20
2.282351792	1.1852832453259985e-19
2.28355808	2.2614271974975504e-19
2.284764369	2.296450373570262e-19
2.285970657	1.9709570871365588e-19
2.287176945	1.7940846025712464e-19
2.288383233	1.825093599518858e-19
2.289589521	2.03294362270799e-19
2.29079581	2.435156634289814e-19
2.292002098	3.1070836148390075e-19
2.293208386	4.100346015148002e-19
2.294414674	5.347787298333421e-19
2.295620963	6.67449262603333e-19
2.296827251	7.698707553312172e-19
2.298033539	7.751365795075428e-19
2.299239827	6.326696008761033e-19
2.300446115	4.451157294033813e-19
2.301652404	3.122131068154537e-19
2.302858692	2.7733909319831115e-19
2.30406498	3.6760753031871735e-19
2.305271268	5.724745737323781e-19
2.306477556	7.711704101162629e-19
2.307683845	8.527052154476148e-19
2.308890133	8.007571277367581e-19
2.310096421	6.184045495146803e-19
2.311302709	3.644565189043139e-19
2.312508997	2.0657886562220496e-19
2.313715286	2.908077808232116e-19
2.314921574	5.256564515855121e-19
2.316127862	8.032204563451053e-19
2.31733415	9.60995193246744e-19
2.318540439	7.67161057962592e-19
2.319746727	1.155813627699947e-19
2.320953015	-4.625743674146373e-19
2.322159303	-5.064150279444187e-19
2.323365591	-1.5616292977627583e-19
2.32457188	2.319448065798677e-19
2.325778168	4.402436561097642e-19
2.326984456	4.956172140213969e-19
2.328190744	3.9258863452239897e-19
2.329397032	2.433040452433498e-19
2.330603321	2.0138606830334236e-19
2.331809609	3.1240581323293303e-19
2.333015897	4.1910782433884013e-19
2.334222185	3.811875386406332e-19
2.335428474	2.898591595166478e-19
2.336634762	2.543757945829857e-19
2.33784105	2.950763533584067e-19
2.339047338	3.620906625050465e-19
2.340253626	4.164332311266368e-19
2.341459915	4.3307553403852295e-19
2.342666203	3.7003159333113213e-19
2.343872491	2.825928991988768e-19
2.345078779	2.6911628533282764e-19
2.346285067	3.826186685780493e-19
2.347491356	5.881601721425942e-19
2.348697644	8.736391310445955e-19
2.349903932	1.0714693209491524e-18
2.35111022	9.539379400454832e-19
2.352316508	5.312118977856181e-19
2.353522797	1.867945771186059e-19
2.354729085	2.2705591353409227e-19
2.355935373	4.4891799697100095e-19
2.357141661	6.463347616968143e-19
2.35834795	7.223328814872643e-19
2.359554238	6.224057928392932e-19
2.360760526	3.4722116967108095e-19
2.361966814	6.117832387990726e-20
2.363173102	-1.0083676306523072e-19
2.364379391	-8.297646919819395e-20
2.365585679	1.5655425441701042e-19
2.366791967	6.368962087562414e-19
2.367998255	1.2068132496004326e-18
2.369204543	1.6399437310815944e-18
2.370410832	1.7547171570294036e-18
2.37161712	1.3572769704427517e-18
2.372823408	6.811302282008748e-19
2.374029696	1.9593965226989513e-19
2.375235984	1.1502147102273447e-19
2.376442273	1.8697719007865742e-19
2.377648561	1.4927972519107351e-19
2.378854849	1.2850821225498898e-20
2.380061137	-2.1928568793369365e-20
2.381267426	1.6013829524260403e-19
2.382473714	4.378258155827947e-19
2.383680002	7.500136746979933e-19
2.38488629	1.02288588484246e-18
2.386092578	1.1113671646513425e-18
2.387298867	9.033477888894177e-19
2.388505155	5.055676962502098e-19
2.389711443	1.3028208730280253e-19
2.390917731	-6.156844907969948e-20
2.392124019	-3.2764564928677276e-20
2.393330308	1.6098523648683017e-19
2.394536596	3.865819794903924e-19
2.395742884	5.379235967973933e-19
2.396949172	5.759013636211559e-19
2.39815546	4.486566528680586e-19
2.399361749	2.386091439671455e-19
2.400568037	1.155744424763668e-19
2.401774325	1.9693118306409372e-19
2.402980613	3.4528382853007755e-19
2.404186902	4.075317620207628e-19
2.40539319	3.8320238402359395e-19
2.406599478	3.4793346046391717e-19
2.407805766	3.557161832880785e-19
2.409012054	3.9507973890038274e-19
2.410218343	4.441218796239689e-19
2.411424631	5.930396393848564e-19
2.412630919	9.737488580958221e-19
2.413837207	1.5699198046075447e-18
2.415043495	2.0437340961529824e-18
2.416249784	2.0308674410313764e-18
2.417456072	1.482647776652335e-18
2.41866236	5.981867952620856e-19
2.419868648	-2.213507039715446e-19
2.421074936	-6.209348913660247e-19
2.422281225	-4.240168691580073e-19
2.423487513	-1.405920474264845e-20
2.424693801	2.8707449105292987e-19
2.425900089	4.3202614357846915e-19
2.427106378	4.410694212639508e-19
2.428312666	4.2430890020667596e-19
2.429518954	7.889849537468642e-19
2.430725242	1.9614226471173288e-18
2.43193153	3.492401235374523e-18
2.433137819	4.63138147327271e-18
2.434344107	4.576327596747773e-18
2.435550395	2.7502506477301857e-18
2.436756683	-4.906491245185443e-19
2.437962971	-2.7306787133825124e-18
2.43916926	-2.856063522875979e-18
2.440375548	-1.4533060954897153e-18
2.441581836	6.689540951567318e-19
2.442788124	3.256935910320724e-18
2.443994412	5.820963723381275e-18
2.445200701	7.414199334632715e-18
2.446406989	7.777137433065024e-18
2.447613277	7.074836391236435e-18
2.448819565	5.646899608785944e-18
2.450025854	3.6421345387519054e-18
2.451232142	1.6649588996777807e-18
2.45243843	4.874892620379788e-20
2.453644718	-1.2254158616882548e-18
2.454851006	-2.0294771477406837e-18
2.456057295	-2.033605998114776e-18
2.457263583	-1.0704422156910732e-18
2.458469871	4.449685837584665e-19
2.459676159	2.145659140285444e-18
2.460882447	3.577813268495576e-18
2.462088736	4.20398009173189e-18
2.463295024	3.4963589761253775e-18
2.464501312	2.22843347597517e-18
2.4657076	1.3275871327310074e-18
2.466913888	1.1707925913995853e-18
2.468120177	1.9341055204503642e-18
2.469326465	3.582936806867544e-18
2.470532753	4.9678616177309264e-18
2.471739041	4.352849882533677e-18
2.47294533	2.425779945243934e-18
2.474151618	5.319277161229788e-19
2.475357906	-3.9907687210484093e-19
2.476564194	-1.2265501649740376e-19
2.477770482	1.563527975995833e-18
2.478976771	4.0055393005109345e-18
2.480183059	6.163117539902385e-18
2.481389347	7.19879745755712e-18
2.482595635	6.919119206205651e-18
2.483801923	5.483685855717287e-18
2.485008212	3.939226369181654e-18
2.4862145	3.230044367715166e-18
2.487420788	3.1641340400272976e-18
2.488627076	3.392932190584473e-18
2.489833364	3.806139736486575e-18
2.491039653	4.580020817241618e-18
2.492245941	6.062274413781019e-18
2.493452229	7.311907673997537e-18
2.494658517	6.255881974331965e-18
2.495864806	3.0851390523574995e-18
2.497071094	6.00587843765121e-19