0.45	4.3219028562170227e-17
0.451155239	4.535073299995492e-17
0.452310479	4.1050260763793696e-17
0.453465718	3.734545907746572e-17
0.454620957	3.9442063921596874e-17
0.455776196	4.2798339884912765e-17
0.456931436	4.688360211145498e-17
0.458086675	4.622988610028752e-17
0.459241914	4.8144026896927086e-17
0.460397153	4.972351140152322e-17
0.461552393	4.920727287862545e-17
0.462707632	4.656330316266981e-17
0.463862871	4.8178969201198025e-17
0.46501811	4.916693917973495e-17
0.46617335	5.319710306765444e-17
0.467328589	5.558024000576344e-17
0.468483828	5.600906841902439e-17
0.469639068	5.522120826941263e-17
0.470794307	5.650493160510911e-17
0.471949546	5.323469262866786e-17
0.473104785	5.595808491043585e-17
0.474260025	5.967070250526297e-17
0.475415264	5.94756654459365e-17
0.476570503	5.774319767918032e-17
0.477725742	5.450363045186843e-17
0.478880982	5.868585040481506e-17
0.480036221	5.917339471331491e-17
0.48119146	6.156530813296011e-17
0.4823467	6.985816852459754e-17
0.483501939	7.841578630062273e-17
0.484657178	7.306255479190334e-17
0.485812417	5.1423116596797767e-17
0.486967657	5.705004487851179e-17
0.488122896	6.307724019765135e-17
0.489278135	6.840343370352692e-17
0.490433374	6.906543618271734e-17
0.491588614	7.212681140148685e-17
0.492743853	7.014170577878146e-17
0.493899092	7.21360077037399e-17
0.495054331	7.070641751437489e-17
0.496209571	6.574004353495577e-17
0.49736481	5.892769067300904e-17
0.498520049	6.033939460849728e-17
0.499675289	5.318921204572428e-17
0.500830528	5.100323466463665e-17
0.501985767	5.3862001793477566e-17
0.503141006	5.787669074041995e-17
0.504296246	5.983371472375027e-17
0.505451485	5.925031312408387e-17
0.506606724	6.185951634104287e-17
0.507761963	6.122513481959475e-17
0.508917203	5.724305155218955e-17
0.510072442	5.914224399144657e-17
0.511227681	6.05393612050353e-17
0.512382921	5.928405572478044e-17
0.51353816	5.852779547410229e-17
0.514693399	5.754863643427296e-17
0.515848638	5.1968370459569786e-17
0.517003878	4.794592051534942e-17
0.518159117	4.966229888579178e-17
0.519314356	4.984006244602433e-17
0.520469595	5.170452645082043e-17
0.521624835	5.923033020867273e-17
0.522780074	7.341187463952069e-17
0.523935313	7.55220239480482e-17
0.525090552	7.286392165810741e-17
0.526245792	7.34789037995844e-17
0.527401031	7.124606946049356e-17
0.52855627	7.951894719700924e-17
0.52971151	9.051745195503158e-17
0.530866749	9.387671174738167e-17
0.532021988	8.75556628405341e-17
0.533177227	8.169787935174156e-17
0.534332467	8.76413342824458e-17
0.535487706	9.090781518491694e-17
0.536642945	9.415649698640668e-17
0.537798184	9.142661596143375e-17
0.538953424	8.715437908426161e-17
0.540108663	9.01625697125796e-17
0.541263902	8.920404814726674e-17
0.542419142	8.95442373412153e-17
0.543574381	9.030732504848379e-17
0.54472962	9.067803942448244e-17
0.545884859	8.745220193150686e-17
0.547040099	8.548549365642626e-17
0.548195338	8.59735375451403e-17
0.549350577	8.441454624276642e-17
0.550505816	8.30724757595811e-17
0.551661056	8.6579938686373e-17
0.552816295	9.315579195013914e-17
0.553971534	9.619968745660735e-17
0.555126773	9.825596378773419e-17
0.556282013	1.0012645708270277e-16
0.557437252	9.739348289176989e-17
0.558592491	9.725440521802598e-17
0.559747731	9.428284907875499e-17
0.56090297	9.261540786481038e-17
0.562058209	9.122366497834788e-17
0.563213448	8.905793909914589e-17
0.564368688	9.219685538347035e-17
0.565523927	9.54245480808623e-17
0.566679166	9.240813601125007e-17
0.567834405	9.504648165795572e-17
0.568989645	1.0184779927585162e-16
0.570144884	9.560656720952657e-17
0.571300123	9.563686754827468e-17
0.572455362	1.018071842315311e-16
0.573610602	1.0588512502641573e-16
0.574765841	1.0226657610215054e-16
0.57592108	1.0472755009076695e-16
0.57707632	1.0338942698237533e-16
0.578231559	9.741871657620456e-17
0.579386798	9.675409634559002e-17
0.580542037	1.0359982411452335e-16
0.581697277	1.1145046890503e-16
0.582852516	1.1393832390913668e-16
0.584007755	1.112999426274471e-16
0.585162994	1.0841486935761652e-16
0.586318234	1.0959463934086262e-16
0.587473473	9.58101676706382e-17
0.588628712	7.397683119230115e-17
0.589783952	8.027739301466779e-17
0.590939191	9.227126119011884e-17
0.59209443	9.843953128248561e-17
0.593249669	9.88508062032776e-17
0.594404909	9.971219654616484e-17
0.595560148	1.0233686095455632e-16
0.596715387	1.0460592473925496e-16
0.597870626	1.0566818231685993e-16
0.599025866	1.0306775749967944e-16
0.600181105	1.0072444673955477e-16
0.601336344	1.0249082430927186e-16
0.602491583	1.0993389346211433e-16
0.603646823	1.1009917261391437e-16
0.604802062	1.1451580307492777e-16
0.605957301	1.169977332724623e-16
0.607112541	1.1654316424315172e-16
0.60826778	1.1264657057012244e-16
0.609423019	1.1025763098180407e-16
0.610578258	1.1369328158281904e-16
0.611733498	1.0767311016097345e-16
0.612888737	1.0330886425692876e-16
0.614043976	1.0645013611626098e-16
0.615199215	1.0711284772111115e-16
0.616354455	1.0101934569562146e-16
0.617509694	9.25246862616593e-17
0.618664933	9.563285753725015e-17
0.619820173	9.694513191703564e-17
0.620975412	9.224201917010807e-17
0.622130651	8.674138502093248e-17
0.62328589	8.283871806270939e-17
0.62444113	8.287328927737606e-17
0.625596369	8.773033602027755e-17
0.626751608	8.903167764697857e-17
0.627906847	9.037478831903061e-17
0.629062087	9.333091424822862e-17
0.630217326	9.519376435466725e-17
0.631372565	9.616355091640312e-17
0.632527804	9.824918493456907e-17
0.633683044	9.908610481222615e-17
0.634838283	9.69437574813667e-17
0.635993522	9.813653175360631e-17
0.637148762	9.621479007896712e-17
0.638304001	9.862066884459367e-17
0.63945924	9.959416512910627e-17
0.640614479	1.0085586622946036e-16
0.641769719	1.0120198258353122e-16
0.642924958	1.000654548178358e-16
0.644080197	1.0036724634607587e-16
0.645235436	1.0198804069227185e-16
0.646390676	1.0662787326783444e-16
0.647545915	1.0577497007845794e-16
0.648701154	1.0023995283796369e-16
0.649856394	9.940566863452965e-17
0.651011633	1.0295422792952065e-16
0.652166872	1.0673213072361736e-16
0.653322111	1.1054393220976398e-16
0.654477351	1.1493954440656248e-16
0.65563259	1.151917214735643e-16
0.656787829	1.266751311089963e-16
0.657943068	1.2023576137622463e-16
0.659098308	1.0210415266923118e-16
0.660253547	9.445927097981391e-17
0.661408786	9.04496714678698e-17
0.662564025	8.909229654870063e-17
0.663719265	8.805893345233405e-17
0.664874504	8.563893234559927e-17
0.666029743	8.327529897760656e-17
0.667184983	8.220931477887214e-17
0.668340222	8.131126641606132e-17
0.669495461	8.070071661528515e-17
0.6706507	7.896236361551457e-17
0.67180594	7.759767032005373e-17
0.672961179	7.725146917353692e-17
0.674116418	7.62406940688695e-17
0.675271657	7.766361960828201e-17
0.676426897	8.181848724497279e-17
0.677582136	8.083010802998521e-17
0.678737375	7.812700727667509e-17
0.679892614	7.882481029769354e-17
0.681047854	8.131787292422235e-17
0.682203093	8.33696119808308e-17
0.683358332	8.42569546225624e-17
0.684513572	8.524004610827073e-17
0.685668811	9.601538619025683e-17
0.68682405	1.077092626312978e-16
0.687979289	1.1103251459201878e-16
0.689134529	1.1181677321362566e-16
0.690289768	1.049483182051563e-16
0.691445007	9.252066594979128e-17
0.692600246	8.660357924671734e-17
0.693755486	8.719702442879649e-17
0.694910725	8.700621828016173e-17
0.696065964	8.845666831569453e-17
0.697221204	9.109607145528671e-17
0.698376443	9.068721607107069e-17
0.699531682	8.962774851421972e-17
0.700686921	8.956036185818126e-17
0.701842161	9.107103755331289e-17
0.7029974	9.185587070675404e-17
0.704152639	9.229883927060454e-17
0.705307878	8.961093463016526e-17
0.706463118	8.268338239175369e-17
0.707618357	7.781572537705111e-17
0.708773596	7.637249309643415e-17
0.709928835	7.49316629073536e-17
0.711084075	7.33775276497765e-17
0.712239314	6.906806989539168e-17
0.713394553	6.706484243542058e-17
0.714549793	6.831452647714046e-17
0.715705032	7.238890560116444e-17
0.716860271	8.115067049137745e-17
0.71801551	9.042559882815702e-17
0.71917075	9.251531225034648e-17
0.720325989	8.607206073195788e-17
0.721481228	8.276482997544496e-17
0.722636467	8.505654003808882e-17
0.723791707	9.232078247484513e-17
0.724946946	9.78439630029215e-17
0.726102185	9.645900525839652e-17
0.727257425	9.752530319364521e-17
0.728412664	1.0006704322736247e-16
0.729567903	9.643240955029562e-17
0.730723142	8.948844645852373e-17
0.731878382	8.826634903347624e-17
0.733033621	8.939774053314943e-17
0.73418886	8.946713170830292e-17
0.735344099	9.048493005034704e-17
0.736499339	9.276721753449406e-17
0.737654578	9.327356101064663e-17
0.738809817	9.382964786652568e-17
0.739965056	9.61272252285827e-17
0.741120296	9.651362568021944e-17
0.742275535	9.486545108468473e-17
0.743430774	9.315348828626653e-17
0.744586014	9.4542540912928e-17
0.745741253	9.628355172568037e-17
0.746896492	9.417591146514938e-17
0.748051731	9.453332088940024e-17
0.749206971	9.526874005121826e-17
0.75036221	9.75006249326829e-17
0.751517449	9.980428933437413e-17
0.752672688	1.01168620140283e-16
0.753827928	1.0068832715393073e-16
0.754983167	1.006318070694321e-16
0.756138406	1.0244077858114143e-16
0.757293646	1.078387275737718e-16
0.758448885	1.252017230948584e-16
0.759604124	1.438514189044863e-16
0.760759363	1.3074702406358744e-16
0.761914603	1.044918165385551e-16
0.763069842	1.0591125664586315e-16
0.764225081	1.083054081779001e-16
0.76538032	1.0674192013258973e-16
0.76653556	1.0694373884290818e-16
0.767690799	1.1202808951363007e-16
0.768846038	1.1812886692218928e-16
0.770001277	1.1739259119693204e-16
0.771156517	1.1501074219393775e-16
0.772311756	1.1515084108342736e-16
0.773466995	1.1636195504608708e-16
0.774622235	1.1718431468595642e-16
0.775777474	1.1927209919369682e-16
0.776932713	1.1760303378541145e-16
0.778087952	1.1908717080241923e-16
0.779243192	1.2276908569921208e-16
0.780398431	1.2228781231935715e-16
0.78155367	1.215152478672885e-16
0.782708909	1.1993986572924189e-16
0.783864149	1.167137782535412e-16
0.785019388	1.134170515616235e-16
0.786174627	1.1525496535481814e-16
0.787329866	1.1536595544250366e-16
0.788485106	1.1178367137253235e-16
0.789640345	1.0720835357100419e-16
0.790795584	1.0627154411086128e-16
0.791950824	1.0798676395765424e-16
0.793106063	1.1019693309567114e-16
0.794261302	1.0859225880175795e-16
0.795416541	1.1037155175032401e-16
0.796571781	1.1521223102388056e-16
0.79772702	1.1624109872216543e-16
0.798882259	1.1550841866168899e-16
0.800037498	1.1595040522682538e-16
0.801192738	1.1556058924188876e-16
0.802347977	1.1528456976659079e-16
0.803503216	1.1452986399816416e-16
0.804658456	1.1417717103988128e-16
0.805813695	1.113851965699685e-16
0.806968934	1.079026016955326e-16
0.808124173	1.0644127146892093e-16
0.809279413	1.0679570964595252e-16
0.810434652	1.0477744558128703e-16
0.811589891	1.0484805832570635e-16
0.81274513	1.0772871253702206e-16
0.81390037	1.0885728913313838e-16
0.815055609	1.0780708603131785e-16
0.816210848	1.0547834969399316e-16
0.817366087	1.0532068417677237e-16
0.818521327	1.050306622197072e-16
0.819676566	1.0401213433964664e-16
0.820831805	1.0438735382279005e-16
0.821987045	1.067482537841214e-16
0.823142284	1.0724572306941781e-16
0.824297523	1.0778145382334258e-16
0.825452762	1.1022509979903606e-16
0.826608002	1.135577440394996e-16
0.827763241	1.1137319586111264e-16
0.82891848	1.0701111002111763e-16
0.830073719	1.0258029602798436e-16
0.831228959	1.0073473840591727e-16
0.832384198	1.0255859845423438e-16
0.833539437	1.02486298115832e-16
0.834694677	1.0067322100050386e-16
0.835849916	1.0099556291175268e-16
0.837005155	1.0143933031589062e-16
0.838160394	9.878192719599393e-17
0.839315634	9.715148070861869e-17
0.840470873	1.040351128503586e-16
0.841626112	1.0299982323742319e-16
0.842781351	1.0668354003578712e-16
0.843936591	1.0260027142730846e-16
0.84509183	1.0986964817697678e-16
0.846247069	1.0779611833259117e-16
0.847402308	1.0622887237048608e-16
0.848557548	1.1114450149600617e-16
0.849712787	1.1075558500270755e-16
0.850868026	9.405288813460187e-17
0.852023266	1.0012737485027281e-16
0.853178505	1.0071094978617053e-16
0.854333744	9.314602794097288e-17
0.855488983	8.563063536206861e-17
0.856644223	1.0210227914379858e-16
0.857799462	1.0738396452934985e-16
0.858954701	1.026990127737457e-16
0.86010994	9.529801558957555e-17
0.86126518	1.0503532518877601e-16
0.862420419	1.076967758526365e-16
0.863575658	1.0931478304290918e-16
0.864730898	1.091768229272335e-16
0.865886137	1.0091921100716367e-16
0.867041376	8.383335747745698e-17
0.868196615	8.901936203796204e-17
0.869351855	1.0211319551314608e-16
0.870507094	1.081567538725337e-16
0.871662333	1.0884095072578362e-16
0.872817572	1.1088018856671966e-16
0.873972812	1.096572049408499e-16
0.875128051	1.0096081124266645e-16
0.87628329	1.0818232995596409e-16
0.877438529	1.1064375491572243e-16
0.878593769	1.0996936750135296e-16
0.879749008	1.0820390052667384e-16
0.880904247	1.0715983889048208e-16
0.882059487	1.0918517704693745e-16
0.883214726	1.1011204732216212e-16
0.884369965	1.1116674246908746e-16
0.885525204	1.0529632234039277e-16
0.886680444	9.60933433855296e-17
0.887835683	1.0287091676009081e-16
0.888990922	1.0568546520194871e-16
0.890146161	1.0574660577163593e-16
0.891301401	1.048814000630263e-16
0.89245664	1.0278621765335226e-16
0.893611879	1.0252298836165731e-16
0.894767119	1.0269567920504057e-16
0.895922358	1.0252057477159954e-16
0.897077597	1.0125871174284882e-16
0.898232836	9.990425595383411e-17
0.899388076	9.490266941637744e-17
0.900543315	9.091510730364945e-17
0.901698554	8.533510953018995e-17
0.902853793	9.511239300642863e-17
0.904009033	1.0044664917867857e-16
0.905164272	1.0340281664525752e-16
0.906319511	1.0429262329392277e-16
0.90747475	1.0462062157371521e-16
0.90862999	9.954746963110449e-17
0.909785229	9.363828651388884e-17
0.910940468	9.002452099577114e-17
0.912095708	9.176800633803201e-17
0.913250947	9.247231136921137e-17
0.914406186	8.996439265751105e-17
0.915561425	8.492042441499896e-17
0.916716665	8.377781670664229e-17
0.917871904	8.08744971192717e-17
0.919027143	8.146434677815115e-17
0.920182382	8.119238746891799e-17
0.921337622	8.021734325284409e-17
0.922492861	7.8374516617867e-17
0.9236481	7.847988274263803e-17
0.924803339	7.996861423869032e-17
0.925958579	7.962127151835396e-17
0.927113818	7.799319568165503e-17
0.928269057	7.656078662003775e-17
0.929424297	7.76349674602114e-17
0.930579536	7.927113384410808e-17
0.931734775	7.651438643803837e-17
0.932890014	7.22111485206229e-17
0.934045254	6.57893566000053e-17
0.935200493	6.376151302578872e-17
0.936355732	6.40416173308046e-17
0.937510971	6.441336098710638e-17
0.938666211	6.53988348256413e-17
0.93982145	6.678551984398924e-17
0.940976689	6.662272160371457e-17
0.942131929	6.633596082065189e-17
0.943287168	6.273225748289924e-17
0.944442407	6.028050098303272e-17
0.945597646	6.337333376384986e-17
0.946752886	6.648340394027151e-17
0.947908125	6.720706484725449e-17
0.949063364	6.916584931928668e-17
0.950218603	7.140585226438783e-17
0.951373843	8.10732244116011e-17
0.952529082	8.473248330254823e-17
0.953684321	8.630580330311786e-17
0.95483956	7.239267105987346e-17
0.9559948	6.667502032147787e-17
0.957150039	6.642544537468289e-17
0.958305278	6.759399738437221e-17
0.959460518	6.746009426513993e-17
0.960615757	6.535264264150502e-17
0.961770996	6.335659948496098e-17
0.962926235	6.325713640943211e-17
0.964081475	6.243372931840413e-17
0.965236714	6.081103946894672e-17
0.966391953	5.936000945975947e-17
0.967547192	6.031493895631983e-17
0.968702432	6.177539856224032e-17
0.969857671	6.156017953054836e-17
0.97101291	0.
0.97216815	0.
0.973323389	0.
0.974478628	0.
0.975633867	0.
0.976789107	0.
0.977944346	0.
0.979099585	0.
0.980254824	0.
0.981410064	0.
0.982565303	0.
0.983720542	0.
0.984875781	0.
0.986031021	0.
0.98718626	0.
0.988341499	0.
0.989496739	0.
0.990651978	0.
0.991807217	0.
0.992962456	0.
0.994117696	0.
0.995272935	0.
0.996428174	0.
0.997583413	1.223071413991548e-16
0.998738653	1.2193713278160852e-16
0.999893892	1.2121342270216328e-16
1.001049131	1.1903977237567094e-16
1.002204371	1.1611520039527476e-16
1.00335961	1.112155461395474e-16
1.004514849	1.0548001635780122e-16
1.005670088	1.0487865278935136e-16
1.006825328	1.0757092038733598e-16
1.007980567	1.0595678358876074e-16
1.009135806	1.0510344015281005e-16
1.010291045	1.048500441237952e-16
1.011446285	1.0696250116465418e-16
1.012601524	1.0626724336806991e-16
1.013756763	1.0654702518760877e-16
1.014912002	1.062739324569661e-16
1.016067242	1.067198322644474e-16
1.017222481	1.0263297246470743e-16
1.01837772	1.0045042229792163e-16
1.01953296	1.0142442190757203e-16
1.020688199	1.0343243280975929e-16
1.021843438	1.0472554922541525e-16
1.022998677	1.0391528735139376e-16
1.024153917	1.0230774426820633e-16
1.025309156	1.0178200094751614e-16
1.026464395	1.0097087510351217e-16
1.027619634	9.96002592953626e-17
1.028774874	9.99669171182547e-17
1.029930113	1.0114535930867432e-16
1.031085352	9.929694784500604e-17
1.032240591	9.754929990246208e-17
1.033395831	9.785187892865961e-17
1.03455107	9.827462580649328e-17
1.035706309	9.731263683043821e-17
1.036861549	9.728769678243954e-17
1.038016788	9.835679858471671e-17
1.039172027	9.905113630726829e-17
1.040327266	9.958883115710609e-17
1.041482506	9.98876481659787e-17
1.042637745	9.913017580130911e-17
1.043792984	9.771671158895836e-17
1.044948223	9.80640974309308e-17
1.046103463	9.912717977613689e-17
1.047258702	9.812583658932704e-17
1.048413941	9.79768307916427e-17
1.049569181	9.926997655205637e-17
1.05072442	9.83394590810517e-17
1.051879659	9.638414441646483e-17
1.053034898	9.67776007786835e-17
1.054190138	9.748834011966433e-17
1.055345377	9.587238102942116e-17
1.056500616	9.514568819344379e-17
1.057655855	9.68618663644445e-17
1.058811095	9.742750218494765e-17
1.059966334	9.652178225266838e-17
1.061121573	9.647088067913958e-17
1.062276812	9.691654815357059e-17
1.063432052	9.707452821027121e-17
1.064587291	9.740539516397645e-17
1.06574253	9.758225132304646e-17
1.06689777	9.769035947039394e-17
1.068053009	9.799474278918167e-17
1.069208248	9.898443906577771e-17
1.070363487	9.965521932392985e-17
1.071518727	9.867046526033624e-17
1.072673966	9.806754052013195e-17
1.073829205	9.844248411153448e-17
1.074984444	9.830332355450703e-17
1.076139684	9.765790841556824e-17
1.077294923	9.746677556628588e-17
1.078450162	9.689936242182664e-17
1.079605402	9.50702332591225e-17
1.080760641	9.496465796739609e-17
1.08191588	9.682309200425703e-17
1.083071119	9.665031541872167e-17
1.084226359	9.495783066213482e-17
1.085381598	9.351998813566204e-17
1.086536837	9.43779751913841e-17
1.087692076	9.854583389157841e-17
1.088847316	1.0055053444606413e-16
1.090002555	9.910668862483869e-17
1.091157794	9.842499545512598e-17
1.092313033	9.880391516086058e-17
1.093468273	1.0032942744151793e-16
1.094623512	9.927542410910357e-17
1.095778751	9.388016803226834e-17
1.096933991	8.941656505580971e-17
1.09808923	8.678445707024529e-17
1.099244469	8.41497995499271e-17
1.100399708	8.257071655284429e-17
1.101554948	8.342133014164013e-17
1.102710187	8.411074092059964e-17
1.103865426	8.350920357727297e-17
1.105020665	8.310234648655134e-17
1.106175905	8.296905275143383e-17
1.107331144	8.270771998990239e-17
1.108486383	8.180831288476143e-17
1.109641623	8.041482106124012e-17
1.110796862	7.933107869579347e-17
1.111952101	7.875218045685098e-17
1.11310734	7.8351287269224e-17
1.11426258	7.816234606965536e-17
1.115417819	7.83595247538419e-17
1.116573058	7.883625579715605e-17
1.117728297	7.927092353204738e-17
1.118883537	8.026846023019786e-17
1.120038776	8.177303879654818e-17
1.121194015	8.233785810798966e-17
1.122349254	8.318654042780892e-17
1.123504494	8.469622715243004e-17
1.124659733	8.629530384644846e-17
1.125814972	8.723288974416427e-17
1.126970212	8.51523354361518e-17
1.128125451	8.233095508394727e-17
1.12928069	8.158733459198673e-17
1.130435929	8.277395047969802e-17
1.131591169	8.517856879995887e-17
1.132746408	8.792854626020349e-17
1.133901647	9.016104214431166e-17
1.135056886	8.993584088378377e-17
1.136212126	8.76887502092421e-17
1.137367365	8.622309399346539e-17
1.138522604	8.53037759405276e-17
1.139677843	8.432541640551591e-17
1.140833083	8.348421604817226e-17
1.141988322	8.282261280535984e-17
1.143143561	8.293118971687466e-17
1.144298801	8.378064335112705e-17
1.14545404	8.452106708490081e-17
1.146609279	8.577833352442303e-17
1.147764518	8.77500662820101e-17
1.148919758	8.920448702840435e-17
1.150074997	8.992726566468138e-17
1.151230236	9.023510704100372e-17
1.152385475	8.990068054061711e-17
1.153540715	8.847117526780711e-17
1.154695954	8.703507590639057e-17
1.155851193	8.60694198995723e-17
1.157006433	8.50032096224256e-17
1.158161672	8.42244416070589e-17
1.159316911	8.449607940305382e-17
1.16047215	8.516026004697056e-17
1.16162739	8.555960096104411e-17
1.162782629	8.536531433925534e-17
1.163937868	8.465151868172727e-17
1.165093107	8.432577892711944e-17
1.166248347	8.429063340949138e-17
1.167403586	8.396822140229529e-17
1.168558825	8.415133255048436e-17
1.169714064	8.500826538770447e-17
1.170869304	8.482278762365552e-17
1.172024543	8.343367190539708e-17
1.173179782	8.205669731378605e-17
1.174335022	8.110313620165966e-17
1.175490261	8.135376177005401e-17
1.1766455	8.177769199184264e-17
1.177800739	8.175185878098828e-17
1.178955979	8.122632556785167e-17
1.180111218	8.05278264784657e-17
1.181266457	8.119889831539469e-17
1.182421696	8.27010768566934e-17
1.183576936	8.439698907929902e-17
1.184732175	8.403645209845244e-17
1.185887414	8.12941517508845e-17
1.187042654	8.048971114944995e-17
1.188197893	8.133214437585081e-17
1.189353132	8.032464484129106e-17
1.190508371	7.874250366353795e-17
1.191663611	7.772012913811182e-17
1.19281885	7.661909982304844e-17
1.193974089	7.50745886228e-17
1.195129328	7.386248305195453e-17
1.196284568	7.336738947529503e-17
1.197439807	7.465644889992947e-17
1.198595046	7.651128963707415e-17
1.199750285	7.626829485677019e-17
1.200905525	7.570975015989754e-17
1.202060764	7.537989102374009e-17
1.203216003	7.606859234706694e-17
1.204371243	7.666904757685356e-17
1.205526482	7.428098862863061e-17
1.206681721	7.360518907739772e-17
1.20783696	7.642144643990529e-17
1.2089922	7.803235006884884e-17
1.210147439	7.78111805454994e-17
1.211302678	7.757525660437528e-17
1.212457917	7.702540941936258e-17
1.213613157	7.638763890597897e-17
1.214768396	7.563484801723154e-17
1.215923635	7.495611064243301e-17
1.217078875	7.458355704016631e-17
1.218234114	7.43508944053589e-17
1.219389353	7.409263829977932e-17
1.220544592	7.377641598797239e-17
1.221699832	7.34316997590528e-17
1.222855071	7.322446179826139e-17
1.22401031	7.31787690453259e-17
1.225165549	7.318026305807823e-17
1.226320789	7.325976879666034e-17
1.227476028	7.381750609979121e-17
1.228631267	7.371681170169766e-17
1.229786506	7.220152792357433e-17
1.230941746	7.084021052819939e-17
1.232096985	7.001717527542108e-17
1.233252224	6.945398834084412e-17
1.234407464	6.969828789642775e-17
1.235562703	7.039399276338916e-17
1.236717942	7.11342920243908e-17
1.237873181	7.156661960884667e-17
1.239028421	7.172076040592889e-17
1.24018366	7.182621926069956e-17
1.241338899	7.13345268426024e-17
1.242494138	7.073083312887023e-17
1.243649378	7.057744598974526e-17
1.244804617	7.035248640324776e-17
1.245959856	6.99907982245185e-17
1.247115095	6.97339743144328e-17
1.248270335	6.942809492266565e-17
1.249425574	6.893191399750095e-17
1.250580813	6.868041436236706e-17
1.251736053	6.896987628225453e-17
1.252891292	6.897496376309613e-17
1.254046531	6.858336154177364e-17
1.25520177	6.8469520708522e-17
1.25635701	6.838229830001415e-17
1.257512249	6.805833004932165e-17
1.258667488	6.762765018085411e-17
1.259822727	6.719199623996805e-17
1.260977967	6.719311449217082e-17
1.262133206	6.757095932373959e-17
1.263288445	6.790471186135735e-17
1.264443685	6.825664130667206e-17
1.265598924	6.8676612973113e-17
1.266754163	6.943353681625628e-17
1.267909402	7.051342000016557e-17
1.269064642	7.074965181495411e-17
1.270219881	7.026275301563047e-17
1.27137512	7.03262727686868e-17
1.272530359	7.0696613236499e-17
1.273685599	7.130721459576938e-17
1.274840838	7.170944559031045e-17
1.275996077	7.184037490072259e-17
1.277151316	7.223811374452885e-17
1.278306556	7.270300064949562e-17
1.279461795	7.312519302340699e-17
1.280617034	7.533236097282007e-17
1.281772274	8.062307361838458e-17
1.282927513	8.073125767198091e-17
1.284082752	7.540200941500625e-17
1.285237991	7.269122711901402e-17
1.286393231	7.155121897368632e-17
1.28754847	7.050600579462483e-17
1.288703709	6.957867823233444e-17
1.289858948	6.901351218411949e-17
1.291014188	6.809424214520144e-17
1.292169427	6.684655092901567e-17
1.293324666	6.642250980017636e-17
1.294479906	6.626023953163548e-17
1.295635145	6.569036286070109e-17
1.296790384	6.54539079897241e-17
1.297945623	6.554087644967335e-17
1.299100863	6.501482120150576e-17
1.300256102	6.437463891393654e-17
1.301411341	6.452405305645883e-17
1.30256658	6.499743880120176e-17
1.30372182	6.565458907230197e-17
1.304877059	6.595064613735107e-17
1.306032298	6.57518430359106e-17
1.307187537	6.567059041388179e-17
1.308342777	6.542964631279362e-17
1.309498016	6.486710874191897e-17
1.310653255	6.466047175330078e-17
1.311808495	6.509781823482611e-17
1.312963734	6.478864466307062e-17
1.314118973	6.412171147306803e-17
1.315274212	6.536850505173742e-17
1.316429452	6.709626443306556e-17
1.317584691	6.704173280526375e-17
1.31873993	6.691846496684573e-17
1.319895169	6.731071882369541e-17
1.321050409	6.779358416151539e-17
1.322205648	6.809366143244408e-17
1.323360887	6.746238960483894e-17
1.324516127	6.637986580139399e-17
1.325671366	6.553312900023264e-17
1.326826605	6.46439331009074e-17
1.327981844	6.407598968878595e-17
1.329137084	6.459293299001e-17
1.330292323	6.559359613392714e-17
1.331447562	6.622763998042857e-17
1.332602801	6.648506788958792e-17
1.333758041	6.610786889592422e-17
1.33491328	6.607206658693354e-17
1.336068519	6.643170365032166e-17
1.337223758	6.645401797187752e-17
1.338378998	6.63511750825383e-17
1.339534237	6.635746259398366e-17
1.340689476	6.575513883492685e-17
1.341844716	6.415987895663943e-17
1.342999955	6.234744758908051e-17
1.344155194	6.053064111862856e-17
1.345310433	5.87987937132066e-17
1.346465673	5.710551229536259e-17
1.347620912	5.5075355844427593e-17
1.348776151	5.329413298660814e-17
1.34993139	5.176384227609894e-17
1.35108663	4.968224034942982e-17
1.352241869	4.720870071256401e-17
1.353397108	4.4870130561686976e-17
1.354552347	4.2832452756772234e-17
1.355707587	4.134864484428328e-17
1.356862826	3.962561087214979e-17
1.358018065	3.7998759990504404e-17
1.359173305	3.7376140211886894e-17
1.360328544	3.569839460064234e-17
1.361483783	3.295281737183254e-17
1.362639022	3.04082177202337e-17
1.363794262	2.896392624296689e-17
1.364949501	2.815226661667414e-17
1.36610474	2.9297023236392974e-17
1.367259979	3.517779809248397e-17
1.368415219	4.9781385505314617e-17
1.369570458	7.092388253791472e-17
1.370725697	8.655537056384866e-17
1.371880937	8.980997925554336e-17
1.373036176	8.349493993903838e-17
1.374191415	7.698723135260921e-17
1.375346654	7.215555450415242e-17
1.376501894	6.784033946540496e-17
1.377657133	6.220704651666351e-17
1.378812372	5.673874938576355e-17
1.379967611	5.21551406869428e-17
1.381122851	4.9220932206432033e-17
1.38227809	5.141270163828398e-17
1.383433329	5.883873856916979e-17
1.384588568	7.146766058741637e-17
1.385743808	8.149635294691868e-17
1.386899047	7.728939309897646e-17
1.388054286	7.09550736344731e-17
1.389209526	6.631753716630123e-17
1.390364765	6.319741166195138e-17
1.391520004	6.070045467685951e-17
1.392675243	5.877033822347095e-17
1.393830483	5.78312371560925e-17
1.394985722	5.749031449500133e-17
1.396140961	5.776883908796639e-17
1.3972962	5.796882783771746e-17
1.39845144	5.819525608634904e-17
1.399606679	5.892064892994668e-17
1.400761918	5.908217334053192e-17
1.401917158	5.873474097240838e-17
1.403072397	5.884895277018942e-17
1.404227636	5.969010447650077e-17
1.405382875	6.099635641492578e-17
1.406538115	6.264026888680709e-17
1.407693354	6.430772031054454e-17
1.408848593	6.566404783624749e-17
1.410003832	6.623099177732272e-17
1.411159072	6.633047575406005e-17
1.412314311	6.570853024371836e-17
1.41346955	6.304705759974716e-17
1.414624789	6.002800476799453e-17
1.415780029	5.7748177401528e-17
1.416935268	5.659565591231275e-17
1.418090507	5.727457945151654e-17
1.419245747	5.875190194955313e-17
1.420400986	6.040206868400741e-17
1.421556225	6.204730710872383e-17
1.422711464	6.20070664448646e-17
1.423866704	6.029008740060998e-17
1.425021943	5.89973902837909e-17
1.426177182	5.833857752101667e-17
1.427332421	5.751537123204668e-17
1.428487661	5.689797258730086e-17
1.4296429	5.643969555484969e-17
1.430798139	5.577479299108671e-17
1.431953379	5.609300960323403e-17
1.433108618	5.693109262159759e-17
1.434263857	5.736458226062175e-17
1.435419096	5.751424740012839e-17
1.436574336	5.730215864109423e-17
1.437729575	5.671294549181261e-17
1.438884814	5.717492093397116e-17
1.440040053	5.903527944524013e-17
1.441195293	5.94063246096932e-17
1.442350532	5.801927897440646e-17
1.443505771	5.810979295304073e-17
1.44466101	5.848136212994206e-17
1.44581625	5.790605432653636e-17
1.446971489	5.759156769631466e-17
1.448126728	5.817188295696843e-17
1.449281968	5.972896513378478e-17
1.450437207	6.19251380553597e-17
1.451592446	6.070551718116045e-17
1.452747685	6.05333773037278e-17
1.453902925	6.220893569697631e-17
1.455058164	6.267876086643379e-17
1.456213403	6.03101111242354e-17
1.457368642	5.833509249334199e-17
1.458523882	5.812756090812126e-17
1.459679121	5.790391546805022e-17
1.46083436	5.612054147514773e-17
1.461989599	5.536580328078829e-17
1.463144839	5.586738933679392e-17
1.464300078	5.477645757466585e-17
1.465455317	5.238132069950206e-17
1.466610557	5.1688726148794036e-17
1.467765796	5.260988247621614e-17
1.468921035	5.321922335865757e-17
1.470076274	5.357140743021024e-17
1.471231514	5.4567044009367445e-17
1.472386753	5.59606019817153e-17
1.473541992	5.751881099045242e-17
1.474697231	5.927433282832583e-17
1.475852471	6.046016271412761e-17
1.47700771	5.979326331333339e-17
1.478162949	5.792459220770577e-17
1.479318189	5.658883478504535e-17
1.480473428	5.725065523236689e-17
1.481628667	5.922745691447862e-17
1.482783906	6.020802927111274e-17
1.483939146	5.975968173712945e-17
1.485094385	5.674665995337389e-17
1.486249624	5.5264674710125517e-17
1.487404863	6.02099466693258e-17
1.488560103	6.604908250571877e-17
1.489715342	6.444428187371508e-17
1.490870581	6.170767250951589e-17
1.49202582	6.17006895767914e-17
1.49318106	6.12578845213458e-17
1.494336299	5.983386266256419e-17
1.495491538	6.00479486498095e-17
1.496646778	6.214761683666018e-17
1.497802017	6.345374259522515e-17
1.498957256	6.231785788578205e-17
1.500112495	6.101871144389829e-17
1.501267735	5.986207687456707e-17
1.502422974	5.808498502359314e-17
1.503578213	5.672577872366786e-17
1.504733452	5.803613135745376e-17
1.505888692	6.064639366471306e-17
1.507043931	6.137644427788806e-17
1.50819917	6.054359742759678e-17
1.50935441	5.955604285592629e-17
1.510509649	5.924166629878048e-17
1.511664888	5.941424656498335e-17
1.512820127	5.906444179263264e-17
1.513975367	5.934863052171988e-17
1.515130606	6.058583601259808e-17
1.516285845	6.089905485490347e-17
1.517441084	6.008331268613338e-17
1.518596324	5.998832461640945e-17
1.519751563	6.127123381496887e-17
1.520906802	6.230203229303332e-17
1.522062041	6.222811469106896e-17
1.523217281	6.186265382321828e-17
1.52437252	6.243222940019472e-17
1.525527759	6.25403472848196e-17
1.526682999	6.114832604809051e-17
1.527838238	6.016944262277888e-17
1.528993477	6.160416697402003e-17
1.530148716	6.347583475393646e-17
1.531303956	6.190230712160727e-17
1.532459195	5.997269124349921e-17
1.533614434	6.129713475637025e-17
1.534769673	6.267955610908406e-17
1.535924913	6.186315456527894e-17
1.537080152	6.133013519687572e-17
1.538235391	6.233991051240534e-17
1.539390631	6.357579103256183e-17
1.54054587	6.303524920961852e-17
1.541701109	6.153622614780837e-17
1.542856348	6.184641157432928e-17
1.544011588	6.355706909452105e-17
1.545166827	6.385444506606398e-17
1.546322066	6.245739992737819e-17
1.547477305	6.221885007343723e-17
1.548632545	6.347411707162835e-17
1.549787784	6.432842550285555e-17
1.550943023	6.296808259658653e-17
1.552098262	6.047003872090148e-17
1.553253502	6.01572609104967e-17
1.554408741	6.167587593588453e-17
1.55556398	6.15335235724416e-17
1.55671922	5.915698030636027e-17
1.557874459	5.782533939801593e-17
1.559029698	5.866634800448198e-17
1.560184937	6.044508484512545e-17
1.561340177	6.099391676573812e-17
1.562495416	6.04724481575807e-17
1.563650655	6.040516113689736e-17
1.564805894	6.164298025965615e-17
1.565961134	6.289364554904998e-17
1.567116373	6.235462216821655e-17
1.568271612	6.08531927475157e-17
1.569426852	5.969487046523993e-17
1.570582091	5.933102034453337e-17
1.57173733	6.021567096567388e-17
1.572892569	6.042638732884972e-17
1.574047809	6.019407426556985e-17
1.575203048	6.057272765186138e-17
1.576358287	6.02753452689242e-17
1.577513526	5.909554403608069e-17
1.578668766	5.812586674877454e-17
1.579824005	5.64761077617926e-17
1.580979244	5.731385149778832e-17
1.582134483	5.952649017505405e-17
1.583289723	5.924460465329822e-17
1.584444962	5.820295940234787e-17
1.585600201	5.791022241798912e-17
1.586755441	5.807366693790729e-17
1.58791068	5.843414033777607e-17
1.589065919	5.962661410567125e-17
1.590221158	6.224300564371743e-17
1.591376398	6.317706356901881e-17
1.592531637	6.18310501217143e-17
1.593686876	5.999858221745287e-17
1.594842115	5.979709655038754e-17
1.595997355	6.066413900831585e-17
1.597152594	5.8406209399056e-17
1.598307833	5.500001509605315e-17
1.599463072	5.5045691505507624e-17
1.600618312	5.716366928357206e-17
1.601773551	5.853179190667412e-17
1.60292879	5.852252313007709e-17
1.60408403	5.82468748565917e-17
1.605239269	5.918842835152791e-17
1.606394508	6.026597207272661e-17
1.607549747	5.911714186979404e-17
1.608704987	5.767558075143769e-17
1.609860226	5.876829545327052e-17
1.611015465	6.076177743897235e-17
1.612170704	6.189998040366235e-17
1.613325944	6.208975462388472e-17
1.614481183	6.218039093728564e-17
1.615636422	6.353153948118552e-17
1.616791662	6.406207469055615e-17
1.617946901	6.200447372486913e-17
1.61910214	6.056655772478099e-17
1.620257379	5.970054855954604e-17
1.621412619	5.773111321993278e-17
1.622567858	5.683446683544246e-17
1.623723097	5.748328040843705e-17
1.624878336	5.820880883143312e-17
1.626033576	5.855287454590862e-17
1.627188815	5.804291261673752e-17
1.628344054	5.792799434702979e-17
1.629499293	5.932292896681705e-17
1.630654533	6.097413466987479e-17
1.631809772	6.152535104210781e-17
1.632965011	6.142164411472849e-17
1.634120251	6.152945254534378e-17
1.63527549	6.186391790793842e-17
1.636430729	6.141259413700605e-17
1.637585968	6.093704469582542e-17
1.638741208	6.033931827107438e-17
1.639896447	5.9750962830382e-17
1.641051686	5.99172425980491e-17
1.642206925	6.044796520201242e-17
1.643362165	6.074850436066307e-17
1.644517404	6.038626043921711e-17
1.645672643	5.953549857338265e-17
1.646827883	5.912283250631607e-17
1.647983122	5.95536361382438e-17
1.649138361	5.999181972212537e-17
1.6502936	6.006305447370262e-17
1.65144884	5.985984356142209e-17
1.652604079	5.984399444211845e-17
1.653759318	5.983185359599461e-17
1.654914557	5.973671423615725e-17
1.656069797	5.918633288115376e-17
1.657225036	5.870145560626774e-17
1.658380275	5.815793906959125e-17
1.659535514	5.750948336463963e-17
1.660690754	5.649656879859595e-17
1.661845993	5.549434747304377e-17
1.663001232	5.525135355218428e-17
1.664156472	5.55131171754762e-17
1.665311711	5.594715728623263e-17
1.66646695	5.667094791298183e-17
1.667622189	5.760920762717823e-17
1.668777429	5.81599846624612e-17
1.669932668	5.783719157664341e-17
1.671087907	5.876137275917112e-17
1.672243146	6.065339213358265e-17
1.673398386	6.042700722489388e-17
1.674553625	5.94048667488224e-17
1.675708864	5.937161202702808e-17
1.676864104	5.867261445041727e-17
1.678019343	5.748897573818346e-17
1.679174582	5.780927856556847e-17
1.680329821	5.952292909629032e-17
1.681485061	6.096242651658745e-17
1.6826403	6.145809737711545e-17
1.683795539	6.05260003733666e-17
1.684950778	5.983284976821696e-17
1.686106018	5.979385514673381e-17
1.687261257	5.948271176837105e-17
1.688416496	5.890718415946996e-17
1.689571735	5.88810320450067e-17
1.690726975	5.910132741400255e-17
1.691882214	5.874167447524874e-17
1.693037453	5.819224009610512e-17
1.694192693	5.750357558676159e-17
1.695347932	5.672542796021585e-17
1.696503171	5.643774728949198e-17
1.69765841	5.683094069124131e-17
1.69881365	5.749092162320191e-17
1.699968889	5.794960671200437e-17
1.701124128	5.771649817071098e-17
1.702279367	5.705756571703288e-17
1.703434607	5.63060561479344e-17
1.704589846	5.566844579549702e-17
1.705745085	5.530709400346506e-17
1.706900324	5.543656367743029e-17
1.708055564	5.600800658260313e-17
1.709210803	5.59643284548341e-17
1.710366042	5.579234287501317e-17
1.711521282	5.734024810904199e-17
1.712676521	5.848939679377261e-17
1.71383176	5.759565953524416e-17
1.714986999	5.75192258245522e-17
1.716142239	5.869051280849751e-17
1.717297478	5.9690041692006e-17
1.718452717	5.998341634505207e-17
1.719607956	5.983107628325875e-17
1.720763196	5.863689079364314e-17
1.721918435	5.663590779397511e-17
1.723073674	5.619148343921061e-17
1.724228914	5.734218707032096e-17
1.725384153	5.778649931530225e-17
1.726539392	5.748418093996492e-17
1.727694631	5.703847369092703e-17
1.728849871	5.589806060480202e-17
1.73000511	5.4557600208890306e-17
1.731160349	5.403692984403571e-17
1.732315588	5.4219671801406926e-17
1.733470828	5.518450658283878e-17
1.734626067	5.62928762094008e-17
1.735781306	5.749470033826042e-17
1.736936545	5.85451443177702e-17
1.738091785	5.904460898017943e-17
1.739247024	5.921246638501201e-17
1.740402263	5.862385861913553e-17
1.741557503	5.805747718704659e-17
1.742712742	5.688658170588689e-17
1.743867981	5.557698595510083e-17
1.74502322	5.599080641956648e-17
1.74617846	5.759464485952899e-17
1.747333699	5.836160351670124e-17
1.748488938	5.767698803994272e-17
1.749644177	5.589430897209578e-17
1.750799417	5.4184659062636836e-17
1.751954656	5.340994577273702e-17
1.753109895	5.3068065381778013e-17
1.754265135	5.2948602362274754e-17
1.755420374	5.307634801457312e-17
1.756575613	5.305488230587619e-17
1.757730852	5.280389649852355e-17
1.758886092	5.253418141373046e-17
1.760041331	5.2401847846647254e-17
1.76119657	5.27383435672142e-17
1.762351809	5.2954232399024866e-17
1.763507049	5.2189631564055494e-17
1.764662288	5.1625511261843244e-17
1.765817527	5.2016812483282e-17
1.766972766	5.2951814866075746e-17
1.768128006	5.347573608773249e-17
1.769283245	5.29898388083483e-17
1.770438484	5.171448832776693e-17
1.771593724	5.0250177632502786e-17
1.772748963	4.942952503887238e-17
1.773904202	4.928343878975863e-17
1.775059441	4.944977086331868e-17
1.776214681	4.949902840167422e-17
1.77736992	4.903476567132801e-17
1.778525159	4.8631018260264306e-17
1.779680398	4.883773483470126e-17
1.780835638	4.96814582922562e-17
1.781990877	5.065190072249305e-17
1.783146116	5.11273648593211e-17
1.784301356	5.103280309055974e-17
1.785456595	5.0748625169518264e-17
1.786611834	5.023730318587312e-17
1.787767073	4.918606677741707e-17
1.788922313	4.810037182467608e-17
1.790077552	4.7419425652179833e-17
1.791232791	4.695080194148527e-17
1.79238803	4.701497773411931e-17
1.79354327	4.770245720694875e-17
1.794698509	4.779936566956427e-17
1.795853748	4.668508041887764e-17
1.797008987	4.494508974894444e-17
1.798164227	4.331281036089166e-17
1.799319466	4.2894591834076353e-17
1.800474705	4.3603125063437064e-17
1.801629945	4.5126454049973755e-17
1.802785184	4.639470441468902e-17
1.803940423	4.6132467186431805e-17
1.805095662	4.5583854125524053e-17
1.806250902	4.523529542674161e-17
1.807406141	4.473172545933237e-17
1.80856138	4.4424078692411325e-17
1.809716619	4.427579456239216e-17
1.810871859	4.439666258593479e-17
1.812027098	4.485190920621955e-17
1.813182337	4.5476268793292417e-17
1.814337576	4.624452901229918e-17
1.815492816	4.714203450976848e-17
1.816648055	4.8503235027709265e-17
1.817803294	5.0975669606733464e-17
1.818958534	5.0913592308025304e-17
1.820113773	4.7626964357213197e-17
1.821269012	4.49803381404824e-17
1.822424251	4.254592465619995e-17
1.823579491	3.9213343791071983e-17
1.82473473	3.630988642379568e-17
1.825889969	3.4733985936275734e-17
1.827045208	3.4032717044067565e-17
1.828200448	3.3736705417598234e-17
1.829355687	3.336521268521134e-17
1.830510926	3.2945330877373774e-17
1.831666166	3.2918520700095585e-17
1.832821405	0.
1.833976644	0.
1.835131883	0.
1.836287123	0.
1.837442362	0.
1.838597601	0.
1.83975284	0.
1.84090808	0.
1.842063319	0.
1.843218558	0.
1.844373797	0.
1.845529037	0.
1.846684276	0.
1.847839515	0.
1.848994755	0.
1.850149994	0.
1.851305233	0.
1.852460472	0.
1.853615712	0.
1.854770951	0.
1.85592619	0.
1.857081429	0.
1.858236669	0.
1.859391908	0.
1.860547147	0.
1.861702387	0.
1.862857626	0.
1.864012865	0.
1.865168104	0.
1.866323344	0.
1.867478583	0.
1.868633822	0.
1.869789061	0.
1.870944301	0.
1.87209954	4.06884511590921e-17
1.873254779	3.7800566443188445e-17
1.874410018	2.97396428158934e-17
1.875565258	2.0226010604896097e-17
1.876720497	8.734948431492205e-18
1.877875736	-3.650722244069258e-18
1.879030976	-1.5535802466753e-17
1.880186215	-1.794422888223962e-17
1.881341454	-1.1700914277155314e-17
1.882496693	4.931283407500584e-19
1.883651933	9.311042249973128e-18
1.884807172	1.6218034691845145e-17
1.885962411	2.2973162989097833e-17
1.88711765	2.713893199136365e-17
1.88827289	2.5785254745892147e-17
1.889428129	2.005251313197389e-17
1.890583368	1.4590532901927364e-17
1.891738608	1.8841126010430908e-17
1.892893847	2.6221127463013623e-17
1.894049086	2.682704585577078e-17
1.895204325	2.2878789838709142e-17
1.896359565	1.8239198435077844e-17
1.897514804	1.2348053763423908e-17
1.898670043	6.591978040038514e-18
1.899825282	2.1162637654372977e-18
1.900980522	-7.495048759784517e-19
1.902135761	-1.2300204201582317e-18
1.903291	5.863074938225683e-18
1.904446239	2.112886192088671e-17
1.905601479	3.5283634389132895e-17
1.906756718	4.34550912635102e-17
1.907911957	4.1219805470982574e-17
1.909067197	3.024477192507412e-17
1.910222436	2.4451087253749882e-17
1.911377675	2.9963848572601965e-17
1.912532914	5.031519667779109e-17
1.913688154	7.675227904939678e-17
1.914843393	8.77490001747914e-17
1.915998632	8.535205656373009e-17
1.917153871	7.787426183352599e-17
1.918309111	6.921597223606812e-17
1.91946435	6.286705654219552e-17
1.920619589	6.180928178008686e-17
1.921774828	6.018522605331593e-17
1.922930068	5.4755181146186916e-17
1.924085307	4.6661421449386473e-17
1.925240546	4.0148611342407327e-17
1.926395786	3.6889118839806543e-17
1.927551025	3.746639085095334e-17
1.928706264	4.238321581478188e-17
1.929861503	4.9240901701360977e-17
1.931016743	5.312194375964515e-17
1.932171982	5.248239869168683e-17
1.933327221	4.9082693439470386e-17
1.93448246	4.485775569160063e-17
1.9356377	4.0988343236430385e-17
1.936792939	3.990572999784105e-17
1.937948178	4.6573129232596896e-17
1.939103418	5.984792987505427e-17
1.940258657	6.839035504649731e-17
1.941413896	6.200850088185291e-17
1.942569135	5.616070530111027e-17
1.943724375	6.029490488357184e-17
1.944879614	7.160659283420953e-17
1.946034853	8.242099797361703e-17
1.947190092	8.015832954112735e-17
1.948345332	6.816115006010504e-17
1.949500571	5.568346954462664e-17
1.95065581	4.622562861929497e-17
1.951811049	4.11582686985756e-17
1.952966289	3.8027541816961726e-17
1.954121528	3.528191969304934e-17
1.955276767	3.5042972577863326e-17
1.956432007	3.7569702801264887e-17
1.957587246	4.12279821512927e-17
1.958742485	4.3558862669669314e-17
1.959897724	4.419207885943716e-17
1.961052964	4.341373320180711e-17
1.962208203	4.203377682133479e-17
1.963363442	4.160176719469739e-17
1.964518681	4.285521560602305e-17
1.965673921	4.3792847263364535e-17
1.96682916	4.3739625830185276e-17
1.967984399	4.268221869267611e-17
1.969139639	4.166133675287512e-17
1.970294878	4.1373963329407674e-17
1.971450117	4.199511766284307e-17
1.972605356	4.300592753303346e-17
1.973760596	4.3207835241833093e-17
1.974915835	4.2901360463161265e-17
1.976071074	4.2080609030689726e-17
1.977226313	4.117779816442812e-17
1.978381553	4.023345068067553e-17
1.979536792	3.851430141158972e-17
1.980692031	3.6587442066366055e-17
1.98184727	3.484079345194623e-17
1.98300251	3.331832474817908e-17
1.984157749	3.2184634823593923e-17
1.985312988	3.1986341941378617e-17
1.986468228	3.2639738801035106e-17
1.987623467	3.3625134597377367e-17
1.988778706	3.5146741004477856e-17
1.989933945	3.6492193356045195e-17
1.991089185	3.620526997511613e-17
1.992244424	3.52591628084001e-17
1.993399663	3.4642495821645695e-17
1.994554902	3.4331229539034635e-17
1.995710142	3.38443776289104e-17
1.996865381	3.380615199074688e-17
1.99802062	3.3915841665187344e-17
1.99917586	3.242935352176827e-17
2.000331099	2.929819485832232e-17
2.001486338	2.6327762643569412e-17
2.002641577	2.6150071680512426e-17
2.003796817	3.157762093195351e-17
2.004952056	4.152490309368635e-17
2.006107295	4.803877322898944e-17
2.007262534	4.8190554477463244e-17
2.008417774	4.3673883702633703e-17
2.009573013	3.850628680752025e-17
2.010728252	3.467037205522621e-17
2.011883491	3.292032262603304e-17
2.013038731	3.4105282852454677e-17
2.01419397	3.823964207748804e-17
2.015349209	4.2919148984044876e-17
2.016504449	4.534165968454717e-17
2.017659688	4.6140010796928685e-17
2.018814927	4.7897543076872716e-17
2.019970166	5.293310356198468e-17
2.021125406	5.792846101246256e-17
2.022280645	5.744715830743954e-17
2.023435884	5.103259469072386e-17
2.024591123	4.4215827133773026e-17
2.025746363	3.954377097700705e-17
2.026901602	3.607839152027952e-17
2.028056841	3.343443278148831e-17
2.02921208	3.168002869140684e-17
2.03036732	3.081096201726928e-17
2.031522559	3.010706861596573e-17
2.032677798	2.960899636027535e-17
2.033833038	2.944577689336158e-17
2.034988277	2.877695800267271e-17
2.036143516	2.775579650730258e-17
2.037298755	2.725146178415749e-17
2.038453995	2.7331241140758733e-17
2.039609234	2.7288282327122226e-17
2.040764473	2.7724045060275176e-17
2.041919712	2.8783119265831174e-17
2.043074952	2.955172174767421e-17
2.044230191	2.9571470205234114e-17
2.04538543	2.8859250017570935e-17
2.04654067	2.762762297957994e-17
2.047695909	2.6970097791814176e-17
2.048851148	2.785113127848334e-17
2.050006387	2.98489729940998e-17
2.051161627	3.203480017713787e-17
2.052316866	3.334738734718623e-17
2.053472105	3.385123825006882e-17
2.054627344	3.4252979114533027e-17
2.055782584	3.4638784025521496e-17
2.056937823	3.452344731350208e-17
2.058093062	3.3757982816086234e-17
2.059248301	3.3056250228241414e-17
2.060403541	3.261681444217062e-17
2.06155878	3.1933217648043155e-17
2.062714019	3.197060615340207e-17
2.063869259	3.377617871006275e-17
2.065024498	3.53532598622762e-17
2.066179737	3.546267205541904e-17
2.067334976	3.546528642785101e-17
2.068490216	3.570458101544845e-17
2.069645455	3.610304847390943e-17
2.070800694	3.5850715571944254e-17
2.071955933	3.4418651285198064e-17
2.073111173	3.2432303279693105e-17
2.074266412	3.038463521070907e-17
2.075421651	2.847569259088615e-17
2.076576891	2.7026451901449828e-17
2.07773213	2.624172034430747e-17
2.078887369	2.618610621214784e-17
2.080042608	2.6395687812763595e-17
2.081197848	2.5966265895841455e-17
2.082353087	2.526403515936747e-17
2.083508326	2.528574318720749e-17
2.084663565	2.5836898982305576e-17
2.085818805	2.626373317449236e-17
2.086974044	2.6836301167518626e-17
2.088129283	2.7390629798025475e-17
2.089284522	2.7329513631218557e-17
2.090439762	2.6760876481548137e-17
2.091595001	2.6464859232318663e-17
2.09275024	2.6322069603281893e-17
2.09390548	2.5961880730779586e-17
2.095060719	2.589306738461522e-17
2.096215958	2.609671565506775e-17
2.097371197	2.6086241318325524e-17
2.098526437	2.579207670339179e-17
2.099681676	2.5364067030370955e-17
2.100836915	2.4909006588686343e-17
2.101992154	2.4574907895553007e-17
2.103147394	2.4332305846345942e-17
2.104302633	2.4172331745444254e-17
2.105457872	2.429726134975103e-17
2.106613112	2.4949083573879323e-17
2.107768351	2.6141854646777472e-17
2.10892359	2.7288555825526458e-17
2.110078829	2.787611482368398e-17
2.111234069	2.7471680959721224e-17
2.112389308	2.6373825045163938e-17
2.113544547	2.5173958751186262e-17
2.114699786	2.4162680528000972e-17
2.115855026	2.380729736515742e-17
2.117010265	2.3680531688000338e-17
2.118165504	2.3392925141872982e-17
2.119320743	2.324705983724891e-17
2.120475983	2.3347563274910742e-17
2.121631222	2.3381365695499012e-17
2.122786461	2.3602231517220835e-17
2.123941701	2.415374996659114e-17
2.12509694	2.458274412839364e-17
2.126252179	2.4628255813719045e-17
2.127407418	2.4371939651312258e-17
2.128562658	2.3951204608557156e-17
2.129717897	2.36224276874898e-17
2.130873136	2.3346177864154832e-17
2.132028375	2.311892850042079e-17
2.133183615	2.3059871143313367e-17
2.134338854	2.312825023604176e-17
2.135494093	2.331777957339259e-17
2.136649332	2.3289534599299535e-17
2.137804572	2.2701692483118113e-17
2.138959811	2.218074490139778e-17
2.14011505	2.2013202890932852e-17
2.14127029	2.2004821095315982e-17
2.142425529	2.217431438471527e-17
2.143580768	2.2705147766746288e-17
2.144736007	2.368364542217901e-17
2.145891247	2.5044107937739532e-17
2.147046486	2.629779964853932e-17
2.148201725	2.710693015911419e-17
2.149356964	2.7714772642523803e-17
2.150512204	2.81759860641808e-17
2.151667443	2.8457449695746956e-17
2.152822682	2.849571976410933e-17
2.153977922	2.8281349595115104e-17
2.155133161	2.7915624029001766e-17
2.1562884	2.7528711313159845e-17
2.157443639	2.715917220292091e-17
2.158598879	2.6853826897343104e-17
2.159754118	2.669340086631886e-17
2.160909357	2.673940366157979e-17
2.162064596	2.7096104193439944e-17
2.163219836	2.777145342571869e-17
2.164375075	2.877683267715705e-17
2.165530314	3.100244936949658e-17
2.166685553	3.2729936112117625e-17
2.167840793	3.100313709070764e-17
2.168996032	2.905781430696047e-17
2.170151271	2.8066297681606276e-17
2.171306511	2.7487282531941952e-17
2.17246175	2.718553603145907e-17
2.173616989	2.6930115764539644e-17
2.174772228	2.6679633011679873e-17
2.175927468	2.6549422591347933e-17
2.177082707	2.6563396158608627e-17
2.178237946	2.6575663638343607e-17
2.179393185	2.6021409460539255e-17
2.180548425	2.526701535836667e-17
2.181703664	2.536746688717775e-17
2.182858903	2.5841690447743502e-17
2.184014143	2.6217690353480625e-17
2.185169382	2.671297680285697e-17
2.186324621	2.7231707375253914e-17
2.18747986	2.794237680053051e-17
2.1886351	2.8397606588778703e-17
2.189790339	2.787094560399794e-17
2.190945578	2.72241281756532e-17
2.192100817	2.6875418357251908e-17
2.193256057	2.6734044561012986e-17
2.194411296	2.6713477463351544e-17
2.195566535	2.656369689134184e-17
2.196721774	2.6128097583586e-17
2.197877014	2.5431815543034684e-17
2.199032253	2.4793451891183937e-17
2.200187492	2.4504812979302768e-17
2.201342732	2.4657075534104198e-17
2.202497971	2.5134014806176447e-17
2.20365321	2.5608616870795693e-17
2.204808449	2.6323364166562435e-17
2.205963689	2.7536040322345084e-17
2.207118928	2.788392521635479e-17
2.208274167	2.718858590836971e-17
2.209429406	2.65311066180552e-17
2.210584646	2.6058779900944606e-17
2.211739885	2.5720285469514643e-17
2.212895124	2.5403133800767683e-17
2.214050364	2.5306953722257206e-17
2.215205603	2.5645020727249144e-17
2.216360842	2.6013442070739005e-17
2.217516081	2.5997626929876134e-17
2.218671321	2.550781053866786e-17
2.21982656	2.4858814477753662e-17
2.220981799	2.4506015333027827e-17
2.222137038	2.4515109691376525e-17
2.223292278	2.4655531302191497e-17
2.224447517	2.4861054381392047e-17
2.225602756	2.5387426043022188e-17
2.226757995	2.588402665971916e-17
2.227913235	2.584376812530691e-17
2.229068474	2.5646740398217358e-17
2.230223713	2.5460847167530236e-17
2.231378953	2.5208644052297272e-17
2.232534192	2.4927800735160442e-17
2.233689431	2.4717875732432802e-17
2.23484467	2.4662572896653002e-17
2.23599991	2.4746298150969673e-17
2.237155149	2.4946336664287965e-17
2.238310388	2.5077407707941378e-17
2.239465627	2.4806934983202452e-17
2.240620867	2.4407211738811822e-17
2.241776106	2.428026552207132e-17
2.242931345	2.4336583927070073e-17
2.244086585	2.4548465954528023e-17
2.245241824	2.4840526728838484e-17
2.246397063	2.509707084464008e-17
2.247552302	2.5334479971547144e-17
2.248707542	2.5401735386259036e-17
2.249862781	2.5138979109393253e-17
2.25101802	2.4965131796102077e-17
2.252173259	2.4942340307617797e-17
2.253328499	2.4963833053987083e-17
2.254483738	2.4927780345778776e-17
2.255638977	2.4512756371393968e-17
2.256794216	2.3958043299540233e-17
2.257949456	2.3488105141325814e-17
2.259104695	2.3105325280579494e-17
2.260259934	2.289103218409317e-17
2.261415174	2.3077833729863006e-17
2.262570413	2.3448584453102188e-17
2.263725652	2.3391451221603155e-17
2.264880891	2.3230382970196277e-17
2.266036131	2.3236640112812586e-17
2.26719137	2.3032775899837045e-17
2.268346609	2.2656365098265234e-17
2.269501848	2.2446707905497038e-17
2.270657088	2.2581033470925587e-17
2.271812327	2.2944657768362785e-17
2.272967566	2.334038073594601e-17
2.274122805	2.3617728051585336e-17
2.275278045	2.3683483742473652e-17
2.276433284	2.3578660334929334e-17
2.277588523	2.34117570293368e-17
2.278743763	2.3140129308353074e-17
2.279899002	2.277607469399131e-17
2.281054241	2.2836786628423834e-17
2.28220948	2.3498128736445395e-17
2.28336472	2.361333343754598e-17
2.284519959	2.3180683318382245e-17
2.285675198	2.282810808341371e-17
2.286830437	2.2301440266099223e-17
2.287985677	2.1589391264247705e-17
2.289140916	2.0834923247482654e-17
2.290296155	2.0001602085403024e-17
2.291451395	1.9022028698689815e-17
2.292606634	1.8239169992703228e-17
2.293761873	1.812911632550276e-17
2.294917112	1.8208064613364012e-17
2.296072352	1.8370297707280246e-17
2.297227591	1.856819581811235e-17
2.29838283	1.8762846497494596e-17
2.299538069	1.874850817173946e-17
2.300693309	1.866657182316412e-17
2.301848548	1.8732604216375665e-17
2.303003787	1.9033162657236004e-17
2.304159026	1.955841849371597e-17
2.305314266	2.015338727130937e-17
2.306469505	2.0607670346935628e-17
2.307624744	2.085316627065781e-17
2.308779984	2.0808447660405727e-17
2.309935223	2.050942145658702e-17
2.311090462	1.9948394465374265e-17
2.312245701	1.9244079991903888e-17
2.313400941	1.858263294530979e-17
2.31455618	1.8129220415015507e-17
2.315711419	1.7846821192831e-17
2.316866658	1.7637332558745672e-17
2.318021898	1.74971097455231e-17
2.319177137	1.7359182781872854e-17
2.320332376	1.7293355655522495e-17
2.321487616	1.7419360258399724e-17
2.322642855	1.7438616901020554e-17
2.323798094	1.7138520247932405e-17
2.324953333	1.6608489982943207e-17
2.326108573	1.6207488345469103e-17
2.327263812	1.577004673979493e-17
2.328419051	1.5486004143111e-17
2.32957429	1.556187212580197e-17
2.33072953	1.589697666848666e-17
2.331884769	1.6396109569206603e-17
2.333040008	1.6882158720464113e-17
2.334195247	1.718413817675181e-17
2.335350487	1.7427683367350774e-17
2.336505726	1.7587854943071477e-17
2.337660965	1.769942830496501e-17
2.338816205	1.766544536915574e-17
2.339971444	1.7394487909586135e-17
2.341126683	1.705849894293353e-17
2.342281922	1.6756372445888693e-17
2.343437162	1.643746238757233e-17
2.344592401	1.620352632840721e-17
2.34574764	1.6087522876323425e-17
2.346902879	1.608097434905344e-17
2.348058119	1.612390681891129e-17
2.349213358	1.6170119638184905e-17
2.350368597	1.6081133506737437e-17
2.351523837	1.5877938435207922e-17
2.352679076	1.5307372465557422e-17
2.353834315	1.4382832772012392e-17
2.354989554	1.3544545176781242e-17
2.356144794	1.322270179353816e-17
2.357300033	1.3362894819860992e-17
2.358455272	1.3887659634067457e-17
2.359610511	1.434635533933245e-17
2.360765751	1.467037334658548e-17
2.36192099	1.490337453234622e-17
2.363076229	1.4966318202394552e-17
2.364231468	1.4887685896291506e-17
2.365386708	1.459351682194972e-17
2.366541947	1.4093946370379678e-17
2.367697186	1.3664934821518951e-17
2.368852426	1.3539266833914995e-17
2.370007665	1.390999730749355e-17
2.371162904	1.4429167013135193e-17
2.372318143	1.480069602213389e-17
2.373473383	1.5216370282169146e-17
2.374628622	1.5428855577106654e-17
2.375783861	1.4835145432692958e-17
2.3769391	1.405598508755578e-17
2.37809434	1.344354764028718e-17
2.379249579	1.2907613882806033e-17
2.380404818	1.2417210818701601e-17
2.381560057	1.1926502982722905e-17
2.382715297	1.1641666679792352e-17
2.383870536	1.1861448188188863e-17
2.385025775	1.2260529773612062e-17
2.386181015	1.2636053299128743e-17
2.387336254	1.2687967877053066e-17
2.388491493	1.2636506187076326e-17
2.389646732	1.2869386344316125e-17
2.390801972	1.3363452258640027e-17
2.391957211	1.397858414469449e-17
2.39311245	1.46426667182927e-17
2.394267689	1.5136460872909398e-17
2.395422929	1.5201127720328105e-17
2.396578168	1.4765573590222355e-17
2.397733407	1.4217654945840375e-17
2.398888647	1.3958173622785408e-17
2.400043886	1.3962731740701368e-17
2.401199125	1.3853773186997418e-17
2.402354364	1.3535511440025369e-17
2.403509604	1.3277420918777996e-17
2.404664843	1.3145277051230593e-17
2.405820082	1.3008719081713024e-17
2.406975321	1.2805239288972653e-17
2.408130561	1.249284146948254e-17
2.4092858	1.2112882356430204e-17
2.410441039	1.168100929625417e-17
2.411596278	1.121637108454214e-17
2.412751518	1.0876851099417972e-17
2.413906757	1.0853433580252708e-17
2.415061996	1.1062158506189015e-17
2.416217236	1.1655659017190128e-17
2.417372475	1.2159787844203193e-17
2.418527714	1.2531276217447439e-17
2.419682953	1.3135909959014541e-17
2.420838193	1.3578057739960966e-17
2.421993432	1.3492268488632093e-17
2.423148671	1.3220872578158575e-17
2.42430391	1.311321688572098e-17
2.42545915	1.3269318325247508e-17
2.426614389	1.334203392449982e-17
2.427769628	1.3140151339970414e-17
2.428924868	1.2640818626583903e-17
2.430080107	1.1974391967960619e-17
2.431235346	1.1253302773569383e-17
2.432390585	1.0809072255495711e-17
2.433545825	1.1244752895725748e-17
2.434701064	1.272215795958899e-17
2.435856303	1.423296032777164e-17
2.437011542	1.4462177325558773e-17
2.438166782	1.401188583975174e-17
2.439322021	1.3343236596258455e-17
2.44047726	1.3058841026535956e-17
2.441632499	1.4506453858057428e-17
2.442787739	2.5759124631252978e-17
2.443942978	-8.872397452019218e-17
2.445098217	-2.3103402495576265e-17
2.446253457	-7.25731473074117e-17
2.447408696	2.953296917717508e-17
2.448563935	1.5916116039255968e-17
2.449719174	1.292449572577478e-17
2.450874414	1.2151620968530727e-17
2.452029653	1.2211067320757041e-17
2.453184892	1.2388435097415049e-17
2.454340131	1.2240566925457928e-17
2.455495371	1.2027885622200437e-17
2.45665061	1.1812608372914592e-17
2.457805849	1.1558082209333681e-17
2.458961089	1.1298117379586285e-17
2.460116328	1.1121834395860125e-17
2.461271567	1.1242263596276128e-17
2.462426806	1.1572795575871128e-17
2.463582046	1.180246051203027e-17
2.464737285	1.184846072521176e-17
2.465892524	1.1653960290719622e-17
2.467047763	1.1294487255127371e-17
2.468203003	1.0902910762359812e-17
2.469358242	1.0716213713535095e-17
2.470513481	1.0614964039636885e-17
2.47166872	1.0293258173799198e-17
2.47282396	9.96950747498925e-18
2.473979199	9.742026090060184e-18
2.475134438	9.228744294504346e-18
2.476289678	8.789611948838865e-18
2.477444917	9.120243915296922e-18
2.478600156	1.0763892535307832e-17
2.479755395	1.5022860770872142e-17
2.480910635	2.0509030999882102e-17
2.482065874	2.045306407527593e-17
2.483221113	1.44549399936664e-17
2.484376352	1.0384717241428027e-17
2.485531592	9.014509574886818e-18
2.486686831	9.298686206487157e-18
2.48784207	1.0086279838118235e-17
2.488997309	1.1199336536780231e-17
2.490152549	1.242487263796e-17
2.491307788	1.3725290995113606e-17
2.492463027	1.5261308685918563e-17
2.493618267	1.6120995011775925e-17
2.494773506	1.5031188524961335e-17
2.495928745	1.3584974667893663e-17
2.497083984	1.2797010361258157e-17