0.45	2.4056234733614023e-17
0.451206289	3.456969671937111e-17
0.452412577	1.5622825021518817e-17
0.453618866	7.060568613588749e-18
0.454825154	8.914027118981351e-18
0.456031443	9.475324061233146e-18
0.457237731	9.270385730042728e-18
0.45844402	1.0331651532939074e-17
0.459650308	1.0512328750605304e-17
0.460856597	9.71491127342352e-18
0.462062886	8.055929791029253e-18
0.463269174	7.945552884034276e-18
0.464475463	9.407629024232724e-18
0.465681751	9.211275595324456e-18
0.46688804	9.970728484590246e-18
0.468094328	9.756209238575435e-18
0.469300617	9.688998365461617e-18
0.470506905	9.84258742233153e-18
0.471713194	8.86784813093499e-18
0.472919483	9.035499220929371e-18
0.474125771	9.78410173190337e-18
0.47533206	9.974912383319473e-18
0.476538348	9.69361028273156e-18
0.477744637	9.078690246181283e-18
0.478950925	9.683824386094858e-18
0.480157214	9.638776614535433e-18
0.481363502	9.513094531673509e-18
0.482569791	1.0073590908711432e-17
0.48377608	9.679325043651904e-18
0.484982368	7.950324903441558e-18
0.486188657	7.156571147969225e-18
0.487394945	8.746176489314614e-18
0.488601234	1.0436368470573755e-17
0.489807522	1.0945018782417112e-17
0.491013811	1.131011326447069e-17
0.492220099	1.1621784694472189e-17
0.493426388	1.194981106888465e-17
0.494632677	1.1441521064869112e-17
0.495838965	1.140429739433709e-17
0.497045254	9.751849034533197e-18
0.498251542	9.780390873794326e-18
0.499457831	9.130379535193447e-18
0.500664119	8.784145884882243e-18
0.501870408	9.153519824395607e-18
0.503076696	9.673563369489273e-18
0.504282985	1.00975919164922e-17
0.505489274	9.841570520015205e-18
0.506695562	1.025779648217448e-17
0.507901851	1.0068681191967102e-17
0.509108139	9.555402988939037e-18
0.510314428	1.0014055242963273e-17
0.511520716	9.894420307037156e-18
0.512727005	9.910571918939097e-18
0.513933293	9.605196336592831e-18
0.515139582	9.012318940242621e-18
0.516345871	8.566880199728123e-18
0.517552159	8.195072056025647e-18
0.518758448	8.9841048283166e-18
0.519964736	8.588138948723062e-18
0.521171025	9.190228451759112e-18
0.522377313	1.1413801369245447e-17
0.523583602	1.2571070548726409e-17
0.52478989	1.2134936812038604e-17
0.525996179	1.1845019631210618e-17
0.527202468	1.2015128445679396e-17
0.528408756	1.2901871670680877e-17
0.529615045	1.4600253851428638e-17
0.530821333	1.4952244258115048e-17
0.532027622	1.3920826676387882e-17
0.53323391	1.3050171267409685e-17
0.534440199	1.4366888344323607e-17
0.535646487	1.4380172048126116e-17
0.536852776	1.5173563332397172e-17
0.538059065	1.4339202698766162e-17
0.539265353	1.3907380133710874e-17
0.540471642	1.456807335620849e-17
0.54167793	1.3869807689855214e-17
0.542884219	1.41660987788422e-17
0.544090507	1.4075093204415735e-17
0.545296796	1.3993861120326007e-17
0.546503084	1.3538181534585605e-17
0.547709373	1.356908011673814e-17
0.548915662	1.3383032937921315e-17
0.55012195	1.301847996582137e-17
0.551328239	1.3179983653155068e-17
0.552534527	1.4147037121066908e-17
0.553740816	1.4578487988885196e-17
0.554947104	1.5020581883424728e-17
0.556153393	1.5571818517305963e-17
0.557359681	1.533332945726168e-17
0.55856597	1.511598382813253e-17
0.559772259	1.4606159305184324e-17
0.560978547	1.433829837427758e-17
0.562184836	1.402042857451384e-17
0.563391124	1.397153138529083e-17
0.564597413	1.4545589549788508e-17
0.565803701	1.4740145114661227e-17
0.56700999	1.4146078342624284e-17
0.568216278	1.51057009984438e-17
0.569422567	1.5039530307921468e-17
0.570628856	1.468392422490322e-17
0.571835144	1.5102570970258035e-17
0.573041433	1.6065586242078494e-17
0.574247721	1.5718535384850758e-17
0.57545401	1.5648685486553538e-17
0.576660298	1.5856143643594523e-17
0.577866587	1.501296796729559e-17
0.579072876	1.4714213368398425e-17
0.580279164	1.5197610498289915e-17
0.581485453	1.624908012101547e-17
0.582691741	1.6757144985486768e-17
0.58389803	1.6403330119685086e-17
0.585104318	1.5827225715968065e-17
0.586310607	1.608159586597447e-17
0.587516895	1.3886449978312507e-17
0.588723184	1.0966368435955584e-17
0.589929473	1.236778617502617e-17
0.591135761	1.3844962187673172e-17
0.59234205	1.4352947838859313e-17
0.593548338	1.440916342772783e-17
0.594754627	1.4578158678596156e-17
0.595960915	1.4926939711507335e-17
0.597167204	1.5310761514129103e-17
0.598373492	1.527714366622979e-17
0.599579781	1.4702794056989446e-17
0.60078607	1.4788568851867166e-17
0.601992358	1.555814458339739e-17
0.603198647	1.6112656216409656e-17
0.604404935	1.6173951823020728e-17
0.605611224	1.6791427035256575e-17
0.606817512	1.695535523027799e-17
0.608023801	1.6350852912553802e-17
0.609230089	1.5870705935400655e-17
0.610436378	1.6234155922039203e-17
0.611642667	1.5423741200571693e-17
0.612848955	1.4899583712832424e-17
0.614055244	1.532456085922195e-17
0.615261532	1.503754378704681e-17
0.616467821	1.429402535296437e-17
0.617674109	1.3121587766662988e-17
0.618880398	1.3623291085662659e-17
0.620086686	1.3525615084865496e-17
0.621292975	1.3051911708544155e-17
0.622499264	1.2298742784022543e-17
0.623705552	1.207778095829666e-17
0.624911841	1.2150135060485332e-17
0.626118129	1.2787329978325383e-17
0.627324418	1.3098539793569414e-17
0.628530706	1.3667521123420567e-17
0.629736995	1.4062651582403085e-17
0.630943283	1.402983551526958e-17
0.632149572	1.4473072163332102e-17
0.633355861	1.4719235575428844e-17
0.634562149	1.4558417520498884e-17
0.635768438	1.4516947261802153e-17
0.636974726	1.4242065655664468e-17
0.638181015	1.4638052096515173e-17
0.639387303	1.5077077879844654e-17
0.640593592	1.519466023411468e-17
0.64179988	1.5068052701182722e-17
0.643006169	1.4954737950248074e-17
0.644212458	1.4994978810967465e-17
0.645418746	1.501571294807807e-17
0.646625035	1.5257667248414405e-17
0.647831323	1.4779962373398432e-17
0.649037612	1.4188591224320615e-17
0.6502439	1.4522263163364616e-17
0.651450189	1.4829663098419302e-17
0.652656477	1.5006289113018115e-17
0.653862766	1.471505978029738e-17
0.655069055	1.3361809267414354e-17
0.656275343	1.2246409608933127e-17
0.657481632	1.4953932599663108e-17
0.65868792	1.562901545226084e-17
0.659894209	1.5372734005968072e-17
0.661100497	1.5374417052370676e-17
0.662306786	1.5399909187385426e-17
0.663513074	1.5120581895945628e-17
0.664719363	1.47070521942002e-17
0.665925652	1.4305466856366407e-17
0.66713194	1.3991836546298935e-17
0.668338229	1.3757320791634501e-17
0.669544517	1.3544361191454197e-17
0.670750806	1.3306425462200982e-17
0.671957094	1.3200979429894015e-17
0.673163383	1.3159985861729427e-17
0.674369671	1.2995653917960967e-17
0.67557596	1.329900191615836e-17
0.676782249	1.381660460412591e-17
0.677988537	1.3403917299751016e-17
0.679194826	1.3080290194086673e-17
0.680401114	1.33813253135775e-17
0.681607403	1.3768019562833557e-17
0.682813691	1.4047178340015313e-17
0.68401998	1.4099262161056628e-17
0.685226268	1.417873538865026e-17
0.686432557	1.4351142834391564e-17
0.687638846	1.463414328233494e-17
0.688845134	1.4948199665017186e-17
0.690051423	1.5236001335495473e-17
0.691257711	1.5168065689478e-17
0.692464	1.4727736173922e-17
0.693670288	1.4477483083373148e-17
0.694876577	1.4478434894706398e-17
0.696082865	1.500200505224679e-17
0.697289154	1.5304526064576043e-17
0.698495443	1.4760725014761193e-17
0.699701731	1.4428840452497287e-17
0.70090802	1.465659765699018e-17
0.702114308	1.510876961505617e-17
0.703320597	1.526057423075818e-17
0.704526885	1.5092614791212732e-17
0.705733174	1.4298461786582913e-17
0.706939462	1.3212888608602919e-17
0.708145751	1.2681468936235134e-17
0.70935204	1.2322726160326565e-17
0.710558328	1.206151960645499e-17
0.711764617	1.1445843331509007e-17
0.712970905	1.0863984673537906e-17
0.714177194	1.1034605540029959e-17
0.715383482	1.144739033225137e-17
0.716589771	1.18172249999314e-17
0.717796059	1.172757549631213e-17
0.719002348	1.161693369356122e-17
0.720208637	1.1800508274448406e-17
0.721414925	1.2504925702057977e-17
0.722621214	1.308180726081019e-17
0.723827502	1.303782739321319e-17
0.725033791	1.2936644103888488e-17
0.726240079	1.3074049739947772e-17
0.727446368	1.3078320268533845e-17
0.728652656	1.3141003045246507e-17
0.729858945	1.3303842570182872e-17
0.731065234	1.3549720401401505e-17
0.732271522	1.377914471497791e-17
0.733477811	1.3937937841613118e-17
0.734684099	1.3984643356561405e-17
0.735890388	1.435330102705441e-17
0.737096676	1.4807074054785908e-17
0.738302965	1.4888418079058375e-17
0.739509253	1.4877957494878788e-17
0.740715542	1.5022714890798148e-17
0.741921831	1.5108448069497077e-17
0.743128119	1.5089233926255095e-17
0.744334408	1.5160017631946837e-17
0.745540696	1.5220867142089396e-17
0.746746985	1.4907564782909345e-17
0.747953273	1.4896489982144346e-17
0.749159562	1.496399727090241e-17
0.75036585	1.5235965470453284e-17
0.751572139	1.5518445795280218e-17
0.752778428	1.5665922219509493e-17
0.753984716	1.5740728302739513e-17
0.755191005	1.5762465603380074e-17
0.756397293	1.5684308078261314e-17
0.757603582	1.5643806157944507e-17
0.75880987	1.5772135682591418e-17
0.760016159	1.5756123464161728e-17
0.761222447	1.4987168828404752e-17
0.762428736	1.4471631694476583e-17
0.763635025	1.4524593797474002e-17
0.764841313	1.44502844937469e-17
0.766047602	1.418913464883556e-17
0.76725389	1.4241978661308445e-17
0.768460179	1.465766157463325e-17
0.769666467	1.447856831387622e-17
0.770872756	1.405783097910032e-17
0.772079044	1.4176494795169363e-17
0.773285333	1.4180664355420223e-17
0.774491622	1.4162694680838144e-17
0.77569791	1.434347143220767e-17
0.776904199	1.4083544430438185e-17
0.778110487	1.4168486371091578e-17
0.779316776	1.4565365938724535e-17
0.780523064	1.458412137745798e-17
0.781729353	1.444212952563978e-17
0.782935641	1.4219419465114668e-17
0.78414193	1.3933451467615376e-17
0.785348219	1.391469949591196e-17
0.786554507	1.405971505380012e-17
0.787760796	1.3801916637171425e-17
0.788967084	1.331118531120253e-17
0.790173373	1.2919565988743528e-17
0.791379661	1.2920414834788646e-17
0.79258595	1.3166495635885349e-17
0.793792238	1.3001325364735172e-17
0.794998527	1.262674571371062e-17
0.796204816	1.307863670770434e-17
0.797411104	1.3502250060420249e-17
0.798617393	1.3561019339183555e-17
0.799823681	1.3560472789772504e-17
0.80102997	1.353499795280032e-17
0.802236258	1.3514374041475368e-17
0.803442547	1.3671388001198545e-17
0.804648835	1.3748629843525565e-17
0.805855124	1.3477078976366299e-17
0.807061413	1.314380187830612e-17
0.808267701	1.309738508167362e-17
0.80947399	1.2961460590910953e-17
0.810680278	1.2744921550836385e-17
0.811886567	1.2848098602379707e-17
0.813092855	1.2978366828600667e-17
0.814299144	1.2982732357487342e-17
0.815505432	1.2934272418270042e-17
0.816711721	1.2833920666836104e-17
0.81791801	1.301473992481081e-17
0.819124298	1.3097784672197643e-17
0.820330587	1.292182741950206e-17
0.821536875	1.2896294333895967e-17
0.822743164	1.272056473403532e-17
0.823949452	1.3018062315225174e-17
0.825155741	1.3317698116223263e-17
0.82636203	1.355720491841818e-17
0.827568318	1.3377994003107592e-17
0.828774607	1.300878784864233e-17
0.829980895	1.2498025078685846e-17
0.831187184	1.2258196378373889e-17
0.832393472	1.2627406281799981e-17
0.833599761	1.2762730181158463e-17
0.834806049	1.249741407876434e-17
0.836012338	1.2553642353735313e-17
0.837218627	1.2579307563905866e-17
0.838424915	1.2240793457261462e-17
0.839631204	1.2183261706145485e-17
0.840837492	1.2633952215651298e-17
0.842043781	1.2668113173870892e-17
0.843250069	1.2398688140230557e-17
0.844456358	1.224232733779006e-17
0.845662646	1.2716130727933346e-17
0.846868935	1.2352823702484073e-17
0.848075224	1.3168538235316185e-17
0.849281512	1.2899417205734533e-17
0.850487801	1.1367081144441837e-17
0.851694089	1.21876708325738e-17
0.852900378	1.267444389907394e-17
0.854106666	1.0344756395722763e-17
0.855312955	1.0413154441489719e-17
0.856519243	1.2814097276772029e-17
0.857725532	1.3406308191744963e-17
0.858931821	1.238287073227409e-17
0.860138109	1.1685909575162665e-17
0.861344398	1.3132893044995898e-17
0.862550686	1.388856793716723e-17
0.863756975	1.4032659178908548e-17
0.864963263	1.3145211204503559e-17
0.866169552	1.0141583471722493e-17
0.86737584	1.0101410680997988e-17
0.868582129	1.227869400519239e-17
0.869788418	1.4142200408237354e-17
0.870994706	1.4740050469367925e-17
0.872200995	1.469602733061295e-17
0.873407283	1.3733409262920103e-17
0.874613572	1.1906190918739377e-17
0.87581986	1.2083521477682134e-17
0.877026149	1.3672565384279726e-17
0.878232437	1.4545918479718648e-17
0.879438726	1.44591431732508e-17
0.880645015	1.3950594986524168e-17
0.881851303	1.3648077049858263e-17
0.883057592	1.3541312189854237e-17
0.88426388	1.3220982903198303e-17
0.885470169	1.1879332718537218e-17
0.886676457	1.0795173206725882e-17
0.887882746	1.2182119424741722e-17
0.889089034	1.3341189564080563e-17
0.890295323	1.3973558870044867e-17
0.891501612	1.4247755181160694e-17
0.8927079	1.4004596604648414e-17
0.893914189	1.3724533656927366e-17
0.895120477	1.3198094607768485e-17
0.896326766	1.2905424162063841e-17
0.897533054	1.3026517290395786e-17
0.898739343	1.2655840643469156e-17
0.899945631	1.1766233138334496e-17
0.90115192	1.0236988920395471e-17
0.902358209	1.0926585895569952e-17
0.903564497	1.3130662503712094e-17
0.904770786	1.4332710917351866e-17
0.905977074	1.4377903047216525e-17
0.907183363	1.4035945662182298e-17
0.908389651	1.3652278692561783e-17
0.90959594	1.3431263932952646e-17
0.910802228	1.3463761755709856e-17
0.912008517	1.3696090624755536e-17
0.913214806	1.3502320664799886e-17
0.914421094	1.2855152973900989e-17
0.915627383	1.1918687597789971e-17
0.916833671	1.175362731391786e-17
0.91803996	1.1676822947464359e-17
0.919246248	1.203974989774811e-17
0.920452537	1.1827369145715726e-17
0.921658825	1.095904499870819e-17
0.922865114	1.0148126576767578e-17
0.924071403	1.0716708031170717e-17
0.925277691	1.1597617524329177e-17
0.92648398	1.2185646873942862e-17
0.927690268	1.2510340798102353e-17
0.928896557	1.2151769478435055e-17
0.930102845	1.1841394497772947e-17
0.931309134	1.1242681957791887e-17
0.932515422	1.0411082619002079e-17
0.933721711	1.003995194347728e-17
0.934928	1.0322129172070053e-17
0.936134288	1.075633426510868e-17
0.937340577	1.0534844668952178e-17
0.938546865	1.0495559289151272e-17
0.939753154	1.1092758765752363e-17
0.940959442	1.1135495756296844e-17
0.942165731	1.0639534757223369e-17
0.943372019	9.588916573176565e-18
0.944578308	9.197904734238775e-18
0.945784597	9.57195988936322e-18
0.946990885	1.033344145827458e-17
0.948197174	1.0041168441593387e-17
0.949403462	9.710548137370408e-18
0.950609751	9.830133811759456e-18
0.951816039	9.742719358271378e-18
0.953022328	9.360525813926095e-18
0.954228616	8.645283520403495e-18
0.955434905	8.550418853812052e-18
0.956641194	9.105211331730844e-18
0.957847482	9.772341145767921e-18
0.959053771	9.31032771631399e-18
0.960260059	9.247401372807429e-18
0.961466348	9.696765824668546e-18
0.962672636	1.0154999459221328e-17
0.963878925	1.012304889922221e-17
0.965085213	9.712686198200213e-18
0.966291502	9.672315134539091e-18
0.967497791	1.0063250842768645e-17
0.968704079	9.963236273194263e-18
0.969910368	1.1008472291794347e-17
0.971116656	0.
0.972322945	0.
0.973529233	0.
0.974735522	0.
0.97594181	0.
0.977148099	0.
0.978354388	0.
0.979560676	0.
0.980766965	0.
0.981973253	0.
0.983179542	0.
0.98438583	0.
0.985592119	0.
0.986798407	0.
0.988004696	0.
0.989210985	0.
0.990417273	0.
0.991623562	0.
0.99282985	0.
0.994036139	0.
0.995242427	0.
0.996448716	0.
0.997655004	1.435595894934887e-17
0.998861293	1.2677163956245902e-17
1.000067582	1.2764956065502367e-17
1.00127387	1.2172465842214153e-17
1.002480159	1.1739557056245742e-17
1.003686447	1.134622469623805e-17
1.004892736	1.1224454009215097e-17
1.006099024	1.1927748800100077e-17
1.007305313	1.2569378576364454e-17
1.008511601	1.2991624855619318e-17
1.00971789	1.3549426235829022e-17
1.010924179	1.385697620465171e-17
1.012130467	1.3842953128929996e-17
1.013336756	1.3966480087594983e-17
1.014543044	1.4024466348579036e-17
1.015749333	1.401243096233697e-17
1.016955621	1.390487392365504e-17
1.01816191	1.368150205128759e-17
1.019368198	1.3558965948200394e-17
1.020574487	1.3691940159349955e-17
1.021780776	1.3687755656133684e-17
1.022987064	1.3681958773521843e-17
1.024193353	1.3685699663044179e-17
1.025399641	1.372300153678407e-17
1.02660593	1.3673225085835452e-17
1.027812218	1.3554350434906054e-17
1.029018507	1.3559882339172422e-17
1.030224795	1.3629879742307624e-17
1.031431084	1.3533515704776198e-17
1.032637373	1.3572989111950967e-17
1.033843661	1.3829388954354171e-17
1.03504995	1.378533090351453e-17
1.036256238	1.3636755408211076e-17
1.037462527	1.3823186775022955e-17
1.038668815	1.3944561730269714e-17
1.039875104	1.3878383312204472e-17
1.041081392	1.3864754195203392e-17
1.042287681	1.3896992480883522e-17
1.04349397	1.3833500172792713e-17
1.044700258	1.3820964637327988e-17
1.045906547	1.3925070075019858e-17
1.047112835	1.3884828343512415e-17
1.048319124	1.3770780969313378e-17
1.049525412	1.373733504370363e-17
1.050731701	1.3787909392514107e-17
1.051937989	1.3857984821214001e-17
1.053144278	1.3973682184202883e-17
1.054350567	1.4028337635949127e-17
1.055556855	1.38998751000663e-17
1.056763144	1.3903421418771936e-17
1.057969432	1.4075173718174977e-17
1.059175721	1.4039536660847738e-17
1.060382009	1.3847172596890756e-17
1.061588298	1.3702235000070787e-17
1.062794586	1.3905502199166168e-17
1.064000875	1.393391526064136e-17
1.065207164	1.3893532250784053e-17
1.066413452	1.3854728679791908e-17
1.067619741	1.3824294963738097e-17
1.068826029	1.391068444190969e-17
1.070032318	1.4025683564859116e-17
1.071238606	1.3929557410978284e-17
1.072444895	1.3811366532298314e-17
1.073651183	1.3884872832405852e-17
1.074857472	1.3918025227122143e-17
1.076063761	1.3863176673819393e-17
1.077270049	1.3861024462399723e-17
1.078476338	1.3800432420587206e-17
1.079682626	1.3559159870101366e-17
1.080888915	1.3619914668878755e-17
1.082095203	1.3945393382772884e-17
1.083301492	1.3856854296972033e-17
1.084507781	1.3540808288373654e-17
1.085714069	1.322152061027162e-17
1.086920358	1.3258302165628931e-17
1.088126646	1.3547221876937685e-17
1.089332935	1.3242620424900489e-17
1.090539223	1.2838410225305327e-17
1.091745512	1.2747491891632418e-17
1.0929518	1.2917927673829247e-17
1.094158089	1.3130127049024955e-17
1.095364378	1.273667803818625e-17
1.096570666	1.2252740516105302e-17
1.097776955	1.205805137853483e-17
1.098983243	1.1856219467577807e-17
1.100189532	1.1628624486189282e-17
1.10139582	1.1716010178692693e-17
1.102602109	1.1808757280522547e-17
1.103808397	1.169549939623182e-17
1.105014686	1.1617622410273724e-17
1.106220975	1.1598895313015146e-17
1.107427263	1.1585771108555963e-17
1.108633552	1.1518374229091275e-17
1.10983984	1.14269280870101e-17
1.111046129	1.1405363793823627e-17
1.112252417	1.1418987938164052e-17
1.113458706	1.1361919349585619e-17
1.114664994	1.1277624301799035e-17
1.115871283	1.1193165129418764e-17
1.117077572	1.1107131395581911e-17
1.11828386	1.102648721303587e-17
1.119490149	1.1023153159592533e-17
1.120696437	1.0904671607562697e-17
1.121902726	1.0604521861499362e-17
1.123109014	1.0373540287986912e-17
1.124315303	1.0250245582067465e-17
1.125521591	1.0253784162721196e-17
1.12672788	1.0176119297416111e-17
1.127934169	9.975821641614325e-18
1.129140457	9.96326510336498e-18
1.130346746	1.0028491901269421e-17
1.131553034	9.970932560982382e-18
1.132759323	9.919425185937555e-18
1.133965611	9.859982737385712e-18
1.1351719	9.727998242497747e-18
1.136378188	9.614603590628939e-18
1.137584477	9.685229093707428e-18
1.138790766	9.84437668736812e-18
1.139997054	9.960699399318175e-18
1.141203343	1.0024814234826794e-17
1.142409631	1.0057849074394677e-17
1.14361592	1.0094131681696391e-17
1.144822208	1.0055806424794547e-17
1.146028497	9.953990182481834e-18
1.147234785	9.940861092078375e-18
1.148441074	9.955531662562594e-18
1.149647363	9.929747496438895e-18
1.150853651	9.912029968863272e-18
1.15205994	9.899339550540071e-18
1.153266228	9.843024925432885e-18
1.154472517	9.793139951947266e-18
1.155678805	9.81192000001855e-18
1.156885094	9.806134726629722e-18
1.158091382	9.774915899676163e-18
1.159297671	9.837013677608919e-18
1.16050396	9.92987497252869e-18
1.161710248	9.978006574084355e-18
1.162916537	9.9456751513049e-18
1.164122825	9.857760572782232e-18
1.165329114	9.832114323624177e-18
1.166535402	9.822080703867719e-18
1.167741691	9.789353271300588e-18
1.168947979	9.85870690918365e-18
1.170154268	9.976809983586141e-18
1.171360557	9.932821186875769e-18
1.172566845	9.847853175725102e-18
1.173773134	9.784250873856318e-18
1.174979422	9.821095834606134e-18
1.176185711	9.916418832572863e-18
1.177391999	9.916321769642485e-18
1.178598288	9.841940463565847e-18
1.179804576	9.655696414062586e-18
1.181010865	9.581660736430692e-18
1.182217154	9.63882043976802e-18
1.183423442	9.760357837004467e-18
1.184629731	9.726433972512867e-18
1.185836019	9.417837153746488e-18
1.187042308	9.369946009326683e-18
1.188248596	9.566200313703454e-18
1.189454885	9.527300952471366e-18
1.190661173	9.439351255921968e-18
1.191867462	9.410943041398667e-18
1.193073751	9.340872136281677e-18
1.194280039	9.230183011695551e-18
1.195486328	9.14744378782669e-18
1.196692616	9.18250232275395e-18
1.197898905	9.384249301572505e-18
1.199105193	9.421364144441426e-18
1.200311482	9.27962878662018e-18
1.20151777	9.191735707944256e-18
1.202724059	9.274519692342754e-18
1.203930348	9.519460971897298e-18
1.205136636	9.45937772661931e-18
1.206342925	9.283585136056464e-18
1.207549213	9.55519700471397e-18
1.208755502	9.75834140481447e-18
1.20996179	9.659465381023794e-18
1.211168079	9.593741725056971e-18
1.212374367	9.579548924693396e-18
1.213580656	9.58624437032896e-18
1.214786945	9.591616400494704e-18
1.215993233	9.586634630281487e-18
1.217199522	9.593107403602258e-18
1.21840581	9.597768621063046e-18
1.219612099	9.582623450622659e-18
1.220818387	9.552939171727707e-18
1.222024676	9.514752321039473e-18
1.223230964	9.488019653012883e-18
1.224437253	9.459578974179933e-18
1.225643542	9.404745562944386e-18
1.22684983	9.395469367519448e-18
1.228056119	9.422188866836823e-18
1.229262407	9.330730791181923e-18
1.230468696	9.211870551804378e-18
1.231674984	9.187113514806395e-18
1.232881273	9.165979126054364e-18
1.234087561	9.132267967526005e-18
1.23529385	9.108543724883372e-18
1.236500139	9.087272269575478e-18
1.237706427	9.05504022881943e-18
1.238912716	9.066491292527578e-18
1.240119004	9.127138408281716e-18
1.241325293	9.14095111805301e-18
1.242531581	9.143665845034919e-18
1.24373787	9.183768588250957e-18
1.244944158	9.202766254677361e-18
1.246150447	9.196919792224637e-18
1.247356736	9.202023468629269e-18
1.248563024	9.185909685342339e-18
1.249769313	9.146197057712737e-18
1.250975601	9.15836339010837e-18
1.25218189	9.207119744727174e-18
1.253388178	9.171986914293591e-18
1.254594467	9.127719338284682e-18
1.255800755	9.135503936835387e-18
1.257007044	9.134692100605942e-18
1.258213333	9.11314604892232e-18
1.259419621	9.066692376714332e-18
1.26062591	9.029178688826584e-18
1.261832198	9.018574910060713e-18
1.263038487	8.99040748761264e-18
1.264244775	8.945131258136768e-18
1.265451064	8.90521122421804e-18
1.266657352	8.924518695426102e-18
1.267863641	9.008798916122811e-18
1.26906993	8.997600909113727e-18
1.270276218	8.910529462629983e-18
1.271482507	8.897144229304269e-18
1.272688795	8.913297176400933e-18
1.273895084	8.940632328939619e-18
1.275101372	8.908377727509011e-18
1.276307661	8.83687647238365e-18
1.277513949	8.792808629250035e-18
1.278720238	8.693230283053026e-18
1.279926527	8.62863479546316e-18
1.281132815	8.982869636239684e-18
1.282339104	9.450694346364876e-18
1.283545392	8.993440110143648e-18
1.284751681	8.595540933796317e-18
1.285957969	8.576603869142495e-18
1.287164258	8.586895172464422e-18
1.288370546	8.545582123012906e-18
1.289576835	8.523135165200026e-18
1.290783124	8.461027909757793e-18
1.291989412	8.346337105780174e-18
1.293195701	8.333121818384984e-18
1.294401989	8.37804222208873e-18
1.295608278	8.359436189311418e-18
1.296814566	8.369983005024804e-18
1.298020855	8.399153622817184e-18
1.299227143	8.316050442154636e-18
1.300433432	8.20145338887904e-18
1.301639721	8.155751150708972e-18
1.302846009	8.123890483342887e-18
1.304052298	8.092494246243246e-18
1.305258586	8.00463965635917e-18
1.306464875	7.901105753192166e-18
1.307671163	7.835443108417648e-18
1.308877452	7.732377669757852e-18
1.31008374	7.6294716486685e-18
1.311290029	7.618553078221035e-18
1.312496318	7.594565236701965e-18
1.313702606	7.433054318278144e-18
1.314908895	7.397469382161072e-18
1.316115183	7.503872595417146e-18
1.317321472	7.42461212515395e-18
1.31852776	7.278945483840185e-18
1.319734049	7.211488961847548e-18
1.320940337	7.162511728677538e-18
1.322146626	7.121544881004317e-18
1.323352915	7.024391217189251e-18
1.324559203	6.928167925344346e-18
1.325765492	6.895648356712966e-18
1.32697178	6.869669243333067e-18
1.328178069	6.872250898651455e-18
1.329384357	6.963838894122668e-18
1.330590646	7.051059901389742e-18
1.331796935	7.056063600241198e-18
1.333003223	6.976278053424571e-18
1.334209512	6.846072782163379e-18
1.3354158	6.781026589584963e-18
1.336622089	6.7323269771282275e-18
1.337828377	6.667170019334448e-18
1.339034666	6.637234667035301e-18
1.340240954	6.603567286186449e-18
1.341447243	6.486779448915406e-18
1.342653532	6.346702398876006e-18
1.34385982	6.216779558884901e-18
1.345066109	6.101645478578117e-18
1.346272397	5.986914985636448e-18
1.347478686	5.827314552898328e-18
1.348684974	5.684597633568241e-18
1.349891263	5.59333396234653e-18
1.351097551	5.469202932490386e-18
1.35230384	5.3276019273713004e-18
1.353510129	5.2525699165307356e-18
1.354716417	5.240259833919283e-18
1.355922706	5.241419837486095e-18
1.357128994	5.1353738210119064e-18
1.358335283	4.993009416150876e-18
1.359541571	4.9363733083841916e-18
1.36074786	4.784188483894989e-18
1.361954148	4.721391709259225e-18
1.363160437	4.874136812902663e-18
1.364366726	5.2935086653498095e-18
1.365573014	5.7754101247446925e-18
1.366779303	6.038224893266087e-18
1.367985591	6.1617320872458875e-18
1.36919188	6.069154875981469e-18
1.370398168	5.789311960389787e-18
1.371604457	5.482566605476228e-18
1.372810745	5.237012354555654e-18
1.374017034	5.094625575221173e-18
1.375223323	5.044630042303473e-18
1.376429611	5.077531274586633e-18
1.3776359	5.138785761163268e-18
1.378842188	5.302305226908054e-18
1.380048477	5.593647805928577e-18
1.381254765	5.836634046378225e-18
1.382461054	5.9854477833039355e-18
1.383667342	5.973128678562494e-18
1.384873631	5.8869430745307745e-18
1.38607992	5.825565244017281e-18
1.387286208	5.720436273159902e-18
1.388492497	5.626893062838648e-18
1.389698785	5.651309695907193e-18
1.390905074	5.696422682992315e-18
1.392111362	5.725603712567815e-18
1.393317651	5.791113524887438e-18
1.394523939	5.836744522925018e-18
1.395730228	5.845236936137576e-18
1.396936517	5.8200140577875e-18
1.398142805	5.787097452667045e-18
1.399349094	5.8431354543568375e-18
1.400555382	5.922817359781572e-18
1.401761671	5.9264817280590905e-18
1.402967959	5.927450498889066e-18
1.404174248	5.9454626553864926e-18
1.405380536	5.926690179706106e-18
1.406586825	5.870625692083893e-18
1.407793114	5.789866821842216e-18
1.408999402	5.672637075720735e-18
1.410205691	5.558683417943857e-18
1.411411979	5.526409815579071e-18
1.412618268	5.505250428064076e-18
1.413824556	5.4525483405729755e-18
1.415030845	5.406914692443634e-18
1.416237133	5.373291254815018e-18
1.417443422	5.363380105316272e-18
1.418649711	5.3659642187516895e-18
1.419855999	5.3755589557825406e-18
1.421062288	5.420160657797643e-18
1.422268576	5.470144805574693e-18
1.423474865	5.391956793902227e-18
1.424681153	5.3172145755883295e-18
1.425887442	5.331634124992688e-18
1.42709373	5.334330982416222e-18
1.428300019	5.335212573134024e-18
1.429506308	5.347195962930953e-18
1.430712596	5.36330678833941e-18
1.431918885	5.3894986243835874e-18
1.433125173	5.4226848400212996e-18
1.434331462	5.45037791299004e-18
1.43553775	5.4363568985254306e-18
1.436744039	5.396665244959151e-18
1.437950327	5.350939091750531e-18
1.439156616	5.376988783895367e-18
1.440362905	5.428686606388227e-18
1.441569193	5.291030601891942e-18
1.442775482	5.211232334632689e-18
1.44398177	5.308489007899481e-18
1.445188059	5.358840609440503e-18
1.446394347	5.3611498075899306e-18
1.447600636	5.420355874701199e-18
1.448806924	5.408881364150109e-18
1.450013213	5.352622393483203e-18
1.451219502	5.3255194184330385e-18
1.45242579	5.295834760470313e-18
1.453632079	5.2423955774830966e-18
1.454838367	5.186935852565171e-18
1.456044656	5.161407674250667e-18
1.457250944	5.076735283099921e-18
1.458457233	4.9155404648003015e-18
1.459663521	4.79308178828918e-18
1.46086981	4.7165506112058515e-18
1.462076099	4.681684068023351e-18
1.463282387	4.6688690681511484e-18
1.464488676	4.661721090944882e-18
1.465694964	4.677275319472111e-18
1.466901253	4.6561050620302254e-18
1.468107541	4.579953447538771e-18
1.46931383	4.514887778582777e-18
1.470520118	4.478739893761843e-18
1.471726407	4.4619401816989854e-18
1.472932696	4.493280558599886e-18
1.474138984	4.486977018918762e-18
1.475345273	4.4104129536985255e-18
1.476551561	4.507896749680332e-18
1.47775785	4.621157019988542e-18
1.478964138	4.569796910072022e-18
1.480170427	4.517449865398358e-18
1.481376715	4.534783968801474e-18
1.482583004	4.6366142095599224e-18
1.483789293	4.6212109238348214e-18
1.484995581	4.6099833046705e-18
1.48620187	4.5590385381063126e-18
1.487408158	4.824204152750358e-18
1.488614447	4.968409131635199e-18
1.489820735	4.614128622181728e-18
1.491027024	4.415440343934412e-18
1.492233312	4.462762371489834e-18
1.493439601	4.442052098031692e-18
1.49464589	4.4315852613632766e-18
1.495852178	4.540722621896672e-18
1.497058467	4.603026651707181e-18
1.498264755	4.560637715660878e-18
1.499471044	4.520639600015629e-18
1.500677332	4.577473201647437e-18
1.501883621	4.647865213259263e-18
1.503089909	4.646247807665878e-18
1.504296198	4.679288734711087e-18
1.505502487	4.729140570384943e-18
1.506708775	4.682372847492488e-18
1.507915064	4.539771499366636e-18
1.509121352	4.4273896780531776e-18
1.510327641	4.312193069013949e-18
1.511533929	4.308156578067697e-18
1.512740218	4.338641425205603e-18
1.513946506	4.36543537580067e-18
1.515152795	4.361903648284335e-18
1.516359084	4.320593880787222e-18
1.517565372	4.289667752964861e-18
1.518771661	4.253847399951776e-18
1.519977949	4.228030050776612e-18
1.521184238	4.249926129751242e-18
1.522390526	4.325895170485534e-18
1.523596815	4.3295636822224385e-18
1.524803103	4.28174757824144e-18
1.526009392	4.220533959987813e-18
1.527215681	4.206453499003431e-18
1.528421969	4.2700524472289666e-18
1.529628258	4.424469184258814e-18
1.530834546	4.466871571704405e-18
1.532040835	4.376949124007033e-18
1.533247123	4.400367423899369e-18
1.534453412	4.474415558893137e-18
1.5356597	4.4566659634227416e-18
1.536865989	4.466843799715449e-18
1.538072278	4.530807356118366e-18
1.539278566	4.593579904936197e-18
1.540484855	4.5866624300091245e-18
1.541691143	4.513808846245902e-18
1.542897432	4.462771560202825e-18
1.54410372	4.467135001426127e-18
1.545310009	4.5057281821686914e-18
1.546516297	4.569490747726404e-18
1.547722586	4.683958199500388e-18
1.548928875	4.73092690638451e-18
1.550135163	4.693138897874612e-18
1.551341452	4.594554639273358e-18
1.55254774	4.49852110260455e-18
1.553754029	4.459587628098918e-18
1.554960317	4.364574818221266e-18
1.556166606	4.241417090242738e-18
1.557372894	4.184277027878401e-18
1.558579183	4.2174218275570496e-18
1.559785472	4.274705506767441e-18
1.56099176	4.3120956761408506e-18
1.562198049	4.30797492499019e-18
1.563404337	4.322978959286167e-18
1.564610626	4.330963087342983e-18
1.565816914	4.339607463577596e-18
1.567023203	4.3553072558915755e-18
1.568229491	4.364801273156828e-18
1.56943578	4.3465156656730314e-18
1.570642069	4.342209434038404e-18
1.571848357	4.3894003308254775e-18
1.573054646	4.436850235918262e-18
1.574260934	4.4251595472499524e-18
1.575467223	4.399415153094803e-18
1.576673511	4.40671453069152e-18
1.5778798	4.421824909501085e-18
1.579086089	4.422092604105244e-18
1.580292377	4.381960561035076e-18
1.581498666	4.583323488916934e-18
1.582704954	4.774472036134719e-18
1.583911243	4.7295114266600545e-18
1.585117531	4.640344180169839e-18
1.58632382	4.574904427516498e-18
1.587530108	4.618230242963139e-18
1.588736397	4.806418988545702e-18
1.589942686	5.024681401986361e-18
1.591148974	5.0144023874349495e-18
1.592355263	4.811451335593801e-18
1.593561551	4.668446098161152e-18
1.59476784	4.643040988081183e-18
1.595974128	4.69641772877398e-18
1.597180417	4.5627503934929575e-18
1.598386705	4.3758208504923626e-18
1.599592994	4.410563533298873e-18
1.600799283	4.494996595864741e-18
1.602005571	4.51532160671989e-18
1.60321186	4.5693236741781314e-18
1.604418148	4.642529113259382e-18
1.605624437	4.729152332126257e-18
1.606830725	4.749476712977929e-18
1.608037014	4.692238518083532e-18
1.609243302	4.7239417163194735e-18
1.610449591	4.7957196375016686e-18
1.61165588	4.774707128522437e-18
1.612862168	4.760706405727082e-18
1.614068457	4.758382834523205e-18
1.615274745	4.8894010209710065e-18
1.616481034	5.01772418782593e-18
1.617687322	4.866765281777381e-18
1.618893611	4.816939726500641e-18
1.620099899	4.907230063961331e-18
1.621306188	4.889083185270433e-18
1.622512477	4.791619761077689e-18
1.623718765	4.72480768754763e-18
1.624925054	4.681049337964145e-18
1.626131342	4.679324945608355e-18
1.627337631	4.619066022829411e-18
1.628543919	4.572842707334127e-18
1.629750208	4.595921489553266e-18
1.630956496	4.62311661546342e-18
1.632162785	4.607455588322333e-18
1.633369074	4.619997171818692e-18
1.634575362	4.6501354556184004e-18
1.635781651	4.6236294149611804e-18
1.636987939	4.590001503218489e-18
1.638194228	4.512759599083559e-18
1.639400516	4.361567051753283e-18
1.640606805	4.2106649251681365e-18
1.641813093	4.169955183126593e-18
1.643019382	4.21146514615137e-18
1.644225671	4.222545331563543e-18
1.645431959	4.153168037111036e-18
1.646638248	4.120229155075314e-18
1.647844536	4.155397145792679e-18
1.649050825	4.258530351938051e-18
1.650257113	4.37164183360549e-18
1.651463402	4.421654981239779e-18
1.65266969	4.430692051083129e-18
1.653875979	4.428601805776338e-18
1.655082268	4.419826910690951e-18
1.656288556	4.348551348256638e-18
1.657494845	4.2829740247614855e-18
1.658701133	4.244180109635455e-18
1.659907422	4.2190490305572756e-18
1.66111371	4.159225332949115e-18
1.662319999	4.0731436376866714e-18
1.663526287	4.011291718985607e-18
1.664732576	3.967232167312455e-18
1.665938865	4.008334373515606e-18
1.667145153	4.081331700002004e-18
1.668351442	4.140358081261429e-18
1.66955773	4.144890333407121e-18
1.670764019	4.224982323897262e-18
1.671970307	4.429336268640935e-18
1.673176596	4.523984444078724e-18
1.674382884	4.5345783183512375e-18
1.675589173	4.641695316078676e-18
1.676795462	4.660222147278711e-18
1.67800175	4.518268267773208e-18
1.679208039	4.4568863060791356e-18
1.680414327	4.50667031842525e-18
1.681620616	4.6056813419658685e-18
1.682826904	4.649579247345385e-18
1.684033193	4.559616297535193e-18
1.685239481	4.496958419155357e-18
1.68644577	4.510326544217449e-18
1.687652059	4.503913528612707e-18
1.688858347	4.5145223477739856e-18
1.690064636	4.5820494851216585e-18
1.691270924	4.6268841000303335e-18
1.692477213	4.6535285424872956e-18
1.693683501	4.7372975363025475e-18
1.69488979	4.7714489687339555e-18
1.696096078	4.757715668789042e-18
1.697302367	4.708889524671305e-18
1.698508656	4.6580787734514194e-18
1.699714944	4.648039961030779e-18
1.700921233	4.610931618106934e-18
1.702127521	4.557231143497453e-18
1.70333381	4.515625226787452e-18
1.704540098	4.4833794066366806e-18
1.705746387	4.4860892825779276e-18
1.706952675	4.5305321762470435e-18
1.708158964	4.609838248300918e-18
1.709365253	4.64088439793074e-18
1.710571541	4.6813773632251775e-18
1.71177783	4.835056324157101e-18
1.712984118	4.886152777077234e-18
1.714190407	4.762389539984778e-18
1.715396695	4.7361818378234404e-18
1.716602984	4.7768649974516655e-18
1.717809272	4.782625122841218e-18
1.719015561	4.794624474617569e-18
1.72022185	4.836395714564815e-18
1.721428138	4.82808618316428e-18
1.722634427	4.840614016883881e-18
1.723840715	4.92997823863357e-18
1.725047004	4.9409269482390076e-18
1.726253292	4.8203675847983325e-18
1.727459581	4.7655642294160756e-18
1.728665869	4.7476670483048734e-18
1.729872158	4.6963596409089114e-18
1.731078447	4.660126704910242e-18
1.732284735	4.655504819503206e-18
1.733491024	4.677259150212329e-18
1.734697312	4.711535226578809e-18
1.735903601	4.708373291525827e-18
1.737109889	4.665413419248894e-18
1.738316178	4.658820034075104e-18
1.739522466	4.660633123484222e-18
1.740728755	4.657998888882247e-18
1.741935044	4.6682930672140764e-18
1.743141332	4.641687797333976e-18
1.744347621	4.6003257565748886e-18
1.745553909	4.6356275782755745e-18
1.746760198	4.683763699114885e-18
1.747966486	4.662540865204529e-18
1.749172775	4.6317503565652994e-18
1.750379063	4.603191924391684e-18
1.751585352	4.570749118871295e-18
1.752791641	4.562433008765349e-18
1.753997929	4.517943430603607e-18
1.755204218	4.48792168582067e-18
1.756410506	4.4886767775513754e-18
1.757616795	4.470396486492013e-18
1.758823083	4.4268164825794034e-18
1.760029372	4.385123523649027e-18
1.76123566	4.391656965196896e-18
1.762441949	4.417769171312964e-18
1.763648238	4.3541229883917725e-18
1.764854526	4.289521067915927e-18
1.766060815	4.258449141408376e-18
1.767267103	4.26705128404265e-18
1.768473392	4.303983758563279e-18
1.76967968	4.33269284296456e-18
1.770885969	4.337234004321666e-18
1.772092257	4.317044144931133e-18
1.773298546	4.295924795477504e-18
1.774504835	4.294987878606385e-18
1.775711123	4.337150297024356e-18
1.776917412	4.362378671003483e-18
1.7781237	4.3425462910225635e-18
1.779329989	4.3057162803151676e-18
1.780536277	4.286692215299339e-18
1.781742566	4.300502571885477e-18
1.782948854	4.3425575539801935e-18
1.784155143	4.396772421967121e-18
1.785361432	4.462135355453884e-18
1.78656772	4.517111984688354e-18
1.787774009	4.510275531446447e-18
1.788980297	4.496794643301621e-18
1.790186586	4.491792343024288e-18
1.791392874	4.451244332692518e-18
1.792599163	4.378355428134863e-18
1.793805451	4.291689844994855e-18
1.79501174	4.188788567742972e-18
1.796218029	4.06009220249442e-18
1.797424317	3.944457272154121e-18
1.798630606	3.856576552982232e-18
1.799836894	3.801255482867015e-18
1.801043183	3.808612809743633e-18
1.802249471	3.872858762546817e-18
1.80345576	3.91497286649595e-18
1.804662048	3.956818077471331e-18
1.805868337	4.05685331627583e-18
1.807074626	4.150503881605996e-18
1.808280914	4.212352917480906e-18
1.809487203	4.266753138850789e-18
1.810693491	4.3225177772081255e-18
1.81189978	4.398623408210681e-18
1.813106068	4.481634372070471e-18
1.814312357	4.568202930784737e-18
1.815518645	4.662701061725381e-18
1.816724934	4.80634478449232e-18
1.817931223	5.0564085648255416e-18
1.819137511	5.030151517275053e-18
1.8203438	4.7768873138603565e-18
1.821550088	4.727516047638498e-18
1.822756377	4.685829165291605e-18
1.823962665	4.540912558343898e-18
1.825168954	4.442296891643356e-18
1.826375243	4.42766527935369e-18
1.827581531	4.346879763615444e-18
1.82878782	4.8536802701792975e-18
1.829994108	0.
1.831200397	0.
1.832406685	0.
1.833612974	0.
1.834819262	0.
1.836025551	0.
1.83723184	0.
1.838438128	0.
1.839644417	0.
1.840850705	0.
1.842056994	0.
1.843263282	0.
1.844469571	0.
1.845675859	0.
1.846882148	0.
1.848088437	0.
1.849294725	0.
1.850501014	0.
1.851707302	0.
1.852913591	0.
1.854119879	0.
1.855326168	0.
1.856532456	0.
1.857738745	0.
1.858945034	0.
1.860151322	0.
1.861357611	0.
1.862563899	0.
1.863770188	0.
1.864976476	0.
1.866182765	0.
1.867389053	0.
1.868595342	0.
1.869801631	0.
1.871007919	0.
1.872214208	1.4101099529623843e-17
1.873420496	1.476324712633711e-17
1.874626785	2.1115743773831954e-17
1.875833073	-4.728306165938128e-17
1.877039362	-2.572563875359531e-18
1.87824565	1.4656827309757953e-18
1.879451939	2.5967845888978e-18
1.880658228	3.1064776170363586e-18
1.881864516	3.372873371774429e-18
1.883070805	3.1673840670174686e-18
1.884277093	2.6114616330534186e-18
1.885483382	2.3452784913780394e-18
1.88668967	2.64788524256372e-18
1.887895959	2.963030829088377e-18
1.889102247	3.069264689078309e-18
1.890308536	3.1996911174981338e-18
1.891514825	3.2534011231750096e-18
1.892721113	2.8535362948407392e-18
1.893927402	2.2592892151723005e-18
1.89513369	2.3747022700470743e-18
1.896339979	2.842552809010413e-18
1.897546267	3.1370684798440866e-18
1.898752556	3.3061435161697947e-18
1.899958844	3.92043185623678e-18
1.901165133	6.670985233208837e-18
1.902371422	1.6622895748227055e-17
1.90357771	1.7642255258435454e-17
1.904783999	1.0965555636745165e-17
1.905990287	7.466143429315829e-18
1.907196576	5.348399353233794e-18
1.908402864	3.923694108383966e-18
1.909609153	2.808764564129444e-18
1.910815441	2.152814469626859e-18
1.91202173	1.962096564200304e-18
1.913228019	2.3838438415517887e-18
1.914434307	3.213596728408952e-18
1.915640596	4.2325977148469946e-18
1.916846884	4.5858054085205605e-18
1.918053173	4.044438309423701e-18
1.919259461	3.257201015989337e-18
1.92046575	2.7265729592538543e-18
1.921672038	2.5141814600522003e-18
1.922878327	2.4178518102073778e-18
1.924084616	2.4804416539040186e-18
1.925290904	2.6352234163497633e-18
1.926497193	2.7486897485139966e-18
1.927703481	2.6885670387569944e-18
1.92890977	2.4820216831907553e-18
1.930116058	2.290403522318555e-18
1.931322347	2.1256534488020134e-18
1.932528635	2.099751672549036e-18
1.933734924	2.1909417095913424e-18
1.934941213	2.3235956205507888e-18
1.936147501	2.386241934972115e-18
1.93735379	2.4496725585028797e-18
1.938560078	2.5200448371746033e-18
1.939766367	2.4961213836956006e-18
1.940972655	2.3407710956014763e-18
1.942178944	2.2844599246148787e-18
1.943385232	2.452807467087148e-18
1.944591521	2.5840445095775723e-18
1.94579781	2.5232921375399923e-18
1.947004098	2.3913573613601335e-18
1.948210387	2.270564161352054e-18
1.949416675	2.1861889513393573e-18
1.950622964	2.1304800131705044e-18
1.951829252	2.1713821427848305e-18
1.953035541	2.2461404855089262e-18
1.954241829	2.3321159859968723e-18
1.955448118	2.5458775610537575e-18
1.956654407	2.7668441336789603e-18
1.957860695	2.692135276307872e-18
1.959066984	2.435921449077307e-18
1.960273272	2.208272440761156e-18
1.961479561	2.056875173483064e-18
1.962685849	1.976787281301137e-18
1.963892138	2.0032372670175195e-18
1.965098426	2.0663426038045098e-18
1.966304715	2.06496797167833e-18
1.967511004	2.0144771681683436e-18
1.968717292	1.9708229566311833e-18
1.969923581	1.961181169225244e-18
1.971129869	1.939548123702315e-18
1.972336158	1.9181845267168725e-18
1.973542446	1.904119756810959e-18
1.974748735	1.915108094868424e-18
1.975955023	1.928522204555854e-18
1.977161312	1.9497338737875435e-18
1.978367601	1.9963931361654126e-18
1.979573889	1.9892312678686616e-18
1.980780178	1.9381598242936777e-18
1.981986466	1.8862504562080066e-18
1.983192755	1.853021437949419e-18
1.984399043	1.832924153559443e-18
1.985605332	1.8317002359894266e-18
1.98681162	1.8174859430229515e-18
1.988017909	1.7716033388689283e-18
1.989224198	1.7598425291865455e-18
1.990430486	1.7640435831621996e-18
1.991636775	1.771329902022102e-18
1.992843063	1.7677726339110972e-18
1.994049352	1.725715202868294e-18
1.99525564	1.6338951347873696e-18
1.996461929	1.5443282263739526e-18
1.997668217	1.5101861435510667e-18
1.998874506	1.504143027379307e-18
2.000080795	1.5388502286528592e-18
2.001287083	1.6592603760276604e-18
2.002493372	1.8276964947607187e-18
2.00369966	1.905503181039582e-18
2.004905949	1.859320195947237e-18
2.006112237	1.8393479452856603e-18
2.007318526	1.8112237892720354e-18
2.008524814	1.7425757030074825e-18
2.009731103	1.6773533880110177e-18
2.010937392	1.646512444740449e-18
2.01214368	1.5967169354809803e-18
2.013349969	1.535299112648559e-18
2.014556257	1.5204455668681447e-18
2.015762546	1.5560852298901271e-18
2.016968834	1.6082320215186187e-18
2.018175123	1.6601174969811166e-18
2.019381411	1.6970935985602564e-18
2.0205877	1.7108590957987915e-18
2.021793989	1.7125466409486997e-18
2.023000277	1.6898086766607021e-18
2.024206566	1.6450752498397181e-18
2.025412854	1.618417865231096e-18
2.026619143	1.6129891011890043e-18
2.027825431	1.614898671779404e-18
2.02903172	1.62471889458682e-18
2.030238008	1.6354663903624513e-18
2.031444297	1.6101159428881488e-18
2.032650586	1.582044245270312e-18
2.033856874	1.5847558684531927e-18
2.035063163	1.5725790647983261e-18
2.036269451	1.5498075424699036e-18
2.03747574	1.5666387646203222e-18
2.038682028	1.6015865352772517e-18
2.039888317	1.6006684430767193e-18
2.041094605	1.6119998621784251e-18
2.042300894	1.6295255801612676e-18
2.043507183	1.6108940025969656e-18
2.044713471	1.569438519527958e-18
2.04591976	1.5303848160320062e-18
2.047126048	1.5061213712974786e-18
2.048332337	1.4942629539105757e-18
2.049538625	1.470283455009101e-18
2.050744914	1.4332861324673147e-18
2.051951202	1.4109516185395363e-18
2.053157491	1.4106047463953928e-18
2.05436378	1.4281303744598193e-18
2.055570068	1.4672106840792396e-18
2.056776357	1.4973035297444071e-18
2.057982645	1.497720961011614e-18
2.059188934	1.485159732168141e-18
2.060395222	1.472662810185955e-18
2.061601511	1.4256007062836954e-18
2.062807799	1.4054438411983991e-18
2.064014088	1.4562047520832214e-18
2.065220377	1.48725842099237e-18
2.066426665	1.4656626638310357e-18
2.067632954	1.4532824555433832e-18
2.068839242	1.453473603100617e-18
2.070045531	1.4741596558036903e-18
2.071251819	1.500732195428971e-18
2.072458108	1.5179935583383752e-18
2.073664396	1.5284452132561345e-18
2.074870685	1.532693370646013e-18
2.076076974	1.5332110846425877e-18
2.077283262	1.5236464484463887e-18
2.078489551	1.513490407027772e-18
2.079695839	1.5264179621761843e-18
2.080902128	1.5309301339101163e-18
2.082108416	1.504536654835842e-18
2.083314705	1.4977915407358474e-18
2.084520994	1.5102994227720094e-18
2.085727282	1.5036119064163386e-18
2.086933571	1.5127165840516587e-18
2.088139859	1.566712900544534e-18
2.089346148	1.6217652601689447e-18
2.090552436	1.6430316004800853e-18
2.091758725	1.646097134525438e-18
2.092965013	1.6192198332497954e-18
2.094171302	1.5734549185952801e-18
2.095377591	1.5480663071435137e-18
2.096583879	1.5415085495675559e-18
2.097790168	1.5376767346551246e-18
2.098996456	1.5441711493649772e-18
2.100202745	1.5578664266007167e-18
2.101409033	1.572437717185839e-18
2.102615322	1.5856914129417905e-18
2.10382161	1.5929687733952942e-18
2.105027899	1.5968125287581131e-18
2.106234188	1.599660368257746e-18
2.107440476	1.611665353150375e-18
2.108646765	1.6410882503122355e-18
2.109853053	1.681999881095283e-18
2.111059342	1.6927846494828465e-18
2.11226563	1.6675229009512165e-18
2.113471919	1.652968286054824e-18
2.114678207	1.662043162548601e-18
2.115884496	1.6905860212905808e-18
2.117090785	1.7038548712772784e-18
2.118297073	1.6940236937474682e-18
2.119503362	1.6997263771291475e-18
2.12070965	1.7090512025291252e-18
2.121915939	1.7027103085402432e-18
2.123122227	1.7103200549929928e-18
2.124328516	1.7334044381750163e-18
2.125534804	1.7395683780521096e-18
2.126741093	1.734821389591897e-18
2.127947382	1.7311030441475623e-18
2.12915367	1.734866253150081e-18
2.130359959	1.7447835123225795e-18
2.131566247	1.7496977691883193e-18
2.132772536	1.7562078194893955e-18
2.133978824	1.76632510582508e-18
2.135185113	1.783482817033817e-18
2.136391401	1.798978052092366e-18
2.13759769	1.7751805746271067e-18
2.138803979	1.745879378643882e-18
2.140010267	1.7434536094750935e-18
2.141216556	1.747605397563966e-18
2.142422844	1.7489953179453745e-18
2.143629133	1.7487612354079918e-18
2.144835421	1.746639662857621e-18
2.14604171	1.7460372948119684e-18
2.147247998	1.7388560056344028e-18
2.148454287	1.7334943423478663e-18
2.149660576	1.750772281018633e-18
2.150866864	1.776961848724921e-18
2.152073153	1.7973208000008364e-18
2.153279441	1.803688072301549e-18
2.15448573	1.8038304738196784e-18
2.155692018	1.806110026142438e-18
2.156898307	1.8068275664847745e-18
2.158104595	1.8035967784317093e-18
2.159310884	1.7995616769844912e-18
2.160517173	1.7950134328223614e-18
2.161723461	1.792326330147082e-18
2.16292975	1.7971018062965602e-18
2.164136038	1.814888560789227e-18
2.165342327	1.9181733818696673e-18
2.166548615	2.0487569279509516e-18
2.167754904	1.966461809651961e-18
2.168961192	1.8681916508389635e-18
2.170167481	1.8438349550543168e-18
2.17137377	1.8378707542565136e-18
2.172580058	1.8315705981644676e-18
2.173786347	1.815246725412255e-18
2.174992635	1.7989598321738234e-18
2.176198924	1.7846005062258554e-18
2.177405212	1.781844511225077e-18
2.178611501	1.795422817003145e-18
2.179817789	1.7835962520507308e-18
2.181024078	1.7855326809089597e-18
2.182230367	1.8058702327284752e-18
2.183436655	1.797118992376518e-18
2.184642944	1.780222234709254e-18
2.185849232	1.7791423603093064e-18
2.187055521	1.8002705164450803e-18
2.188261809	1.83751600383835e-18
2.189468098	1.8251336492110775e-18
2.190674386	1.778289973356158e-18
2.191880675	1.7481111939304904e-18
2.193086964	1.7403004481021835e-18
2.194293252	1.7511789175371215e-18
2.195499541	1.7616866231237878e-18
2.196705829	1.767846874016152e-18
2.197912118	1.77977753794883e-18
2.199118406	1.784163874112214e-18
2.200324695	1.76715230489881e-18
2.201530983	1.748623253188231e-18
2.202737272	1.7509588595352933e-18
2.203943561	1.7571378117545675e-18
2.205149849	1.7913500554749045e-18
2.206356138	1.851281769371042e-18
2.207562426	1.8367228936554297e-18
2.208768715	1.7868633476350096e-18
2.209975003	1.7585331927289004e-18
2.211181292	1.7627832649521224e-18
2.21238758	1.788373312295522e-18
2.213593869	1.805358421740808e-18
2.214800158	1.8085595033341297e-18
2.216006446	1.7997906641259817e-18
2.217212735	1.776197204848796e-18
2.218419023	1.7389997800636727e-18
2.219625312	1.7004853615345932e-18
2.2208316	1.6716825902409694e-18
2.222037889	1.6517119827521367e-18
2.223244177	1.625845325482252e-18
2.224450466	1.6046265747290804e-18
2.225656755	1.616522972646393e-18
2.226863043	1.6319778320240374e-18
2.228069332	1.6215705927146716e-18
2.22927562	1.6148685271114304e-18
2.230481909	1.6205897706765114e-18
2.231688197	1.6291892945019873e-18
2.232894486	1.638913792096859e-18
2.234100774	1.651485123927661e-18
2.235307063	1.6650931430884041e-18
2.236513352	1.674597012342105e-18
2.23771964	1.6863748389499345e-18
2.238925929	1.684076969454441e-18
2.240132217	1.6600282662573868e-18
2.241338506	1.6406423973918743e-18
2.242544794	1.6286965398484822e-18
2.243751083	1.618624699817312e-18
2.244957371	1.6127833500888423e-18
2.24616366	1.6116396258783603e-18
2.247369949	1.6231245325478714e-18
2.248576237	1.63964350178892e-18
2.249782526	1.6317801493361967e-18
2.250988814	1.6224272365291082e-18
2.252195103	1.6212992145501174e-18
2.253401391	1.6333102528115228e-18
2.25460768	1.6519316480936157e-18
2.255813968	1.6465303522090624e-18
2.257020257	1.6325271530470436e-18
2.258226546	1.6201991518062297e-18
2.259432834	1.6057967025966254e-18
2.260639123	1.5855805916756714e-18
2.261845411	1.5758496754758767e-18
2.2630517	1.5560513592201852e-18
2.264257988	1.5256661737176963e-18
2.265464277	1.5174948482258891e-18
2.266670565	1.5230865573657507e-18
2.267876854	1.5248644935043674e-18
2.269083143	1.53603887735764e-18
2.270289431	1.5594681877486086e-18
2.27149572	1.58538075435729e-18
2.272702008	1.6024814772636583e-18
2.273908297	1.6047525113881582e-18
2.275114585	1.5868049433526556e-18
2.276320874	1.5522522002230065e-18
2.277527162	1.5200602942866426e-18
2.278733451	1.5001540244542898e-18
2.27993974	1.4865636676357405e-18
2.281146028	1.4919146035170678e-18
2.282352317	1.5087140290299637e-18
2.283558605	1.470947831696792e-18
2.284764894	1.4192512909804833e-18
2.285971182	1.3840321416783301e-18
2.287177471	1.3428802486994053e-18
2.288383759	1.2979926310519081e-18
2.289590048	1.2542556491444676e-18
2.290796337	1.2090561929860936e-18
2.292002625	1.1683639108079395e-18
2.293208914	1.1539617218589738e-18
2.294415202	1.1550207051314644e-18
2.295621491	1.1458126413448955e-18
2.296827779	1.144298728522532e-18
2.298034068	1.1556088883542243e-18
2.299240356	1.1641485752570585e-18
2.300446645	1.1694875575893453e-18
2.301652934	1.1844966576813285e-18
2.302859222	1.2094912488591845e-18
2.304065511	1.2335926913922212e-18
2.305271799	1.2459607328221671e-18
2.306478088	1.245519710513235e-18
2.307684376	1.2421639207380647e-18
2.308890665	1.2327038858359017e-18
2.310096953	1.2191249198234648e-18
2.311303242	1.1977375964716203e-18
2.312509531	1.1710135089936652e-18
2.313715819	1.1443349609007773e-18
2.314922108	1.1296186061468748e-18
2.316128396	1.1114121735346882e-18
2.317334685	1.0872410271045095e-18
2.318540973	1.0654357720438981e-18
2.319747262	1.0466862644909775e-18
2.32095355	1.031576662438594e-18
2.322159839	1.0185490174302663e-18
2.323366128	1.0000961893663723e-18
2.324572416	9.78644249690977e-19
2.325778705	9.66688366915503e-19
2.326984993	9.591754924994316e-19
2.328191282	9.502919050128439e-19
2.32939757	9.499606257289756e-19
2.330603859	9.591889231191285e-19
2.331810148	9.75735419012441e-19
2.333016436	9.834508588922302e-19
2.334222725	9.724306504360896e-19
2.335429013	9.577557086179098e-19
2.336635302	9.414317620398724e-19
2.33784159	9.291027302643019e-19
2.339047879	9.223679926895912e-19
2.340254167	9.207661241477083e-19
2.341460456	9.244343525404013e-19
2.342666745	9.241460092538592e-19
2.343873033	9.104554405017904e-19
2.345079322	8.855663965224042e-19
2.34628561	8.479324578071705e-19
2.347491899	8.07647982314285e-19
2.348698187	7.708926372567032e-19
2.349904476	7.454159184425826e-19
2.351110764	7.476198642417361e-19
2.352317053	7.718798298527088e-19
2.353523342	7.777290214708558e-19
2.35472963	7.543485742104284e-19
2.355935919	7.311701227191849e-19
2.357142207	7.215148948316195e-19
2.358348496	7.275031609113163e-19
2.359554784	7.322066844435845e-19
2.360761073	7.406558487626199e-19
2.361967361	7.539080583091074e-19
2.36317365	7.63979738247179e-19
2.364379939	7.6886135387766685e-19
2.365586227	7.633149104291005e-19
2.366792516	7.528408755890189e-19
2.367998804	7.510107518638568e-19
2.369205093	7.667203185592797e-19
2.370411381	7.925323065149446e-19
2.37161767	8.057276673719002e-19
2.372823958	8.021434376233947e-19
2.374030247	7.9264019840230505e-19
2.375236536	7.4698345196009055e-19
2.376442824	6.799212075305971e-19
2.377649113	6.282579634026175e-19
2.378855401	5.933330533867815e-19
2.38006169	5.77951827985292e-19
2.381267978	5.845625746423997e-19
2.382474267	6.0169198480366355e-19
2.383680555	6.255524032735394e-19
2.384886844	6.45987781430261e-19
2.386093133	6.654928234950158e-19
2.387299421	6.830384954455413e-19
2.38850571	6.951439729847967e-19
2.389711998	7.124255143637286e-19
2.390918287	7.215854326572558e-19
2.392124575	7.12308839174299e-19
2.393330864	6.847101487263022e-19
2.394537152	6.491631339164909e-19
2.395743441	6.134278534323725e-19
2.39694973	5.89183300262423e-19
2.398156018	5.91675230235453e-19
2.399362307	6.222963438602473e-19
2.400568595	6.607310345385493e-19
2.401774884	6.808608977505181e-19
2.402981172	6.825338736278008e-19
2.404187461	6.61783489122272e-19
2.405393749	6.092777081462185e-19
2.406600038	5.200558412083785e-19
2.407806327	4.096658491407914e-19
2.409012615	3.296574684839737e-19
2.410218904	3.2358888769651544e-19
2.411425192	3.6687622849620455e-19
2.412631481	4.262950205802837e-19
2.413837769	4.940266207469597e-19
2.415044058	5.652817736660057e-19
2.416250346	6.327797162166506e-19
2.417456635	6.579244247483602e-19
2.418662924	6.416012135343361e-19
2.419869212	6.199601198338842e-19
2.421075501	5.949180175720913e-19
2.422281789	5.767814230945386e-19
2.423488078	5.809062588553677e-19
2.424694366	6.144218678889444e-19
2.425900655	6.438756122152489e-19
2.427106943	6.351560847726207e-19
2.428313232	5.776621235465302e-19
2.429519521	5.109371814834983e-19
2.430725809	4.667837430607019e-19
2.431932098	4.5990728295412985e-19
2.433138386	5.059543725067015e-19
2.434344675	6.305151897957173e-19
2.435550963	8.074584770627877e-19
2.436757252	9.021611384155664e-19
2.43796354	8.539262734728554e-19
2.439169829	7.239445488229486e-19
2.440376118	5.84840869970885e-19
2.441582406	4.891221495485508e-19
2.442788695	4.561609091867862e-19
2.443994983	4.633881104621059e-19
2.445201272	5.033948866146804e-19
2.44640756	5.71768483642839e-19
2.447613849	6.432268920515641e-19
2.448820137	6.884412624665336e-19
2.450026426	7.141833747681718e-19
2.451232715	7.423955584918049e-19
2.452439003	7.358745485579322e-19
2.453645292	6.644939540211867e-19
2.45485158	5.619083674441904e-19
2.456057869	4.790854702546499e-19
2.457264157	4.217745809554126e-19
2.458470446	4.0383832154592443e-19
2.459676734	4.432714326138779e-19
2.460883023	5.426356578277568e-19
2.462089312	6.744030972996382e-19
2.4632956	7.781584556304188e-19
2.464501889	8.077491654394974e-19
2.465708177	7.283679724200465e-19
2.466914466	6.131981129890977e-19
2.468120754	5.738373370858227e-19
2.469327043	6.925218000367494e-19
2.470533331	9.213992526624621e-19
2.47173962	1.1055807035115918e-18
2.472945909	1.1498692158716485e-18
2.474152197	1.0342415024061756e-18
2.475358486	8.176779226557949e-19
2.476564774	7.0233624047934745e-19
2.477771063	8.471454701077919e-19
2.478977351	1.3015714450295276e-18
2.48018364	2.2192068536338287e-18
2.481389928	3.776548180067044e-18
2.482596217	5.617332577358937e-18
2.483802506	6.176331258754717e-18
2.485008794	5.62191704125763e-18
2.486215083	5.062841243978768e-18
2.487421371	4.74265073887496e-18
2.48862766	4.995805074172984e-18
2.489833948	6.572182307106101e-18
2.491040237	1.0321466153317044e-17
2.492246525	1.3578455183879745e-17
2.493452814	1.1771605450067773e-17
2.494659103	8.909193912561881e-18
2.495865391	7.206163796544357e-18
2.49707168	6.466325264997606e-18