0.45	7.552596848430676e-13
0.4511533	7.952901080083422e-13
0.4523066	6.992753860247718e-13
0.4534599	6.35858761952602e-13
0.4546131	6.793220931424582e-13
0.4557664	7.432098507421479e-13
0.4569197	8.424132265889429e-13
0.458073	8.372212865665376e-13
0.4592263	8.500583206288555e-13
0.4603796	8.752339668038023e-13
0.4615329	9.051039086440152e-13
0.4626862	8.93044376807779e-13
0.4638394	9.276470859463467e-13
0.4649927	9.537655482026819e-13
0.466146	1.0504968456803366e-12
0.4672993	1.0807488213299167e-12
0.4684526	1.093365635561986e-12
0.4696059	1.0700355720945176e-12
0.4707592	1.0915823006654991e-12
0.4719125	1.0601518077452028e-12
0.4730658	1.0922562315697692e-12
0.4742191	1.1983253974616432e-12
0.4753723	1.2082841200866333e-12
0.4765256	1.1635209899522083e-12
0.4776789	1.1111517151620475e-12
0.4788322	1.1803796416253875e-12
0.4799855	1.191301910639317e-12
0.4811388	1.2091711773475635e-12
0.4822921	1.2156157470848679e-12
0.4834453	1.1661376366282354e-12
0.4845986	1.3144323241433935e-12
0.4857519	1.4749750068838926e-12
0.4869052	1.7901868291942357e-12
0.4880585	1.67841983486686e-12
0.4892118	1.6101781000571128e-12
0.4903651	1.6094750656198307e-12
0.4915183	1.6161177416099045e-12
0.4926716	1.597355890945266e-12
0.4938249	1.641236605390991e-12
0.4949782	1.610046959971133e-12
0.4961315	1.4957778369678792e-12
0.4972848	1.3256608475770673e-12
0.4984381	1.346896024429091e-12
0.4995914	1.230902251963256e-12
0.5007446	1.1595589320871017e-12
0.5018979	1.2263411011680283e-12
0.5030512	1.3463668819260635e-12
0.5042045	1.3562723257698749e-12
0.5053578	1.3680580012394027e-12
0.5065111	1.405040102240285e-12
0.5076644	1.386171824677469e-12
0.5088177	1.3283009740284663e-12
0.509971	1.3532881240741944e-12
0.5111243	1.3874901922369452e-12
0.5122775	1.3371340940146515e-12
0.5134308	1.3010399278112362e-12
0.5145841	1.2899232448992698e-12
0.5157374	1.1883987245401903e-12
0.5168907	1.0349950437920872e-12
0.518044	1.0828484350792227e-12
0.5191973	1.151583861651022e-12
0.5203506	1.1752935445474776e-12
0.5215039	1.3118364184978516e-12
0.5226572	1.6171055090076144e-12
0.5238104	1.7393522118794327e-12
0.5249637	1.6915963529514577e-12
0.526117	1.6392181607473898e-12
0.5272703	1.6179295353897525e-12
0.5284235	1.8428274569072916e-12
0.5295768	2.0380199092666376e-12
0.5307301	2.158129537471592e-12
0.5318834	2.021578787190066e-12
0.5330367	1.880302454015556e-12
0.53419	1.9923366814152607e-12
0.5353433	2.1442339739818896e-12
0.5364966	2.184140311293076e-12
0.5376499	2.1530933998644692e-12
0.5388032	2.0453331161258322e-12
0.5399565	2.08195692790737e-12
0.5411097	2.125352001147237e-12
0.542263	2.130132678819919e-12
0.5434163	2.1588828167361157e-12
0.5445696	2.17287679548988e-12
0.5457229	2.0893427149070124e-12
0.5468762	2.0305303012971965e-12
0.5480295	2.033948197347327e-12
0.5491828	2.015265164125227e-12
0.5503361	1.9525404674068e-12
0.5514894	2.014679232463494e-12
0.5526426	2.1679089071145138e-12
0.5537959	2.257885674770675e-12
0.5549492	2.3265491095996547e-12
0.5561025	2.310426846926921e-12
0.5572557	2.2691052714086127e-12
0.558409	2.267473228389761e-12
0.5595623	2.2111146851578314e-12
0.5607156	2.2086896515513673e-12
0.5618689	2.1628917909904107e-12
0.5630222	2.10600548919087e-12
0.5641755	2.148294712274079e-12
0.5653288	2.2293328183210963e-12
0.5664821	2.1734926798616884e-12
0.5676354	2.214902208799902e-12
0.5687886	2.400283868802681e-12
0.5699419	2.2527417693314607e-12
0.5710952	2.1989027814330768e-12
0.5722485	2.37969192927014e-12
0.5734018	2.4764580955449032e-12
0.5745551	2.379149631691417e-12
0.5757084	2.405025435014213e-12
0.5768617	2.424988139696101e-12
0.578015	2.284806437296628e-12
0.5791683	2.261239670907975e-12
0.5803216	2.3979131323592833e-12
0.5814748	2.58483580329913e-12
0.5826281	2.676605285637703e-12
0.5837814	2.63907816014985e-12
0.5849347	2.483943433210971e-12
0.5860879	2.518572387624848e-12
0.5872412	2.3034335612171992e-12
0.5883945	1.7598764500476454e-12
0.5895478	1.7512485443503895e-12
0.5907011	2.1060982792905078e-12
0.5918544	2.279133801917165e-12
0.5930077	2.23643332209916e-12
0.594161	2.2365052533893607e-12
0.5953143	2.2462063506540825e-12
0.5964676	2.31714001238392e-12
0.5976208	2.3038978428976963e-12
0.5987741	2.2167514510152356e-12
0.5999274	2.1504958076710102e-12
0.6010807	2.150308839900267e-12
0.602234	2.2790214079272508e-12
0.6033873	2.365278207741219e-12
0.6045406	2.3993878632688187e-12
0.6056939	2.4547944791710866e-12
0.6068472	2.4749252244495815e-12
0.6080005	2.3926304902613094e-12
0.6091537	2.2922227094748087e-12
0.610307	2.3445667429620865e-12
0.6114603	2.2758952899497133e-12
0.6126136	2.153300186851509e-12
0.6137668	2.177669752792445e-12
0.6149201	2.26871579759288e-12
0.6160734	2.101698357678358e-12
0.6172267	1.965353649698533e-12
0.61838	1.994390420198511e-12
0.6195333	2.049040062314239e-12
0.6206866	1.976193032034645e-12
0.6218399	1.8775325630004393e-12
0.6229932	1.7555794380352436e-12
0.6241465	1.7514339701072859e-12
0.6252998	1.7929215680749704e-12
0.626453	1.8274234483006542e-12
0.6276063	1.8976911451327574e-12
0.6287596	1.996843491360222e-12
0.6299129	2.0354786994730688e-12
0.6310662	2.0256949404649708e-12
0.6322195	2.0837426130532833e-12
0.6333728	2.1365604432377797e-12
0.6345261	2.106802816435872e-12
0.6356794	2.0901892646597657e-12
0.6368327	2.053512711820792e-12
0.6379859	2.104710864318237e-12
0.6391392	2.1541971661214523e-12
0.6402925	2.1430471013428734e-12
0.6414458	2.1167189854213393e-12
0.642599	2.112655236780564e-12
0.6437523	2.1120996047943946e-12
0.6449056	2.1145264345439948e-12
0.6460589	2.164680164857246e-12
0.6472122	2.223897787257027e-12
0.6483655	2.1705950441072485e-12
0.6495188	2.1062000376008264e-12
0.6506721	2.190021261891242e-12
0.6518254	2.2073101600598623e-12
0.6529787	2.1685813480793403e-12
0.6541319	2.0248405917766793e-12
0.6552852	2.0167165239870345e-12
0.6564385	2.6328603031776243e-12
0.6575918	3.0087078624780207e-12
0.6587451	2.6208115111668406e-12
0.6598984	2.1721556080338356e-12
0.6610517	1.7750247912767887e-12
0.662205	1.6480212092574976e-12
0.6633583	1.6462304172761752e-12
0.6645116	1.61267623821932e-12
0.6656649	1.5647623048718373e-12
0.6668181	1.5273129415422682e-12
0.6679714	1.4987480706674107e-12
0.6691247	1.4834170562076586e-12
0.670278	1.445387116095917e-12
0.6714312	1.4207743701059452e-12
0.6725845	1.419086021364259e-12
0.6737378	1.4029383930067249e-12
0.6748911	1.3840318711594499e-12
0.6760444	1.4456320204345413e-12
0.6771977	1.4680220820169243e-12
0.678351	1.4145176000478898e-12
0.6795043	1.379948448200325e-12
0.6806576	1.403440245579087e-12
0.6818109	1.4345979693463946e-12
0.6829641	1.4724210451508949e-12
0.6841174	1.5584496394921192e-12
0.6852707	1.7185260202912948e-12
0.686424	1.7944466865051245e-12
0.6875773	1.9327093103562287e-12
0.6887306	2.0863167358237303e-12
0.6898839	2.1488855832738062e-12
0.6910372	2.1444439411887537e-12
0.6921905	2.059958739723277e-12
0.6933438	1.99438653223667e-12
0.694497	1.8291208837555576e-12
0.6956503	1.6021418889462033e-12
0.6968036	1.687820028429277e-12
0.6979569	1.8317548803395524e-12
0.6991102	1.6222903404818473e-12
0.7002634	1.609574630047823e-12
0.7014167	1.9329036963667946e-12
0.70257	1.9760111208100374e-12
0.7037233	1.7078389443991307e-12
0.7048766	1.5595471446277278e-12
0.7060299	1.4380976886775544e-12
0.7071832	1.4241353779232987e-12
0.7083365	1.5113875117849951e-12
0.7094898	1.3650332328177808e-12
0.7106431	1.243416127275025e-12
0.7117963	1.2587480396415703e-12
0.7129496	1.3098745681608961e-12
0.7141029	1.2626988653389546e-12
0.7152562	1.3822885944655552e-12
0.7164095	1.4740441632010681e-12
0.7175628	1.4903644241074893e-12
0.7187161	1.5234557746009118e-12
0.7198694	1.6121251499671234e-12
0.7210227	1.672923630553571e-12
0.722176	1.7078527330995783e-12
0.7233292	1.716769273352405e-12
0.7244825	1.7167207279366751e-12
0.7256358	1.7303033675039967e-12
0.7267891	1.7375773312412847e-12
0.7279423	1.735294204814e-12
0.7290956	1.751251134795073e-12
0.7302489	1.7778713917639119e-12
0.7314022	1.8170727775517193e-12
0.7325555	1.895148773050355e-12
0.7337088	1.8665744192150978e-12
0.7348621	1.8535647926271934e-12
0.7360154	1.917744370010569e-12
0.7371687	1.9835020608841053e-12
0.738322	1.949834300394517e-12
0.7394753	1.95870655273024e-12
0.7406285	1.9875981862195057e-12
0.7417818	1.967477708734821e-12
0.7429351	1.9554496803768714e-12
0.7440884	1.971137778676701e-12
0.7452417	2.0048496584863392e-12
0.746395	2.000243999944501e-12
0.7475483	1.9978149706697208e-12
0.7487016	2.0145669697825775e-12
0.7498549	2.0375350047987483e-12
0.7510082	2.0818926700822546e-12
0.7521614	2.118478623618932e-12
0.7533147	2.1335769839493173e-12
0.754468	2.1089437454348094e-12
0.7556213	2.078532244477407e-12
0.7567745	1.9903397640987948e-12
0.7579278	1.5425272532922345e-12
0.7590811	1.1645345989543945e-12
0.7602344	1.3923385217064734e-12
0.7613877	1.93321608991482e-12
0.762541	2.0609507476757748e-12
0.7636943	2.2394510225076833e-12
0.7648476	2.439623114574143e-12
0.7660009	2.2891907366613474e-12
0.7671542	2.0881081747640647e-12
0.7683074	2.041136678436942e-12
0.7694607	2.0214976749471498e-12
0.770614	1.9396931944114163e-12
0.7717673	1.871149539780566e-12
0.7729206	1.869402307512152e-12
0.7740739	1.8665008741449835e-12
0.7752272	1.8609489387599478e-12
0.7763805	1.9178836671580988e-12
0.7775338	1.8830731567004014e-12
0.7786871	1.94954680454851e-12
0.7798404	1.9592880891892142e-12
0.7809936	1.956839690937351e-12
0.7821469	1.9296533981751195e-12
0.7833002	1.8783682602731038e-12
0.7844535	1.841684024065274e-12
0.7856067	1.8269074867547403e-12
0.78676	1.8245507422055126e-12
0.7879133	1.7817273607329898e-12
0.7890666	1.7355570047415491e-12
0.7902199	1.6810061607432066e-12
0.7913732	1.669151648293029e-12
0.7925265	1.6994176181899671e-12
0.7936798	1.679510885173115e-12
0.7948331	1.6455717706453655e-12
0.7959864	1.7274115795858365e-12
0.7971396	1.7932128359776963e-12
0.7982929	1.7814144929020532e-12
0.7994462	1.7380654512024317e-12
0.8005995	1.7414724737333612e-12
0.8017528	1.8059904505625623e-12
0.8029061	1.8076833656067789e-12
0.8040594	1.7774153732020259e-12
0.8052127	1.752802235853855e-12
0.806366	1.7321623957169441e-12
0.8075193	1.6729224131243577e-12
0.8086725	1.620136604620053e-12
0.8098258	1.584837343664434e-12
0.8109791	1.5744011743614155e-12
0.8121324	1.5766448558363445e-12
0.8132856	1.5573870053605328e-12
0.8144389	1.5251961352060929e-12
0.8155922	1.5554889116814287e-12
0.8167455	1.5953398614275715e-12
0.8178988	1.5958071791052766e-12
0.8190521	1.5921543912763846e-12
0.8202054	1.5530382272283212e-12
0.8213587	1.5168753212470648e-12
0.822512	1.558492861312031e-12
0.8236653	1.6507427267861599e-12
0.8248186	1.6464413370532677e-12
0.8259718	1.6494073970848855e-12
0.8271251	1.6504074784666697e-12
0.8282784	1.6107260214129736e-12
0.8294317	1.5626542942703912e-12
0.830585	1.5228375061227341e-12
0.8317383	1.5469586308551098e-12
0.8328916	1.5996243088402804e-12
0.8340449	1.5673068618881615e-12
0.8351982	1.5671503417997693e-12
0.8363515	1.594834479410737e-12
0.8375047	1.5725052035943219e-12
0.838658	1.517435422855239e-12
0.8398113	1.5388115699850421e-12
0.8409646	1.6112100297864034e-12
0.8421178	1.6094582754989954e-12
0.8432711	1.5823155994167108e-12
0.8444244	1.5496309668671896e-12
0.8455777	1.632075857248716e-12
0.846731	1.6462992990708362e-12
0.8478843	1.6745470132616206e-12
0.8490376	1.6513385068339068e-12
0.8501909	1.6123844220332975e-12
0.8513442	1.4818407098493152e-12
0.8524975	1.4771388193624475e-12
0.8536507	1.4364034079710044e-12
0.854804	1.3630096490409627e-12
0.8559573	1.4693190235191162e-12
0.8571106	1.5440300092584618e-12
0.8582639	1.5406702270553953e-12
0.8594172	1.6298777769601416e-12
0.8605705	1.699202178521811e-12
0.8617238	1.6706041825138188e-12
0.8628771	1.5964796146432208e-12
0.8640304	1.5670846370444366e-12
0.8651837	1.560352880138058e-12
0.8663369	1.6004025979203841e-12
0.8674902	1.4898639275879443e-12
0.8686435	1.5505875326505345e-12
0.8697968	1.6188063416771481e-12
0.87095	1.644878152330913e-12
0.8721033	1.6399391702601007e-12
0.8732566	1.6435505848508892e-12
0.8744099	1.70630369372211e-12
0.8755632	1.7943579922536219e-12
0.8767165	1.8549050200690045e-12
0.8778698	1.8970866255072063e-12
0.8790231	1.8987989485644847e-12
0.8801764	1.7740135780907518e-12
0.8813297	1.6850729229351279e-12
0.8824829	1.7100916937337779e-12
0.8836362	1.7269984661942285e-12
0.8847895	1.792635184290829e-12
0.8859428	1.827526603600207e-12
0.8870961	1.7926569731352653e-12
0.8882494	1.8076705223897001e-12
0.8894027	1.88202842182449e-12
0.890556	1.9439579409152576e-12
0.8917093	1.875559215830262e-12
0.8928626	1.7212151437189392e-12
0.8940158	1.6297550561237922e-12
0.8951691	1.5735609414687691e-12
0.8963224	1.6479536918286686e-12
0.8974757	1.753949851673219e-12
0.898629	1.7631530288340237e-12
0.8997822	1.6900159209525689e-12
0.9009355	1.6504594682278258e-12
0.9020888	1.789213091652254e-12
0.9032421	2.005227726228464e-12
0.9043954	2.041284867385381e-12
0.9055487	1.9538484326966128e-12
0.906702	1.8250925690964383e-12
0.9078553	1.7803673657609165e-12
0.9090086	1.760453499720823e-12
0.9101619	1.842356663254322e-12
0.9113151	1.8832528187280885e-12
0.9124684	1.882123764155744e-12
0.9136217	1.7661530412931165e-12
0.914775	1.6363204795298698e-12
0.9159283	1.5973323215622708e-12
0.9170816	1.6413933339258708e-12
0.9182349	1.7509455552090558e-12
0.9193882	1.8651723659995382e-12
0.9205415	1.8049350541162163e-12
0.9216948	1.7725378940600706e-12
0.922848	1.899989419070955e-12
0.9240013	1.85949430040334e-12
0.9251546	1.8149842349432003e-12
0.9263079	1.8586926301841246e-12
0.9274611	1.923795663360613e-12
0.9286144	1.9280889666548865e-12
0.9297677	1.9338946880917777e-12
0.930921	1.9233536383754507e-12
0.9320743	1.9255877152981375e-12
0.9332276	2.0831838788924517e-12
0.9343809	2.1957989914906083e-12
0.9355342	2.256248578233218e-12
0.9366875	2.2333764997265267e-12
0.9378408	2.2180065004227335e-12
0.9389941	2.2677137416735494e-12
0.9401473	2.238083904494735e-12
0.9413006	2.2317592812409462e-12
0.9424539	2.3801144676715245e-12
0.9436072	2.4031539663267437e-12
0.9447605	2.4023270760913528e-12
0.9459138	2.4849144133095678e-12
0.9470671	2.7004140280371876e-12
0.9482204	2.712166747708996e-12
0.9493737	2.6866434471942764e-12
0.950527	2.6352923587917476e-12
0.9516802	2.4683329936889136e-12
0.9528335	2.5119109859188803e-12
0.9539868	3.0988727869720755e-12
0.9551401	3.574171243275142e-12
0.9562933	3.54517781519234e-12
0.9574466	3.4598702701842527e-12
0.9585999	3.3663770052805816e-12
0.9597532	3.3514620001101963e-12
0.9609065	3.302053218376567e-12
0.9620598	3.285581435952713e-12
0.9632131	3.2118190288239774e-12
0.9643664	3.0884135300058913e-12
0.9655197	3.0319744602403096e-12
0.966673	3.1238324785304996e-12
0.9678262	3.847232769393485e-12
0.9689795	2.389565607997016e-12
0.9978117	1.8185605437364289e-12
0.998965	1.6806877073116014e-12
1.000118	1.7055904534531693e-12
1.001272	1.6861076365708415e-12
1.002425	1.6706252386456441e-12
1.003578	1.6021477148492851e-12
1.004731	1.5284981001952414e-12
1.005885	1.5477321760382833e-12
1.007038	1.5336003194126525e-12
1.008191	1.5070537729881177e-12
1.009345	1.4667606953472115e-12
1.010498	1.4894692496209367e-12
1.011651	1.554741219882783e-12
1.012805	1.5411178534964708e-12
1.013958	1.5481746935285334e-12
1.015111	1.5865418945529645e-12
1.016264	1.5998727785686784e-12
1.017418	1.5317280471677258e-12
1.018571	1.5475978311752867e-12
1.019724	1.6002496712547538e-12
1.020877	1.6244778770326182e-12
1.022031	1.637654906813649e-12
1.023184	1.6367964194045644e-12
1.024337	1.6144558396555775e-12
1.025491	1.5867069254423506e-12
1.026644	1.581341629259511e-12
1.027797	1.6063276598243207e-12
1.02895	1.6508888656681779e-12
1.030104	1.6773627584321439e-12
1.031257	1.648007840453479e-12
1.03241	1.608729856867556e-12
1.033564	1.6001680632999359e-12
1.034717	1.6156781033912664e-12
1.03587	1.6235972817028086e-12
1.037024	1.6267703172155201e-12
1.038177	1.661012693460733e-12
1.03933	1.727936746904671e-12
1.040483	1.760468150583314e-12
1.041637	1.736002863380658e-12
1.04279	1.71047995021018e-12
1.043943	1.691789179132768e-12
1.045097	1.6789601104467764e-12
1.04625	1.6872193665624482e-12
1.047403	1.7066190290379457e-12
1.048556	1.7331390878019497e-12
1.04971	1.7436523230671559e-12
1.050863	1.716578367501613e-12
1.052016	1.6963001848874977e-12
1.053169	1.7066449922267067e-12
1.054323	1.7126074016377619e-12
1.055476	1.6835030827457748e-12
1.056629	1.667623150715305e-12
1.057783	1.681920751407547e-12
1.058936	1.6852874763492282e-12
1.060089	1.679034311208046e-12
1.061243	1.6794545931540167e-12
1.062396	1.662967985075816e-12
1.063549	1.645634078258778e-12
1.064702	1.6395674007840539e-12
1.065856	1.6308429215726351e-12
1.067009	1.6209876216817444e-12
1.068162	1.6171700993172599e-12
1.069316	1.6273228508526136e-12
1.070469	1.632683459136858e-12
1.071622	1.6174365896682666e-12
1.072775	1.6164664208096977e-12
1.073929	1.633808642748995e-12
1.075082	1.6433869906449215e-12
1.076235	1.6464898678066473e-12
1.077389	1.6554876910512462e-12
1.078542	1.6549769605505665e-12
1.079695	1.6362353361590421e-12
1.080848	1.6530909358398105e-12
1.082002	1.705014052836184e-12
1.083155	1.7169259275874518e-12
1.084308	1.7010707167760584e-12
1.085462	1.6831593022646455e-12
1.086615	1.6986874353400644e-12
1.087768	1.7582036846795934e-12
1.088921	1.7608979668280912e-12
1.090075	1.697384363053639e-12
1.091228	1.642112582167231e-12
1.092381	1.6068655186394167e-12
1.093535	1.5963685331149505e-12
1.094688	1.5610638694362707e-12
1.095841	1.4851400225637726e-12
1.096995	1.4388790467149446e-12
1.098148	1.4271315309931597e-12
1.099301	1.4119982885788385e-12
1.100454	1.4127731528106937e-12
1.101608	1.4539521824350448e-12
1.102761	1.4919561191963102e-12
1.103914	1.510484096646435e-12
1.105067	1.536893445635478e-12
1.106221	1.5739865424627954e-12
1.107374	1.6176670949089722e-12
1.108527	1.6643323059938676e-12
1.109681	1.7120004902831066e-12
1.110834	1.7673862349311792e-12
1.111987	1.824037369795197e-12
1.11314	1.8538526112909157e-12
1.114294	1.857415744877957e-12
1.115447	1.841090311102079e-12
1.1166	1.8051920326305766e-12
1.117754	1.7549892791483546e-12
1.118907	1.6996285548325144e-12
1.12006	1.6370974356500692e-12
1.121214	1.5406851562891663e-12
1.122367	1.4356728920835141e-12
1.12352	1.357346726677173e-12
1.124673	1.3095356998495059e-12
1.125827	1.297077118056402e-12
1.12698	1.3003386901057639e-12
1.128133	1.306769307732063e-12
1.129287	1.3340125585742325e-12
1.13044	1.3433857194222855e-12
1.131593	1.3034776027552169e-12
1.132746	1.2589060477697937e-12
1.1339	1.224084585267463e-12
1.135053	1.2047479277565472e-12
1.136206	1.2135641753446287e-12
1.13736	1.257988159510224e-12
1.138513	1.3255462150850658e-12
1.139666	1.396713585178662e-12
1.140819	1.4664860386105353e-12
1.141973	1.5237273053108179e-12
1.143126	1.5637828659581956e-12
1.144279	1.5614072475495577e-12
1.145433	1.5069231689595156e-12
1.146586	1.4400535150397233e-12
1.147739	1.3846739739258188e-12
1.148892	1.3438386927290613e-12
1.150046	1.3171308250841536e-12
1.151199	1.3048014132896694e-12
1.152352	1.3018764919000743e-12
1.153506	1.299215297866662e-12
1.154659	1.3054102022505392e-12
1.155812	1.3231109937808959e-12
1.156965	1.3392469895765554e-12
1.158119	1.3542260968257731e-12
1.159272	1.382769445364605e-12
1.160425	1.4167953296296428e-12
1.161579	1.4454656977333884e-12
1.162732	1.4633764181032212e-12
1.163885	1.4712395750358956e-12
1.165038	1.485432775754687e-12
1.166192	1.5065151569090723e-12
1.167345	1.5250913922098554e-12
1.168498	1.5527470287233628e-12
1.169652	1.594682065024459e-12
1.170805	1.6185038495185442e-12
1.171958	1.6156865044975199e-12
1.173111	1.609244963997278e-12
1.174265	1.6071058170016952e-12
1.175418	1.6252152683868418e-12
1.176571	1.6455860878665022e-12
1.177725	1.6513260134210716e-12
1.178878	1.6419383836454927e-12
1.180031	1.6182348970603508e-12
1.181185	1.6136380960897964e-12
1.182338	1.6255157300245768e-12
1.183491	1.6467011351366817e-12
1.184644	1.6414441082732778e-12
1.185798	1.5940968594089584e-12
1.186951	1.5861743087522488e-12
1.188104	1.620895689421602e-12
1.189258	1.6281208330918596e-12
1.190411	1.62121715895209e-12
1.191564	1.6255196851905458e-12
1.192717	1.626659405646748e-12
1.193871	1.6097616628395927e-12
1.195024	1.5941646507002762e-12
1.196177	1.5908890202306458e-12
1.19733	1.625274892875553e-12
1.198484	1.6817438985491845e-12
1.199637	1.694243412685485e-12
1.20079	1.6964765159932104e-12
1.201944	1.701511289173477e-12
1.203097	1.7246411864767195e-12
1.20425	1.7434034041554167e-12
1.205404	1.684857449377829e-12
1.206557	1.6372632419590872e-12
1.20771	1.6586375076257583e-12
1.208863	1.66284728675066e-12
1.210017	1.6314006217064886e-12
1.21117	1.6174417735759912e-12
1.212323	1.6228906611661464e-12
1.213477	1.6395158511185975e-12
1.21463	1.660488586851811e-12
1.215783	1.6798767844116833e-12
1.216936	1.6982744574504755e-12
1.21809	1.7149156230521415e-12
1.219243	1.7253399801851419e-12
1.220396	1.728339574797101e-12
1.22155	1.7238239577488263e-12
1.222703	1.7171146872928428e-12
1.223856	1.7113159994548772e-12
1.225009	1.7056994101872143e-12
1.226163	1.7023733345954248e-12
1.227316	1.708603019562574e-12
1.228469	1.7035882993832848e-12
1.229623	1.661843008906335e-12
1.230776	1.6154850716823314e-12
1.231929	1.5822972733407432e-12
1.233082	1.5556407728681664e-12
1.234236	1.5450225622898445e-12
1.235389	1.5537187245317011e-12
1.236542	1.577151430285886e-12
1.237696	1.6122260462236039e-12
1.238849	1.675229592607132e-12
1.240002	1.7459149176633567e-12
1.241156	1.7857712552170934e-12
1.242309	1.7753042426848801e-12
1.243462	1.6850212547111702e-12
1.244615	1.5547772678081802e-12
1.245769	1.4187246104041189e-12
1.246922	1.3195489179337092e-12
1.248075	1.3055479509993887e-12
1.249228	1.3384412581249252e-12
1.250382	1.407667716544903e-12
1.251535	1.5056053523227573e-12
1.252688	1.5936635359351273e-12
1.253842	1.666061569299456e-12
1.254995	1.7329163131016749e-12
1.256148	1.7866382387208909e-12
1.257301	1.8113992045350624e-12
1.258455	1.8161046944553754e-12
1.259608	1.8056265373726395e-12
1.260761	1.7986963767393612e-12
1.261915	1.804201345828929e-12
1.263068	1.8030977632086805e-12
1.264221	1.7923428150907582e-12
1.265375	1.7688998974606177e-12
1.266528	1.7386771953589077e-12
1.267681	1.7158368175456102e-12
1.268834	1.6812176223741636e-12
1.269988	1.6356478258472861e-12
1.271141	1.6122492563435466e-12
1.272294	1.6119543807292423e-12
1.273448	1.6321434089187956e-12
1.274601	1.6691424658592777e-12
1.275754	1.7090031340810025e-12
1.276907	1.752553572231987e-12
1.278061	1.7877744516748215e-12
1.279214	1.789715919748986e-12
1.280367	1.7937470319813622e-12
1.28152	1.8823433645841484e-12
1.282674	1.8952812583211925e-12
1.283827	1.7627809940334051e-12
1.28498	1.6757208983483737e-12
1.286134	1.6508426773470038e-12
1.287287	1.6383384631266818e-12
1.28844	1.6347848415121238e-12
1.289594	1.6471275691606995e-12
1.290747	1.6588762102906702e-12
1.2919	1.6610541053679452e-12
1.293053	1.6750014181121174e-12
1.294207	1.7011847127197664e-12
1.29536	1.7149119738252276e-12
1.296513	1.728443865271653e-12
1.297667	1.752844181726548e-12
1.29882	1.7580936934901554e-12
1.299973	1.7492143190814323e-12
1.301126	1.7505046373729093e-12
1.30228	1.7603507210613683e-12
1.303433	1.7733443921152323e-12
1.304586	1.7809438622773445e-12
1.30574	1.7770000190500499e-12
1.306893	1.775651135836228e-12
1.308046	1.7759559251062149e-12
1.309199	1.7672659828407028e-12
1.310353	1.7605063176577508e-12
1.311506	1.7750713427413572e-12
1.312659	1.7755951255031167e-12
1.313813	1.7493959618826794e-12
1.314966	1.7550713302739183e-12
1.316119	1.7872923147619705e-12
1.317272	1.7765469542502416e-12
1.318426	1.7467485836928721e-12
1.319579	1.7313399432151348e-12
1.320732	1.7225614201359095e-12
1.321886	1.7213646167180616e-12
1.323039	1.7184750074436995e-12
1.324192	1.7225644906146008e-12
1.325346	1.7444316605437797e-12
1.326499	1.7710658008230102e-12
1.327652	1.7898143791966343e-12
1.328805	1.8160231151049373e-12
1.329959	1.8424663040581047e-12
1.331112	1.842626573002158e-12
1.332265	1.8105864995458777e-12
1.333418	1.7407391541108544e-12
1.334572	1.6702619199813291e-12
1.335725	1.6255070717689266e-12
1.336878	1.5990826072788778e-12
1.338032	1.5979224336470447e-12
1.339185	1.629331623827713e-12
1.340338	1.6845942881383912e-12
1.341491	1.7483204463250452e-12
1.342645	1.838404512554714e-12
1.343798	1.9585816142676664e-12
1.344951	2.106992040873352e-12
1.346105	2.2749372266318864e-12
1.347258	2.443488374445352e-12
1.348411	2.6331581878065474e-12
1.349565	2.873364128137188e-12
1.350718	3.120774077726415e-12
1.351871	3.344961473970967e-12
1.353024	3.5744461197919834e-12
1.354178	3.80337424628439e-12
1.355331	4.012613525706778e-12
1.356484	4.078303968036926e-12
1.357638	3.860660288445906e-12
1.358791	3.4630923183779447e-12
1.359944	2.962448456450362e-12
1.361097	2.3561998089584467e-12
1.362251	1.7598142767636486e-12
1.363404	1.3022239699017177e-12
1.364557	1.0346590127717022e-12
1.36571	8.943573768968901e-13
1.366864	8.390656193538633e-13
1.368017	7.835117727693193e-13
1.36917	6.36982519433468e-13
1.370324	5.168190205454447e-13
1.371477	4.5348159739458637e-13
1.37263	4.4127186637834264e-13
1.373784	4.707014489690518e-13
1.374937	5.342570222439345e-13
1.37609	6.305210763721767e-13
1.377243	7.746852739692017e-13
1.378397	1.0225437106190457e-12
1.37955	1.3543715700279966e-12
1.380703	1.7284764186491204e-12
1.381857	1.9777791264753235e-12
1.38301	1.8606586558047936e-12
1.384163	1.5291512406375358e-12
1.385316	1.1629445685300642e-12
1.38647	8.748023637888683e-13
1.387623	6.950444978706292e-13
1.388776	6.050956303313349e-13
1.38993	5.828870552294224e-13
1.391083	6.167465628405498e-13
1.392236	6.972204836251164e-13
1.393389	8.048335511458286e-13
1.394543	9.134307285681232e-13
1.395696	9.697793914281862e-13
1.396849	9.66368122827085e-13
1.398003	9.361837247275121e-13
1.399156	9.10553417814094e-13
1.400309	9.060108418660877e-13
1.401462	9.052925426139129e-13
1.402616	9.127344462745744e-13
1.403769	9.334693159599576e-13
1.404922	9.63548813962787e-13
1.406076	9.882927678322653e-13
1.407229	9.965856019896761e-13
1.408382	9.787112160112453e-13
1.409536	9.257129137074496e-13
1.410689	8.772177320724829e-13
1.411842	8.546562074181843e-13
1.412995	8.556701314781685e-13
1.414149	8.909851392991037e-13
1.415302	9.40502429634816e-13
1.416455	9.90309538962529e-13
1.417608	1.0295968058651029e-12
1.418762	1.0454969896171195e-12
1.419915	1.050731541155163e-12
1.421068	1.0561491689221869e-12
1.422222	1.0598964122118513e-12
1.423375	1.0423451585258555e-12
1.424528	1.029059084793757e-12
1.425681	1.0432451844478722e-12
1.426835	1.0727342107124308e-12
1.427988	1.1155490361673016e-12
1.429141	1.167640436225096e-12
1.430295	1.2267934893424736e-12
1.431448	1.303449616686614e-12
1.432601	1.3541092374099245e-12
1.433755	1.3514011293837866e-12
1.434908	1.3382665458332967e-12
1.436061	1.3177431077903908e-12
1.437214	1.2586014054733644e-12
1.438368	1.1903553933088649e-12
1.439521	1.1786749455050704e-12
1.440674	1.1886916610999855e-12
1.441828	1.1629844848321399e-12
1.442981	1.143122684460468e-12
1.444134	1.160918310703395e-12
1.445287	1.1867745633333825e-12
1.446441	1.2046393161612092e-12
1.447594	1.2295852514175758e-12
1.448747	1.2486923065427312e-12
1.449901	1.2757903829562e-12
1.451054	1.2268095769795454e-12
1.452207	1.1226859592446216e-12
1.45336	1.0793156430388107e-12
1.454514	1.0897030811497404e-12
1.455667	1.0897694966295286e-12
1.45682	1.0812320794436894e-12
1.457974	1.1088725769305975e-12
1.459127	1.183294318664204e-12
1.46028	1.2594172356830056e-12
1.461433	1.3383706836554435e-12
1.462587	1.4374421145281974e-12
1.46374	1.4834538369798913e-12
1.464893	1.457600925898106e-12
1.466047	1.4599445222707555e-12
1.4672	1.5357948844166423e-12
1.468353	1.579482680218686e-12
1.469507	1.5398125035537934e-12
1.47066	1.4668208736341008e-12
1.471813	1.3910914030698144e-12
1.472966	1.307985101146008e-12
1.47412	1.2742528401413246e-12
1.475273	1.2829603996393449e-12
1.476426	1.2348629171131864e-12
1.477579	1.1678877640365317e-12
1.478733	1.1163407817056932e-12
1.479886	1.1427116797665508e-12
1.481039	1.2039193888834701e-12
1.482193	1.2561591683689818e-12
1.483346	1.2901120764721925e-12
1.484499	1.2560458631514362e-12
1.485652	1.1568598411259623e-12
1.486806	1.1074297934561848e-12
1.487959	1.1599314244029566e-12
1.489112	1.2327619572262232e-12
1.490266	1.2375965178611873e-12
1.491419	1.260131192176855e-12
1.492572	1.2633316926986977e-12
1.493726	1.236718213505975e-12
1.494879	1.2285449058331686e-12
1.496032	1.2609358961440618e-12
1.497185	1.3085776853117247e-12
1.498339	1.3467550464367816e-12
1.499492	1.384710809587113e-12
1.500645	1.4014653910397773e-12
1.501799	1.3767539296533728e-12
1.502952	1.3084382113172903e-12
1.504105	1.2736014189277578e-12
1.505258	1.355829951239053e-12
1.506412	1.4752408790080043e-12
1.507565	1.5247453347315425e-12
1.508718	1.4707018721235084e-12
1.509871	1.3954424385988282e-12
1.511025	1.3756524682061983e-12
1.512178	1.3967745329717753e-12
1.513331	1.4055821991939444e-12
1.514485	1.4038890523728642e-12
1.515638	1.4092583085255795e-12
1.516791	1.4168069511592106e-12
1.517945	1.4226534272613427e-12
1.519098	1.4323211873878681e-12
1.520251	1.436481277762725e-12
1.521404	1.435523613475225e-12
1.522558	1.432110012772632e-12
1.523711	1.448134130264879e-12
1.524864	1.4972763475177697e-12
1.526018	1.5197456253695645e-12
1.527171	1.4738544310022198e-12
1.528324	1.4111183955652535e-12
1.529477	1.4102649547524775e-12
1.530631	1.4374616403615263e-12
1.531784	1.4341055204265397e-12
1.532937	1.4538283672765132e-12
1.534091	1.5050028096930508e-12
1.535244	1.5282010226447123e-12
1.536397	1.525849087631502e-12
1.53755	1.5245400512687112e-12
1.538704	1.5135675931803262e-12
1.539857	1.5025065676754094e-12
1.54101	1.5039958065502666e-12
1.542164	1.5357426308289283e-12
1.543317	1.5788263118358088e-12
1.54447	1.5661967773268943e-12
1.545623	1.504817419490512e-12
1.546777	1.4684392042432852e-12
1.54793	1.4941235155253643e-12
1.549083	1.5334192919385481e-12
1.550237	1.5277868038824405e-12
1.55139	1.4732977105056042e-12
1.552543	1.4418217515596565e-12
1.553697	1.4791868225959913e-12
1.55485	1.5270486266755725e-12
1.556003	1.5229094868982874e-12
1.557156	1.483906102317054e-12
1.55831	1.4372405617957861e-12
1.559463	1.4232001725213365e-12
1.560616	1.4261410909577634e-12
1.561769	1.4357325040063897e-12
1.562923	1.456506837784455e-12
1.564076	1.5014088710174759e-12
1.565229	1.5688631352830988e-12
1.566383	1.5979164479789125e-12
1.567536	1.5682232387357889e-12
1.568689	1.556948460605605e-12
1.569842	1.564312903885839e-12
1.570996	1.5581056512340257e-12
1.572149	1.5425510660797416e-12
1.573302	1.4956158621364281e-12
1.574456	1.4370194763245956e-12
1.575609	1.3903699972370064e-12
1.576762	1.358766424501463e-12
1.577916	1.3707742467956286e-12
1.579069	1.3738365338892528e-12
1.580222	1.3593311340297589e-12
1.581375	1.378173746685662e-12
1.582529	1.3920674283075757e-12
1.583682	1.3793971628462786e-12
1.584835	1.4107096278633743e-12
1.585989	1.4528476480974564e-12
1.587142	1.4663160841897227e-12
1.588295	1.4442775632032507e-12
1.589448	1.4548015377400935e-12
1.590602	1.5051184100464684e-12
1.591755	1.4991873678415946e-12
1.592908	1.4545771875501121e-12
1.594061	1.4071005848011929e-12
1.595215	1.3997486207455379e-12
1.596368	1.4098977252286e-12
1.597521	1.3649122894991483e-12
1.598675	1.3563752474796372e-12
1.599828	1.4090360453452614e-12
1.600981	1.4489334502824692e-12
1.602135	1.4387602739465445e-12
1.603288	1.4120846229089014e-12
1.604441	1.4194831829940889e-12
1.605594	1.4533352784940962e-12
1.606748	1.4552426984306313e-12
1.607901	1.4048649056819799e-12
1.609054	1.3913710400973257e-12
1.610208	1.450437105113011e-12
1.611361	1.4772937110785196e-12
1.612514	1.4536138369302617e-12
1.613667	1.3984660829519596e-12
1.614821	1.347341313961846e-12
1.615974	1.3440027009097923e-12
1.617127	1.3336185618066469e-12
1.618281	1.2893532937321183e-12
1.619434	1.2957501655775274e-12
1.620587	1.3273967662574107e-12
1.62174	1.3289234281509722e-12
1.622894	1.3416974099802309e-12
1.624047	1.3493421408862202e-12
1.6252	1.3453681807071667e-12
1.626354	1.348964209987957e-12
1.627507	1.349994138067851e-12
1.62866	1.3477537512855056e-12
1.629813	1.3508985557690644e-12
1.630967	1.352888053971227e-12
1.63212	1.3759670388373763e-12
1.633273	1.4297205758908408e-12
1.634427	1.4834879888267184e-12
1.63558	1.4851943542918851e-12
1.636733	1.4300771632626638e-12
1.637887	1.3897357134135982e-12
1.63904	1.3851417878867422e-12
1.640193	1.4284050504019796e-12
1.641346	1.479988104734528e-12
1.6425	1.4694531228445032e-12
1.643653	1.3977912405920029e-12
1.644806	1.3166783287864672e-12
1.645959	1.2755056884202914e-12
1.647113	1.2655553081031183e-12
1.648266	1.2729026953372549e-12
1.649419	1.2809511962115037e-12
1.650573	1.304668791976708e-12
1.651726	1.333008461429574e-12
1.652879	1.345166415049123e-12
1.654032	1.315370838545232e-12
1.655186	1.2716993157950913e-12
1.656339	1.249732180684594e-12
1.657492	1.2613826625094826e-12
1.658646	1.2843043074034086e-12
1.659799	1.2942939969796457e-12
1.660952	1.281718301963759e-12
1.662106	1.273475904623063e-12
1.663259	1.2845299350547571e-12
1.664412	1.297440663320919e-12
1.665565	1.2905980890332084e-12
1.666719	1.279964091186205e-12
1.667872	1.2939128308186545e-12
1.669025	1.3104474383412478e-12
1.670179	1.3030149107660708e-12
1.671332	1.333687288131925e-12
1.672485	1.3705544779713483e-12
1.673638	1.3407682615444282e-12
1.674792	1.3062141677667152e-12
1.675945	1.2998697383687556e-12
1.677098	1.2930081977302119e-12
1.678252	1.2855530901743598e-12
1.679405	1.3089634398638524e-12
1.680558	1.3321543684822958e-12
1.681711	1.3248709247504493e-12
1.682865	1.3052648269838523e-12
1.684018	1.2714860277717015e-12
1.685171	1.242974830526447e-12
1.686325	1.213967150489734e-12
1.687478	1.1903721345365367e-12
1.688631	1.1991660698702285e-12
1.689784	1.229395935652317e-12
1.690938	1.2268685552079873e-12
1.692091	1.1997491681324735e-12
1.693244	1.1679203728111231e-12
1.694398	1.154577567098413e-12
1.695551	1.159315978107209e-12
1.696704	1.1843505918404344e-12
1.697857	1.2096040492474986e-12
1.699011	1.2104255456960405e-12
1.700164	1.2003708075746067e-12
1.701317	1.200921306375887e-12
1.702471	1.2173826737305968e-12
1.703624	1.2275537914094257e-12
1.704777	1.2107836377029292e-12
1.70593	1.1697909482967492e-12
1.707084	1.1414092918751474e-12
1.708237	1.1452565054801355e-12
1.70939	1.1610617813588984e-12
1.710544	1.1814691574275992e-12
1.711697	1.2112681488113506e-12
1.71285	1.1847276418185973e-12
1.714003	1.1162788335642305e-12
1.715157	1.0839683450753848e-12
1.71631	1.0920285774346187e-12
1.717463	1.1035929222507471e-12
1.718617	1.1184645240251027e-12
1.71977	1.1336296726647767e-12
1.720923	1.1288373473761505e-12
1.722077	1.1168183755889414e-12
1.72323	1.1231348605409724e-12
1.724383	1.1453698522141007e-12
1.725536	1.1470259032798033e-12
1.72669	1.1481397407231414e-12
1.727843	1.1529338882381257e-12
1.728996	1.137067650529354e-12
1.73015	1.1217449731529314e-12
1.731303	1.1199455655330305e-12
1.732456	1.1257489724298246e-12
1.733609	1.1508951680755745e-12
1.734763	1.1718188429155845e-12
1.735916	1.1910009728955756e-12
1.737069	1.1802203874249697e-12
1.738222	1.1258100876275214e-12
1.739376	1.0745614750958205e-12
1.740529	1.034983718906192e-12
1.741682	1.025767021010807e-12
1.742836	1.0192195654857903e-12
1.743989	1.0219033206748029e-12
1.745142	1.0519151475769235e-12
1.746296	1.0858505394951818e-12
1.747449	1.0975534525118857e-12
1.748602	1.0803073566784357e-12
1.749755	1.0456878460790362e-12
1.750909	1.0199225003953636e-12
1.752062	1.0107732625150355e-12
1.753215	1.0035365777596395e-12
1.754369	9.979869849016744e-13
1.755522	9.960337807948991e-13
1.756675	9.891830117148254e-13
1.757828	9.832145582077576e-13
1.758982	9.869948971556003e-13
1.760135	9.996946700365157e-13
1.761288	1.0244253738998654e-12
1.762442	1.0459315799612824e-12
1.763595	1.0433314777336873e-12
1.764748	1.0456724194402694e-12
1.765901	1.0637527176120704e-12
1.767055	1.0822802125644682e-12
1.768208	1.0811377691849497e-12
1.769361	1.05582064895238e-12
1.770515	1.0248305948943958e-12
1.771668	1.0048590804252778e-12
1.772821	1.0070877811507196e-12
1.773974	1.0169164969548693e-12
1.775128	1.0159597052518225e-12
1.776281	9.999338118412437e-13
1.777434	9.703667216774511e-13
1.778588	9.497249329074213e-13
1.779741	9.441497869282385e-13
1.780894	9.45058306178764e-13
1.782048	9.474800697397292e-13
1.783201	9.45054129957597e-13
1.784354	9.4893963458896e-13
1.785507	9.697729094031e-13
1.786661	9.896136400667816e-13
1.787814	9.86393193494981e-13
1.788967	9.650989703379772e-13
1.79012	9.401871175129146e-13
1.791274	9.258109750996904e-13
1.792427	9.4130125409846e-13
1.79358	9.866561287725478e-13
1.794734	1.0409712027600063e-12
1.795887	1.0827981298901178e-12
1.79704	1.1091629933230413e-12
1.798193	1.134625489512004e-12
1.799347	1.161224760329827e-12
1.8005	1.1705787264260522e-12
1.801653	1.1547141517495854e-12
1.802807	1.1006297385958457e-12
1.80396	1.021423987727418e-12
1.805113	9.602808130740208e-13
1.806267	9.339959669357243e-13
1.80742	9.312820646100998e-13
1.808573	9.545845468319899e-13
1.809726	9.976992133034038e-13
1.81088	1.049316057996762e-12
1.812033	1.1067396894237751e-12
1.813186	1.1461992207261366e-12
1.81434	1.1588770209921117e-12
1.815493	1.1473242360247557e-12
1.816646	1.1244890730910397e-12
1.817799	1.1229864726407216e-12
1.818953	1.0903492443433824e-12
1.820106	1.022178785946295e-12
1.821259	1.004071429212177e-12
1.822412	1.028429524426835e-12
1.823566	1.0424525350078572e-12
1.824719	1.0738111188062875e-12
1.825872	1.147190530467581e-12
1.827026	1.2423988932810932e-12
1.828179	1.330954082714643e-12
1.829332	1.3711429174932213e-12
1.830486	1.365049273896982e-12
1.831638979	0.
1.832792267	0.
1.833945555	0.
1.835098843	0.
1.836252131	0.
1.837405418	0.
1.838558706	0.
1.839711994	0.
1.840865282	0.
1.84201857	0.
1.843171858	0.
1.844325146	0.
1.845478434	0.
1.846631722	0.
1.84778501	0.
1.848938298	0.
1.850091586	0.
1.851244874	0.
1.852398162	0.
1.85355145	0.
1.854704738	0.
1.855858026	0.
1.857011314	0.
1.858164602	0.
1.85931789	0.
1.860471178	0.
1.861624466	0.
1.862777754	0.
1.863931042	0.
1.86508433	0.
1.866237618	0.
1.867390905	0.
1.868544193	0.
1.869697481	0.
1.870850769	0.
1.872004	3.802793498761947e-11
1.873157	2.05597045566755e-12
1.874311	1.78003413732562e-12
1.875464	1.5450950242484728e-12
1.876617	4.816279659867102e-13
1.877771	4.2529175593048407e-13
1.878924	4.629533252857643e-13
1.880077	5.54012718044801e-13
1.88123	5.942442102371922e-13
1.882384	5.323829377702274e-13
1.883537	3.686014325029897e-13
1.88469	2.1084229394666986e-13
1.885844	1.581901661519302e-13
1.886997	2.2082139385018668e-13
1.88815	3.5834520469324896e-13
1.889303	4.690631870922759e-13
1.890457	4.934290351225342e-13
1.89161	4.3525833064342604e-13
1.892763	3.770944683953677e-13
1.893916	3.9056278224829895e-13
1.89507	5.549497822531066e-13
1.896223	8.634043900871544e-13
1.897376	1.344917201672305e-12
1.89853	3.509625080403009e-12
1.899683	-1.6532323812107626e-12
1.900836	-5.209210732239243e-13
1.90199	-5.101032364963808e-13
1.903143	3.351162530946306e-12
1.904296	5.240494450372027e-13
1.905449	4.526566731078395e-13
1.906603	5.180413919556406e-13
1.907756	6.468534721373465e-13
1.908909	8.336354812442253e-13
1.910063	1.1198656494079823e-12
1.911216	1.437087837297268e-12
1.912369	1.2200948756981329e-12
1.913522	9.378425609565176e-13
1.914676	8.091213315165109e-13
1.915829	7.782660135769122e-13
1.916982	7.954056631226241e-13
1.918136	8.456636306920918e-13
1.919289	8.945623303850936e-13
1.920442	9.089084602663373e-13
1.921595	8.859778130997054e-13
1.922749	8.759739151833741e-13
1.923902	9.342147813403487e-13
1.925055	1.0179081241072322e-12
1.926209	1.0673102432524288e-12
1.927362	1.037863558588644e-12
1.928515	9.131908759919394e-13
1.929668	7.325998763476414e-13
1.930822	6.205462213301026e-13
1.931975	6.096588491694745e-13
1.933128	6.844530228763498e-13
1.934282	7.921497033387386e-13
1.935435	9.14457736493319e-13
1.936588	1.010909032674375e-12
1.937742	9.893637356340826e-13
1.938895	8.367972610765006e-13
1.940048	7.077838573814021e-13
1.941201	6.786993763666465e-13
1.942355	7.31680111940735e-13
1.943508	8.306722999839019e-13
1.944661	8.787871174860432e-13
1.945814	8.579362917726786e-13
1.946968	8.007118684424414e-13
1.948121	7.411986387800091e-13
1.949274	7.284626394149287e-13
1.950428	7.637925506152538e-13
1.951581	8.428246921661327e-13
1.952734	9.392609804152711e-13
1.953887	9.861559053735423e-13
1.955041	9.502774726220723e-13
1.956194	7.991446659927275e-13
1.957347	6.374953481097958e-13
1.958501	5.530218672096511e-13
1.959654	5.438592242331627e-13
1.960807	5.718239702773495e-13
1.961961	6.123269803522523e-13
1.963114	6.460736554780045e-13
1.964267	6.495699893826173e-13
1.96542	6.16226065257381e-13
1.966574	5.887362686654288e-13
1.967727	5.943257370026476e-13
1.96888	6.127264150488154e-13
1.970034	6.245446745461145e-13
1.971187	6.228879629541784e-13
1.97234	6.094847697203101e-13
1.973493	5.708246453467694e-13
1.974647	5.27693800780289e-13
1.9758	5.006591564358568e-13
1.976953	4.965046856177249e-13
1.978106	5.085377486644739e-13
1.97926	5.213150942117551e-13
1.980413	5.332866113562858e-13
1.981566	5.478574979953992e-13
1.98272	5.569340122688697e-13
1.983873	5.627626434642447e-13
1.985026	5.785189072662601e-13
1.98618	5.986467776699672e-13
1.987333	5.941411646551427e-13
1.988486	5.704093335106405e-13
1.989639	5.595465331933455e-13
1.990793	5.626190694134238e-13
1.991946	5.788451630707105e-13
1.993099	6.121046679128802e-13
1.994253	6.682851756286371e-13
1.995406	7.390187531902842e-13
1.996559	8.246925465647299e-13
1.997712	9.338371815671139e-13
1.998866	1.0324963051934692e-12
2.000019	1.0644137226210633e-12
2.001172	9.883122843416291e-13
2.002326	8.138549228042052e-13
2.003479	6.754011625041246e-13
2.004632	6.351305234031216e-13
2.005785	6.233586490680042e-13
2.006939	6.30428307308001e-13
2.008092	6.722360621832488e-13
2.009245	7.375613877570806e-13
2.010399	7.969509391892951e-13
2.011552	8.472673221407822e-13
2.012705	8.902718619746745e-13
2.013859	8.693748662687488e-13
2.015012	7.879771767541845e-13
2.016165	6.729189954843829e-13
2.017318	5.807013275996428e-13
2.018472	5.509567216194255e-13
2.019625	5.923839794294263e-13
2.020778	6.79333052799921e-13
2.021931	7.277244493966464e-13
2.023085	6.758519534618501e-13
2.024238	5.742786872253087e-13
2.025391	4.920414130632968e-13
2.026545	4.4035425415700815e-13
2.027698	4.101026494166893e-13
2.028851	4.037936201019458e-13
2.030005	4.1708000751087754e-13
2.031158	4.3240035014275485e-13
2.032311	4.339628464676308e-13
2.033464	4.335110315563429e-13
2.034618	4.327633493438052e-13
2.035771	4.238608547587717e-13
2.036924	4.096435507350941e-13
2.038078	3.915761409669902e-13
2.039231	3.7189740614496157e-13
2.040384	3.591464666752212e-13
2.041537	3.727459950734875e-13
2.042691	4.1491876855234085e-13
2.043844	4.8174310182521e-13
2.044997	5.533928190203958e-13
2.04615	6.110152356527942e-13
2.047304	6.453448169256121e-13
2.048457	6.614587678958017e-13
2.04961	6.570805204890321e-13
2.050764	6.349599879185862e-13
2.051917	6.023373033997822e-13
2.05307	5.582129777491462e-13
2.054224	5.003266161721906e-13
2.055377	4.490779768515808e-13
2.05653	4.25681547728228e-13
2.057683	4.352866639178856e-13
2.058837	4.741964014474525e-13
2.05999	5.233788864698561e-13
2.061143	5.688582287270707e-13
2.062297	6.056506597335677e-13
2.06345	6.164998681892697e-13
2.064603	6.173657669851535e-13
2.065756	5.781903641711933e-13
2.06691	5.419057064535731e-13
2.068063	5.12018959427525e-13
2.069216	4.750856150109929e-13
2.070369	4.2648855182562447e-13
2.071523	3.9371331310863877e-13
2.072676	3.8030373290711463e-13
2.073829	3.904436084045093e-13
2.074983	4.2600141843133196e-13
2.076136	4.748807648937517e-13
2.077289	5.159529966472951e-13
2.078443	5.369286376042145e-13
2.079596	5.537386551297675e-13
2.080749	5.733220984151937e-13
2.081903	6.095376436051054e-13
2.083056	6.509022036978325e-13
2.084209	6.777196936341942e-13
2.085362	6.653517102831148e-13
2.086516	6.144245789599378e-13
2.087669	5.444924442027763e-13
2.088822	4.86954438463755e-13
2.089976	4.652058403928942e-13
2.091129	4.7542634076601e-13
2.092282	4.965635225240919e-13
2.093435	5.23432082093816e-13
2.094589	5.444593511765157e-13
2.095742	5.709823482750911e-13
2.096895	5.940075463310752e-13
2.098048	6.005716261510987e-13
2.099202	5.923538983071569e-13
2.100355	5.740703511420339e-13
2.101508	5.548604856868689e-13
2.102662	5.370937586204233e-13
2.103815	5.262220589227684e-13
2.104968	5.14660244704329e-13
2.106122	4.958123902484725e-13
2.107275	4.865433757468584e-13
2.108428	4.790883744802471e-13
2.109581	4.687379683606738e-13
2.110735	4.72726721645109e-13
2.111888	4.755912206675811e-13
2.113041	4.781319463550789e-13
2.114195	4.853432630745364e-13
2.115348	4.973909286478708e-13
2.116501	5.020725496026361e-13
2.117654	5.001157984011829e-13
2.118808	4.983487365256325e-13
2.119961	4.946130202575971e-13
2.121114	4.946688360778055e-13
2.122267	4.942135980120581e-13
2.123421	4.993165232179455e-13
2.124574	5.082430130809534e-13
2.125727	5.193872719751798e-13
2.126881	5.263177966606204e-13
2.128034	5.312492120787184e-13
2.129187	5.346927325811358e-13
2.130341	5.408504068360034e-13
2.131494	5.492946131298251e-13
2.132647	5.592199176530647e-13
2.133801	5.746166924085608e-13
2.134954	5.866635454473008e-13
2.136107	5.947359843446713e-13
2.13726	6.017460483973062e-13
2.138414	6.022723641296135e-13
2.139567	6.207352506193896e-13
2.14072	6.469715634666844e-13
2.141873	6.648512962875716e-13
2.143027	6.644086046652185e-13
2.14418	6.502126251118896e-13
2.145333	6.16809385442144e-13
2.146487	5.70856664766163e-13
2.14764	5.116761910760593e-13
2.148793	4.447168657081093e-13
2.149946	3.9160290253740134e-13
2.1511	3.6479857235941937e-13
2.152253	3.6465346817031875e-13
2.153406	3.952547254845435e-13
2.15456	4.535144661377397e-13
2.155713	5.183726950600315e-13
2.156866	5.659185409304669e-13
2.15802	5.891240734122471e-13
2.159173	5.996572138802295e-13
2.160326	6.125101548842187e-13
2.161479	6.148923667413892e-13
2.162633	6.225372748075589e-13
2.163786	6.371215945142458e-13
2.164939	6.391981383915149e-13
2.166092	6.346717315133251e-13
2.167246	6.086565597130756e-13
2.168399	5.689703478078499e-13
2.169552	5.506345565033948e-13
2.170706	5.470454228456952e-13
2.171859	5.590249732371399e-13
2.173012	5.733222925301511e-13
2.174165	5.81363801670168e-13
2.175319	5.766234987858022e-13
2.176472	5.56863004209403e-13
2.177625	5.300459412381908e-13
2.178779	4.943150424885229e-13
2.179932	4.728805351983228e-13
2.181085	4.686428706030422e-13
2.182239	4.755516869844451e-13
2.183392	4.863000614809724e-13
2.184545	4.970850878963051e-13
2.185698	5.033888959206902e-13
2.186852	5.109811615991261e-13
2.188005	5.248262170941262e-13
2.189158	5.546563592275243e-13
2.190311	5.794151560913975e-13
2.191465	5.917617214733975e-13
2.192618	5.711173308097441e-13
2.193771	5.401351170557071e-13
2.194925	5.177030800383059e-13
2.196078	5.030423606797649e-13
2.197231	5.058323991165252e-13
2.198385	5.250572456935339e-13
2.199538	5.480306938048635e-13
2.200691	5.541757066691849e-13
2.201844	5.495076670679159e-13
2.202998	5.439246111209273e-13
2.204151	5.406782269068118e-13
2.205304	5.509207277088117e-13
2.206458	5.704529308536146e-13
2.207611	5.860856718983674e-13
2.208764	5.730347398610836e-13
2.209918	5.458362559294899e-13
2.211071	5.171912684681909e-13
2.212224	5.06293257312346e-13
2.213377	5.164258842029666e-13
2.21453	5.472892864675452e-13
2.215684	5.937435152238686e-13
2.216837	6.397219949148371e-13
2.21799	6.620426595783967e-13
2.219144	6.615045262900926e-13
2.220297	6.470979054403403e-13
2.22145	6.290294585858988e-13
2.222604	6.114954948605236e-13
2.223757	5.889918840696054e-13
2.22491	5.661513037043478e-13
2.226063	5.506222296351458e-13
2.227217	5.404133088100982e-13
2.22837	5.266194311596017e-13
2.229523	5.093073874655319e-13
2.230677	4.923886403317571e-13
2.23183	4.847914660766738e-13
2.232983	5.007511326320832e-13
2.234137	5.307199328602001e-13
2.23529	5.674782964752087e-13
2.236443	6.013449512063499e-13
2.237596	6.366467663491272e-13
2.23875	6.578439261995628e-13
2.239903	6.711681121134976e-13
2.241056	6.697351281747394e-13
2.242209	6.577976459723298e-13
2.243363	6.478387599543789e-13
2.244516	6.439661011442476e-13
2.245669	6.40878633761718e-13
2.246823	6.32833875497024e-13
2.247976	6.169521164035784e-13
2.249129	6.028641145728136e-13
2.250283	5.730170553585328e-13
2.251436	5.4739143892223e-13
2.252589	5.332931289400748e-13
2.253742	5.330320132417704e-13
2.254896	5.371149016320196e-13
2.256049	5.372618395415879e-13
2.257202	5.407790702536278e-13
2.258356	5.465806142156513e-13
2.259509	5.504052183302233e-13
2.260662	5.517851032302077e-13
2.261815	5.526962206447747e-13
2.262969	5.480968471914027e-13
2.264122	5.4816585370214e-13
2.265275	5.432609316214658e-13
2.266428	5.425418216550834e-13
2.267582	5.328287629112462e-13
2.268735	5.199617486404317e-13
2.269888	5.150933811211679e-13
2.271042	5.207432234521573e-13
2.272195	5.341070234413678e-13
2.273348	5.45644925512941e-13
2.274502	5.496742090728397e-13
2.275655	5.519835245501772e-13
2.276808	5.540831328591007e-13
2.277961	5.580235026017789e-13
2.279115	5.644623933047159e-13
2.280268	5.655179817038972e-13
2.281421	5.611855922209073e-13
2.282575	5.663254545042446e-13
2.283728	5.41442261169988e-13
2.284881	5.245827914190871e-13
2.286034	5.231670534751195e-13
2.287188	5.204216265165904e-13
2.288341	5.061425317235173e-13
2.289494	4.853302572493289e-13
2.290648	4.634457080021196e-13
2.291801	4.4597066703391663e-13
2.292954	4.306324288887677e-13
2.294107	4.1915537653264946e-13
2.295261	4.130349184647054e-13
2.296414	4.0980997779472975e-13
2.297567	4.1482022988655217e-13
2.298721	4.1823930946616455e-13
2.299874	4.2364237611506133e-13
2.301027	4.287342202643942e-13
2.302181	4.334330523148287e-13
2.303334	4.3714075928019924e-13
2.304487	4.4010893642050933e-13
2.30564	4.3756045402859174e-13
2.306794	4.3186860333729083e-13
2.307947	4.307578907602469e-13
2.3091	4.37872190313145e-13
2.310253	4.4906027470520716e-13
2.311407	4.599969473992791e-13
2.31256	4.675320498339911e-13
2.313713	4.638303443390811e-13
2.314867	4.423257922739276e-13
2.31602	4.140084940881596e-13
2.317173	3.806575830224191e-13
2.318326	3.5419224209661975e-13
2.31948	3.3585308203100717e-13
2.320633	3.242407270730686e-13
2.321786	3.197085636250603e-13
2.32294	3.145726050869486e-13
2.324093	3.15828777092704e-13
2.325246	3.2057954977987305e-13
2.3264	3.3254099849055117e-13
2.327553	3.4182568825894437e-13
2.328706	3.4940688577434543e-13
2.329859	3.58739647619882e-13
2.331013	3.684666595911393e-13
2.332166	3.77246990152131e-13
2.333319	3.844116924049058e-13
2.334472	3.9384536596583227e-13
2.335626	4.0261917688156113e-13
2.336779	4.0840904139691817e-13
2.337932	3.962690792122661e-13
2.339086	3.7477807805576764e-13
2.340239	3.5134496761959805e-13
2.341392	3.286227599979206e-13
2.342546	3.1232590651873096e-13
2.343699	3.004276095530682e-13
2.344852	2.936085789873211e-13
2.346005	2.909009721032447e-13
2.347159	2.875619962849792e-13
2.348312	2.77696391018143e-13
2.349465	2.6012476811347996e-13
2.350619	2.3970063337081843e-13
2.351772	2.2902582333060003e-13
2.352925	2.23417968646054e-13
2.354079	2.231740316642859e-13
2.355232	2.270085641696856e-13
2.356385	2.3645075180407495e-13
2.357538	2.526045770989097e-13
2.358692	2.7139033559985245e-13
2.359845	2.8755171154771024e-13
2.360998	3.012062404782979e-13
2.362151	3.121060078833648e-13
2.363305	3.213610255525469e-13
2.364458	3.3174008346792694e-13
2.365611	3.3417920100785676e-13
2.366765	3.258967460532554e-13
2.367918	3.0700408972938013e-13
2.369071	2.802622644548494e-13
2.370224	2.5111538976188924e-13
2.371378	2.2935237081990577e-13
2.372531	2.2497354381954795e-13
2.373684	2.3858641107390094e-13
2.374838	2.485687137497613e-13
2.375991	2.385524607166883e-13
2.377144	2.218419234643488e-13
2.378298	2.0646209213063053e-13
2.379451	1.9295650668749953e-13
2.380604	1.8354212029673076e-13
2.381757	1.787495252411142e-13
2.382911	1.735104169230524e-13
2.384064	1.6750833976486932e-13
2.385217	1.5782232101684818e-13
2.38637	1.5559933194818076e-13
2.387524	1.6311214391221287e-13
2.388677	1.773006165955134e-13
2.38983	1.9869181911612968e-13
2.390984	2.26654064020247e-13
2.392137	2.558428352198141e-13
2.39329	2.7764607006673935e-13
2.394444	2.889618923690477e-13
2.395597	2.8299903486620423e-13
2.39675	2.6739131228627487e-13
2.397903	2.550940243930438e-13
2.399057	2.5197487071007223e-13
2.40021	2.5015908749027355e-13
2.401363	2.4248218689321323e-13
2.402517	2.2233174387623137e-13
2.40367	1.963967537107797e-13
2.404823	1.6945957208007367e-13
2.405976	1.449256373964663e-13
2.40713	1.2794102250057994e-13
2.408283	1.1600426130538767e-13
2.409436	1.1230777108432871e-13
2.410589	1.1330319492016186e-13
2.411743	1.1398021960980233e-13
2.412896	1.1224302407419625e-13
2.414049	1.0544181582444324e-13
2.415203	9.43649271782243e-14
2.416356	8.454686124238974e-14
2.417509	7.78193525728142e-14
2.418663	7.758984741708913e-14
2.419816	8.651039014526783e-14
2.420969	1.0007605470130042e-13
2.422122	1.1583078889960169e-13
2.423276	1.3164740087635657e-13
2.424429	1.394185434902413e-13
2.425582	1.332351271326105e-13
2.426736	1.2585484013888233e-13
2.427889	1.2735710175476582e-13
2.429042	1.3366354400939512e-13
2.430195	1.3636870755153279e-13
2.431349	1.2718900389175345e-13
2.432502	1.0368615520232852e-13
2.433655	6.753559948767125e-14
2.434808	3.769680300316133e-14
2.435962	3.1506095582840394e-14
2.437115	4.841539190483375e-14
2.438268	6.927406520876246e-14
2.439422	8.77102636236316e-14
2.440575	1.0388205457753294e-13
2.441728	1.173785439369039e-13
2.442882	1.2296345378599649e-13
2.444035	1.0832925505108492e-13
2.445188	5.983265916589497e-14
2.446342	-4.543864997834941e-15
2.447495	-5.721808644674855e-14
2.448648	-9.605688328875834e-14
2.449801	-1.1751385014291383e-13
2.450955	-1.1520941735441114e-13
2.452108	-9.291274392597679e-14
2.453261	-6.197137488235903e-14
2.454414	-2.8095069874247256e-14
2.455568	9.12061635357198e-16
2.456721	2.0885901368134124e-14
2.457874	2.895784770250315e-14
2.459028	2.4575093419509796e-14
2.460181	6.663522466890762e-15
2.461334	-1.5266836773613798e-14
2.462487	-2.8388465586048668e-14
2.463641	-2.725477397670464e-14
2.464794	-2.2789882406332217e-14
2.465947	-2.3439592461751972e-14
2.467101	-2.997546050180649e-14
2.468254	-4.234483568877414e-14
2.469407	-6.133187492437448e-14
2.470561	-8.39208979717827e-14
2.471714	-9.827700330968669e-14
2.472867	-1.0474171182249091e-13
2.47402	-1.1106426392670222e-13
2.475174	-1.1942318445216302e-13
2.476327	-1.3390600063306968e-13
2.47748	-1.6626637690702134e-13
2.478634	-2.29391796683237e-13
2.479787	-3.348234435395936e-13
2.48094	-4.473120646981254e-13
2.482093	-5.084867221349626e-13
2.483247	-4.99957876198178e-13
2.4844	-4.542339770111353e-13
2.485553	-4.1790937978627097e-13
2.486706	-3.978390610212989e-13
2.48786	-4.0307119720318144e-13
2.489013	-5.137971065522171e-13
2.490166	-9.640932530510151e-13
2.49132	-3.1716562595138926e-12
2.492473	-4.8840202514704955e-12
2.493626	-1.7810485116428447e-12
2.49478	-7.940677044389943e-13
2.495933	-4.778401805308813e-13
2.497086	-3.646130602970024e-13