0.45	6.261861042502125e-10
0.451153261	6.456403524717778e-10
0.452306522	5.830910432988372e-10
0.453459782	5.30495152329911e-10
0.454613043	5.569870892809714e-10
0.455766304	6.054289477772191e-10
0.456919565	6.560664630599461e-10
0.458072825	6.591240469104775e-10
0.459226086	6.727668075593184e-10
0.460379347	6.89928853367759e-10
0.461532608	6.834158791853325e-10
0.462685868	6.374537049700631e-10
0.463839129	6.533952332113416e-10
0.46499239	6.638826584945701e-10
0.466145651	6.996911461929301e-10
0.467298911	7.314386513959142e-10
0.468452172	7.28811755321635e-10
0.469605433	7.179636000662787e-10
0.470758694	7.477494056435762e-10
0.471911954	7.01110658426569e-10
0.473065215	7.2631066245746e-10
0.474218476	7.665259115262501e-10
0.475371737	7.693666889634129e-10
0.476524997	7.476252585335301e-10
0.477678258	6.932988653573127e-10
0.478831519	7.304223360331683e-10
0.47998478	7.302867814318677e-10
0.48113804	7.542693779391343e-10
0.482291301	8.624125833062418e-10
0.483444562	1.0111248459660786e-9
0.484597823	8.999950181437843e-10
0.485751083	5.873206606421359e-10
0.486904344	6.288298260146882e-10
0.488057605	7.226365071760804e-10
0.489210866	8.056646663356495e-10
0.490364126	8.202065553457419e-10
0.491517387	8.582117093788929e-10
0.492670648	8.475741124139974e-10
0.493823909	8.739576495414825e-10
0.494977169	8.508740967061508e-10
0.49613043	7.942930609150522e-10
0.497283691	7.000551565362553e-10
0.498436952	7.123330425779304e-10
0.499590213	6.419773480793574e-10
0.500743473	6.210330780631e-10
0.501896734	6.498288655753361e-10
0.503049995	6.891947785080207e-10
0.504203256	7.176499250171213e-10
0.505356516	7.097562744869775e-10
0.506509777	7.404292607285498e-10
0.507663038	7.368565217246606e-10
0.508816299	6.852823511886041e-10
0.509969559	7.105282637435212e-10
0.51112282	7.331780115905399e-10
0.512276081	7.231323189766699e-10
0.513429342	7.183366088042649e-10
0.514582602	7.021893986722932e-10
0.515735863	6.287240998350441e-10
0.516889124	5.985890884552802e-10
0.518042385	5.958924440475664e-10
0.519195645	6.105879362497121e-10
0.520348906	6.183716993228959e-10
0.521502167	7.045528401965746e-10
0.522655428	8.854701634566876e-10
0.523808688	9.14101090553882e-10
0.524961949	8.765256098270264e-10
0.52611521	8.695507181145294e-10
0.527268471	8.616793298437871e-10
0.528421731	9.379643303801077e-10
0.529574992	1.0875752926083095e-9
0.530728253	1.1344550693111666e-9
0.531881514	1.047459307908235e-9
0.533034774	9.763622211550821e-10
0.534188035	1.0263064262280363e-9
0.535341296	1.0836679595506003e-9
0.536494557	1.10912658083244e-9
0.537647817	1.0893885231194012e-9
0.538801078	1.026306944411029e-9
0.539954339	1.0521741189507731e-9
0.5411076	1.0551967596865683e-9
0.54226086	1.040769771633656e-9
0.543414121	1.042734682838935e-9
0.544567382	1.0540492106934018e-9
0.545720643	1.0187935742196463e-9
0.546873904	1.0004822593261088e-9
0.548027164	1.0169795822986503e-9
0.549180425	1.0092803829681717e-9
0.550333686	9.861481741760274e-10
0.551486947	1.0067732251675512e-9
0.552640207	1.0912886431697532e-9
0.553793468	1.1273366188609032e-9
0.554946729	1.1493241348392108e-9
0.55609999	1.1847214413549657e-9
0.55725325	1.1656788447467415e-9
0.558406511	1.1373998216304272e-9
0.559559772	1.1034314402408787e-9
0.560713033	1.0865507828191396e-9
0.561866293	1.0795603103071343e-9
0.563019554	1.0595869541047727e-9
0.564172815	1.1016663286939645e-9
0.565326076	1.1339879456471666e-9
0.566479336	1.0994758449666423e-9
0.567632597	1.092856748316275e-9
0.568785858	1.1880320564040661e-9
0.569939119	1.1247466576986393e-9
0.571092379	1.1169790910770687e-9
0.57224564	1.190528462455344e-9
0.573398901	1.2510293044269478e-9
0.574552162	1.210118077997029e-9
0.575705422	1.2250779400892201e-9
0.576858683	1.2397448023799992e-9
0.578011944	1.17291386975403e-9
0.579165205	1.1581057720996413e-9
0.580318465	1.216312825784049e-9
0.581471726	1.3076436008827402e-9
0.582624987	1.3491604891904049e-9
0.583778248	1.3369911267803027e-9
0.584931508	1.2735848821792417e-9
0.586084769	1.3048056875110419e-9
0.58723803	1.186406303194506e-9
0.588391291	9.354883087203747e-10
0.589544551	9.37167952084694e-10
0.590697812	1.0566969551700322e-9
0.591851073	1.1739583660769062e-9
0.593004334	1.185329148194005e-9
0.594157595	1.2213505936173306e-9
0.595310855	1.2353580418833047e-9
0.596464116	1.2700573980218969e-9
0.597617377	1.290025549591893e-9
0.598770638	1.2813770725147347e-9
0.599923898	1.2511478524784373e-9
0.601077159	1.2490522736499755e-9
0.60223042	1.3393688636894935e-9
0.603383681	1.3951797054346792e-9
0.604536941	1.4173840492796743e-9
0.605690202	1.4679140165941761e-9
0.606843463	1.4961926487494752e-9
0.607996724	1.4457173830553336e-9
0.609149984	1.4062240587079638e-9
0.610303245	1.4368658812588633e-9
0.611456506	1.402092674089542e-9
0.612609767	1.3410964920655303e-9
0.613763027	1.3658921449611615e-9
0.614916288	1.3718767080523756e-9
0.616069549	1.2946455572937332e-9
0.61722281	1.2123554038591482e-9
0.61837607	1.2214243674259948e-9
0.619529331	1.2739098558219372e-9
0.620682592	1.227305553985156e-9
0.621835853	1.2013113690078092e-9
0.622989113	1.1289342627229544e-9
0.624142374	1.1145056775336664e-9
0.625295635	1.1493382914231203e-9
0.626448896	1.1995847875123492e-9
0.627602156	1.2315895518931442e-9
0.628755417	1.280576065679418e-9
0.629908678	1.2944792962166182e-9
0.631061939	1.298673709112239e-9
0.632215199	1.3508948069658515e-9
0.63336846	1.390658219568032e-9
0.634521721	1.3819141211439699e-9
0.635674982	1.3920618862439641e-9
0.636828242	1.3798678196747285e-9
0.637981503	1.4163601735989536e-9
0.639134764	1.459531185043331e-9
0.640288025	1.489835849343419e-9
0.641441286	1.4898426696979585e-9
0.642594546	1.482518608108004e-9
0.643747807	1.4896466331005337e-9
0.644901068	1.4979214481672e-9
0.646054329	1.5176878627809954e-9
0.647207589	1.5235862264216354e-9
0.64836085	1.444175000883596e-9
0.649514111	1.407664361405439e-9
0.650667372	1.4725897168994561e-9
0.651820632	1.5052272638092577e-9
0.652973893	1.570812578423621e-9
0.654127154	1.669397730555727e-9
0.655280415	1.628978433839691e-9
0.656433675	1.3636312466630394e-9
0.657586936	1.5808122376715324e-9
0.658740197	1.5621996598056396e-9
0.659893458	1.567150506231772e-9
0.661046718	1.603983111760145e-9
0.662199979	1.6167234726495167e-9
0.66335324	1.5997986411040513e-9
0.664506501	1.569736868886163e-9
0.665659761	1.5350085416883167e-9
0.666813022	1.5101874585321192e-9
0.667966283	1.4899397485850785e-9
0.669119544	1.473449949689443e-9
0.670272804	1.443912133532395e-9
0.671426065	1.427661802102607e-9
0.672579326	1.4257141880849237e-9
0.673732587	1.3951672629172845e-9
0.674885847	1.3879680779707395e-9
0.676039108	1.4442229256257662e-9
0.677192369	1.4904182523514598e-9
0.67834563	1.4586471617317567e-9
0.67949889	1.4448453335154987e-9
0.680652151	1.4809431706403002e-9
0.681805412	1.5319421725653927e-9
0.682958673	1.5550625782666868e-9
0.684111933	1.568316522011743e-9
0.685265194	1.6211847931492633e-9
0.686418455	1.6547729543281917e-9
0.687571716	1.5774730635771228e-9
0.688724977	1.530040686464199e-9
0.689878237	1.5505939414682054e-9
0.691031498	1.5818386401503104e-9
0.692184759	1.5903485008630887e-9
0.69333802	1.582379673956229e-9
0.69449128	1.5833906426442224e-9
0.695644541	1.6329918981277393e-9
0.696797802	1.7125735364371764e-9
0.697951063	1.7076443742835266e-9
0.699104323	1.6452297814827084e-9
0.700257584	1.633336975391251e-9
0.701410845	1.6735632956376415e-9
0.702564106	1.7133051162998695e-9
0.703717366	1.7414536609279738e-9
0.704870627	1.725964746592828e-9
0.706023888	1.6136866123701508e-9
0.707177149	1.5000211671566293e-9
0.708330409	1.4538408923304462e-9
0.70948367	1.4291576558981137e-9
0.710636931	1.407270429116445e-9
0.711790192	1.3428949193878643e-9
0.712943452	1.2796505778473968e-9
0.714096713	1.2916588489292926e-9
0.715249974	1.3488145533925033e-9
0.716403235	1.4142350452409282e-9
0.717556495	1.3984272976362e-9
0.718709756	1.3338213502377099e-9
0.719863017	1.3139805876722221e-9
0.721016278	1.3910183546853347e-9
0.722169538	1.5451370385922546e-9
0.723322799	1.5858578288081132e-9
0.72447606	1.5636533395596647e-9
0.725629321	1.5545469908234643e-9
0.726782581	1.570276610146682e-9
0.727935842	1.5576995110135601e-9
0.729089103	1.5731824302773621e-9
0.730242364	1.6123605190780556e-9
0.731395624	1.6362318588821072e-9
0.732548885	1.6692676098324764e-9
0.733702146	1.7102345605055625e-9
0.734855407	1.7294108494041512e-9
0.736008668	1.7793342215879592e-9
0.737161928	1.8192491732234994e-9
0.738315189	1.833541837961341e-9
0.73946845	1.826673323424847e-9
0.740621711	1.8420440947470131e-9
0.741774971	1.8511191199622859e-9
0.742928232	1.8610141956790662e-9
0.744081493	1.854781088322126e-9
0.745234754	1.873436379889516e-9
0.746388014	1.8583831448848591e-9
0.747541275	1.8587793527546139e-9
0.748694536	1.869555732274844e-9
0.749847797	1.903801757927308e-9
0.751001057	1.9427326785407193e-9
0.752154318	1.9558350477552434e-9
0.753307579	1.956315803548433e-9
0.75446084	1.9719682184510635e-9
0.7556141	1.96864213852476e-9
0.756767361	1.9841634051534987e-9
0.757920622	2.2562123820707216e-9
0.759073883	2.7401347901668053e-9
0.760227143	2.276125516532678e-9
0.761380404	1.5614243444069187e-9
0.762533665	1.4350285054566606e-9
0.763686926	1.4321798446886103e-9
0.764840186	1.436752708225444e-9
0.765993447	1.525080432864361e-9
0.767146708	1.6591437063891512e-9
0.768299969	1.7968185047646422e-9
0.769453229	1.8281231865252484e-9
0.77060649	1.8064802408025918e-9
0.771759751	1.8364420845608138e-9
0.772913012	1.8486513766080106e-9
0.774066272	1.842250746556105e-9
0.775219533	1.869137006804314e-9
0.776372794	1.9010478633640813e-9
0.777526055	1.842704696332516e-9
0.778679315	1.9199838381312397e-9
0.779832576	1.9323719034877973e-9
0.780985837	1.9545333526082797e-9
0.782139098	1.9438542144556075e-9
0.783292359	1.8973858681713094e-9
0.784445619	1.8521536204096811e-9
0.78559888	1.8704225402203605e-9
0.786752141	1.9060592664088824e-9
0.787905402	1.84807699841784e-9
0.789058662	1.7755664831292759e-9
0.790211923	1.7366972587394146e-9
0.791365184	1.7453806900475327e-9
0.792518445	1.7682025803155844e-9
0.793671705	1.7795148285525783e-9
0.794824966	1.7680307789227787e-9
0.795978227	1.8291184263221701e-9
0.797131488	1.8916329939052263e-9
0.798284748	1.902983380773291e-9
0.799438009	1.919856951128136e-9
0.80059127	1.920736997513958e-9
0.801744531	1.8921006942210428e-9
0.802897791	1.892823730918249e-9
0.804051052	1.9077668191918104e-9
0.805204313	1.8968259812135433e-9
0.806357574	1.8391184679898992e-9
0.807510834	1.810612137568169e-9
0.808664095	1.8201356968906466e-9
0.809817356	1.8068136245778548e-9
0.810970617	1.7749950371087922e-9
0.812123877	1.7941147209163392e-9
0.813277138	1.8192700922601027e-9
0.814430399	1.8117733111009998e-9
0.81558366	1.7637729187873875e-9
0.81673692	1.720917877114946e-9
0.817890181	1.737988983133563e-9
0.819043442	1.7480174025872523e-9
0.820196703	1.7620683622060787e-9
0.821349963	1.81331825384696e-9
0.822503224	1.7859104508616662e-9
0.823656485	1.7932931537060468e-9
0.824809746	1.8649689222392145e-9
0.825963006	1.9280734743924758e-9
0.827116267	1.952828344184164e-9
0.828269528	1.8957073448057155e-9
0.829422789	1.8301863090758684e-9
0.830576049	1.756650891832963e-9
0.83172931	1.7414101830201928e-9
0.832882571	1.790376493468629e-9
0.834035832	1.793305903635155e-9
0.835189093	1.7871374098710774e-9
0.836342353	1.7963391350048301e-9
0.837495614	1.7683685711535886e-9
0.838648875	1.7484170567893921e-9
0.839802136	1.7948338271621927e-9
0.840955396	1.846672076646415e-9
0.842108657	1.8539885788653727e-9
0.843261918	1.8536434310972346e-9
0.844415179	1.8560729161866605e-9
0.845568439	1.9785363783703554e-9
0.8467217	1.826358281329144e-9
0.847874961	1.9379290093962166e-9
0.849028222	1.9696792588814216e-9
0.850181482	1.6689424300066076e-9
0.851334743	1.722816180037657e-9
0.852488004	1.8590513524970969e-9
0.853641265	1.6198661473792889e-9
0.854794525	1.3301402456030485e-9
0.855947786	1.6968261932133758e-9
0.857101047	2.0106198048717838e-9
0.858254308	2.0321310635007705e-9
0.859407568	1.7729802621074036e-9
0.860560829	1.7432563000894822e-9
0.86171409	1.927106845771723e-9
0.862867351	2.0129239110064046e-9
0.864020611	2.0966237658000274e-9
0.865173872	1.937616131546207e-9
0.866327133	1.3996316197365352e-9
0.867480394	1.4433898045652872e-9
0.868633654	1.7280899354370262e-9
0.869786915	1.974170460594763e-9
0.870940176	2.0620789852057375e-9
0.872093437	2.1370217934121623e-9
0.873246697	2.156592368995733e-9
0.874399958	1.9272453793968344e-9
0.875553219	1.7643573886018822e-9
0.87670648	1.936341053192864e-9
0.87785974	1.9561899321824755e-9
0.879013001	1.919178060436715e-9
0.880166262	1.913696958325821e-9
0.881319523	1.969134518987641e-9
0.882472784	2.0154928370111295e-9
0.883626044	2.0430900147354432e-9
0.884779305	2.0252883126570128e-9
0.885932566	1.7032625552164644e-9
0.887085827	1.696101679795539e-9
0.888239087	1.8693326619679752e-9
0.889392348	1.9024955257345345e-9
0.890545609	1.8937663320606973e-9
0.89169887	1.863794366128735e-9
0.89285213	1.8225077790613605e-9
0.894005391	1.8624448237947335e-9
0.895158652	1.8724080248960097e-9
0.896311913	1.8369425637557324e-9
0.897465173	1.8101699893781214e-9
0.898618434	1.7697291736047171e-9
0.899771695	1.7623313369810013e-9
0.900924956	1.5896958919152762e-9
0.902078216	1.540306802363584e-9
0.903231477	1.7609424300902392e-9
0.904384738	1.8615172804885195e-9
0.905537999	1.8967593869527038e-9
0.906691259	1.912722209164351e-9
0.90784452	1.894464204409539e-9
0.908997781	1.7699283871400348e-9
0.910151042	1.6757317116487442e-9
0.911304302	1.6803514743179498e-9
0.912457563	1.7377554159891953e-9
0.913610824	1.7159808348616292e-9
0.914764085	1.682179402821384e-9
0.915917345	1.5956215642855893e-9
0.917070606	1.5756715517837867e-9
0.918223867	1.567759444218539e-9
0.919377128	1.5776177600046572e-9
0.920530388	1.5905429403005433e-9
0.921683649	1.5571092933798924e-9
0.92283691	1.4493207748435067e-9
0.923990171	1.5242995768337315e-9
0.925143431	1.5836649199827623e-9
0.926296692	1.5663739413857827e-9
0.927449953	1.5696918942827091e-9
0.928603214	1.5270923833172937e-9
0.929756475	1.5228224373543005e-9
0.930909735	1.5480680355446426e-9
0.932062996	1.4741784330252516e-9
0.933216257	1.3997914356846041e-9
0.934369518	1.2823514386336052e-9
0.935522778	1.2966283109340495e-9
0.936676039	1.3127490358783086e-9
0.9378293	1.31590607417758e-9
0.938982561	1.4161591255986086e-9
0.940135821	1.4251868616817953e-9
0.941289082	1.3745897835649e-9
0.942442343	1.303965290878885e-9
0.943595604	1.2239498245762534e-9
0.944748864	1.2115574303539672e-9
0.945902125	1.242244623458365e-9
0.947055386	1.3132719988880608e-9
0.948208647	1.289268723188571e-9
0.949361907	1.3154892349791424e-9
0.950515168	1.4460241885230361e-9
0.951668429	1.6657789147465033e-9
0.95282169	1.7341166577121181e-9
0.95397495	1.490881645787629e-9
0.955128211	1.1642358245063525e-9
0.956281472	1.1203897836254658e-9
0.957434733	1.1602708201782586e-9
0.958587993	1.1365428914402585e-9
0.959741254	1.1152426912217761e-9
0.960894515	1.1135562679587585e-9
0.962047776	1.097564891829592e-9
0.963201036	1.0922131499824117e-9
0.964354297	1.0527201046241893e-9
0.965507558	1.0388555868681681e-9
0.966660819	1.0093512115819836e-9
0.967814079	1.0293350918879795e-9
0.96896734	1.052390099459903e-9
0.970120601	0.
0.971273862	0.
0.972427122	0.
0.973580383	0.
0.974733644	0.
0.975886905	0.
0.977040166	0.
0.978193426	0.
0.979346687	0.
0.980499948	0.
0.981653209	0.
0.982806469	0.
0.98395973	0.
0.985112991	0.
0.986266252	0.
0.987419512	0.
0.988572773	0.
0.989726034	0.
0.990879295	0.
0.992032555	0.
0.993185816	0.
0.994339077	0.
0.995492338	0.
0.996645598	0.
0.997798859	2.0817855133172815e-9
0.99895212	2.0458311782503385e-9
1.000105381	2.0252995390544867e-9
1.001258641	1.9403064946546042e-9
1.002411902	1.8873931080274406e-9
1.003565163	1.823606784404335e-9
1.004718424	1.773489858831952e-9
1.005871684	1.820556570140294e-9
1.007024945	1.905630283759364e-9
1.008178206	1.8968824455328997e-9
1.009331467	1.9362798012003456e-9
1.010484727	1.953760235637471e-9
1.011637988	1.9327760287268924e-9
1.012791249	1.918783730607753e-9
1.01394451	1.9258712771017022e-9
1.01509777	1.9236202078419337e-9
1.016251031	1.92124293899915e-9
1.017404292	1.907541047210886e-9
1.018557553	1.8821981360472988e-9
1.019710813	1.8842306342528634e-9
1.020864074	1.902792859941259e-9
1.022017335	1.9029135006109468e-9
1.023170596	1.905951754047982e-9
1.024323857	1.9085580163561322e-9
1.025477117	1.91256824260095e-9
1.026630378	1.9012943205773844e-9
1.027783639	1.878330706461849e-9
1.0289369	1.87050758409383e-9
1.03009016	1.8716625605575735e-9
1.031243421	1.8493183050544245e-9
1.032396682	1.8368200150706743e-9
1.033549943	1.8620105959014671e-9
1.034703203	1.8615368640030633e-9
1.035856464	1.8296134004556352e-9
1.037009725	1.8337105088591129e-9
1.038162986	1.8545075206066054e-9
1.039316246	1.8471894353011405e-9
1.040469507	1.8387731507883935e-9
1.041622768	1.845546483545314e-9
1.042776029	1.8500998742846327e-9
1.043929289	1.8463628469990643e-9
1.04508255	1.857120088022201e-9
1.046235811	1.872712652779833e-9
1.047389072	1.862483399547738e-9
1.048542332	1.85028046204178e-9
1.049695593	1.8450385394428866e-9
1.050848854	1.8510136583885185e-9
1.052002115	1.8556843425461846e-9
1.053155375	1.868038787697866e-9
1.054308636	1.873427161106165e-9
1.055461897	1.8556913590492358e-9
1.056615158	1.8532423008965521e-9
1.057768418	1.8781674697849223e-9
1.058921679	1.884175580224439e-9
1.06007494	1.866601445307821e-9
1.061228201	1.8473249437059218e-9
1.062381461	1.8695231691404607e-9
1.063534722	1.8902074364130483e-9
1.064687983	1.893637090575678e-9
1.065841244	1.8946669584997985e-9
1.066994504	1.8955836766935664e-9
1.068147765	1.903844646305624e-9
1.069301026	1.9274913458608547e-9
1.070454287	1.943243364427148e-9
1.071607548	1.929795615137844e-9
1.072760808	1.9265143038174777e-9
1.073914069	1.940465416911287e-9
1.07506733	1.942187569969092e-9
1.076220591	1.9343017106571472e-9
1.077373851	1.934376274042733e-9
1.078527112	1.9232387798713366e-9
1.079680373	1.8890520557073316e-9
1.080833634	1.8929765071047816e-9
1.081986894	1.9332144529250384e-9
1.083140155	1.9280568891800395e-9
1.084293416	1.8934247248528348e-9
1.085446677	1.860617729200035e-9
1.086599937	1.8697027339167377e-9
1.087753198	1.9389250914317275e-9
1.088906459	1.962143852091478e-9
1.09005972	1.9316473525994316e-9
1.09121298	1.9325498436312352e-9
1.092366241	1.960703621256841e-9
1.093519502	2.0111355408100205e-9
1.094672763	2.0025219300184113e-9
1.095826023	1.9008368953976825e-9
1.096979284	1.8133305753022201e-9
1.098132545	1.7548127311024548e-9
1.099285806	1.6870647381240937e-9
1.100439066	1.637259017999356e-9
1.101592327	1.6325593085840928e-9
1.102745588	1.6235304984204397e-9
1.103898849	1.595808002577123e-9
1.105052109	1.5773129974611092e-9
1.10620537	1.5655550701183055e-9
1.107358631	1.5517833005817729e-9
1.108511892	1.5235320719647876e-9
1.109665152	1.4843655419647656e-9
1.110818413	1.4502079923312736e-9
1.111971674	1.423787757427917e-9
1.113124935	1.3980870525500586e-9
1.114278195	1.3750580456799746e-9
1.115431456	1.3588054483907563e-9
1.116584717	1.3497146230136324e-9
1.117737978	1.3478884987800816e-9
1.118891239	1.3605924649160073e-9
1.120044499	1.3846658454066638e-9
1.12119776	1.3923779246607212e-9
1.122351021	1.399006250159335e-9
1.123504282	1.4210644990093853e-9
1.124657542	1.4532149232917495e-9
1.125810803	1.4889720974456085e-9
1.126964064	1.4911641639294485e-9
1.128117325	1.4816542954631963e-9
1.129270585	1.5039148935986942e-9
1.130423846	1.5453146455392887e-9
1.131577107	1.590109925957644e-9
1.132730368	1.6351167243984488e-9
1.133883628	1.668970112282782e-9
1.135036889	1.66501738427176e-9
1.13619015	1.6268685719795423e-9
1.137343411	1.6006888112357506e-9
1.138496671	1.582283865054175e-9
1.139649932	1.5564277300192321e-9
1.140803193	1.5292443741413937e-9
1.141956454	1.5057596338977892e-9
1.143109714	1.4983854204856637e-9
1.144262975	1.5107290245077776e-9
1.145416236	1.530248636131654e-9
1.146569497	1.5658206856533084e-9
1.147722757	1.6225606734902265e-9
1.148876018	1.6739635521431575e-9
1.150029279	1.713620448720013e-9
1.15118254	1.7478703363855586e-9
1.1523358	1.7721086308692215e-9
1.153489061	1.7774619595214446e-9
1.154642322	1.7796826780211217e-9
1.155795583	1.7869836678286476e-9
1.156948843	1.7859623627798336e-9
1.158102104	1.7813420150920106e-9
1.159255365	1.7924714219697082e-9
1.160408626	1.808892166418109e-9
1.161561886	1.8170238227616982e-9
1.162715147	1.8113595973873146e-9
1.163868408	1.7933803305345356e-9
1.165021669	1.7835152858516604e-9
1.16617493	1.7823595548468037e-9
1.16732819	1.7785342402308429e-9
1.168481451	1.7861055558997052e-9
1.169634712	1.8123967812491269e-9
1.170787973	1.8218737573910728e-9
1.171941233	1.805282801873273e-9
1.173094494	1.7871149174848722e-9
1.174247755	1.7746559632894816e-9
1.175401016	1.7837594344100007e-9
1.176554276	1.7943182286342086e-9
1.177707537	1.7889083510576824e-9
1.178860798	1.7689544318578351e-9
1.180014059	1.7353558600410179e-9
1.181167319	1.7248634132819982e-9
1.18232058	1.736912073581783e-9
1.183473841	1.7649813889691566e-9
1.184627102	1.7737667048477904e-9
1.185780362	1.741990630241372e-9
1.186933623	1.7519524488030828e-9
1.188086884	1.8067939577504879e-9
1.189240145	1.8230439928472135e-9
1.190393405	1.813045492357415e-9
1.191546666	1.8085355998876685e-9
1.192699927	1.7956657497650854e-9
1.193853188	1.7598141251053923e-9
1.195006448	1.723377935213822e-9
1.196159709	1.6983526309991754e-9
1.19731297	1.7103682263974542e-9
1.198466231	1.7426958585893272e-9
1.199619491	1.7310593950676192e-9
1.200772752	1.7167886145492233e-9
1.201926013	1.7188163211581728e-9
1.203079274	1.7580742820475222e-9
1.204232534	1.8059440854082496e-9
1.205385795	1.7777855827699459e-9
1.206539056	1.7531535562601562e-9
1.207692317	1.789586002343953e-9
1.208845577	1.7993915193281673e-9
1.209998838	1.7619186427684815e-9
1.211152099	1.736815536091057e-9
1.21230536	1.7301809457680505e-9
1.213458621	1.732661344836999e-9
1.214611881	1.7388534729214338e-9
1.215765142	1.7437404554006332e-9
1.216918403	1.7486366804583852e-9
1.218071664	1.7545002462121096e-9
1.219224924	1.7573755234054867e-9
1.220378185	1.757714993501183e-9
1.221531446	1.7556933139491793e-9
1.222684707	1.754315385121204e-9
1.223837967	1.7552193840844255e-9
1.224991228	1.7538765825870988e-9
1.226144489	1.7532947267089228e-9
1.22729775	1.766508541379716e-9
1.22845101	1.7763569553079195e-9
1.229604271	1.76287707360247e-9
1.230757532	1.7534839070147148e-9
1.231910793	1.7565009962121036e-9
1.233064053	1.7564696482959084e-9
1.234217314	1.7521803740704016e-9
1.235370575	1.7478612977261006e-9
1.236523836	1.7424584861634671e-9
1.237677096	1.7346666677940607e-9
1.238830357	1.7352264959105087e-9
1.239983618	1.7454736763416734e-9
1.241136879	1.7473968380141285e-9
1.242290139	1.7426389095363177e-9
1.2434434	1.7409726112101695e-9
1.244596661	1.7363723767350914e-9
1.245749922	1.7261985767458944e-9
1.246903182	1.7185741841802007e-9
1.248056443	1.7147049435923856e-9
1.249209704	1.7065925934219004e-9
1.250362965	1.7000914201058024e-9
1.251516225	1.7059758148302106e-9
1.252669486	1.703609098225101e-9
1.253822747	1.6867915581023733e-9
1.254976008	1.6734486069133479e-9
1.256129268	1.6651593608999033e-9
1.257282529	1.6537360350831494e-9
1.25843579	1.6384082543082575e-9
1.259589051	1.6189177490951487e-9
1.260742312	1.601310669989996e-9
1.261895572	1.5878116707103888e-9
1.263048833	1.573550768532939e-9
1.264202094	1.5607099640114017e-9
1.265355355	1.5563235051736199e-9
1.266508615	1.5668158484292896e-9
1.267661876	1.594882869551466e-9
1.268815137	1.616300756418202e-9
1.269968398	1.62043456505634e-9
1.271121658	1.632994486066672e-9
1.272274919	1.6533159212629977e-9
1.27342818	1.6758369891137691e-9
1.274581441	1.6892605186100817e-9
1.275734701	1.6879283200455275e-9
1.276887962	1.6873551788832506e-9
1.278041223	1.6886968194432804e-9
1.279194484	1.6880532412701105e-9
1.280347744	1.7131030750773068e-9
1.281501005	1.8394912435307271e-9
1.282654266	1.9094211186743002e-9
1.283807527	1.829030104624848e-9
1.284960787	1.7822690790658504e-9
1.286114048	1.7882509094216672e-9
1.287267309	1.7873986593753565e-9
1.28842057	1.7666454952394185e-9
1.28957383	1.7452197378583946e-9
1.290727091	1.7148304543951664e-9
1.291880352	1.6759129134735469e-9
1.293033613	1.6607011408079083e-9
1.294186873	1.6638482597198851e-9
1.295340134	1.6585936237898921e-9
1.296493395	1.6538015119604488e-9
1.297646656	1.6580639544101424e-9
1.298799916	1.645781952693534e-9
1.299953177	1.622532084712882e-9
1.301106438	1.6119358591501345e-9
1.302259699	1.6129584024113517e-9
1.303412959	1.6186684132730245e-9
1.30456622	1.6206425252770537e-9
1.305719481	1.6115397818294138e-9
1.306872742	1.603631185778261e-9
1.308026003	1.5974074517594469e-9
1.309179263	1.5831971133285128e-9
1.310332524	1.5717351300892687e-9
1.311485785	1.5800603814109212e-9
1.312639046	1.5767092450013362e-9
1.313792306	1.5488083539383767e-9
1.314945567	1.545882402629452e-9
1.316098828	1.5665918702715596e-9
1.317252089	1.5526055456264e-9
1.318405349	1.5254353533145764e-9
1.31955861	1.5212180831187503e-9
1.320711871	1.5263241032770154e-9
1.321865132	1.5333054456013752e-9
1.323018392	1.5266538702369254e-9
1.324171653	1.5010106039946355e-9
1.325324914	1.4760942574094725e-9
1.326478175	1.4509133627368573e-9
1.327631435	1.4230358311836036e-9
1.328784696	1.4155927327370067e-9
1.329937957	1.4234298735911698e-9
1.331091218	1.4281576493966202e-9
1.332244478	1.4277810118594906e-9
1.333397739	1.4186882800074818e-9
1.334551	1.414050712656024e-9
1.335704261	1.4247373323987254e-9
1.336857521	1.4330713019977112e-9
1.338010782	1.4340084920045543e-9
1.339164043	1.4350869869683685e-9
1.340317304	1.4263460341036546e-9
1.341470564	1.3902964027033908e-9
1.342623825	1.339370632952041e-9
1.343777086	1.2849087908615827e-9
1.344930347	1.2287288033548588e-9
1.346083607	1.1714832121928616e-9
1.347236868	1.1076849584845673e-9
1.348390129	1.0442263626601309e-9
1.34954339	9.921747625900322e-10
1.35069665	9.403759630924021e-10
1.351849911	8.877672423205736e-10
1.353003172	8.469175435178638e-10
1.354156433	8.256687546261825e-10
1.355309694	8.375741075812763e-10
1.356462954	8.847602414164151e-10
1.357616215	9.706983964747292e-10
1.358769476	1.1582147525661872e-9
1.359922737	1.5068568166485553e-9
1.361075997	2.0775082277315485e-9
1.362229258	2.9865030659480597e-9
1.363382519	4.3700389351547744e-9
1.36453578	6.3066731886008455e-9
1.36568904	8.414669967026604e-9
1.366842301	9.941491890444242e-9
1.367995562	1.0464475720113962e-8
1.369148823	1.0727186861681903e-8
1.370302083	1.0025200634351552e-8
1.371455344	8.36759637314165e-9
1.372608605	6.408884587009131e-9
1.373761866	4.628696079905801e-9
1.374915126	3.5098238119670504e-9
1.376068387	2.8232699667422546e-9
1.377221648	2.3684461028023626e-9
1.378374909	2.0729231945809517e-9
1.379528169	1.9229489150955486e-9
1.38068143	1.8849695353436154e-9
1.381834691	1.983864152045375e-9
1.382987952	2.2775172647808955e-9
1.384141212	2.7041688590774625e-9
1.385294473	3.2100175008156184e-9
1.386447734	3.3265365911907317e-9
1.387600995	2.8110447254682923e-9
1.388754255	2.2902761237260737e-9
1.389907516	1.9084785526874424e-9
1.391060777	1.6617904395629192e-9
1.392214038	1.5118009738394236e-9
1.393367298	1.4279774022600322e-9
1.394520559	1.3882463911663911e-9
1.39567382	1.3845153253950592e-9
1.396827081	1.3998403329737232e-9
1.397980341	1.4150173916506611e-9
1.399133602	1.4361775541444623e-9
1.400286863	1.4351376540478004e-9
1.401440124	1.3936961250722086e-9
1.402593385	1.342748094664418e-9
1.403746645	1.2990068797477854e-9
1.404899906	1.2600677654059234e-9
1.406053167	1.2269788444401821e-9
1.407206428	1.203608962876142e-9
1.408359688	1.1912999761203626e-9
1.409512949	1.1983229647162267e-9
1.41066621	1.2135932686633775e-9
1.411819471	1.2302719361374134e-9
1.412972731	1.2208943841202158e-9
1.414125992	1.1732421099031676e-9
1.415279253	1.1246294221605478e-9
1.416432514	1.0887132676732019e-9
1.417585774	1.0748948108268693e-9
1.418739035	1.0884872269427095e-9
1.419892296	1.113061343303642e-9
1.421045557	1.1462347083243153e-9
1.422198817	1.1744114278463323e-9
1.423352078	1.1650604215798975e-9
1.424505339	1.145480580217308e-9
1.4256586	1.141171500220221e-9
1.42681186	1.1344570157418636e-9
1.427965121	1.1229222245231674e-9
1.429118382	1.1141147783668923e-9
1.430271643	1.1063371993385701e-9
1.431424903	1.1024258867292462e-9
1.432578164	1.1028680806059856e-9
1.433731425	1.1052063852434143e-9
1.434884686	1.1052853493631549e-9
1.436037946	1.1009647024475738e-9
1.437191207	1.0963316705441468e-9
1.438344468	1.0971597323546197e-9
1.439497729	1.1235667638682062e-9
1.440650989	1.141712476503269e-9
1.44180425	1.1282331650761239e-9
1.442957511	1.1340497473171164e-9
1.444110772	1.166067510482238e-9
1.445264032	1.1802271752588621e-9
1.446417293	1.1858999908167922e-9
1.447570554	1.2097401474662195e-9
1.448723815	1.2266063475113626e-9
1.449877076	1.246764927672077e-9
1.451030336	1.2803849919169302e-9
1.452183597	1.318530501403699e-9
1.453336858	1.3468650054493478e-9
1.454490119	1.3612369350564582e-9
1.455643379	1.374474581155011e-9
1.45679664	1.3741234187526467e-9
1.457949901	1.3399179850176654e-9
1.459103162	1.2972826276779305e-9
1.460256422	1.2610770644230998e-9
1.461409683	1.2351758411139213e-9
1.462562944	1.2145483399977395e-9
1.463716205	1.1911626664502253e-9
1.464869465	1.173268702785109e-9
1.466022726	1.162325317499024e-9
1.467175987	1.1482957683510132e-9
1.468329248	1.1374169388907475e-9
1.469482508	1.1435627636236111e-9
1.470635769	1.1645557127455968e-9
1.47178903	1.1978358120669606e-9
1.472942291	1.2468291078916439e-9
1.474095551	1.2834892112136018e-9
1.475248812	1.279856623354599e-9
1.476402073	1.3346715242907093e-9
1.477555334	1.3688306961691693e-9
1.478708594	1.3777691863678524e-9
1.479861855	1.3460164614206058e-9
1.481015116	1.359670118218097e-9
1.482168377	1.3968677586952714e-9
1.483321637	1.3969648186895584e-9
1.484474898	1.4169788530277917e-9
1.485628159	1.4068717476916312e-9
1.48678142	1.469385402153636e-9
1.48793468	1.6038809431610282e-9
1.489087941	1.58752277998448e-9
1.490241202	1.5194702402347416e-9
1.491394463	1.523851227030646e-9
1.492547723	1.5616436628557248e-9
1.493700984	1.5719868974270008e-9
1.494854245	1.5900010685637323e-9
1.496007506	1.639887564489683e-9
1.497160766	1.6537143143724085e-9
1.498314027	1.6261344068850916e-9
1.499467288	1.5885947888460576e-9
1.500620549	1.5885951263598218e-9
1.50177381	1.5938320986360746e-9
1.50292707	1.5831952958108362e-9
1.504080331	1.5958254588876936e-9
1.505233592	1.6233380003383393e-9
1.506386853	1.6377390637209764e-9
1.507540113	1.6137394651120355e-9
1.508693374	1.5976638127902052e-9
1.509846635	1.5819289726863858e-9
1.510999896	1.5859331497605855e-9
1.512153156	1.6094819224996263e-9
1.513306417	1.6271547168380494e-9
1.514459678	1.6411818862152153e-9
1.515612939	1.6380548586578561e-9
1.516766199	1.6385191687113656e-9
1.51791946	1.6513483063062004e-9
1.519072721	1.6648833164067967e-9
1.520225982	1.6801866763459216e-9
1.521379242	1.7073455789462117e-9
1.522532503	1.7369416107531398e-9
1.523685764	1.732130332292631e-9
1.524839025	1.7038893916339679e-9
1.525992285	1.6723163308251834e-9
1.527145546	1.6639863980950416e-9
1.528298807	1.6866503722911416e-9
1.529452068	1.7424078521725486e-9
1.530605328	1.7660730632618822e-9
1.531758589	1.724559454990777e-9
1.53291185	1.709122522219669e-9
1.534065111	1.7322069964420323e-9
1.535218371	1.7364715071992548e-9
1.536371632	1.732767217743809e-9
1.537524893	1.7603947654587982e-9
1.538678154	1.7929691643691492e-9
1.539831414	1.8055309672828712e-9
1.540984675	1.7864915760622337e-9
1.542137936	1.7561367583686205e-9
1.543291197	1.7409516537995503e-9
1.544444457	1.7516371772404072e-9
1.545597718	1.7715734633286377e-9
1.546750979	1.8028597058212528e-9
1.54790424	1.8452002597123996e-9
1.549057501	1.8516143773355706e-9
1.550210761	1.8276258709479486e-9
1.551364022	1.78373242296479e-9
1.552517283	1.7463566877316657e-9
1.553670544	1.7374014900893577e-9
1.554823804	1.7136426925132542e-9
1.555977065	1.6775208228504647e-9
1.557130326	1.6652266113863469e-9
1.558283587	1.6851324196850747e-9
1.559436847	1.717264900461647e-9
1.560590108	1.7508750778500344e-9
1.561743369	1.7584690953948406e-9
1.56289663	1.7639494002260105e-9
1.56404989	1.7723702682118706e-9
1.565203151	1.7651150902122885e-9
1.566356412	1.756498823635373e-9
1.567509673	1.740021040999108e-9
1.568662933	1.7203637030275941e-9
1.569816194	1.6913644740709695e-9
1.570969455	1.6867674033968016e-9
1.572122716	1.7144129070825373e-9
1.573275976	1.733835994768439e-9
1.574429237	1.7287615834895199e-9
1.575582498	1.709508011328573e-9
1.576735759	1.6930896476190668e-9
1.577889019	1.6691721161401013e-9
1.57904228	1.6450918577208512e-9
1.580195541	1.6056347809994176e-9
1.581348802	1.6517901791663179e-9
1.582502062	1.7180879904215175e-9
1.583655323	1.6968544669993633e-9
1.584808584	1.6596400472068082e-9
1.585961845	1.632399165332231e-9
1.587115105	1.6363663211502107e-9
1.588268366	1.7008852459286427e-9
1.589421627	1.805408725160592e-9
1.590574888	1.8855396882638684e-9
1.591728148	1.8528688630308395e-9
1.592881409	1.8034354146715699e-9
1.59403467	1.7777478764421074e-9
1.595187931	1.7936198868893912e-9
1.596341192	1.8043284170096407e-9
1.597494452	1.7305290227453316e-9
1.598647713	1.6701812257614474e-9
1.599800974	1.6825725197972458e-9
1.600954235	1.6890622949479171e-9
1.602107495	1.6703695306616273e-9
1.603260756	1.6662669043140183e-9
1.604414017	1.6677965175846603e-9
1.605567278	1.6812949760596724e-9
1.606720538	1.6826785760696727e-9
1.607873799	1.6644388540901858e-9
1.60902706	1.6790810918173432e-9
1.610180321	1.723502554687165e-9
1.611333581	1.762105481123853e-9
1.612486842	1.8024058902483168e-9
1.613640103	1.8398935280652938e-9
1.614793364	1.897046900875443e-9
1.615946624	1.97104981002241e-9
1.617099885	1.9447245945651187e-9
1.618253146	1.871017871808133e-9
1.619406407	1.867352373708933e-9
1.620559667	1.8575402567748676e-9
1.621712928	1.81287120511725e-9
1.622866189	1.7603914764617278e-9
1.62401945	1.7304446446982418e-9
1.62517271	1.7262899508508368e-9
1.626325971	1.7440332879463295e-9
1.627479232	1.7445159419552775e-9
1.628632493	1.7582642844530602e-9
1.629785753	1.7916849953321287e-9
1.630939014	1.8214139410317986e-9
1.632092275	1.8281702944647598e-9
1.633245536	1.8409914229596204e-9
1.634398796	1.8608274951485298e-9
1.635552057	1.8588865677256508e-9
1.636705318	1.8553468190798382e-9
1.637858579	1.8393363942644625e-9
1.639011839	1.8025078104610446e-9
1.6401651	1.7586212255662296e-9
1.641318361	1.743561103552768e-9
1.642471622	1.7799392546235413e-9
1.643624883	1.828916085570999e-9
1.644778143	1.831382113700594e-9
1.645931404	1.8184833809603115e-9
1.647084665	1.8124070644591968e-9
1.648237926	1.8220979610667188e-9
1.649391186	1.8506280835140096e-9
1.650544447	1.8732294587881947e-9
1.651697708	1.8722592006667548e-9
1.652850969	1.8628992015554217e-9
1.654004229	1.856897841598625e-9
1.65515749	1.849117144714038e-9
1.656310751	1.818997275600925e-9
1.657464012	1.7960949457321993e-9
1.658617272	1.7856890594059694e-9
1.659770533	1.7816457044271182e-9
1.660923794	1.767498708508689e-9
1.662077055	1.735344334036263e-9
1.663230315	1.7122443881583872e-9
1.664383576	1.6914749556108119e-9
1.665536837	1.69704372966944e-9
1.666690098	1.723524048354803e-9
1.667843358	1.7448521396434697e-9
1.668996619	1.7407709815689037e-9
1.67014988	1.7337740073904687e-9
1.671303141	1.7734748464982181e-9
1.672456401	1.8275905863505646e-9
1.673609662	1.8130998939725436e-9
1.674762923	1.8111134030458418e-9
1.675916184	1.833352820501001e-9
1.677069444	1.816804648494868e-9
1.678222705	1.7660075026654262e-9
1.679375966	1.766411687995185e-9
1.680529227	1.8026132686840856e-9
1.681682487	1.865218437625922e-9
1.682835748	1.898976843583182e-9
1.683989009	1.8782715955075143e-9
1.68514227	1.8626331870000448e-9
1.68629553	1.8741865474467146e-9
1.687448791	1.871430222562689e-9
1.688602052	1.852852279172436e-9
1.689755313	1.8451310367530862e-9
1.690908574	1.8324380149484057e-9
1.692061834	1.8032254595033509e-9
1.693215095	1.8003543325832509e-9
1.694368356	1.7991443855375212e-9
1.695521617	1.795129966000452e-9
1.696674877	1.7873287699813423e-9
1.697828138	1.7746856989470302e-9
1.698981399	1.7796556785322474e-9
1.70013466	1.790106210428709e-9
1.70128792	1.7845696825891007e-9
1.702441181	1.7744675399479002e-9
1.703594442	1.7642425542843724e-9
1.704747703	1.7488564540719184e-9
1.705900963	1.7467045738612058e-9
1.707054224	1.7526305365279455e-9
1.708207485	1.7657982799127002e-9
1.709360746	1.757068464050355e-9
1.710514006	1.749703105988512e-9
1.711667267	1.7795993067975105e-9
1.712820528	1.79001476152181e-9
1.713973789	1.731043266152327e-9
1.715127049	1.6980353850830602e-9
1.71628031	1.7014764428358306e-9
1.717433571	1.7022243990511427e-9
1.718586832	1.700677692183742e-9
1.719740092	1.7143180524370829e-9
1.720893353	1.727415830611965e-9
1.722046614	1.7282716217391692e-9
1.723199875	1.760710380474681e-9
1.724353135	1.801009210147629e-9
1.725506396	1.7886753783958242e-9
1.726659657	1.7531373106221916e-9
1.727812918	1.738724517185045e-9
1.728966178	1.7238622683483656e-9
1.730119439	1.6953742645813748e-9
1.7312727	1.6796686652763226e-9
1.732425961	1.6821268987238569e-9
1.733579221	1.6994267517138105e-9
1.734732482	1.728290677243983e-9
1.735885743	1.7485664825323156e-9
1.737039004	1.7573128640351718e-9
1.738192265	1.790485645644733e-9
1.739345525	1.8218666629533111e-9
1.740498786	1.8435314215684786e-9
1.741652047	1.850193684822593e-9
1.742805308	1.8432275133445182e-9
1.743958568	1.8077786079127013e-9
1.745111829	1.791155576546931e-9
1.74626509	1.7959933603669704e-9
1.747418351	1.7812690242818444e-9
1.748571611	1.7569249884313366e-9
1.749724872	1.7302598531662622e-9
1.750878133	1.7000956775652569e-9
1.752031394	1.6780996792113874e-9
1.753184654	1.659721745842876e-9
1.754337915	1.640593850955465e-9
1.755491176	1.6371346869052157e-9
1.756644437	1.648698447551124e-9
1.757797697	1.6510673928394494e-9
1.758950958	1.6445685060311947e-9
1.760104219	1.6335746668485137e-9
1.76125748	1.6383248665792793e-9
1.76241074	1.648902910319311e-9
1.763564001	1.6303612952943204e-9
1.764717262	1.6134380118164353e-9
1.765870523	1.6074217376881556e-9
1.767023783	1.6105835357059033e-9
1.768177044	1.617315471518309e-9
1.769330305	1.6154512134137507e-9
1.770483566	1.6022139014514327e-9
1.771636826	1.573914310790008e-9
1.772790087	1.5411696957361446e-9
1.773943348	1.5134131855239119e-9
1.775096609	1.500037499360444e-9
1.776249869	1.4979845206761607e-9
1.77740313	1.4927508665704568e-9
1.778556391	1.4844030106036536e-9
1.779709652	1.4754769038337789e-9
1.780862912	1.4733595807497924e-9
1.782016173	1.4693373096614274e-9
1.783169434	1.4606390436533181e-9
1.784322695	1.4480042143472906e-9
1.785475956	1.4383832334014644e-9
1.786629216	1.4294391643903287e-9
1.787782477	1.411174253711608e-9
1.788935738	1.3987240760281575e-9
1.790088999	1.3935805857468222e-9
1.791242259	1.3809255144491534e-9
1.79239552	1.3597206008522886e-9
1.793548781	1.3345031617923262e-9
1.794702042	1.3013919030845585e-9
1.795855302	1.2525128519068477e-9
1.797008563	1.2007986614573492e-9
1.798161824	1.153022283410185e-9
1.799315085	1.115317171592124e-9
1.800468345	1.0964600315603932e-9
1.801621606	1.0959851431191735e-9
1.802774867	1.0933010603222906e-9
1.803928128	1.0711718982338126e-9
1.805081388	1.0448857873541951e-9
1.806234649	1.0239774104449651e-9
1.80738791	9.963363641625286e-10
1.808541171	9.635925110588997e-10
1.809694431	9.291552915571274e-10
1.810847692	8.994897804173292e-10
1.812000953	8.784634587110063e-10
1.813154214	8.682306056508367e-10
1.814307474	8.68284178952366e-10
1.815460735	8.742164636067052e-10
1.816613996	8.886537716913867e-10
1.817767257	9.207489926564208e-10
1.818920517	9.103676869610563e-10
1.820073778	8.449494360114947e-10
1.821227039	7.992434757101422e-10
1.8223803	7.63039156438411e-10
1.82353356	7.094199961275539e-10
1.824686821	6.606237884139588e-10
1.825840082	6.292344070328956e-10
1.826993343	6.110691985646384e-10
1.828146603	5.995956595137218e-10
1.829299864	5.864461791525109e-10
1.830453125	5.747147745426937e-10
1.831638979	0.
1.832792267	0.
1.833945555	0.
1.835098843	0.
1.836252131	0.
1.837405418	0.
1.838558706	0.
1.839711994	0.
1.840865282	0.
1.84201857	0.
1.843171858	0.
1.844325146	0.
1.845478434	0.
1.846631722	0.
1.84778501	0.
1.848938298	0.
1.850091586	0.
1.851244874	0.
1.852398162	0.
1.85355145	0.
1.854704738	0.
1.855858026	0.
1.857011314	0.
1.858164602	0.
1.85931789	0.
1.860471178	0.
1.861624466	0.
1.862777754	0.
1.863931042	0.
1.86508433	0.
1.866237618	0.
1.867390905	0.
1.868544193	0.
1.869697481	0.
1.870850769	0.
1.872004057	1.0629312407511854e-9
1.873157345	1.1226689810558942e-9
1.874310633	1.4894131299951196e-9
1.875463921	2.736393169098088e-9
1.876617209	4.775302613727231e-9
1.877770497	3.0835301420853734e-9
1.878923785	1.657755696521486e-9
1.880077073	1.0580515058972298e-9
1.881230361	8.125763161057423e-10
1.882383649	7.883204439500031e-10
1.883536937	1.119089548635528e-9
1.884690225	2.376450836523801e-9
1.885843513	4.310219859351001e-9
1.886996801	2.585783538056943e-9
1.888150089	1.3261445904129403e-9
1.889303377	7.93681160236723e-10
1.890456665	6.026214810242993e-10
1.891609953	6.345574799031166e-10
1.892763241	8.710067720573237e-10
1.893916529	9.926473070418556e-10
1.895069817	6.366204105511452e-10
1.896223105	4.257980042946504e-10
1.897376392	3.295827507100786e-10
1.89852968	2.9080258886945475e-10
1.899682968	2.9748008068722717e-10
1.900836256	3.674061506059343e-10
1.901989544	5.413902227856296e-10
1.903142832	8.321105920321461e-10
1.90429612	9.370696223490098e-10
1.905449408	7.828366303725907e-10
1.906602696	6.027221964362952e-10
1.907755984	4.74574493552087e-10
1.908909272	3.884874095960793e-10
1.91006256	3.361833360319006e-10
1.911215848	3.2538891319131683e-10
1.912369136	3.6374858227457385e-10
1.913522424	4.3750786464046783e-10
1.914675712	5.405085835179145e-10
1.915829	6.381906185705102e-10
1.916982288	6.381046697559201e-10
1.918135576	5.210637086596255e-10
1.919288864	4.345660797423488e-10
1.920442152	4.175013693921728e-10
1.92159544	4.561411240640115e-10
1.922748728	4.991126701820311e-10
1.923902016	4.969478489195131e-10
1.925055304	4.5638668726694733e-10
1.926208592	4.0795461280316557e-10
1.92736188	3.7619952597988245e-10
1.928515167	3.7337620695467427e-10
1.929668455	4.22845723351373e-10
1.930821743	5.085310803459166e-10
1.931975031	5.665700458720656e-10
1.933128319	5.446708276425895e-10
1.934281607	4.846160374465453e-10
1.935434895	4.13126039553397e-10
1.936588183	3.621735238684821e-10
1.937741471	3.6198010021687017e-10
1.938894759	4.566973050797683e-10
1.940048047	6.200949849225943e-10
1.941201335	7.040751638252513e-10
1.942354623	6.628699642034573e-10
1.943507911	6.233064620841643e-10
1.944661199	5.998668911990221e-10
1.945814487	5.730238425720832e-10
1.946967775	5.590765296912249e-10
1.948121063	5.542934351467827e-10
1.949274351	5.627374284186239e-10
1.950427639	5.627962574484822e-10
1.951580927	5.511868764315261e-10
1.952734215	5.14136497728432e-10
1.953887503	4.5599238213685107e-10
1.955040791	4.342435339711488e-10
1.956194079	4.958404497184743e-10
1.957347367	6.201675581213665e-10
1.958500654	7.270507860755738e-10
1.959653942	7.332307690258755e-10
1.96080723	6.758933984798243e-10
1.961960518	5.954943625529451e-10
1.963113806	5.468380853435649e-10
1.964267094	5.510676413057773e-10
1.965420382	5.901665401883371e-10
1.96657367	6.220087344134208e-10
1.967726958	6.147006846773441e-10
1.968880246	5.931758416951816e-10
1.970033534	5.834249665309084e-10
1.971186822	5.949304860858676e-10
1.97234011	6.194589335275244e-10
1.973493398	6.420722383877861e-10
1.974646686	6.563121306771109e-10
1.975799974	6.557641488958594e-10
1.976953262	6.411586989002908e-10
1.97810655	6.355673988019088e-10
1.979259838	6.398618838483096e-10
1.980413126	6.500053962730102e-10
1.981566414	6.651690052727664e-10
1.982719702	6.736344099232747e-10
1.98387299	6.711345194844748e-10
1.985026278	6.615040397291515e-10
1.986179566	6.514157128178214e-10
1.987332854	6.33380199741701e-10
1.988486142	6.263031556896769e-10
1.989639429	6.371283294695148e-10
1.990792717	6.425638618462416e-10
1.991946005	6.332181324184402e-10
1.993099293	6.102766557160769e-10
1.994252581	5.718305031068689e-10
1.995405869	5.180373465624933e-10
1.996559157	4.6255866291957366e-10
1.997712445	4.1583400519536755e-10
1.998865733	3.6976876555659643e-10
2.000019021	3.28107338400023e-10
2.001172309	3.0364992627176016e-10
2.002325597	3.1029951808046223e-10
2.003478885	3.68025780360663e-10
2.004632173	4.938404213162956e-10
2.005785461	6.52161491721643e-10
2.006938749	7.215415785114572e-10
2.008092037	6.463401520347404e-10
2.009245325	5.292220365757403e-10
2.010398613	4.4884597652480764e-10
2.011551901	4.159668393364467e-10
2.012705189	4.1340786927653465e-10
2.013858477	4.3821904751636304e-10
2.015011765	4.859397754702181e-10
2.016165053	5.446873389839749e-10
2.017318341	5.946951916215961e-10
2.018471629	6.313152800349699e-10
2.019624916	6.593498952300644e-10
2.020778204	6.813795845731979e-10
2.021931492	6.961668450379488e-10
2.02308478	6.966865812072205e-10
2.024238068	6.835673008060056e-10
2.025391356	6.691215901209845e-10
2.026544644	6.561484524044605e-10
2.027697932	6.485801941089871e-10
2.02885122	6.537887968992539e-10
2.030004508	6.680161431856798e-10
2.031157796	6.698274930457797e-10
2.032311084	6.580340474846335e-10
2.033464372	6.555876835110013e-10
2.03461766	6.568049932131807e-10
2.035770948	6.503916568398796e-10
2.036924236	6.475866982788476e-10
2.038077524	6.508733858483083e-10
2.039230812	6.413529181505648e-10
2.0403841	6.250914022620386e-10
2.041537388	6.210311395664248e-10
2.042690676	6.175766192789283e-10
2.043843964	6.043363979823773e-10
2.044997252	5.868299658712896e-10
2.04615054	5.653739465903824e-10
2.047303828	5.423986743259434e-10
2.048457116	5.20256948416512e-10
2.049610403	5.001052619870378e-10
2.050763691	4.879767951062959e-10
2.051916979	4.905421899477169e-10
2.053070267	5.059973053800702e-10
2.054223555	5.336521241935038e-10
2.055376843	5.73127653559277e-10
2.056530131	6.116927497817343e-10
2.057683419	6.345366749411932e-10
2.058836707	6.371576485202182e-10
2.059989995	6.218876419251358e-10
2.061143283	5.804902480705907e-10
2.062296571	5.357362562046511e-10
2.063449859	5.238396637122777e-10
2.064603147	5.352293288025245e-10
2.065756435	5.386548615766454e-10
2.066909723	5.50014772222321e-10
2.068063011	5.73808633385432e-10
2.069216299	5.968409261533059e-10
2.070369587	6.116979200425706e-10
2.071522875	6.116445510831143e-10
2.072676163	6.031167376472866e-10
2.073829451	5.949664915160448e-10
2.074982739	5.906981914843528e-10
2.076136027	5.916080177008698e-10
2.077289315	5.922451460341029e-10
2.078442603	5.921123637660668e-10
2.079595891	5.954357670528345e-10
2.080749178	5.9179416800303e-10
2.081902466	5.741820274998637e-10
2.083055754	5.635656110904194e-10
2.084209042	5.673064359257181e-10
2.08536233	5.692372998747777e-10
2.086515618	5.692897478010028e-10
2.087668906	5.753028031699906e-10
2.088822194	5.806283011272982e-10
2.089975482	5.807295034921135e-10
2.09112877	5.853520422427222e-10
2.092282058	5.955499814191777e-10
2.093435346	5.969724127634228e-10
2.094588634	5.928626339914808e-10
2.095741922	5.928175563816067e-10
2.09689521	5.909302543429279e-10
2.098048498	5.870512811479047e-10
2.099201786	5.868509259428983e-10
2.100355074	5.897789223037007e-10
2.101508362	5.940817190663802e-10
2.10266165	5.974446230484225e-10
2.103814938	5.968596568913589e-10
2.104968226	5.922679349218009e-10
2.106121514	5.8553042465905e-10
2.107274802	5.793352303214874e-10
2.10842809	5.755878887007881e-10
2.109581378	5.778912983760662e-10
2.110734665	5.807915399935388e-10
2.111887953	5.762605383392737e-10
2.113041241	5.722176972158141e-10
2.114194529	5.712756737034039e-10
2.115347817	5.732766637374502e-10
2.116501105	5.745616267661145e-10
2.117654393	5.674136118198681e-10
2.118807681	5.633293591947185e-10
2.119960969	5.687776626823054e-10
2.121114257	5.724071572599742e-10
2.122267545	5.712850173748469e-10
2.123420833	5.739896828660026e-10
2.124574121	5.770245835263809e-10
2.125727409	5.730304461265231e-10
2.126880697	5.685620959409771e-10
2.128033985	5.67631761293475e-10
2.129187273	5.690224879446212e-10
2.130340561	5.68556126936503e-10
2.131493849	5.610111101539905e-10
2.132647137	5.510594862549089e-10
2.133800425	5.430649879801468e-10
2.134953713	5.406180367038852e-10
2.136107001	5.445153029708446e-10
2.137260289	5.442091732785321e-10
2.138413577	5.388213535168859e-10
2.139566865	5.369502850032597e-10
2.140720153	5.361013790668293e-10
2.14187344	5.352274975710701e-10
2.143026728	5.386096684266679e-10
2.144180016	5.442486227492342e-10
2.145333304	5.49188898506379e-10
2.146486592	5.513218119899629e-10
2.14763988	5.466019851595529e-10
2.148793168	5.394714180065204e-10
2.149946456	5.35471771071685e-10
2.151099744	5.355788118402432e-10
2.152253032	5.38955288178485e-10
2.15340632	5.426700615573907e-10
2.154559608	5.455050814631947e-10
2.155712896	5.464008403286066e-10
2.156866184	5.440532551435262e-10
2.158019472	5.394036809951046e-10
2.15917276	5.352244664346806e-10
2.160326048	5.316757824963745e-10
2.161479336	5.297705579742998e-10
2.162632624	5.331119347206497e-10
2.163785912	5.41478812914727e-10
2.1649392	5.687790637173369e-10
2.166092488	6.194082235577338e-10
2.167245776	6.274035285998911e-10
2.168399064	5.909360798611102e-10
2.169552352	5.655032321102401e-10
2.17070564	5.47257073887564e-10
2.171858927	5.336006278844804e-10
2.173012215	5.229221587801336e-10
2.174165503	5.142122543186952e-10
2.175318791	5.099404531383517e-10
2.176472079	5.107037896500693e-10
2.177625367	5.16506464368428e-10
2.178778655	5.215356083803627e-10
2.179931943	5.209902218849965e-10
2.181085231	5.304869665371046e-10
2.182238519	5.466517829191371e-10
2.183391807	5.452146295580307e-10
2.184545095	5.351970884564557e-10
2.185698383	5.342219307096301e-10
2.186851671	5.468848201461714e-10
2.188004959	5.636348047813894e-10
2.189158247	5.565962944235501e-10
2.190311535	5.298461351732416e-10
2.191464823	5.056008267891191e-10
2.192618111	4.884808041892131e-10
2.193771399	4.761500609082749e-10
2.194924687	4.66607963880295e-10
2.196077975	4.5782537233094044e-10
2.197231263	4.509247996522322e-10
2.198384551	4.46609897945786e-10
2.199537839	4.469408852196305e-10
2.200691127	4.5255148454278357e-10
2.201844415	4.607661383236942e-10
2.202997702	4.660915303608759e-10
2.20415099	4.662255804010605e-10
2.205304278	4.752122365681207e-10
2.206457566	4.902583280073015e-10
2.207610854	4.869636915926182e-10
2.208764142	4.761034790383824e-10
2.20991743	4.675356552179629e-10
2.211070718	4.615439025264386e-10
2.212224006	4.5903434701202067e-10
2.213377294	4.577929204981616e-10
2.214530582	4.579877825575113e-10
2.21568387	4.5982762598080565e-10
2.216837158	4.6035364293167714e-10
2.217990446	4.5744787166751694e-10
2.219143734	4.5160455621552836e-10
2.220297022	4.4417742495075366e-10
2.22145031	4.37998780027181e-10
2.222603598	4.341440483154725e-10
2.223756886	4.3262872157433804e-10
2.224910174	4.3617817366843047e-10
2.226063462	4.4400671055298764e-10
2.22721675	4.438457896841815e-10
2.228370038	4.3774432441367123e-10
2.229523326	4.355361457212548e-10
2.230676614	4.3670713925858547e-10
2.231829902	4.3791916334208296e-10
2.232983189	4.3834766991554796e-10
2.234136477	4.367826601791665e-10
2.235289765	4.3211697418406684e-10
2.236443053	4.249321320117899e-10
2.237596341	4.201693536056092e-10
2.238749629	4.1564758676050773e-10
2.239902917	4.0787207865297734e-10
2.241056205	4.0298415558844526e-10
2.242209493	4.0253755847335223e-10
2.243362781	4.0308514334924873e-10
2.244516069	4.031006258539705e-10
2.245669357	4.0379231530536156e-10
2.246822645	4.084722607699605e-10
2.247975933	4.1908199627422615e-10
2.249129221	4.259087627812421e-10
2.250282509	4.246552593069269e-10
2.251435797	4.2262902661792264e-10
2.252589085	4.222184999218947e-10
2.253742373	4.2522500992491706e-10
2.254895661	4.267619821542966e-10
2.256048949	4.234022974212141e-10
2.257202237	4.194275135343288e-10
2.258355525	4.149090183668912e-10
2.259508813	4.086992253773869e-10
2.260662101	4.0487056438253273e-10
2.261815389	4.0920354087570344e-10
2.262968676	4.1351967803985363e-10
2.264121964	4.1238420304627223e-10
2.265275252	4.1327456232452565e-10
2.26642854	4.1705417718877063e-10
2.267581828	4.1782797741653084e-10
2.268735116	4.170316641529832e-10
2.269888404	4.161242157652905e-10
2.271041692	4.1430051276028615e-10
2.27219498	4.12914103815152e-10
2.273348268	4.131782128406134e-10
2.274501556	4.150394299776279e-10
2.275654844	4.170524201227317e-10
2.276808132	4.2108332227105556e-10
2.27796142	4.246868367723001e-10
2.279114708	4.212978082121872e-10
2.280267996	4.135674715764412e-10
2.281421284	4.1696812495845065e-10
2.282574572	4.321241570035313e-10
2.28372786	4.3472078954542566e-10
2.284881148	4.3301905457602914e-10
2.286034436	4.28124176071543e-10
2.287187724	4.1669280628732487e-10
2.288341012	3.991994873414795e-10
2.2894943	3.848422103168485e-10
2.290647588	3.8113621979640945e-10
2.291800876	3.877069721285268e-10
2.292954164	3.952757156817949e-10
2.294107451	3.9048187781334694e-10
2.295260739	3.720360365736673e-10
2.296414027	3.553005482062809e-10
2.297567315	3.476481494339071e-10
2.298720603	3.4633058821212735e-10
2.299873891	3.494667862216734e-10
2.301027179	3.564866972831277e-10
2.302180467	3.6495993232684014e-10
2.303333755	3.7246310707160783e-10
2.304487043	3.796606367950152e-10
2.305640331	3.85411741355512e-10
2.306793619	3.89791472956079e-10
2.307946907	3.9369072806471734e-10
2.309100195	3.969158870141295e-10
2.310253483	3.9662565646325116e-10
2.311406771	3.894553273877776e-10
2.312560059	3.76388094181294e-10
2.313713347	3.5943178956952495e-10
2.314866635	3.421461627440689e-10
2.316019923	3.290376951246717e-10
2.317173211	3.2853647937094933e-10
2.318326499	3.383076102485627e-10
2.319479787	3.4714027002483136e-10
2.320633075	3.487709732053182e-10
2.321786363	3.5287329463261547e-10
2.322939651	3.6029804717655736e-10
2.324092938	3.670655822808445e-10
2.325246226	3.669474553735894e-10
2.326399514	3.594808876180804e-10
2.327552802	3.444393393027927e-10
2.32870609	3.2926850372484975e-10
2.329859378	3.1948243753774163e-10
2.331012666	3.15622336842471e-10
2.332165954	3.183592152309239e-10
2.333319242	3.2109130168887516e-10
2.33447253	3.20826956398589e-10
2.335625818	3.1906037203669804e-10
2.336779106	3.1563174498853806e-10
2.337932394	3.112763754261675e-10
2.339085682	3.0758988101500976e-10
2.34023897	3.0727947438804257e-10
2.341392258	3.129424981994366e-10
2.342545546	3.1949034760041455e-10
2.343698834	3.201143424786837e-10
2.344852122	3.15553960518275e-10
2.34600541	3.057142774219085e-10
2.347158698	2.9326346108295704e-10
2.348311986	2.8134613689501574e-10
2.349465274	2.7324806192118896e-10
2.350618562	2.698700353880932e-10
2.35177185	2.7366369817611923e-10
2.352925138	2.770783026486462e-10
2.354078426	2.76256972691075e-10
2.355231713	2.7435769281174657e-10
2.356385001	2.7702285335319527e-10
2.357538289	2.8493181277572057e-10
2.358691577	2.9471519208838513e-10
2.359844865	2.9849703510291283e-10
2.360998153	2.982250510379942e-10
2.362151441	2.965024104852272e-10
2.363304729	2.946860026056053e-10
2.364458017	2.9337331476373754e-10
2.365611305	2.882502848452256e-10
2.366764593	2.7831945510200655e-10
2.367917881	2.688691518727794e-10
2.369071169	2.6659050456621086e-10
2.370224457	2.7602345085297625e-10
2.371377745	2.892054229756907e-10
2.372531033	3.0116147282888134e-10
2.373684321	3.139587944078927e-10
2.374837609	3.15241494090139e-10
2.375990897	2.955178857714051e-10
2.377144185	2.738322573562615e-10
2.378297473	2.58582126182324e-10
2.379450761	2.4731587770755726e-10
2.380604049	2.372898138058557e-10
2.381757337	2.265813062983571e-10
2.382910625	2.208947292339404e-10
2.384063913	2.2502326966629534e-10
2.3852172	2.3299274930601763e-10
2.386370488	2.415302686715373e-10
2.387523776	2.450956835250463e-10
2.388677064	2.4530139796864816e-10
2.389830352	2.4568430257161834e-10
2.39098364	2.4461271185973194e-10
2.392136928	2.438615945596915e-10
2.393290216	2.451300330171125e-10
2.394443504	2.4762252295372773e-10
2.395596792	2.500313536941619e-10
2.39675008	2.513515614738391e-10
2.397903368	2.5220616119409436e-10
2.399056656	2.556942581387838e-10
2.400209944	2.6064257013879017e-10
2.401363232	2.605863032612235e-10
2.40251652	2.5555157378570336e-10
2.403669808	2.5124024875039643e-10
2.404823096	2.4873425218488844e-10
2.405976384	2.4768962541746005e-10
2.407129672	2.500770109031827e-10
2.40828296	2.550577423748666e-10
2.409436248	2.5658813134285936e-10
2.410589536	2.487976038391577e-10
2.411742824	2.336357733620646e-10
2.412896112	2.1809333670985433e-10
2.4140494	2.0722934617350115e-10
2.415202688	2.0279339194838377e-10
2.416355975	2.1058544399227814e-10
2.417509263	2.2143290991535811e-10
2.418662551	2.333054529216994e-10
2.419815839	2.485826426065829e-10
2.420969127	2.580438038192652e-10
2.422122415	2.557711414958216e-10
2.423275703	2.5092315639850195e-10
2.424428991	2.5201539697382364e-10
2.425582279	2.6115245681907796e-10
2.426735567	2.695905327906294e-10
2.427888855	2.701018350413696e-10
2.429042143	2.603391962581572e-10
2.430195431	2.425957987647286e-10
2.431348719	2.2035663684991226e-10
2.432502007	2.0329645722701807e-10
2.433655295	2.0097320336769365e-10
2.434808583	2.1759319588433325e-10
2.435961871	2.51973832939915e-10
2.437115159	2.9536787339310713e-10
2.438268447	3.223263711853879e-10
2.439421735	3.089528354037432e-10
2.440575023	2.7074609191576645e-10
2.441728311	2.350082443830199e-10
2.442881599	2.0876409020157911e-10
2.444034887	1.903039548032623e-10
2.445188175	1.8406125221002871e-10
2.446341462	1.9151268615205653e-10
2.44749475	2.057899162121606e-10
2.448648038	2.1827099376432518e-10
2.449801326	2.2997781027647373e-10
2.450954614	2.4382619735488346e-10
2.452107902	2.6008533714225787e-10
2.45326119	2.732269293723647e-10
2.454414478	2.8230913579924786e-10
2.455567766	2.8522757816467454e-10
2.456721054	2.75716124461613e-10
2.457874342	2.5601707464859854e-10
2.45902763	2.35922117036734e-10
2.460180918	2.205839858020909e-10
2.461334206	2.1675115498873375e-10
2.462487494	2.2800011350220655e-10
2.463640782	2.525856477429556e-10
2.46479407	2.7643265189026426e-10
2.465947358	2.7694470683614197e-10
2.467100646	2.5820929410453753e-10
2.468253934	2.340114979727667e-10
2.469407222	2.160565726963671e-10
2.47056051	2.0781764331401356e-10
2.471713798	2.115016799422732e-10
2.472867086	2.275422102086634e-10
2.474020374	2.4638104001954086e-10
2.475173662	2.449389602474568e-10
2.476326949	2.2673866599434976e-10
2.477480237	2.0152733328968313e-10
2.478633525	1.786237525431591e-10
2.479786813	1.6725061477326748e-10
2.480940101	1.7036308562420312e-10
2.482093389	1.7977717975692936e-10
2.483246677	1.8589932946695705e-10
2.484399965	1.869082174775089e-10
2.485553253	1.9423814296995534e-10
2.486706541	2.07620814837845e-10
2.487859829	2.1355495089639126e-10
2.489013117	2.1513006168697137e-10
2.490166405	2.1691153827094862e-10
2.491319693	2.2197851726676353e-10
2.492472981	2.3567698026214217e-10
2.493626269	2.575732633946027e-10
2.494779557	2.82737535510995e-10
2.495932845	3.0242670542524183e-10
2.497086133	3.1462294173494615e-10