0.45	9.41597059532364e-17
0.451153288	9.678022206271662e-17
0.452306575	8.610480156748886e-17
0.453459863	7.847629054792797e-17
0.454613151	8.191672446389627e-17
0.455766439	8.831353882005042e-17
0.456919726	9.481587738704999e-17
0.458073014	9.399684830614997e-17
0.459226302	9.704967163196713e-17
0.46037959	1.0361074978524598e-16
0.461532877	1.0766221683561113e-16
0.462686165	1.0294395929989807e-16
0.463839453	1.0585541890499492e-16
0.464992741	1.0818763609601064e-16
0.466146028	1.154554486155919e-16
0.467299316	1.2043739598202342e-16
0.468452604	1.2084144463284414e-16
0.469605892	1.1959109871740655e-16
0.470759179	1.2386125683732625e-16
0.471912467	1.1672588238943077e-16
0.473065755	1.2082146247389225e-16
0.474219043	1.2646328878980226e-16
0.47537233	1.2694694738922342e-16
0.476525618	1.2186596135753622e-16
0.477678906	1.106503839102293e-16
0.478832194	1.1357654297775879e-16
0.479985481	1.0932562356574603e-16
0.481138769	1.0742180138186907e-16
0.482292057	1.103361521373691e-16
0.483445345	1.1241087378626157e-16
0.484598632	1.0619041101133498e-16
0.48575192	8.978119038110684e-17
0.486905208	1.1339718949395566e-16
0.488058495	1.3195525997422147e-16
0.489211783	1.448747302721295e-16
0.490365071	1.4774610277772282e-16
0.491518359	1.5378876490133656e-16
0.492671646	1.492533933030253e-16
0.493824934	1.518652159814433e-16
0.494978222	1.4874337748569868e-16
0.49613151	1.4043267219217174e-16
0.497284797	1.238962322019725e-16
0.498438085	1.259565081294856e-16
0.499591373	1.1210630942776593e-16
0.500744661	1.067284597158104e-16
0.501897948	1.097042278724148e-16
0.503051236	1.1405955219862452e-16
0.504204524	1.1526245804543317e-16
0.505357812	1.1021832338282601e-16
0.506511099	1.1058687780548143e-16
0.507664387	1.0506540164252612e-16
0.508817675	9.382638365450518e-17
0.509970963	9.54674036704698e-17
0.51112425	1.0049611432361061e-16
0.512277538	1.0469650644690294e-16
0.513430826	1.1136756894725082e-16
0.514584114	1.1519192255266322e-16
0.515737401	1.0690252212327835e-16
0.516890689	1.0165986225769778e-16
0.518043977	9.798554876726824e-17
0.519197265	9.687135595555144e-17
0.520350552	9.502355338290829e-17
0.52150384	1.0590928043619052e-16
0.522657128	1.3337543112082318e-16
0.523810415	1.399390024014719e-16
0.524963703	1.3722209111280068e-16
0.526116991	1.3991352986388148e-16
0.527270279	1.4064982264339998e-16
0.528423566	1.5170190760526516e-16
0.529576854	1.7280540087929575e-16
0.530730142	1.777782161068426e-16
0.53188343	1.6036234990027874e-16
0.533036717	1.4270841452985906e-16
0.534190005	1.4006508155520055e-16
0.535343293	1.372880626159429e-16
0.536496581	1.3013505021790363e-16
0.537649868	1.1615099141244272e-16
0.538803156	9.891474488018796e-17
0.539956444	9.25446406064793e-17
0.541109732	8.467211672072621e-17
0.542263019	7.657651013244645e-17
0.543416307	7.366028679478126e-17
0.544569595	7.864791655517937e-17
0.545722883	8.854933536266892e-17
0.54687617	1.0626581967262609e-16
0.548029458	1.292377998772075e-16
0.549182746	1.4543061946318498e-16
0.550336034	1.5322583808084116e-16
0.551489321	1.611554458422864e-16
0.552642609	1.7413619450290786e-16
0.553795897	1.7617141007604294e-16
0.554949185	1.750912918414418e-16
0.556102472	1.762783754735008e-16
0.55725576	1.7199933831436367e-16
0.558409048	1.6885492050968195e-16
0.559562335	1.6517076296304054e-16
0.560715623	1.6329534284810217e-16
0.561868911	1.6158076450059138e-16
0.563022199	1.5703666083134022e-16
0.564175486	1.6023737370267744e-16
0.565328774	1.6085747202804427e-16
0.566482062	1.4943556120631927e-16
0.56763535	1.4094232331984995e-16
0.568788637	1.4574564298837604e-16
0.569941925	1.3193512432393136e-16
0.571095213	1.2452651424615346e-16
0.572248501	1.2547150971343168e-16
0.573401788	1.2456277243204645e-16
0.574555076	1.1391475938868274e-16
0.575708364	1.0894600768685376e-16
0.576861652	1.0635420342129738e-16
0.578014939	1.0204647563364457e-16
0.579168227	1.0737959899616379e-16
0.580321515	1.2331860531341863e-16
0.581474803	1.4617416312091699e-16
0.58262809	1.6528570111283805e-16
0.583781378	1.7624291538425345e-16
0.584934666	1.7668895867056248e-16
0.586087954	1.8567919571126153e-16
0.587241241	1.699665219499552e-16
0.588394529	1.3423296744510336e-16
0.589547817	1.330883504686449e-16
0.590701105	1.4306577947528465e-16
0.591854392	1.470623099707746e-16
0.59300768	1.357865065357792e-16
0.594160968	1.2643934330185343e-16
0.595314256	1.176233712618494e-16
0.596467543	1.132876187099317e-16
0.597620831	1.1282312608719985e-16
0.598774119	1.126097575259258e-16
0.599927406	1.1273684208071696e-16
0.601080694	1.1995440396301587e-16
0.602233982	1.3537170882138908e-16
0.60338727	1.4659179206813403e-16
0.604540557	1.5469294845476892e-16
0.605693845	1.5700739522985544e-16
0.606847133	1.4899393404464518e-16
0.608000421	1.3065797510532635e-16
0.609153708	1.1448297154660028e-16
0.610306996	1.0550579056614465e-16
0.611460284	9.257921976740897e-17
0.612613572	7.821074137919285e-17
0.613766859	6.79224445842651e-17
0.614920147	5.806164392594107e-17
0.616073435	4.856763105189083e-17
0.617226723	4.173341158743575e-17
0.61838001	3.894027722702214e-17
0.619533298	3.810902054664099e-17
0.620686586	3.593040704452967e-17
0.621839874	3.616266458618998e-17
0.622993161	3.7212153180001625e-17
0.624146449	4.298274114187238e-17
0.625299737	5.37685486707678e-17
0.626453025	6.784366129623747e-17
0.627606312	8.377040632411704e-17
0.6287596	1.0333773052366596e-16
0.629912888	1.1884183885738516e-16
0.631066176	1.2897144958586e-16
0.632219463	1.400334160408736e-16
0.633372751	1.4671410803615885e-16
0.634526039	1.4586330211880443e-16
0.635679326	1.4449840866244642e-16
0.636832614	1.390145680259261e-16
0.637985902	1.3769227896989558e-16
0.63913919	1.3604480148101635e-16
0.640292477	1.3090647829347247e-16
0.641445765	1.2282366897139756e-16
0.642599053	1.157883882402906e-16
0.643752341	1.1302132197933277e-16
0.644905628	1.1348419922936652e-16
0.646058916	1.1636015153688458e-16
0.647212204	1.1677230603205164e-16
0.648365492	1.0892808561946465e-16
0.649518779	1.0286398984451225e-16
0.650672067	1.0187907614456919e-16
0.651825355	1.0121525206020382e-16
0.652978643	1.0141572453425837e-16
0.65413193	9.763193148166275e-17
0.655285218	8.760483320367383e-17
0.656438506	7.80011714567773e-17
0.657591794	9.508140434717759e-17
0.658745081	8.781138871743729e-17
0.659898369	7.898709222929387e-17
0.661051657	7.381313046472706e-17
0.662204945	6.997759358795214e-17
0.663358232	6.558856122341425e-17
0.66451152	6.078702031562045e-17
0.665664808	5.653507353974677e-17
0.666818096	5.3408842904521574e-17
0.667971383	5.156227124992184e-17
0.669124671	5.175054405142649e-17
0.670277959	5.359543425206597e-17
0.671431246	5.788887981005448e-17
0.672584534	6.486133353112994e-17
0.673737822	7.259846847904544e-17
0.67489111	8.213365325212943e-17
0.676044397	9.562495479022967e-17
0.677197685	1.0684035496867442e-16
0.678350973	1.071587941341304e-16
0.679504261	1.034567460241437e-16
0.680657548	9.647767615976181e-17
0.681810836	8.748749439870154e-17
0.682964124	7.979149504577776e-17
0.684117412	7.571638957803927e-17
0.685270699	7.624173954832767e-17
0.686423987	8.019995132809147e-17
0.687577275	8.575146838186938e-17
0.688730563	9.246320300583607e-17
0.68988385	9.792006986660416e-17
0.691037138	1.0117517521984483e-16
0.692190426	1.0085998201328859e-16
0.693343714	9.732181545957474e-17
0.694497001	9.189613127174995e-17
0.695650289	8.57518886222991e-17
0.696803577	7.756957526159286e-17
0.697956865	6.561117826101931e-17
0.699110152	5.5007539241225416e-17
0.70026344	4.801915587273657e-17
0.701416728	4.327458990437864e-17
0.702570016	4.051683240135859e-17
0.703723303	3.971464722516932e-17
0.704876591	4.0303909379104747e-17
0.706029879	4.0171946927017915e-17
0.707183166	4.075310396704736e-17
0.708336454	4.309968806611345e-17
0.709489742	4.5744477493079816e-17
0.71064303	4.823934880106481e-17
0.711796317	4.847736886324763e-17
0.712949605	4.728007376439474e-17
0.714102893	4.660554488790706e-17
0.715256181	4.455601708886297e-17
0.716409468	3.940722687534006e-17
0.717562756	3.128114660228734e-17
0.718716044	2.4549023939131827e-17
0.719869332	2.121148223335199e-17
0.721022619	2.038141513606015e-17
0.722175907	2.0947005548683704e-17
0.723329195	2.0589378691962366e-17
0.724482483	1.9599283974375957e-17
0.72563577	1.8379870876977212e-17
0.726789058	1.7508841243832216e-17
0.727942346	1.7110770704383546e-17
0.729095634	1.760885379167946e-17
0.730248921	1.8711251213931982e-17
0.731402209	1.992896683916021e-17
0.732555497	2.1198092375103378e-17
0.733708785	2.2524350170958006e-17
0.734862072	2.4018651577566703e-17
0.73601536	2.671195840032656e-17
0.737168648	3.0020919098897124e-17
0.738321936	3.429611146897354e-17
0.739475223	4.038758222436037e-17
0.740628511	4.922078299666756e-17
0.741781799	5.960340727828614e-17
0.742935086	7.067047644668544e-17
0.744088374	7.994683882744861e-17
0.745241662	8.742146212731346e-17
0.74639495	8.959787159581114e-17
0.747548237	9.030974977303263e-17
0.748701525	9.100016021834338e-17
0.749854813	9.263193581788366e-17
0.751008101	9.500107056681321e-17
0.752161388	9.769292849773469e-17
0.753314676	9.944060586868188e-17
0.754467964	9.98772406411888e-17
0.755621252	9.695450740057639e-17
0.756774539	9.083785872530384e-17
0.757927827	8.519878249498294e-17
0.759081115	8.08323845596797e-17
0.760234403	7.371984643399518e-17
0.76138769	6.13094643173973e-17
0.762540978	5.078578295555898e-17
0.763694266	4.722008017953223e-17
0.764847554	4.493449939268848e-17
0.766000841	4.278112099435222e-17
0.767154129	4.2245261820217214e-17
0.768307417	4.379132925977038e-17
0.769460705	4.4129268328733483e-17
0.770613992	4.265381684951969e-17
0.77176728	4.129341055452499e-17
0.772920568	3.899527650526352e-17
0.774073856	3.610955821262132e-17
0.775227143	3.425393559843635e-17
0.776380431	3.282995463493663e-17
0.777533719	2.995750470989363e-17
0.778687006	2.9347622170493917e-17
0.779840294	2.741103593950565e-17
0.780993582	2.5426366996235924e-17
0.78214687	2.3747857689136996e-17
0.783300157	2.2913627697097522e-17
0.784453445	2.2845937936959844e-17
0.785606733	2.3641792022300985e-17
0.786760021	2.4608732473545322e-17
0.787913308	2.4418831464203668e-17
0.789066596	2.3945130753914094e-17
0.790219884	2.347959864555787e-17
0.791373172	2.3215303650452298e-17
0.792526459	2.2725204876329005e-17
0.793679747	2.1616780634536272e-17
0.794833035	2.01533627979076e-17
0.795986323	2.0036147434758246e-17
0.79713961	2.0375984674779682e-17
0.798292898	2.023833753022981e-17
0.799446186	2.024096241726628e-17
0.800599474	2.0429544042140124e-17
0.801752761	2.074388093680509e-17
0.802906049	2.1498696681108043e-17
0.804059337	2.2533514058715854e-17
0.805212625	2.3576504974870337e-17
0.806365912	2.438269275067777e-17
0.8075192	2.530705200537089e-17
0.808672488	2.632455815551636e-17
0.809825776	2.6929338813786054e-17
0.810979063	2.7632604696054104e-17
0.812132351	2.966550953118445e-17
0.813285639	3.197030409205169e-17
0.814438926	3.394142182397275e-17
0.815592214	3.597388767215123e-17
0.816745502	3.880399990730769e-17
0.81789879	4.317977167557996e-17
0.819052077	4.760190412720907e-17
0.820205365	5.1448726464823364e-17
0.821358653	5.500431089929696e-17
0.822511941	5.64640234119068e-17
0.823665228	5.81314220107473e-17
0.824818516	5.864563611627943e-17
0.825971804	5.821091037579694e-17
0.827125092	5.930819695671454e-17
0.828278379	6.139962537475744e-17
0.829431667	6.484314763344721e-17
0.830584955	6.752675971910366e-17
0.831738243	6.937177806421657e-17
0.83289153	6.711947736152402e-17
0.834044818	5.621419204710966e-17
0.835198106	4.3391414191926707e-17
0.836351394	3.381265077876596e-17
0.837504681	2.725556141805657e-17
0.838657969	2.3614128332489282e-17
0.839811257	2.2775111416133286e-17
0.840964545	2.3774796548427268e-17
0.842117832	2.5066584478120703e-17
0.84327112	2.5934881348972544e-17
0.844424408	2.676434040001227e-17
0.845577696	3.003735167389908e-17
0.846730983	2.966946284330327e-17
0.847884271	3.284376575719886e-17
0.849037559	3.3619780700523824e-17
0.850190847	2.8531062102238667e-17
0.851344134	2.866644146078748e-17
0.852497422	2.8892953129702207e-17
0.85365071	2.334116595181781e-17
0.854803997	1.806628767106939e-17
0.855957285	2.1561439330060843e-17
0.857110573	2.3924644618270893e-17
0.858263861	2.3345353905288543e-17
0.859417148	2.0734969809363456e-17
0.860570436	2.1188832559356273e-17
0.861723724	2.371809217759166e-17
0.862877012	2.450312404105209e-17
0.864030299	2.5320180180811002e-17
0.865183587	2.444540235203531e-17
0.866336875	1.950907870019133e-17
0.867490163	2.183421073077044e-17
0.86864345	2.6430569779350746e-17
0.869796738	2.962621100744989e-17
0.870950026	3.0719413766685534e-17
0.872103314	3.1665743554782824e-17
0.873256601	3.176036225200586e-17
0.874409889	2.9234414457332935e-17
0.875563177	2.893960713889124e-17
0.876716465	3.365392215955758e-17
0.877869752	3.416234735114136e-17
0.87902304	3.259403309536148e-17
0.880176328	3.08628616841247e-17
0.881329616	3.00026498046138e-17
0.882482903	2.957497176455138e-17
0.883636191	2.8816495790633354e-17
0.884789479	2.751130877570236e-17
0.885942767	2.349321926561764e-17
0.887096054	2.484605402158093e-17
0.888249342	2.909133517788328e-17
0.88940263	3.075864699755092e-17
0.890555917	3.1090491558144034e-17
0.891709205	3.0681563864574295e-17
0.892862493	2.963379405850123e-17
0.894015781	2.9749030774226394e-17
0.895169068	3.017310383245884e-17
0.896322356	3.092513066747734e-17
0.897475644	3.2041779984209943e-17
0.898628932	3.2013259722209264e-17
0.899782219	3.1776284979004435e-17
0.900935507	2.953973916448086e-17
0.902088795	3.1957954120292965e-17
0.903242083	4.083978611305975e-17
0.90439537	4.4720703822129354e-17
0.905548658	4.448583439744097e-17
0.906701946	4.3610435893590027e-17
0.907855234	4.365722112596142e-17
0.909008521	4.35926111784515e-17
0.910161809	4.44671637812265e-17
0.911315097	4.589356147674989e-17
0.912468385	4.661095877627087e-17
0.913621672	4.46812665808166e-17
0.91477496	4.362236139021942e-17
0.915928248	4.3182960226136953e-17
0.917081536	4.628396413983946e-17
0.918234823	4.953600901872426e-17
0.919388111	5.1527046673971134e-17
0.920541399	5.103094520591989e-17
0.921694687	4.917886592351956e-17
0.922847974	4.776726388432587e-17
0.924001262	5.513238770230561e-17
0.92515455	6.330373364404894e-17
0.926307837	6.821304970644381e-17
0.927461125	7.254420199201783e-17
0.928614413	7.345592445553855e-17
0.929767701	7.574976008987771e-17
0.930920988	8.008959143358319e-17
0.932074276	8.214826759268357e-17
0.933227564	8.648536473027863e-17
0.934380852	8.636653525855345e-17
0.935534139	9.18134148403456e-17
0.936687427	9.476934354755982e-17
0.937840715	9.452611894495149e-17
0.938994003	1.0106383393796397e-16
0.94014729	1.0086700993375509e-16
0.941300578	9.676967819286473e-17
0.942453866	9.203596295928155e-17
0.943607154	8.543786710288285e-17
0.944760441	8.319787103019068e-17
0.945913729	8.482435450099649e-17
0.947067017	9.047995802897516e-17
0.948220305	8.936085159681615e-17
0.949373592	8.789002043961115e-17
0.95052688	8.761101602288447e-17
0.951680168	8.632278105943967e-17
0.952833456	8.318878260126409e-17
0.953986743	8.54130674746528e-17
0.955140031	8.823036226985374e-17
0.956293319	9.846172430282392e-17
0.957446607	1.0603926529708973e-16
0.958599894	1.0584445998679137e-16
0.959753182	1.070644370241104e-16
0.96090647	1.1004335016347941e-16
0.962059757	1.1089910843962352e-16
0.963213045	1.128644783216608e-16
0.964366333	1.0885435497709355e-16
0.965519621	1.061852690847741e-16
0.966672908	1.049347024908848e-16
0.967826196	1.0845618755023164e-16
0.968979484	1.102617833956937e-16
0.970132772	0.
0.971286059	0.
0.972439347	0.
0.973592635	0.
0.974745923	0.
0.97589921	0.
0.977052498	0.
0.978205786	0.
0.979359074	0.
0.980512361	0.
0.981665649	0.
0.982818937	0.
0.983972225	0.
0.985125512	0.
0.9862788	0.
0.987432088	0.
0.988585376	0.
0.989738663	0.
0.990891951	0.
0.992045239	0.
0.993198527	0.
0.994351814	0.
0.995505102	0.
0.99665839	0.
0.997811677	6.584105308799216e-18
0.998964965	6.443534624218086e-18
1.000118253	6.259206414123056e-18
1.001271541	5.749605468824957e-18
1.002424828	5.307464361382826e-18
1.003578116	4.8528819244930754e-18
1.004731404	4.507608929651171e-18
1.005884692	4.519562605824549e-18
1.007037979	4.697411214367912e-18
1.008191267	4.732238017030722e-18
1.009344555	4.973506204853803e-18
1.010497843	5.241083381051231e-18
1.01165113	5.447280300077873e-18
1.012804418	5.687418463101404e-18
1.013957706	5.956959438427019e-18
1.015110994	6.142199114260325e-18
1.016264281	6.28693907316265e-18
1.017417569	6.357306026567724e-18
1.018570857	6.361357776447253e-18
1.019724145	6.442684394800611e-18
1.020877432	6.5679702766048166e-18
1.02203072	6.634689931402799e-18
1.023184008	6.7321315204847716e-18
1.024337296	6.851642859189162e-18
1.025490583	6.995038577351925e-18
1.026643871	7.100269473460552e-18
1.027797159	7.173694865994935e-18
1.028950447	7.322446514554442e-18
1.030103734	7.52952032189188e-18
1.031257022	7.669129081480184e-18
1.03241031	7.880277140186794e-18
1.033563597	8.29461885981951e-18
1.034716885	8.64476608527037e-18
1.035870173	8.901888658082866e-18
1.037023461	9.397483001503834e-18
1.038176748	1.0040850147360937e-17
1.039330036	1.0585315483468444e-17
1.040483324	1.1161135082154153e-17
1.041636612	1.1854401000662089e-17
1.042789899	1.2547876334541524e-17
1.043943187	1.3184877554165486e-17
1.045096475	1.3915392032996893e-17
1.046249763	1.4664495102552594e-17
1.04740305	1.5183439824167638e-17
1.048556338	1.5654150367455345e-17
1.049709626	1.6145688820472766e-17
1.050862914	1.670556373910106e-17
1.052016201	1.7265542647851244e-17
1.053169489	1.793537707823807e-17
1.054322777	1.8614649317959477e-17
1.055476065	1.9152438559658753e-17
1.056629352	1.9899260843468622e-17
1.05778264	2.098249932227579e-17
1.058935928	2.1860430830402002e-17
1.060089216	2.2454238435578465e-17
1.061242503	2.3023292962455073e-17
1.062395791	2.4135027332127464e-17
1.063549079	2.52518420744434e-17
1.064702367	2.615867093866617e-17
1.065855654	2.6990199370659203e-17
1.067008942	2.774253642453183e-17
1.06816223	2.8492397271072314e-17
1.069315517	2.933980700304403e-17
1.070468805	2.990658178048926e-17
1.071622093	2.985173952562479e-17
1.072775381	2.975034337398064e-17
1.073928668	2.9732254146034755e-17
1.075081956	2.937409094629284e-17
1.076235244	2.8758877059102765e-17
1.077388532	2.820364834488267e-17
1.078541819	2.7383169075212993e-17
1.079695107	2.613932785915726e-17
1.080848395	2.5307776419582953e-17
1.082001683	2.4762475326267113e-17
1.08315497	2.3457050235845465e-17
1.084308258	2.168450015499994e-17
1.085461546	1.9844026242888476e-17
1.086614834	1.832751862927308e-17
1.087768121	1.7201041630550656e-17
1.088921409	1.549447595620048e-17
1.090074697	1.3377480848245583e-17
1.091227985	1.1605109642047187e-17
1.092381272	1.0156988972271923e-17
1.09353456	9.015007082498445e-18
1.094687848	7.896329566763598e-18
1.095841136	6.789109122813457e-18
1.096994423	6.033337835289727e-18
1.098147711	5.58230551633931e-18
1.099300999	5.223736025496636e-18
1.100454287	4.993388789463544e-18
1.101607574	4.948403218100641e-18
1.102760862	4.91062735228289e-18
1.10391415	4.809370688648147e-18
1.105067438	4.721244381729302e-18
1.106220725	4.641751363425865e-18
1.107374013	4.544697336273128e-18
1.108527301	4.40022440327074e-18
1.109680588	4.214816537195116e-18
1.110833876	4.027117561478861e-18
1.111987164	3.8410695209110315e-18
1.113140452	3.640714592572577e-18
1.114293739	3.4344011333182756e-18
1.115447027	3.2357293581117354e-18
1.116600315	3.0512983788358958e-18
1.117753603	2.8962561292396796e-18
1.11890689	2.7789978713719406e-18
1.120060178	2.683823988602807e-18
1.121213466	2.5497118752412487e-18
1.122366754	2.39457473872378e-18
1.123520041	2.267175556260257e-18
1.124673329	2.1659768120832008e-18
1.125826617	2.086752164289323e-18
1.126979905	1.986902829876307e-18
1.128133192	1.888468630324399e-18
1.12928648	1.842075714720742e-18
1.130439768	1.8227727185216048e-18
1.131593056	1.807627056015353e-18
1.132746343	1.8110567252627066e-18
1.133899631	1.827693602372261e-18
1.135052919	1.837824169421599e-18
1.136206207	1.8472619127175554e-18
1.137359494	1.888919578558046e-18
1.138512782	1.950400808755229e-18
1.13966607	2.011571247417992e-18
1.140819358	2.0711472176618102e-18
1.141972645	2.1143089869895496e-18
1.143125933	2.1401925485952887e-18
1.144279221	2.1206705868758124e-18
1.145432508	2.0346210813304917e-18
1.146585796	1.9166176634644698e-18
1.147739084	1.786896856801055e-18
1.148892372	1.6376756412062605e-18
1.150045659	1.4830890612178754e-18
1.151198947	1.3419596949632616e-18
1.152352235	1.2188606152418498e-18
1.153505523	1.1160700278996804e-18
1.15465881	1.0387712961143951e-18
1.155812098	9.854563686760578e-19
1.156965386	9.44508213813294e-19
1.158118674	9.11772718255221e-19
1.159271961	9.041418549713638e-19
1.160425249	9.203949425232968e-19
1.161578537	9.56833138009147e-19
1.162731825	1.0135528674475517e-18
1.163885112	1.0861298031277465e-18
1.1650384	1.1827143950331993e-18
1.166191688	1.3020136400732289e-18
1.167344976	1.4342114114593434e-18
1.168498263	1.5806713843674256e-18
1.169651551	1.741799950377926e-18
1.170804839	1.8766337901584564e-18
1.171958127	1.9648579456112464e-18
1.173111414	2.0221265575405625e-18
1.174264702	2.051831590749327e-18
1.17541799	2.0654733428463423e-18
1.176571278	2.0365317720746233e-18
1.177724565	1.9629591200166586e-18
1.178877853	1.85801285330421e-18
1.180031141	1.7400976619089643e-18
1.181184428	1.6548290136861252e-18
1.182337716	1.5969247150554096e-18
1.183491004	1.5621234442102735e-18
1.184644292	1.5205908482010256e-18
1.185797579	1.4618782038048887e-18
1.186950867	1.4607969062576028e-18
1.188104155	1.5196507258362046e-18
1.189257443	1.5716678138792947e-18
1.19041073	1.626320839852856e-18
1.191564018	1.7064997738236768e-18
1.192717306	1.7963264782388255e-18
1.193870594	1.88481447852006e-18
1.195023881	1.975571168510658e-18
1.196177169	2.0657923591819455e-18
1.197330457	2.1768384094762127e-18
1.198483745	2.2595874691436555e-18
1.199637032	2.2562335787054836e-18
1.20079032	2.243652685878825e-18
1.201943608	2.266664528549542e-18
1.203096896	2.3817290092726916e-18
1.204250183	2.5465169938243898e-18
1.205403471	2.6361203354765796e-18
1.206556759	2.761697187134112e-18
1.207710047	3.0192502204703504e-18
1.208863334	3.243515080893568e-18
1.210016622	3.3700059774417693e-18
1.21116991	3.480756822255217e-18
1.212323198	3.5681395741740436e-18
1.213476485	3.638102604672672e-18
1.214629773	3.688533232613891e-18
1.215783061	3.720997289585043e-18
1.216936348	3.748669598201717e-18
1.218089636	3.765948067220936e-18
1.219242924	3.763395001802328e-18
1.220396212	3.742768478337787e-18
1.221549499	3.702525035995409e-18
1.222702787	3.642059591382806e-18
1.223856075	3.56141114541941e-18
1.225009363	3.441628092554049e-18
1.22616265	3.296707157484551e-18
1.227315938	3.1712886705024432e-18
1.228469226	3.0439255992190827e-18
1.229622514	2.90327642492917e-18
1.230775801	2.7995590438121064e-18
1.231929089	2.7404410442085907e-18
1.233082377	2.7021241008382432e-18
1.234235665	2.683262168857532e-18
1.235388952	2.6903742332008066e-18
1.23654224	2.720867976299297e-18
1.237695528	2.7711827448954816e-18
1.238848816	2.853741648187842e-18
1.240002103	2.9750497008954085e-18
1.241155391	3.1089007670029582e-18
1.242308679	3.2603069499614885e-18
1.243461967	3.4527489311585186e-18
1.244615254	3.670622324481479e-18
1.245768542	3.904414615436734e-18
1.24692183	4.167181738493219e-18
1.248075118	4.45449295110979e-18
1.249228405	4.750435645284935e-18
1.250381693	5.0707174189917945e-18
1.251534981	5.453519108919361e-18
1.252688268	5.843618464867775e-18
1.253841556	6.169896149407736e-18
1.254994844	6.464940061170075e-18
1.256148132	6.694986248958698e-18
1.257301419	6.796014126825832e-18
1.258454707	6.821604880974978e-18
1.259607995	6.7996774624432386e-18
1.260761283	6.807461922172135e-18
1.26191457	6.887877238647276e-18
1.263067858	6.985403693715304e-18
1.264221146	7.102091790448975e-18
1.265374434	7.240559385968301e-18
1.266527721	7.428250763556185e-18
1.267681009	7.712432437289486e-18
1.268834297	7.988884768040024e-18
1.269987585	8.225492809666573e-18
1.271140872	8.54436682553412e-18
1.27229416	8.927494636175952e-18
1.273447448	9.343522398716423e-18
1.274600736	9.740537776602545e-18
1.275754023	1.005946091858515e-17
1.276907311	1.0354046186567986e-17
1.278060599	1.0603658811611167e-17
1.279213887	1.0741738806265055e-17
1.280367174	1.0958706966918665e-17
1.281520462	1.1727641315677038e-17
1.28267375	1.2017132725387778e-17
1.283827038	1.1286590419409824e-17
1.284980325	1.0751687306305036e-17
1.286133613	1.0529863153144158e-17
1.287286901	1.0297124416486666e-17
1.288440188	1.0032295805938632e-17
1.289593476	9.799705942147672e-18
1.290746764	9.52112355597271e-18
1.291900052	9.175444192547328e-18
1.293053339	8.906092129700618e-18
1.294206627	8.675512257937993e-18
1.295359915	8.337349883095813e-18
1.296513203	7.936292053223209e-18
1.29766649	7.508810932567328e-18
1.298819778	6.964159017092944e-18
1.299973066	6.359701318176964e-18
1.301126354	5.8109331174247e-18
1.302279641	5.317263333805903e-18
1.303432929	4.862773850033213e-18
1.304586217	4.436270721584315e-18
1.305739505	4.047047696354537e-18
1.306892792	3.739272977475491e-18
1.30804608	3.4961287489722595e-18
1.309199368	3.287572243020865e-18
1.310352656	3.12054609830944e-18
1.311505943	3.0150253164455516e-18
1.312659231	2.9008826887518556e-18
1.313812519	2.7515169323204815e-18
1.314965807	2.644913843804651e-18
1.316119094	2.5702275023167586e-18
1.317272382	2.4342213709871053e-18
1.31842567	2.282135512369852e-18
1.319578958	2.17050023520073e-18
1.320732245	2.080430594352779e-18
1.321885533	2.0046292441788133e-18
1.323038821	1.926487418932131e-18
1.324192108	1.847214958999338e-18
1.325345396	1.7873143359778573e-18
1.326498684	1.7404637592141947e-18
1.327651972	1.7010052675115348e-18
1.328805259	1.6923492412488633e-18
1.329958547	1.7054964405896854e-18
1.331111835	1.7160276302138018e-18
1.332265123	1.718597227946446e-18
1.33341841	1.7043923709323395e-18
1.334571698	1.69103928926431e-18
1.335724986	1.6915122941675608e-18
1.336878274	1.6854427356080051e-18
1.338031561	1.6689303283979664e-18
1.339184849	1.6558146191782322e-18
1.340338137	1.637403081006525e-18
1.341491425	1.5981933932150614e-18
1.342644712	1.5556947354514738e-18
1.343798	1.5162207357226175e-18
1.344951288	1.4794013257299996e-18
1.346104576	1.4426913268414434e-18
1.347257863	1.3967477068670483e-18
1.348411151	1.3505972896963106e-18
1.349564439	1.3167502074800694e-18
1.350717727	1.2785149035229187e-18
1.351871014	1.2321133781730037e-18
1.353024302	1.1938479581752995e-18
1.35417759	1.1724868538945592e-18
1.355330878	1.1811583491538436e-18
1.356484165	1.2177450046105539e-18
1.357637453	1.2891791942745871e-18
1.358790741	1.4799030057850685e-18
1.359944028	1.861372618505384e-18
1.361097316	2.479443086023621e-18
1.362250604	3.2678125707947617e-18
1.363403892	3.972035131541805e-18
1.364557179	4.649462099223746e-18
1.365710467	5.089475584644485e-18
1.366863755	5.2378172698830855e-18
1.368017043	5.1538276310082536e-18
1.36917033	4.947090052777689e-18
1.370323618	4.396096384424858e-18
1.371476906	3.640522571242234e-18
1.372630194	2.895016500860799e-18
1.373783481	2.2725493605915187e-18
1.374936769	1.9054618862653747e-18
1.376090057	1.6738339223707735e-18
1.377243345	1.4947658452335883e-18
1.378396632	1.3419737919863854e-18
1.37954992	1.2218680802274559e-18
1.380703208	1.132849103968242e-18
1.381856496	1.1184703020477825e-18
1.383009783	1.2390947195325932e-18
1.384163071	1.433659503731837e-18
1.385316359	1.6066195067892173e-18
1.386469647	1.5063030083853972e-18
1.387622934	1.252062835489312e-18
1.388776222	1.0874893079001631e-18
1.38992951	9.949630309739621e-19
1.391082798	9.608258588940176e-19
1.392236085	9.609818556044893e-19
1.393389373	9.722741480114978e-19
1.394542661	9.739940214534178e-19
1.395695949	9.274245797077823e-19
1.396849236	8.416558816066429e-19
1.398002524	7.47408321868777e-19
1.399155812	6.711283121226348e-19
1.400309099	6.308117829122022e-19
1.401462387	6.026087471334888e-19
1.402615675	5.799583979157219e-19
1.403768963	5.599894148119664e-19
1.40492225	5.272654052525442e-19
1.406075538	4.906207727930252e-19
1.407228826	4.630852117176043e-19
1.408382114	4.544678840575193e-19
1.409535401	4.646937154999814e-19
1.410688689	5.116112970054265e-19
1.411841977	5.958989870800374e-19
1.412995265	7.057390798521259e-19
1.414148552	8.412858566655482e-19
1.41530184	9.617136256296997e-19
1.416455128	1.0585264415432362e-18
1.417608416	1.128926585792407e-18
1.418761703	1.1667530306253328e-18
1.419914991	1.1957238035458033e-18
1.421068279	1.2290000376952985e-18
1.422221567	1.2686811731172113e-18
1.423374854	1.2901692542585108e-18
1.424528142	1.3030953910988838e-18
1.42568143	1.330266958068663e-18
1.426834718	1.3444277076555096e-18
1.427988005	1.3427191098322722e-18
1.429141293	1.346589667269451e-18
1.430294581	1.3586384002592368e-18
1.431447869	1.3918444088133541e-18
1.432601156	1.4468789287464562e-18
1.433754444	1.5101427191839128e-18
1.434907732	1.5689296025944026e-18
1.436061019	1.6066599500181014e-18
1.437214307	1.625321437967217e-18
1.438367595	1.635503337292922e-18
1.439520883	1.6679741256594523e-18
1.44067417	1.6756204950129338e-18
1.441827458	1.6243623456360623e-18
1.442980746	1.5868811150779253e-18
1.444134034	1.5681197876384835e-18
1.445287321	1.5008477043673839e-18
1.446440609	1.4195778634056787e-18
1.447593897	1.3691725553969048e-18
1.448747185	1.3305302506257193e-18
1.449900472	1.3289067751115716e-18
1.45105376	1.3655162479946383e-18
1.452207048	1.4237235795999718e-18
1.453360336	1.481867359264419e-18
1.454513623	1.5260386194652843e-18
1.455666911	1.5730599406430358e-18
1.456820199	1.6087288431611449e-18
1.457973487	1.6102345751319991e-18
1.459126774	1.609522407097574e-18
1.460280062	1.616641720177756e-18
1.46143335	1.6342283572192425e-18
1.462586638	1.6527425300835014e-18
1.463739925	1.65834039857569e-18
1.464893213	1.6652658627848808e-18
1.466046501	1.6749279691154358e-18
1.467199789	1.674673055773111e-18
1.468353076	1.672834325384905e-18
1.469506364	1.6795360813442059e-18
1.470659652	1.6840676394839386e-18
1.471812939	1.6699221398273324e-18
1.472966227	1.6428642468817542e-18
1.474119515	1.5993229369886559e-18
1.475272803	1.5209577595354208e-18
1.47642609	1.5451801287464714e-18
1.477579378	1.5781153879928366e-18
1.478732666	1.5976864382880102e-18
1.479885954	1.589327441753958e-18
1.481039241	1.6321820173775796e-18
1.482192529	1.7118749182404106e-18
1.483345817	1.753609803497603e-18
1.484499105	1.834253396013644e-18
1.485652392	1.8894673990519505e-18
1.48680568	2.0581668592576464e-18
1.487958968	2.338285816408904e-18
1.489112256	2.395165366495195e-18
1.490265543	2.369564942459655e-18
1.491418831	2.4419015699028508e-18
1.492572119	2.541427245105864e-18
1.493725407	2.5753279294295556e-18
1.494878694	2.5988904588910713e-18
1.496031982	2.64848484799739e-18
1.49718527	2.6123963043334862e-18
1.498338558	2.486993142199043e-18
1.499491845	2.3150947238093106e-18
1.500645133	2.2052999481141698e-18
1.501798421	2.1342263865645374e-18
1.502951709	2.118182725002128e-18
1.504104996	2.248420164483536e-18
1.505258284	2.440208026332939e-18
1.506411572	2.6132573420061234e-18
1.507564859	2.670224771587639e-18
1.508718147	2.658362723984626e-18
1.509871435	2.612599803002332e-18
1.511024723	2.5872563305023108e-18
1.51217801	2.6020768380190013e-18
1.513331298	2.632289513112946e-18
1.514484586	2.6756539866263687e-18
1.515637874	2.713015137161829e-18
1.516791161	2.7855220615025594e-18
1.517944449	2.8994918989911234e-18
1.519097737	3.0245806036775698e-18
1.520251025	3.1526185755028883e-18
1.521404312	3.2901832060360454e-18
1.5225576	3.417419902354722e-18
1.523710888	3.4684709833138593e-18
1.524864176	3.4639014981259236e-18
1.526017463	3.4396451361834576e-18
1.527170751	3.470338031351659e-18
1.528324039	3.5972049205292344e-18
1.529477327	3.848615276093985e-18
1.530630614	4.127299276568202e-18
1.531783902	4.296277837557207e-18
1.53293719	4.5190537533850914e-18
1.534090478	4.791423968570284e-18
1.535243765	4.895429976415439e-18
1.536397053	4.905527714501612e-18
1.537550341	4.9578335807276745e-18
1.538703629	5.0026558520640804e-18
1.539856916	5.008993151984678e-18
1.541010204	4.935924938429198e-18
1.542163492	4.840965968201687e-18
1.543316779	4.794543284849695e-18
1.544470067	4.8188996809862814e-18
1.545623355	4.8869777165423374e-18
1.546776643	5.016707483856763e-18
1.54792993	5.2218624120911354e-18
1.549083218	5.3819400744625726e-18
1.550236506	5.464899435922743e-18
1.551389794	5.469251738914572e-18
1.552543081	5.4377004318458595e-18
1.553696369	5.416691543414011e-18
1.554849657	5.295957210428507e-18
1.556002945	5.100353758721418e-18
1.557156232	4.9561882858145946e-18
1.55830952	4.890172660579493e-18
1.559462808	4.830973452827598e-18
1.560616096	4.7509454244123835e-18
1.561769383	4.5737892114542845e-18
1.562922671	4.394090641903146e-18
1.564075959	4.255863723061216e-18
1.565229247	4.141639720570277e-18
1.566382534	4.1210672340498e-18
1.567535822	4.17691394457588e-18
1.56868911	4.308182993341296e-18
1.569842398	4.492952024019283e-18
1.570995685	4.8187094677201835e-18
1.572148973	5.288644816946926e-18
1.573302261	5.754540732686031e-18
1.574455549	6.1157027727143364e-18
1.575608836	6.3386510288516424e-18
1.576762124	6.4926639124253985e-18
1.577915412	6.5502498301952375e-18
1.579068699	6.5358697931254785e-18
1.580221987	6.419250272634755e-18
1.581375275	6.616708555662153e-18
1.582528563	6.8621743394135335e-18
1.58368185	6.767463973481815e-18
1.584835138	6.641751563135738e-18
1.585988426	6.550501662273576e-18
1.587141714	6.56130258729261e-18
1.588295001	6.76133535790594e-18
1.589448289	7.028827520131384e-18
1.590601577	7.143090716841686e-18
1.591754865	6.8215247277831e-18
1.592908152	6.4817020626771965e-18
1.59406144	6.285583120513004e-18
1.595214728	6.2573220346857755e-18
1.596368016	6.212131229602433e-18
1.597521303	5.862310179167621e-18
1.598674591	5.552371896746995e-18
1.599827879	5.474083035626585e-18
1.600981167	5.359935127696843e-18
1.602134454	5.175975188887824e-18
1.603287742	5.040454196136822e-18
1.60444103	4.910032266589302e-18
1.605594318	4.796096432144111e-18
1.606747605	4.609773617235788e-18
1.607900893	4.3435077433463424e-18
1.609054181	4.143836911722034e-18
1.610207469	3.9893016435715955e-18
1.611360756	3.806383228569171e-18
1.612514044	3.6145174273527795e-18
1.613667332	3.402505955141569e-18
1.614820619	3.209960986364006e-18
1.615973907	2.9932467423155718e-18
1.617127195	2.623879435177543e-18
1.618280483	2.2507115027666096e-18
1.61943377	2.0459776249029012e-18
1.620587058	1.9563973037804336e-18
1.621740346	1.90080212306418e-18
1.622893634	1.8713331333198e-18
1.624046921	1.8618277687350196e-18
1.625200209	1.836865972840058e-18
1.626353497	1.8085085719276322e-18
1.627506785	1.7397845385301634e-18
1.628660072	1.6644115396267993e-18
1.62981336	1.5901037678677893e-18
1.630966648	1.5061011641049148e-18
1.632119936	1.410593291015568e-18
1.633273223	1.3489217077116665e-18
1.634426511	1.3318243637371233e-18
1.635579799	1.3189644101387426e-18
1.636733087	1.3166634725081389e-18
1.637886374	1.2993128160266756e-18
1.639039662	1.253734037703867e-18
1.64019295	1.1965356735276611e-18
1.641346238	1.152561526161914e-18
1.642499525	1.1340121274044565e-18
1.643652813	1.1153824917066469e-18
1.644806101	1.065815223096846e-18
1.645959389	1.012092559890567e-18
1.647112676	9.723006697510244e-19
1.648265964	9.514690623116359e-19
1.649419252	9.481961289472133e-19
1.65057254	9.48495710549371e-19
1.651725827	9.415104923795241e-19
1.652879115	9.338664303429657e-19
1.654032403	9.305909738567593e-19
1.65518569	9.272724720157528e-19
1.656338978	9.163826561465564e-19
1.657492266	9.036024590780881e-19
1.658645554	8.848276773174294e-19
1.659798841	8.506685185377262e-19
1.660952129	7.816708695503155e-19
1.662105417	6.934931330281438e-19
1.663258705	6.102727192651178e-19
1.664411992	5.410097302039669e-19
1.66556528	5.063065797522605e-19
1.666718568	5.1253749529487e-19
1.667871856	5.615690629314345e-19
1.669025143	6.599365912858357e-19
1.670178431	8.187140199795645e-19
1.671331719	1.0095104457188994e-18
1.672485007	1.1906670552431185e-18
1.673638294	1.264125098546706e-18
1.674791582	1.259477439320497e-18
1.67594487	1.2327042748738928e-18
1.677098158	1.1627292474961772e-18
1.678251445	1.0981336861147571e-18
1.679404733	1.1049056637000006e-18
1.680558021	1.1407586884982624e-18
1.681711309	1.1907274376639478e-18
1.682864596	1.1905931767962551e-18
1.684017884	1.1288213131252763e-18
1.685171172	1.0654111579314984e-18
1.68632446	1.0199764107294457e-18
1.687477747	9.892732634092857e-19
1.688631035	9.696539410996823e-19
1.689784323	9.625703569182243e-19
1.69093761	9.538434732179217e-19
1.692090898	9.22984216063275e-19
1.693244186	9.01763904474133e-19
1.694397474	8.864837782414198e-19
1.695550761	8.816314622994747e-19
1.696704049	9.005672669499e-19
1.697857337	9.260463679936654e-19
1.699010625	9.5655312068832e-19
1.700163912	9.749780521497326e-19
1.7013172	9.586746303098285e-19
1.702470488	9.130184535492465e-19
1.703623776	8.393602229218781e-19
1.704777063	7.332684019613856e-19
1.705930351	5.956850421518497e-19
1.707083639	4.524069473431599e-19
1.708236927	3.273983651192686e-19
1.709390214	2.4226886753529813e-19
1.710543502	2.2717510244325686e-19
1.71169679	3.119498338094976e-19
1.712850078	5.030228314460955e-19
1.714003365	8.2582825177900715e-19
1.715156653	1.3372765493322583e-18
1.716309941	1.901159548310387e-18
1.717463229	2.368735666094412e-18
1.718616516	2.4697715114412127e-18
1.719769804	2.1373805350901006e-18
1.720923092	1.6426653489018967e-18
1.72207638	1.123102964619715e-18
1.723229667	8.0035885068143815e-19
1.724382955	6.714538622841247e-19
1.725536243	6.170695274021381e-19
1.72668953	6.224354125596529e-19
1.727842818	6.39385756721988e-19
1.728996106	6.569349252190179e-19
1.730149394	6.850136670137362e-19
1.731302681	7.318281398368413e-19
1.732455969	8.04301383313608e-19
1.733609257	8.93327494458246e-19
1.734762545	9.870454256890304e-19
1.735915832	1.0645029128484565e-18
1.73706912	1.1094947718331989e-18
1.738222408	1.146063628582148e-18
1.739375696	1.1622405430835166e-18
1.740528983	1.1575700073265e-18
1.741682271	1.1339200895028325e-18
1.742835559	1.0990697095596906e-18
1.743988847	1.0516169190956657e-18
1.745142134	1.0254606245172599e-18
1.746295422	1.028840476274385e-18
1.74744871	1.0301651938727054e-18
1.748601998	1.031810804649031e-18
1.749755285	1.032924100543477e-18
1.750908573	1.0276644481866808e-18
1.752061861	1.0210380647976993e-18
1.753215149	1.0059023207755668e-18
1.754368436	9.777801244094529e-19
1.755521724	9.438808829873628e-19
1.756675012	9.072756585552742e-19
1.7578283	8.57002563327614e-19
1.758981587	7.927172919855021e-19
1.760134875	7.219135399434159e-19
1.761288163	6.742128555863469e-19
1.76244145	6.572912985810444e-19
1.763594738	6.904003815667832e-19
1.764748026	7.761173390592145e-19
1.765901314	8.68571669647363e-19
1.767054601	9.427503147320733e-19
1.768207889	9.464082011061252e-19
1.769361177	8.837170075157696e-19
1.770514465	7.906880767848618e-19
1.771667752	6.859053935684636e-19
1.77282104	6.106283354052222e-19
1.773974328	5.636016711323816e-19
1.775127616	5.375289529356255e-19
1.776280903	5.283904054422689e-19
1.777434191	5.259276118693373e-19
1.778587479	5.285972182193547e-19
1.779740767	5.353088832854607e-19
1.780894054	5.445080233833181e-19
1.782047342	5.399443513150213e-19
1.78320063	5.399803461150784e-19
1.784353918	5.592785259333545e-19
1.785507205	6.168750168173985e-19
1.786660493	7.395636452865283e-19
1.787813781	8.614263920302301e-19
1.788967069	9.590551575955914e-19
1.790120356	1.0018592831079802e-18
1.791273644	9.373344446228257e-19
1.792426932	8.251234536351885e-19
1.79358022	6.999985359375228e-19
1.794733507	6.151721819001002e-19
1.795886795	6.2877632126879475e-19
1.797040083	6.9849780556597195e-19
1.79819337	8.107840198296643e-19
1.799346658	9.429792474861965e-19
1.800499946	1.083922806534999e-18
1.801653234	1.2517224912500467e-18
1.802806521	1.4231680331536451e-18
1.803959809	1.56061807145593e-18
1.805113097	1.6852150585186785e-18
1.806266385	1.8358999825931975e-18
1.807419672	2.0114279590824625e-18
1.80857296	2.257775565681464e-18
1.809726248	2.585465271494309e-18
1.810879536	2.98270935285234e-18
1.812032823	3.4505926743273386e-18
1.813186111	3.956331055027119e-18
1.814339399	4.497439481521059e-18
1.815492687	5.069127980005828e-18
1.816645974	5.691878838648633e-18
1.817799262	6.4227478832308376e-18
1.81895255	6.858219318794931e-18
1.820105838	6.885976430334771e-18
1.821259125	7.089016068913799e-18
1.822412413	7.442862277076008e-18
1.823565701	7.655755852773728e-18
1.824718989	7.916167434934333e-18
1.825872276	8.389123849715434e-18
1.827025564	9.100449844879234e-18
1.828178852	9.919821882328975e-18
1.82933214	1.0636189315119568e-17
1.830485427	1.1155064798521338e-17
1.831638715	1.1425274461965062e-17
1.832792003	1.1503829790560523e-17
1.83394529	0.
1.835098578	0.
1.836251866	0.
1.837405154	0.
1.838558441	0.
1.839711729	0.
1.840865017	0.
1.842018305	0.
1.843171592	0.
1.84432488	0.
1.845478168	0.
1.846631456	0.
1.847784743	0.
1.848938031	0.
1.850091319	0.
1.851244607	0.
1.852397894	0.
1.853551182	0.
1.85470447	0.
1.855857758	0.
1.857011045	0.
1.858164333	0.
1.859317621	0.
1.860470909	0.
1.861624196	0.
1.862777484	0.
1.863930772	0.
1.86508406	0.
1.866237347	0.
1.867390635	0.
1.868543923	0.
1.86969721	0.
1.870850498	0.
1.872003786	1.566595318547972e-18
1.873157074	1.6091823603633875e-18
1.874310361	1.78130724828539e-18
1.875463649	2.114025557408532e-18
1.876616937	2.1515840973662237e-18
1.877770225	-9.315079313940136e-18
1.878923512	3.3528568584375288e-18
1.8800768	2.30027266130601e-18
1.881230088	1.3969512131885062e-18
1.882383376	6.594466896993471e-19
1.883536663	3.6861202468194565e-19
1.884689951	2.2960158206168936e-20
1.885843239	6.877917394256145e-17
1.886996527	3.546107797612186e-18
1.888149814	3.303873070754506e-18
1.889303102	3.9163439943795315e-18
1.89045639	6.212301405620557e-18
1.891609678	2.6796610790334093e-17
1.892762965	-3.542024312719608e-18
1.893916253	7.126519717298194e-19
1.895069541	1.508367575134271e-18
1.896222829	1.6063129127295908e-18
1.897376116	1.522017258011674e-18
1.898529404	1.3530672929367153e-18
1.899682692	1.0657309379348082e-18
1.90083598	1.468779056588672e-18
1.901989267	2.407051385739376e-18
1.903142555	3.0944542956447438e-18
1.904295843	3.529902660033474e-18
1.905449131	3.5220925430467765e-18
1.906602418	3.1068357232291922e-18
1.907755706	2.653154111042976e-18
1.908908994	2.247573104133474e-18
1.910062281	1.913656508860741e-18
1.911215569	1.8671599336140236e-18
1.912368857	6.293303662044842e-18
1.913522145	-4.326025349694268e-18
1.914675432	9.918391332629175e-19
1.91582872	-9.031148481100772e-18
1.916982008	-3.926583947755617e-18
1.918135296	-1.921392008049988e-18
1.919288583	-4.863218328482702e-19
1.920441871	4.1822545261139184e-19
1.921595159	8.680801204120342e-19
1.922748447	1.0645053600043788e-18
1.923901734	1.1308429801302387e-18
1.925055022	1.1068228151557916e-18
1.92620831	1.0095170749541178e-18
1.927361598	8.455008690502067e-19
1.928514885	6.255873595098392e-19
1.929668173	4.863203640841979e-19
1.930821461	4.961220657112813e-19
1.931974749	5.720022794882557e-19
1.933128036	6.264234826845944e-19
1.934281324	6.2978692004337e-19
1.935434612	5.711157269411655e-19
1.9365879	4.574471891008125e-19
1.937741187	3.463563612507111e-19
1.938894475	3.4501698332474977e-19
1.940047763	4.104807530619486e-19
1.941201051	4.713966066130761e-19
1.942354338	5.121029811004302e-19
1.943507626	5.737416384080328e-19
1.944660914	6.480558717522219e-19
1.945814201	6.778357015276398e-19
1.946967489	6.029813194450556e-19
1.948120777	4.871497475477396e-19
1.949274065	4.2044998121787935e-19
1.950427352	4.0323680583203224e-19
1.95158064	4.0971626304876648e-19
1.952733928	4.2027465508242253e-19
1.953887216	4.190969404290981e-19
1.955040503	4.224273855430625e-19
1.956193791	4.227809975675764e-19
1.957347079	4.114467108692245e-19
1.958500367	3.9621901004659745e-19
1.959653654	3.845162238667872e-19
1.960806942	3.7289059359332817e-19
1.96196023	3.586229518630184e-19
1.963113518	3.344456468104134e-19
1.964266805	2.884107194105519e-19
1.965420093	2.296384206679758e-19
1.966573381	2.0173068451548403e-19
1.967726669	2.2921191395892043e-19
1.968879956	2.667545449284634e-19
1.970033244	2.8076163587212277e-19
1.971186532	2.688240990627924e-19
1.97233982	2.6661481648924965e-19
1.973493107	2.951089238340439e-19
1.974646395	3.305834602417795e-19
1.975799683	3.5687965035140604e-19
1.976952971	3.6984596213013234e-19
1.978106258	3.7080524774726957e-19
1.979259546	3.4570049293501692e-19
1.980412834	3.0675996288986296e-19
1.981566121	2.77393319687681e-19
1.982719409	2.68175225480179e-19
1.983872697	2.6873356977836587e-19
1.985025985	2.7399392370381243e-19
1.986179272	2.794786019642121e-19
1.98733256	2.733532332596596e-19
1.988485848	2.581534386344742e-19
1.989639136	2.453189756858035e-19
1.990792423	2.3464951880395818e-19
1.991945711	2.2369630337266606e-19
1.993098999	2.086236294747253e-19
1.994252287	1.8360097719345208e-19
1.995405574	1.4296899749802563e-19
1.996558862	7.781881707416093e-20
1.99771215	-3.575070861766406e-21
1.998865438	-5.043353091468529e-20
2.000018725	5.595574009833255e-20
2.001172013	2.9647614801203723e-19
2.002325301	5.295295069058795e-19
2.003478589	6.156702443027694e-19
2.004631876	5.212281164100661e-19
2.005785164	3.4309310460667344e-19
2.006938452	2.063098679669948e-19
2.00809174	1.4819730551928417e-19
2.009245027	1.4412328860684028e-19
2.010398315	1.5626533170494318e-19
2.011551603	1.5778185191351944e-19
2.012704891	1.573684858625781e-19
2.013858178	1.6563605633244027e-19
2.015011466	1.8555476360489226e-19
2.016164754	2.1040390942608682e-19
2.017318041	2.374176543951585e-19
2.018471329	2.5573964714224095e-19
2.019624617	2.6086859905801403e-19
2.020777905	2.5688269885388235e-19
2.021931192	2.5763038805676563e-19
2.02308448	2.667643121868375e-19
2.024237768	2.8190397496048515e-19
2.025391056	3.063841053373663e-19
2.026544343	3.310695230224612e-19
2.027697631	3.338944675486027e-19
2.028850919	2.9904718541723656e-19
2.030004207	2.519206766276986e-19
2.031157494	2.2489878132268216e-19
2.032310782	2.35953909069893e-19
2.03346407	2.5065378673504793e-19
2.034617358	2.2674271081143253e-19
2.035770645	1.8430722257327083e-19
2.036923933	1.8344268111565219e-19
2.038077221	2.5248668361062883e-19
2.039230509	3.2282594231858334e-19
2.040383796	3.6221676679882253e-19
2.041537084	3.690182974023882e-19
2.042690372	3.2206190790079247e-19
2.04384366	2.0401947485463268e-19
2.044996947	7.572835595910028e-20
2.046150235	2.9471643955755746e-20
2.047303523	6.671646779507875e-20
2.048456811	1.2625560761019803e-19
2.049610098	1.549899043308619e-19
2.050763386	1.6854180537227414e-19
2.051916674	1.779931789319688e-19
2.053069961	1.9200671543694223e-19
2.054223249	2.212781477999342e-19
2.055376537	2.7076563028550607e-19
2.056529825	3.0110213355601037e-19
2.057683112	2.837605264582396e-19
2.0588364	2.3485142513201505e-19
2.059989688	1.9057168876919958e-19
2.061142976	1.7425120666979405e-19
2.062296263	1.7195461986540053e-19
2.063449551	1.7488050461232304e-19
2.064602839	1.7103082390288455e-19
2.065756127	1.5311612294012652e-19
2.066909414	1.2863919949944695e-19
2.068062702	1.1812538603803882e-19
2.06921599	1.3802427413993448e-19
2.070369278	1.8052569741021664e-19
2.071522565	2.1471737821789456e-19
2.072675853	2.245392132592697e-19
2.073829141	2.1420547476736123e-19
2.074982429	1.8554971112045955e-19
2.076135716	1.456950566814106e-19
2.077289004	1.1072193125055343e-19
2.078442292	9.776175617156835e-20
2.07959558	9.938949249361421e-20
2.080748867	1.0159139304142889e-19
2.081902155	9.811246276256231e-20
2.083055443	1.0035071446124946e-19
2.084208731	1.166338814198593e-19
2.085362018	1.3718725726189018e-19
2.086515306	1.5059893455088441e-19
2.087668594	1.5289886128339153e-19
2.088821881	1.4995080086978668e-19
2.089975169	1.4798655035431753e-19
2.091128457	1.4822424908351664e-19
2.092281745	1.4750079993459568e-19
2.093435032	1.402804671622425e-19
2.09458832	1.2926392140249538e-19
2.095741608	1.180417900685274e-19
2.096894896	1.0661770715698494e-19
2.098048183	9.63375904278222e-20
2.099201471	8.978295984773008e-20
2.100354759	9.00914013691373e-20
2.101508047	9.97923331009005e-20
2.102661334	1.1445330259375762e-19
2.103814622	1.2691517600168716e-19
2.10496791	1.3137041450190401e-19
2.106121198	1.184346802503026e-19
2.107274485	7.751187448653266e-20
2.108427773	1.8166171701700095e-20
2.109581061	-3.70962561501021e-20
2.110734349	-6.696846846629312e-20
2.111887636	-6.228170058238101e-20
2.113040924	-1.6813862725590413e-20
2.114194212	5.1704365601446544e-20
2.1153475	1.11621207621642e-19
2.116500787	1.3732115739500578e-19
2.117654075	1.3656717638988682e-19
2.118807363	1.2294711646700468e-19
2.119960651	1.0874113224484301e-19
2.121113938	1.0303422131178387e-19
2.122267226	1.1748529919413835e-19
2.123420514	1.391849032966313e-19
2.124573801	1.4968187279280477e-19
2.125727089	1.4188726016097552e-19
2.126880377	1.2939970811632518e-19
2.128033665	1.2323560385047903e-19
2.129186952	1.2470955272929796e-19
2.13034024	1.3402904255198267e-19
2.131493528	1.4773650770882208e-19
2.132646816	1.5888464761919666e-19
2.133800103	1.6080355542228291e-19
2.134953391	1.5705548752871097e-19
2.136106679	1.5219878503683362e-19
2.137259967	1.4672727717255096e-19
2.138413254	1.4174117609508235e-19
2.139566542	1.418290663577961e-19
2.14071983	1.4105119811805388e-19
2.141873118	1.3199744470126432e-19
2.143026405	1.131893131594088e-19
2.144179693	9.34519263350276e-20
2.145332981	7.98697639625599e-20
2.146486269	8.118580011589258e-20
2.147639556	1.0583454561787259e-19
2.148792844	1.5331091764134065e-19
2.149946132	1.963908237368239e-19
2.15109942	2.0914451349493144e-19
2.152252707	1.9377583454893426e-19
2.153405995	1.6323726882036423e-19
2.154559283	1.3061560903807345e-19
2.155712571	1.0328818365056385e-19
2.156865858	9.076774344842079e-20
2.158019146	9.143216044048101e-20
2.159172434	9.734362483414367e-20
2.160325722	1.0095265021501923e-19
2.161479009	1.0192359692623437e-19
2.162632297	9.965056229567052e-20
2.163785585	9.498985026488823e-20
2.164938872	9.288573287887482e-20
2.16609216	9.639081101095877e-20
2.167245448	9.735214923299556e-20
2.168398736	9.825119417966883e-20
2.169552023	1.021579600010233e-19
2.170705311	9.893304616524004e-20
2.171858599	8.11007840542698e-20
2.173011887	5.76610757679699e-20
2.174165174	3.8209009349097134e-20
2.175318462	3.235246884574729e-20
2.17647175	4.808280556161953e-20
2.177625038	9.108695044841077e-20
2.178778325	1.3004536935751657e-19
2.179931613	1.3314885879764493e-19
2.181084901	1.018125891425961e-19
2.182238189	6.383347290353399e-20
2.183391476	4.431169155683741e-20
2.184544764	4.1264949350823246e-20
2.185698052	4.840394419466722e-20
2.18685134	5.650835145800767e-20
2.188004627	5.1349177712853524e-20
2.189157915	1.2350898983901254e-20
2.190311203	-3.0320695118325284e-20
2.191464491	-3.2749394831892755e-20
2.192617778	1.616654356207601e-20
2.193771066	6.993831540745826e-20
2.194924354	9.71426106362294e-20
2.196077642	9.724160855198568e-20
2.197230929	7.300518810983181e-20
2.198384217	3.081977352957571e-20
2.199537505	-7.237518424158753e-21
2.200690792	-1.4125284912953585e-20
2.20184408	4.021050658520213e-21
2.202997368	2.8616928985390584e-20
2.204150656	4.483279141961633e-20
2.205303943	4.675453604163073e-20
2.206457231	2.0350588963261274e-20
2.207610519	-1.4695430955787956e-20
2.208763807	-1.5728208296249075e-20
2.209917094	3.853881494476537e-20
2.211070382	9.554064307424523e-20
2.21222367	1.131679521333258e-19
2.213376958	9.382075170875465e-20
2.214530245	5.971252174621377e-20
2.215683533	2.9796566263411064e-20
2.216836821	9.529010489149335e-21
2.217990109	6.985592950975052e-21
2.219143396	2.031880057748199e-20
2.220296684	3.963556171050808e-20
2.221449972	5.499515013880146e-20
2.22260326	5.910917656594923e-20
2.223756547	4.236323304819158e-20
2.224909835	1.4167105791908075e-20
2.226063123	5.886724504550183e-21
2.227216411	4.8045371147756136e-20
2.228369698	1.0382896430590891e-19
2.229522986	1.4039659424248272e-19
2.230676274	1.4963271023524916e-19
2.231829562	1.4046946779355646e-19
2.232982849	1.1851279696004394e-19
2.234136137	9.108213878051759e-20
2.235289425	6.822763372141939e-20
2.236442712	5.641205449533313e-20
2.237596	5.457622750934567e-20
2.238749288	6.020262099302513e-20
2.239902576	6.830889303683672e-20
2.241055863	7.53130644233559e-20
2.242209151	7.851832123210103e-20
2.243362439	7.560096184372116e-20
2.244515727	6.423200872382369e-20
2.245669014	5.222051004005652e-20
2.246822302	4.930493106447967e-20
2.24797559	6.018474339867229e-20
2.249128878	7.751004124272766e-20
2.250282165	9.443819928750804e-20
2.251435453	1.0772042235743535e-19
2.252588741	1.1385296529704445e-19
2.253742029	1.1128614322692732e-19
2.254895316	1.03522134545389e-19
2.256048604	9.527741723215722e-20
2.257201892	8.973252755571871e-20
2.25835518	8.739327430663765e-20
2.259508467	8.780274777462208e-20
2.260661755	8.909532467710143e-20
2.261815043	8.896133477849762e-20
2.262968331	8.597480547234165e-20
2.264121618	8.166454286394835e-20
2.265274906	7.862342556674156e-20
2.266428194	6.734792441660491e-20
2.267581482	3.0440106893879e-20
2.268734769	-2.964421927131516e-20
2.269888057	-7.371451024477355e-20
2.271041345	-4.588156723100875e-20
2.272194632	8.584511061076548e-21
2.27334792	5.0112136059737403e-20
2.274501208	7.359759932978942e-20
2.275654496	8.378703795500618e-20
2.276807783	8.275516480775413e-20
2.277961071	7.508773363061036e-20
2.279114359	6.54591533898566e-20
2.280267647	5.759409615793783e-20
2.281420934	5.387638439096193e-20
2.282574222	5.446976385701526e-20
2.28372751	5.961217755297091e-20
2.284880798	7.170269929891782e-20
2.286034085	8.662656760206064e-20
2.287187373	9.574365127852892e-20
2.288340661	9.709016494231552e-20
2.289493949	5.387800156935965e-20
2.290647236	-8.461664340511473e-20
2.291800524	-3.049341008381016e-19
2.292953812	-4.720878405031165e-19
2.2941071	-4.373737923126767e-19
2.295260387	-2.750979270076855e-19
2.296413675	-1.118123184939214e-19
2.297566963	-6.777346268668294e-21
2.298720251	5.21601022375955e-20
2.299873538	6.083167808861147e-20
2.301026826	3.872313071559364e-20
2.302180114	1.528235044667825e-20
2.303333402	1.0276028741415108e-20
2.304486689	1.0953775237350119e-20
2.305639977	6.138247389132493e-21
2.306793265	-8.84957086755346e-22
2.307946552	-4.2244252345105676e-21
2.30909984	-1.0383597341900811e-21
2.310253128	7.165384581135944e-21
2.311406416	2.0074609152042234e-20
2.312559703	3.1414515386113143e-20
2.313712991	3.329055949872035e-20
2.314866279	2.0335414069589275e-20
2.316019567	1.5958591064577218e-21
2.317172854	-8.239180533174219e-21
2.318326142	-8.167241957735853e-21
2.31947943	-6.520270171631911e-21
2.320632718	-9.410496305442702e-21
2.321786005	-1.5994757978628646e-20
2.322939293	-2.5870421966873696e-20
2.324092581	-3.446570181461946e-20
2.325245869	-3.6836262147231596e-20
2.326399156	-3.116928413884502e-20
2.327552444	-2.3382571770676594e-20
2.328705732	-2.0034552013699894e-20
2.32985902	-2.1252461858604768e-20
2.331012307	-2.2280825965744817e-20
2.332165595	-1.8925856909516796e-20
2.333318883	-2.2189737697975095e-20
2.334472171	-4.6079563486289495e-20
2.335625458	-8.60069642303607e-20
2.336778746	-1.1654758202983333e-19
2.337932034	-1.1366459607712616e-19
2.339085322	-8.50178273132235e-20
2.340238609	-4.2999812832382764e-20
2.341391897	-3.1489543591592003e-21
2.342545185	2.0168320263666413e-20
2.343698472	1.4208167502468547e-20
2.34485176	-7.919497388126455e-21
2.346005048	-3.0054009288185823e-20
2.347158336	-4.216620755843002e-20
2.348311623	-4.426717479388051e-20
2.349464911	-3.532316028675733e-20
2.350618199	-2.0513711665261818e-20
2.351771487	-6.19150068794969e-21
2.352924774	1.362656133783676e-21
2.354078062	-5.928151111959861e-21
2.35523135	-3.3708857553077015e-20
2.356384638	-7.312175981978348e-20
2.357537925	-1.136864647192652e-19
2.358691213	-1.4327058024764232e-19
2.359844501	-1.5015276046842183e-19
2.360997789	-1.2482166094524474e-19
2.362151076	-8.993983065809687e-20
2.363304364	-7.567068724416016e-20
2.364457652	-1.0005365709614034e-19
2.36561094	-1.375713962519229e-19
2.366764227	-1.6053101545824902e-19
2.367917515	-1.583497702661879e-19
2.369070803	-1.2657715584080137e-19
2.370224091	-6.994841325321124e-20
2.371377378	-2.2077822704078087e-20
2.372530666	-1.5608402468339112e-20
2.373683954	-3.9586944350362096e-20
2.374837242	-6.608468497718614e-20
2.375990529	-7.232326125987244e-20
2.377143817	-6.667142612526845e-20
2.378297105	-5.484074823580171e-20
2.379450392	-3.9740516752604915e-20
2.38060368	-2.3722794529476904e-20
2.381756968	-8.950582728340662e-21
2.382910256	3.0315135653179163e-21
2.384063543	1.1181953490293622e-20
2.385216831	1.4784752447669654e-20
2.386370119	1.3925725279004968e-20
2.387523407	9.076908311498944e-21
2.388676694	2.3368453306984935e-21
2.389829982	-4.5012587839500104e-21
2.39098327	-9.964760619890818e-21
2.392136558	-1.2389079199507425e-20
2.393289845	-1.0370707221250134e-20
2.394443133	-5.3411845556379156e-21
2.395596421	1.3520118305913465e-21
2.396749709	5.1874979930017344e-21
2.397902996	-1.375035998127551e-21
2.399056284	-2.518537743504053e-20
2.400209572	-5.2646950202946194e-20
2.40136286	-6.458791600006057e-20
2.402516147	-5.270661469133016e-20
2.403669435	-3.005397486176346e-20
2.404822723	-7.468377972163657e-21
2.405976011	5.347710334864587e-21
2.407129298	-1.0589285621744263e-22
2.408282586	-2.7163699065001975e-20
2.409435874	-7.062050427561452e-20
2.410589162	-1.2895977612028498e-19
2.411742449	-1.8649156871944694e-19
2.412895737	-2.122270180184763e-19
2.414049025	-1.8193700686374882e-19
2.415202313	-1.1406097095783473e-19
2.4163556	-3.104103991201625e-20
2.417508888	3.596291546884026e-20
2.418662176	6.219310281485037e-20
2.419815463	4.5992446504408664e-20
2.420968751	1.2160117370737748e-20
2.422122039	-1.4074275740419486e-20
2.423275327	-3.1010971688205724e-20
2.424428614	-4.6632583210609103e-20
2.425581902	-6.514517313673837e-20
2.42673519	-8.573848219270896e-20
2.427888478	-1.1116206969055528e-19
2.429041765	-1.344115670422556e-19
2.430195053	-1.4489405449438753e-19
2.431348341	-1.3414280644548595e-19
2.432501629	-9.193364253288475e-20
2.433654916	-5.54318655187191e-21
2.434808204	7.540855435893027e-20
2.435961492	8.806148783871645e-20
2.43711478	-5.83776428754657e-21
2.438268067	-1.3170719248246266e-19
2.439421355	-1.7953913720550457e-19
2.440574643	-1.355815852546672e-19
2.441727931	-7.032319775496734e-20
2.442881218	-4.023911365042726e-22
2.444034506	-3.065739816938097e-19
2.445187794	-2.953678428385073e-19
2.446341082	5.222329402866598e-19
2.447494369	1.2924597548424381e-19
2.448647657	9.211524889379881e-20
2.449800945	7.879085973791209e-20
2.450954233	7.618409194228245e-20
2.45210752	5.3922892509015254e-20
2.453260808	-4.8953540254974853e-20
2.454414096	-3.1088562815258227e-19
2.455567383	-6.334646941600615e-19
2.456720671	-7.747183339351755e-19
2.457873959	-5.960386180628982e-19
2.459027247	-3.2586582380295314e-19
2.460180534	-1.224060559911569e-19
2.461333822	-5.520867888233952e-21
2.46248711	2.2670111184954065e-20
2.463640398	-3.482958298911972e-20
2.464793685	-1.2812762419487573e-19
2.465946973	-1.9380319707514698e-19
2.467100261	-1.9903683967440907e-19
2.468253549	-1.3548110386054673e-19
2.469406836	-3.61155318831783e-20
2.470560124	4.338388110205328e-20
2.471713412	7.613371636561032e-20
2.4728667	7.804493285079627e-20
2.474019987	6.589448362297499e-20
2.475173275	4.739346292901172e-20
2.476326563	3.868733967297188e-20
2.477479851	1.602303245429795e-19
2.478633138	-3.2800534941246173e-19
2.479786426	-6.383711061010144e-20
2.480939714	1.2762309310474295e-19
2.482093002	3.69928973890203e-19
2.483246289	9.649690472101414e-19
2.484399577	-8.013314802516725e-19
2.485552865	-2.8222879064676376e-19
2.486706153	-5.005355730599838e-19
2.48785944	-9.8306630095424e-19
2.489012728	-1.0504622310227457e-18
2.490166016	-6.850526866602885e-19
2.491319303	-6.097637712312898e-19
2.492472591	6.706981054678635e-19
2.493625879	2.3638179749877414e-19
2.494779167	2.935014549452278e-19
2.495932454	4.370895606966188e-19
2.497085742	5.804150756567054e-19