0.45	1.1015100877304187e-17
0.451155239	1.1093937443957767e-17
0.452310479	9.849099503249148e-18
0.453465718	9.162794761766595e-18
0.454620957	9.676305204023512e-18
0.455776196	1.0374046032933354e-17
0.456931436	1.1326325170754329e-17
0.458086675	1.1233996535735297e-17
0.459241914	1.1817413980261945e-17
0.460397153	1.2287129192435941e-17
0.461552393	1.2255866374704216e-17
0.462707632	1.1539436265111235e-17
0.463862871	1.1867239799357269e-17
0.46501811	1.2025657034896996e-17
0.46617335	1.2885060109584638e-17
0.467328589	1.3498379793989279e-17
0.468483828	1.3810031394884781e-17
0.469639068	1.3870251767505812e-17
0.470794307	1.4298631619744098e-17
0.471949546	1.3325655244530853e-17
0.473104785	1.3641848505416312e-17
0.474260025	1.4718161800094415e-17
0.475415264	1.4683398589350625e-17
0.476570503	1.4179672133372664e-17
0.477725742	1.3548039129402346e-17
0.478880982	1.449835636399901e-17
0.480036221	1.443637431183164e-17
0.48119146	1.5258244289645674e-17
0.4823467	1.743267343252706e-17
0.483501939	1.9403055640262508e-17
0.484657178	1.829413004519815e-17
0.485812417	1.310809116422911e-17
0.486967657	1.432446712398894e-17
0.488122896	1.5615509505064486e-17
0.489278135	1.6975715306796423e-17
0.490433374	1.7230107753529006e-17
0.491588614	1.7768733024040722e-17
0.492743853	1.709910404175476e-17
0.493899092	1.7748657801728927e-17
0.495054331	1.7611018062774078e-17
0.496209571	1.6252419095861138e-17
0.49736481	1.4334670474733852e-17
0.498520049	1.4736639733102873e-17
0.499675289	1.3152410125411339e-17
0.500830528	1.2679944838916347e-17
0.501985767	1.3257425564240066e-17
0.503141006	1.4282901734713432e-17
0.504296246	1.4750238508550763e-17
0.505451485	1.456617174622465e-17
0.506606724	1.5404213761844886e-17
0.507761963	1.5331969218953385e-17
0.508917203	1.4131156017388646e-17
0.510072442	1.4512922807181526e-17
0.511227681	1.497309409705868e-17
0.512382921	1.4782034808139146e-17
0.51353816	1.4445134064539486e-17
0.514693399	1.423504674564588e-17
0.515848638	1.3124710958250355e-17
0.517003878	1.2042923414521612e-17
0.518159117	1.209901886372187e-17
0.519314356	1.2061864179294491e-17
0.520469595	1.2628764837534658e-17
0.521624835	1.4537677193785247e-17
0.522780074	1.8129493875661598e-17
0.523935313	1.8491656245025653e-17
0.525090552	1.7813346635161502e-17
0.526245792	1.8223336002859998e-17
0.527401031	1.756944660921532e-17
0.52855627	1.9435330894531286e-17
0.52971151	2.2386311467785425e-17
0.530866749	2.3323314905065998e-17
0.532021988	2.1856379616762557e-17
0.533177227	2.0334422339433348e-17
0.534332467	2.1598371836417885e-17
0.535487706	2.2431427098178938e-17
0.536642945	2.338184092142927e-17
0.537798184	2.273391443531595e-17
0.538953424	2.1683189064960113e-17
0.540108663	2.2451411057153767e-17
0.541263902	2.203735057239932e-17
0.542419142	2.2032400765605942e-17
0.543574381	2.227598797083053e-17
0.54472962	2.234577906244769e-17
0.545884859	2.1646862613464877e-17
0.547040099	2.1298462175599234e-17
0.548195338	2.1390837069310747e-17
0.549350577	2.1009851428699306e-17
0.550505816	2.077103326486896e-17
0.551661056	2.1700460763071517e-17
0.552816295	2.3244432093389106e-17
0.553971534	2.4006642433712762e-17
0.555126773	2.454206266447757e-17
0.556282013	2.5048405195271663e-17
0.557437252	2.4355363858118942e-17
0.558592491	2.4183193967849163e-17
0.559747731	2.349388819845247e-17
0.56090297	2.3240137691188895e-17
0.562058209	2.2884729023392702e-17
0.563213448	2.240418136847461e-17
0.564368688	2.317706998358016e-17
0.565523927	2.392899693196961e-17
0.566679166	2.3207561918952933e-17
0.567834405	2.3804459846145858e-17
0.568989645	2.5624168389127295e-17
0.570144884	2.421417898654683e-17
0.571300123	2.4041961938327322e-17
0.572455362	2.5315648440852738e-17
0.573610602	2.6378027313951926e-17
0.574765841	2.5636898123586497e-17
0.57592108	2.6267719113554776e-17
0.57707632	2.587856121775927e-17
0.578231559	2.4411181553964012e-17
0.579386798	2.4298712595627277e-17
0.580542037	2.6092540489290423e-17
0.581697277	2.822167677270041e-17
0.582852516	2.8743606335759304e-17
0.584007755	2.80552555523102e-17
0.585162994	2.727462013682062e-17
0.586318234	2.768831673465287e-17
0.587473473	2.4208399765868864e-17
0.588628712	1.882834887917119e-17
0.589783952	2.0426798493525222e-17
0.590939191	2.3189795135916516e-17
0.59209443	2.4725856372725298e-17
0.593249669	2.5026072620763038e-17
0.594404909	2.5376924457783635e-17
0.595560148	2.6016057157364204e-17
0.596715387	2.6360152258599884e-17
0.597870626	2.6553397477430883e-17
0.599025866	2.5965976208309906e-17
0.600181105	2.546617101958751e-17
0.601336344	2.5959245308802188e-17
0.602491583	2.7811548844176816e-17
0.603646823	2.7742347952392893e-17
0.604802062	2.8867335565422624e-17
0.605957301	2.978859378122005e-17
0.607112541	2.98834327878904e-17
0.60826778	2.8869490918143905e-17
0.609423019	2.803191822871043e-17
0.610578258	2.868810111625232e-17
0.611733498	2.7150535020165855e-17
0.612888737	2.612618699872432e-17
0.614043976	2.691858951500615e-17
0.615199215	2.6961967321959374e-17
0.616354455	2.5396562027476293e-17
0.617509694	2.325374450936005e-17
0.618664933	2.3969037186493348e-17
0.619820173	2.4495687066505245e-17
0.620975412	2.3719273187456363e-17
0.622130651	2.2717529959607875e-17
0.62328589	2.1882454536033994e-17
0.62444113	2.1864730508756983e-17
0.625596369	2.2942756136203563e-17
0.626751608	2.3143710923510272e-17
0.627906847	2.3882816232383615e-17
0.629062087	2.521376928464605e-17
0.630217326	2.5439002529856226e-17
0.631372565	2.552831462699673e-17
0.632527804	2.6633418465719673e-17
0.633683044	2.7127410821347372e-17
0.634838283	2.6467336724244155e-17
0.635993522	2.680871159285421e-17
0.637148762	2.6186417163435956e-17
0.638304001	2.712143686990992e-17
0.63945924	2.814172706092519e-17
0.640614479	2.823150470668366e-17
0.641769719	2.776431835418388e-17
0.642924958	2.757666941400705e-17
0.644080197	2.782338289623355e-17
0.645235436	2.8035593041998946e-17
0.646390676	2.8916467888441813e-17
0.647545915	2.8852946305035185e-17
0.648701154	2.7829486109898785e-17
0.649856394	2.777515490747717e-17
0.651011633	2.842931675229048e-17
0.652166872	2.9255856035313976e-17
0.653322111	3.006817564053316e-17
0.654477351	3.0797471375958316e-17
0.65563259	3.0991096193537686e-17
0.656787829	3.428791284510415e-17
0.657943068	3.3373385140746585e-17
0.659098308	3.062672732019358e-17
0.660253547	3.003939138739186e-17
0.661408786	2.9501122908255893e-17
0.662564025	2.9602547464937493e-17
0.663719265	2.9370344624596536e-17
0.664874504	2.851979384600486e-17
0.666029743	2.776995632673389e-17
0.667184983	2.7309924235714606e-17
0.668340222	2.6883727175270733e-17
0.669495461	2.6559601391726117e-17
0.6706507	2.6016584893995547e-17
0.67180594	2.5828174116287893e-17
0.672961179	2.579363254714382e-17
0.674116418	2.5513887351888968e-17
0.675271657	2.588049594777682e-17
0.676426897	2.7244347195866847e-17
0.677582136	2.7092261930483104e-17
0.678737375	2.625754478974718e-17
0.679892614	2.643103131463395e-17
0.681047854	2.701513231356351e-17
0.682203093	2.7591525899997924e-17
0.683358332	2.795034377362807e-17
0.684513572	2.800472960645966e-17
0.685668811	2.874828444476012e-17
0.68682405	2.988366338068059e-17
0.687979289	2.968492390805838e-17
0.689134529	2.8897947553944705e-17
0.690289768	2.8961617877139224e-17
0.691445007	2.9021576444388843e-17
0.692600246	2.8638111414973344e-17
0.693755486	2.8403967801814846e-17
0.694910725	2.8514458368540595e-17
0.696065964	2.9365284062129915e-17
0.697221204	3.018430198155401e-17
0.698376443	2.9846403183868974e-17
0.699531682	2.926066590954339e-17
0.700686921	2.9334686122624535e-17
0.701842161	2.998726440624424e-17
0.7029974	3.0285118612413906e-17
0.704152639	3.0463571162839434e-17
0.705307878	2.950421883003041e-17
0.706463118	2.725567835627753e-17
0.707618357	2.566601021913397e-17
0.708773596	2.5156103755613325e-17
0.709928835	2.4757223727607386e-17
0.711084075	2.422173877221677e-17
0.712239314	2.281499479679379e-17
0.713394553	2.2075405474448017e-17
0.714549793	2.2467445874196802e-17
0.715705032	2.3867324246934966e-17
0.716860271	2.4637734644191927e-17
0.71801551	2.4804475145479453e-17
0.71917075	2.4416803421202738e-17
0.720325989	2.364998693788111e-17
0.721481228	2.4920618311591574e-17
0.722636467	2.6579521861777664e-17
0.723791707	2.7101428218234793e-17
0.724946946	2.6730797861771303e-17
0.726102185	2.6458025357952838e-17
0.727257425	2.6459047372102044e-17
0.728412664	2.673180723698279e-17
0.729567903	2.715871806322741e-17
0.730723142	2.720885906484705e-17
0.731878382	2.783659367208862e-17
0.733033621	2.822940509130776e-17
0.73418886	2.831203022507902e-17
0.735344099	2.898695394995606e-17
0.736499339	3.005375804105059e-17
0.737654578	3.045908499386673e-17
0.738809817	3.063927159240845e-17
0.739965056	3.120057066329324e-17
0.741120296	3.1085993106543025e-17
0.742275535	3.070916961225597e-17
0.743430774	3.0435979261604867e-17
0.744586014	3.062465590110472e-17
0.745741253	3.0991219261387884e-17
0.746896492	3.03374332111889e-17
0.748051731	3.0509208964821606e-17
0.749206971	3.075477346233359e-17
0.75036221	3.120316132815838e-17
0.751517449	3.156405807471954e-17
0.752672688	3.17625983371923e-17
0.753827928	3.1615640486461146e-17
0.754983167	3.1239349695878735e-17
0.756138406	3.1145850097864907e-17
0.757293646	3.15748105869263e-17
0.758448885	3.3541057092667277e-17
0.759604124	3.780838882780481e-17
0.760759363	3.651048512011764e-17
0.761914603	2.6992576434502736e-17
0.763069842	2.5906597421987595e-17
0.764225081	2.6902912404717056e-17
0.76538032	2.5897055485149447e-17
0.76653556	2.5420283775012764e-17
0.767690799	2.6710053007840412e-17
0.768846038	2.881967236955609e-17
0.770001277	2.8790294352545436e-17
0.771156517	2.7956047794735615e-17
0.772311756	2.832104114861709e-17
0.773466995	2.9012572091546264e-17
0.774622235	2.9004021516043944e-17
0.775777474	2.894762299118358e-17
0.776932713	2.8518754109745535e-17
0.778087952	2.912895604205148e-17
0.779243192	2.99086871610248e-17
0.780398431	2.963246513864901e-17
0.78155367	2.929604181607033e-17
0.782708909	2.9017218754485614e-17
0.783864149	2.853882325965692e-17
0.785019388	2.7849408408550026e-17
0.786174627	2.802738904202546e-17
0.787329866	2.802125608737988e-17
0.788485106	2.7290078728010003e-17
0.789640345	2.617187129849517e-17
0.790795584	2.5916498860312472e-17
0.791950824	2.6364354016301335e-17
0.793106063	2.685226989471476e-17
0.794261302	2.6166085181151292e-17
0.795416541	2.6440756954715412e-17
0.796571781	2.775829511938367e-17
0.79772702	2.7990926367004194e-17
0.798882259	2.7748977638039883e-17
0.800037498	2.808482154957527e-17
0.801192738	2.829667910708366e-17
0.802347977	2.839661622216199e-17
0.803503216	2.798316375990487e-17
0.804658456	2.779290254056904e-17
0.805813695	2.7173301900283472e-17
0.806968934	2.62437861050714e-17
0.808124173	2.5858373541858917e-17
0.809279413	2.582510310466811e-17
0.810434652	2.524396418399158e-17
0.811589891	2.527943034618792e-17
0.81274513	2.618891845586969e-17
0.81390037	2.6650962288248854e-17
0.815055609	2.6510763905216632e-17
0.816210848	2.604904491311057e-17
0.817366087	2.562491921837536e-17
0.818521327	2.533998252343747e-17
0.819676566	2.5226805396260167e-17
0.820831805	2.525178984927757e-17
0.821987045	2.5913044160647256e-17
0.823142284	2.622226505097769e-17
0.824297523	2.6145131099970118e-17
0.825452762	2.6835979881043962e-17
0.826608002	2.781086401293125e-17
0.827763241	2.7280162717178595e-17
0.82891848	2.6340683086150462e-17
0.830073719	2.5206655495966754e-17
0.831228959	2.4585030591413622e-17
0.832384198	2.4993789145353672e-17
0.833539437	2.5062928435997048e-17
0.834694677	2.4655414711477938e-17
0.835849916	2.4690616221550505e-17
0.837005155	2.4640090219704976e-17
0.838160394	2.3835105689590017e-17
0.839315634	2.345994862887447e-17
0.840470873	2.5216889393143433e-17
0.841626112	2.508808741829656e-17
0.842781351	2.588801953815516e-17
0.843936591	2.479257531781948e-17
0.84509183	2.6688811868018307e-17
0.846247069	2.6313695059177747e-17
0.847402308	2.5990595434673642e-17
0.848557548	2.714409434633798e-17
0.849712787	2.711924428447436e-17
0.850868026	2.30169820856052e-17
0.852023266	2.449856142382e-17
0.853178505	2.4688861672376573e-17
0.854333744	2.2946677162327127e-17
0.855488983	2.0802736594005148e-17
0.856644223	2.4498216271533584e-17
0.857799462	2.5884933958305597e-17
0.858954701	2.482455412469414e-17
0.86010994	2.3162984025213832e-17
0.86126518	2.5574564299546668e-17
0.862420419	2.6078277731202715e-17
0.863575658	2.6242947027108975e-17
0.864730898	2.6259027386602188e-17
0.865886137	2.4613155074644567e-17
0.867041376	2.0393086758331628e-17
0.868196615	2.131261516894018e-17
0.869351855	2.4496989295782533e-17
0.870507094	2.5959537423467242e-17
0.871662333	2.5991673325849846e-17
0.872817572	2.653925906091785e-17
0.873972812	2.6388782287908622e-17
0.875128051	2.4581374247486162e-17
0.87628329	2.6579770114462488e-17
0.877438529	2.7477189252002403e-17
0.878593769	2.6991148162067978e-17
0.879749008	2.6355506286456658e-17
0.880904247	2.6130374429663875e-17
0.882059487	2.6508799002246957e-17
0.883214726	2.645277817396783e-17
0.884369965	2.6371150536899204e-17
0.885525204	2.4872431156834687e-17
0.886680444	2.3366730467542465e-17
0.887835683	2.545562490245779e-17
0.888990922	2.597512879050644e-17
0.890146161	2.5829296791579182e-17
0.891301401	2.5518156163185388e-17
0.89245664	2.5173864004099125e-17
0.893611879	2.517130944258419e-17
0.894767119	2.482645909290446e-17
0.895922358	2.445492138107487e-17
0.897077597	2.4219417746416705e-17
0.898232836	2.4291823428025874e-17
0.899388076	2.340481927503167e-17
0.900543315	2.2541649033023948e-17
0.901698554	2.1207183370262247e-17
0.902853793	2.3532756685060497e-17
0.904009033	2.4754746380185186e-17
0.905164272	2.5355145780129845e-17
0.906319511	2.5557119102281156e-17
0.90747475	2.608785934893628e-17
0.90862999	2.491539607229797e-17
0.909785229	2.3280530982695434e-17
0.910940468	2.2480354705219232e-17
0.912095708	2.270938125386162e-17
0.913250947	2.2800499173064777e-17
0.914406186	2.2284420515822228e-17
0.915561425	2.0852143697494772e-17
0.916716665	2.059685895720027e-17
0.917871904	2.0227607134195526e-17
0.919027143	2.0294814015388855e-17
0.920182382	1.9762866015896012e-17
0.921337622	1.9261469320845233e-17
0.922492861	1.89144394680916e-17
0.9236481	1.9412063564389786e-17
0.924803339	2.0090870046590643e-17
0.925958579	1.9943980483084162e-17
0.927113818	1.9698359329105238e-17
0.928269057	1.9407127556539868e-17
0.929424297	1.913827059159995e-17
0.930579536	1.9251708920839815e-17
0.931734775	1.8996123191164065e-17
0.932890014	1.847790109472685e-17
0.934045254	1.6966524576543612e-17
0.935200493	1.599530505324453e-17
0.936355732	1.575087245784715e-17
0.937510971	1.5878914204294072e-17
0.938666211	1.6079234137918464e-17
0.93982145	1.6535456534809726e-17
0.940976689	1.6761102521066477e-17
0.942131929	1.6816409944265107e-17
0.943287168	1.5879160010602326e-17
0.944442407	1.515705043893226e-17
0.945597646	1.6118581798396848e-17
0.946752886	1.698626983916504e-17
0.947908125	1.699622255011979e-17
0.949063364	1.725304713614062e-17
0.950218603	1.7900992007030496e-17
0.951373843	2.008474040609389e-17
0.952529082	2.131190715419415e-17
0.953684321	2.198906953384749e-17
0.95483956	1.8565220460085124e-17
0.9559948	1.6936746363129564e-17
0.957150039	1.6638761227152196e-17
0.958305278	1.6928081877117628e-17
0.959460518	1.671690890452425e-17
0.960615757	1.6232188344581517e-17
0.961770996	1.6288622877608302e-17
0.962926235	1.637720280447581e-17
0.964081475	1.606248679627699e-17
0.965236714	1.555685476988784e-17
0.966391953	1.4833209451700795e-17
0.967547192	1.5233408142328904e-17
0.968702432	1.5796298033635967e-17
0.969857671	1.5763392388663745e-17
0.97101291	0.
0.97216815	0.
0.973323389	0.
0.974478628	0.
0.975633867	0.
0.976789107	0.
0.977944346	0.
0.979099585	0.
0.980254824	0.
0.981410064	0.
0.982565303	0.
0.983720542	0.
0.984875781	0.
0.986031021	0.
0.98718626	0.
0.988341499	0.
0.989496739	0.
0.990651978	0.
0.991807217	0.
0.992962456	0.
0.994117696	0.
0.995272935	0.
0.996428174	0.
0.997583413	3.259019194559085e-17
0.998738653	3.2479811213482116e-17
0.999893892	3.221607240865876e-17
1.001049131	3.144742352039865e-17
1.002204371	3.0460663726702445e-17
1.00335961	2.9010093165215214e-17
1.004514849	2.7456780461237564e-17
1.005670088	2.743761615632557e-17
1.006825328	2.8378709563631436e-17
1.007980567	2.821837737983335e-17
1.009135806	2.821254029195343e-17
1.010291045	2.8234178809185723e-17
1.011446285	2.884251281849982e-17
1.012601524	2.867710986930645e-17
1.013756763	2.880349276786423e-17
1.014912002	2.885111208778976e-17
1.016067242	2.9130792548640156e-17
1.017222481	2.819473045211728e-17
1.01837772	2.778678976602102e-17
1.01953296	2.825062499140508e-17
1.020688199	2.899040693361961e-17
1.021843438	2.9500552419618313e-17
1.022998677	2.935029200489538e-17
1.024153917	2.890672603135429e-17
1.025309156	2.874174824157305e-17
1.026464395	2.8492608358210907e-17
1.027619634	2.812619955299601e-17
1.028774874	2.829171963903674e-17
1.029930113	2.871085126593088e-17
1.031085352	2.828442076193396e-17
1.032240591	2.788855837056694e-17
1.033395831	2.80673942776174e-17
1.03455107	2.825504158032381e-17
1.035706309	2.8002094686180985e-17
1.036861549	2.7935332662913224e-17
1.038016788	2.8144860975195207e-17
1.039172027	2.825189607453869e-17
1.040327266	2.8360316234247623e-17
1.041482506	2.85213810569547e-17
1.042637745	2.843979014893142e-17
1.043792984	2.81843424626386e-17
1.044948223	2.84065163682809e-17
1.046103463	2.874092124407037e-17
1.047258702	2.84343085887576e-17
1.048413941	2.8358640356411694e-17
1.049569181	2.8714514780767527e-17
1.05072442	2.8475585586989535e-17
1.051879659	2.797146305990236e-17
1.053034898	2.817959508013325e-17
1.054190138	2.851294273737043e-17
1.055345377	2.818950541786325e-17
1.056500616	2.8128732955225634e-17
1.057655855	2.878089009380103e-17
1.058811095	2.9057361704331957e-17
1.059966334	2.884839763842165e-17
1.061121573	2.8866768970401836e-17
1.062276812	2.901359992188829e-17
1.063432052	2.90747182796479e-17
1.064587291	2.9187054643661656e-17
1.06574253	2.923734624313527e-17
1.06689777	2.924550301086684e-17
1.068053009	2.9273662299496647e-17
1.069208248	2.947925320716171e-17
1.070363487	2.958178667510082e-17
1.071518727	2.920096290060212e-17
1.072673966	2.897085892645668e-17
1.073829205	2.905518705066765e-17
1.074984444	2.900199007863177e-17
1.076139684	2.880488028609656e-17
1.077294923	2.8710342341764575e-17
1.078450162	2.853065121343803e-17
1.079605402	2.804544797933224e-17
1.080760641	2.8174772023649696e-17
1.08191588	2.9078100173121965e-17
1.083071119	2.943601132589345e-17
1.084226359	2.929423855557934e-17
1.085381598	2.909304762384276e-17
1.086536837	2.9363790251702034e-17
1.087692076	3.050394141887654e-17
1.088847316	3.0841169811609925e-17
1.090002555	3.004836139395586e-17
1.091157794	2.94812303268831e-17
1.092313033	2.9244651816260975e-17
1.093468273	2.9387516043159135e-17
1.094623512	2.886594605257943e-17
1.095778751	2.7200658370626457e-17
1.096933991	2.586937072683858e-17
1.09808923	2.5098702845996846e-17
1.099244469	2.4312602516154772e-17
1.100399708	2.3802157754682538e-17
1.101554948	2.397947496845923e-17
1.102710187	2.4097894807442575e-17
1.103865426	2.383933891681524e-17
1.105020665	2.363066739408355e-17
1.106175905	2.3491152669107206e-17
1.107331144	2.330544834893509e-17
1.108486383	2.2925575767893755e-17
1.109641623	2.2395248829413715e-17
1.110796862	2.194437204121843e-17
1.111952101	2.1634166341430604e-17
1.11310734	2.1401631005782684e-17
1.11426258	2.1253606284301306e-17
1.115417819	2.12317882826811e-17
1.116573058	2.130049069921669e-17
1.117728297	2.1356208870319042e-17
1.118883537	2.1566151883664593e-17
1.120038776	2.1914362352417944e-17
1.121194015	2.201048057247757e-17
1.122349254	2.217417433752891e-17
1.123504494	2.249858893279099e-17
1.124659733	2.2836971311142222e-17
1.125814972	2.300245147570888e-17
1.126970212	2.2382095686162002e-17
1.128125451	2.1563091394872463e-17
1.12928069	2.128959721988571e-17
1.130435929	2.153852248979619e-17
1.131591169	2.2117837042715622e-17
1.132746408	2.2782243676685194e-17
1.133901647	2.331956667933392e-17
1.135056886	2.327057499682141e-17
1.136212126	2.2755505196369285e-17
1.137367365	2.2458256210099192e-17
1.138522604	2.230330272728278e-17
1.139677843	2.2131597301334648e-17
1.140833083	2.199446525514844e-17
1.141988322	2.188633377968772e-17
1.143143561	2.1949722567238986e-17
1.144298801	2.213671674699554e-17
1.14545404	2.2240752122075795e-17
1.146609279	2.2469774589082443e-17
1.147764518	2.2905294466439378e-17
1.148919758	2.3261556349060994e-17
1.150074997	2.3492404214343428e-17
1.151230236	2.367983877033117e-17
1.152385475	2.376041065126849e-17
1.153540715	2.36270722020151e-17
1.154695954	2.3492503575660128e-17
1.155851193	2.343877270453319e-17
1.157006433	2.3276340509660387e-17
1.158161672	2.3065511563977295e-17
1.159316911	2.307655298263419e-17
1.16047215	2.3159974007050913e-17
1.16162739	2.3168082310875796e-17
1.162782629	2.304807237824837e-17
1.163937868	2.2794960659910442e-17
1.165093107	2.2649256164330328e-17
1.166248347	2.2566833224912287e-17
1.167403586	2.2382694122994697e-17
1.168558825	2.2377802761390676e-17
1.169714064	2.26259527845915e-17
1.170869304	2.2734191027444822e-17
1.172024543	2.266146891861971e-17
1.173179782	2.2595423434763652e-17
1.174335022	2.2583449637485263e-17
1.175490261	2.2742485759034752e-17
1.1766455	2.2764026062352203e-17
1.177800739	2.254593921065832e-17
1.178955979	2.2115025550211378e-17
1.180111218	2.1595663501550517e-17
1.181266457	2.1460553977817492e-17
1.182421696	2.162361269142942e-17
1.183576936	2.196628541003155e-17
1.184732175	2.2013240792844454e-17
1.185887414	2.1596183933308797e-17
1.187042654	2.1753200685107795e-17
1.188197893	2.2361352213683512e-17
1.189353132	2.23489846839495e-17
1.190508371	2.208824072738609e-17
1.191663611	2.1926240334142786e-17
1.19281885	2.1702953842315013e-17
1.193974089	2.134842286817492e-17
1.195129328	2.106819014178411e-17
1.196284568	2.0969276224181648e-17
1.197439807	2.135451257500947e-17
1.198595046	2.1866079130346942e-17
1.199750285	2.176779677890912e-17
1.200905525	2.1583955039879887e-17
1.202060764	2.1492974705361992e-17
1.203216003	2.1742550359699825e-17
1.204371243	2.195719803360698e-17
1.205526482	2.1273656529945078e-17
1.206681721	2.098452441976655e-17
1.20783696	2.1564762804250464e-17
1.2089922	2.1778735274037185e-17
1.210147439	2.1505948751812312e-17
1.211302678	2.1364966553944628e-17
1.212457917	2.1266729332456687e-17
1.213613157	2.1081760458536956e-17
1.214768396	2.0725504822660434e-17
1.215923635	2.0000499623358506e-17
1.217078875	1.9080747263910557e-17
1.218234114	1.8273356192035054e-17
1.219389353	1.7737060567828485e-17
1.220544592	1.7920532057227223e-17
1.221699832	1.8649435917099732e-17
1.222855071	1.961382082902018e-17
1.22401031	2.0597767731545374e-17
1.225165549	2.1131485168255706e-17
1.226320789	2.1365034223062826e-17
1.227476028	2.158087628365349e-17
1.228631267	2.15507884043926e-17
1.229786506	2.127203993053564e-17
1.230941746	2.1070527715258056e-17
1.232096985	2.097703073696497e-17
1.233252224	2.0839050519682094e-17
1.234407464	2.0694216334855847e-17
1.235562703	2.0578739865477736e-17
1.236717942	2.0459330006268438e-17
1.237873181	2.0330903038650407e-17
1.239028421	2.031531170000325e-17
1.24018366	2.0385005504470928e-17
1.241338899	2.034649058777955e-17
1.242494138	2.0281164932096717e-17
1.243649378	2.0296319546644644e-17
1.244804617	2.02855953036485e-17
1.245959856	2.023758468790239e-17
1.247115095	2.0239180572045123e-17
1.248270335	2.025429538296407e-17
1.249425574	2.0217640419055262e-17
1.250580813	2.024722170644882e-17
1.251736053	2.041257042885573e-17
1.252891292	2.0466880329887617e-17
1.254046531	2.039326184006665e-17
1.25520177	2.0398974570364425e-17
1.25635701	2.0434454396766477e-17
1.257512249	2.0409654453860673e-17
1.258667488	2.0333107256870512e-17
1.259822727	2.0216493067500953e-17
1.260977967	2.0150096329483618e-17
1.262133206	2.0134516769964625e-17
1.263288445	2.0075404344828698e-17
1.264443685	2.0016285613242882e-17
1.265598924	2.0012617306930313e-17
1.266754163	2.0138520908452543e-17
1.267909402	2.038626869743929e-17
1.269064642	2.0420020694721792e-17
1.270219881	2.027183554740906e-17
1.27137512	2.0308651156205705e-17
1.272530359	2.0456920255747224e-17
1.273685599	2.0694108156109294e-17
1.274840838	2.0891281096844044e-17
1.275996077	2.1007922714257644e-17
1.277151316	2.1184424965927672e-17
1.278306556	2.1340733979297666e-17
1.279461795	2.142142186407554e-17
1.280617034	2.1991023096035725e-17
1.281772274	2.3436764952936196e-17
1.282927513	2.3382555960778533e-17
1.284082752	2.179270328673516e-17
1.285237991	2.09740338785669e-17
1.286393231	2.0612342381952646e-17
1.28754847	2.0258943612517747e-17
1.288703709	1.991737145981754e-17
1.289858948	1.9690299990125823e-17
1.291014188	1.9387636329565712e-17
1.292169427	1.9043719411597004e-17
1.293324666	1.8985730950884045e-17
1.294479906	1.9031026082522354e-17
1.295635145	1.8973116844595516e-17
1.296790384	1.901106437838069e-17
1.297945623	1.9118221228323128e-17
1.299100863	1.8998845359437824e-17
1.300256102	1.877976276251353e-17
1.301411341	1.8679129506459533e-17
1.30256658	1.8603017520287082e-17
1.30372182	1.8556468284787167e-17
1.304877059	1.8427508084446855e-17
1.306032298	1.8257537911389442e-17
1.307187537	1.8178422716783936e-17
1.308342777	1.8083507604521845e-17
1.309498016	1.790175180859296e-17
1.310653255	1.7784240326161222e-17
1.311808495	1.7812470337243783e-17
1.312963734	1.7600584630393985e-17
1.314118973	1.7252779658542403e-17
1.315274212	1.7370379637666207e-17
1.316429452	1.7593988718563637e-17
1.317584691	1.7357690689162322e-17
1.31873993	1.7144509731878616e-17
1.319895169	1.7126649834706252e-17
1.321050409	1.7168490718563597e-17
1.322205648	1.7191387925633576e-17
1.323360887	1.6992126024493965e-17
1.324516127	1.6680110153995854e-17
1.325671366	1.643668232599342e-17
1.326826605	1.6191866014684284e-17
1.327981844	1.604189475436285e-17
1.329137084	1.6180124647828026e-17
1.330292323	1.6444048495789198e-17
1.331447562	1.661307246975334e-17
1.332602801	1.6671778990713274e-17
1.333758041	1.6551013230258618e-17
1.33491328	1.650538229397851e-17
1.336068519	1.6553385238233633e-17
1.337223758	1.6515536589782253e-17
1.338378998	1.6454420564684358e-17
1.339534237	1.6435145882890553e-17
1.340689476	1.628587215306003e-17
1.341844716	1.592462351066637e-17
1.342999955	1.5532899799523113e-17
1.344155194	1.5155311442335314e-17
1.345310433	1.4811017710766417e-17
1.346465673	1.4488286272129634e-17
1.347620912	1.409637047373824e-17
1.348776151	1.3787124484177822e-17
1.34993139	1.3562182780093001e-17
1.35108663	1.3189913332085503e-17
1.352241869	1.2716413419544622e-17
1.353397108	1.2286857627472056e-17
1.354552347	1.1957374536386018e-17
1.355707587	1.1823914838878232e-17
1.356862826	1.1705764725134233e-17
1.358018065	1.1757996291429555e-17
1.359173305	1.2401638579152486e-17
1.360328544	1.324527659123779e-17
1.361483783	1.3708162916423075e-17
1.362639022	1.3247937013074717e-17
1.363794262	1.1907888484652038e-17
1.364949501	9.837786219157714e-18
1.36610474	7.909153188244971e-18
1.367259979	7.285594501855231e-18
1.368415219	9.544785379743916e-18
1.369570458	1.3416497804606773e-17
1.370725697	1.6173361886938406e-17
1.371880937	1.7102115516558087e-17
1.373036176	1.6297545498502076e-17
1.374191415	1.5270241326091267e-17
1.375346654	1.4540595789750647e-17
1.376501894	1.3958100987202085e-17
1.377657133	1.3360742303111886e-17
1.378812372	1.2960091788745231e-17
1.379967611	1.2880235086524412e-17
1.381122851	1.334816229469135e-17
1.38227809	1.4986279020192523e-17
1.383433329	1.7498788412208374e-17
1.384588568	2.01720325730152e-17
1.385743808	2.1516278465069817e-17
1.386899047	2.0237579071605604e-17
1.388054286	1.8556976094765987e-17
1.389209526	1.7286855798668852e-17
1.390364765	1.6414774318195037e-17
1.391520004	1.577343238107569e-17
1.392675243	1.5247225271410243e-17
1.393830483	1.4890944459777023e-17
1.394985722	1.4527707774981913e-17
1.396140961	1.413677978039927e-17
1.3972962	1.3768680856419275e-17
1.39845144	1.3525294715991811e-17
1.399606679	1.3595915475789271e-17
1.400761918	1.3726170192682577e-17
1.401917158	1.3761399104288201e-17
1.403072397	1.3864190442291751e-17
1.404227636	1.4009756609194633e-17
1.405382875	1.41135492539893e-17
1.406538115	1.417910222104522e-17
1.407693354	1.4187146137579887e-17
1.408848593	1.4114860594747357e-17
1.410003832	1.3993221993841343e-17
1.411159072	1.397122378917107e-17
1.412314311	1.3975141124707926e-17
1.41346955	1.3776776849519707e-17
1.414624789	1.3536967998508276e-17
1.415780029	1.336639616080968e-17
1.416935268	1.3316515779962753e-17
1.418090507	1.3457617617292101e-17
1.419245747	1.36724427672017e-17
1.420400986	1.390340966957352e-17
1.421556225	1.4173824804019257e-17
1.422711464	1.4184648533820143e-17
1.423866704	1.3857802434484521e-17
1.425021943	1.3634649305702891e-17
1.426177182	1.3544413469074627e-17
1.427332421	1.3387658827808811e-17
1.428487661	1.3257930142794754e-17
1.4296429	1.3144115558320966e-17
1.430798139	1.295583991215802e-17
1.431953379	1.2964770422086543e-17
1.433108618	1.3089826423331018e-17
1.434263857	1.3134741914489622e-17
1.435419096	1.3151039940307762e-17
1.436574336	1.3131160809714574e-17
1.437729575	1.30457941340976e-17
1.438884814	1.3210573806351323e-17
1.440040053	1.3700239420327502e-17
1.441195293	1.3830538248353543e-17
1.442350532	1.351277910717972e-17
1.443505771	1.3488817270645958e-17
1.44466101	1.3462938381954158e-17
1.44581625	1.3162806084543754e-17
1.446971489	1.2890053851489283e-17
1.448126728	1.2797630047184445e-17
1.449281968	1.2903743699386726e-17
1.450437207	1.3148159756036436e-17
1.451592446	1.2700326448908185e-17
1.452747685	1.2528030701345677e-17
1.453902925	1.2808032545740827e-17
1.455058164	1.2885224205797798e-17
1.456213403	1.2405097913826317e-17
1.457368642	1.2015674823393837e-17
1.458523882	1.1986277377910568e-17
1.459679121	1.1946771432087104e-17
1.46083436	1.1573835415147458e-17
1.461989599	1.1396838274800321e-17
1.463144839	1.1454276201618899e-17
1.464300078	1.1169497674438277e-17
1.465455317	1.0610514477631193e-17
1.466610557	1.0397442107786068e-17
1.467765796	1.0523968121834856e-17
1.468921035	1.0557301834035126e-17
1.470076274	1.0482975279714197e-17
1.471231514	1.044105567994025e-17
1.472386753	1.0365592852622188e-17
1.473541992	1.0326592703634035e-17
1.474697231	1.0379032446082764e-17
1.475852471	1.0443275153862485e-17
1.47700771	1.0314283906198795e-17
1.478162949	1.0020281568022201e-17
1.479318189	9.823540359488388e-18
1.480473428	9.929887170480478e-18
1.481628667	1.0206131478763979e-17
1.482783906	1.0279119047273659e-17
1.483939146	1.009008826956618e-17
1.485094385	9.462864154967287e-18
1.486249624	9.10906325812219e-18
1.487404863	9.841528027284375e-18
1.488560103	1.0757303441109307e-17
1.489715342	1.0547292572717396e-17
1.490870581	1.0191561841089638e-17
1.49202582	1.0280185524308392e-17
1.49318106	1.026508219336115e-17
1.494336299	1.0010599447512071e-17
1.495491538	9.98253424513173e-18
1.496646778	1.0237139255794147e-17
1.497802017	1.0340648220339188e-17
1.498957256	1.0049480100032827e-17
1.500112495	9.736038333508498e-18
1.501267735	9.451523924503355e-18
1.502422974	9.080389016539617e-18
1.503578213	8.78916706603465e-18
1.504733452	8.940196050694599e-18
1.505888692	9.329818385676599e-18
1.507043931	9.486984118240165e-18
1.50819917	9.469053108553442e-18
1.50935441	9.447244554504652e-18
1.510509649	9.530454427164306e-18
1.511664888	9.664027545920986e-18
1.512820127	9.6687882056319e-18
1.513975367	9.757771595353716e-18
1.515130606	9.992688521417112e-18
1.516285845	1.0076990050967368e-17
1.517441084	9.982273263972815e-18
1.518596324	1.0012942698687993e-17
1.519751563	1.0282456865887443e-17
1.520906802	1.0528179055958554e-17
1.522062041	1.0596204102430452e-17
1.523217281	1.0603367381338134e-17
1.52437252	1.0748925530380203e-17
1.525527759	1.0765667775232725e-17
1.526682999	1.0490140311698748e-17
1.527838238	1.027768562809864e-17
1.528993477	1.0484514003578807e-17
1.530148716	1.0807372884972764e-17
1.531303956	1.0570129708759781e-17
1.532459195	1.0278844579650144e-17
1.533614434	1.054071539673614e-17
1.534769673	1.0782579986794645e-17
1.535924913	1.0634260297868134e-17
1.537080152	1.0536479113945287e-17
1.538235391	1.071781091359271e-17
1.539390631	1.0973175547848104e-17
1.54054587	1.0938156629645297e-17
1.541701109	1.0739482512848825e-17
1.542856348	1.084809861606873e-17
1.544011588	1.1182293860491759e-17
1.545166827	1.1254089404071328e-17
1.546322066	1.1014320454104698e-17
1.547477305	1.0967694508035136e-17
1.548632545	1.1175270474398834e-17
1.549787784	1.1309828976515724e-17
1.550943023	1.1058279271444098e-17
1.552098262	1.062210209324459e-17
1.553253502	1.0587853457956297e-17
1.554408741	1.0872404249078175e-17
1.55556398	1.0849374975428553e-17
1.55671922	1.039349031156862e-17
1.557874459	1.0086199542688535e-17
1.559029698	1.0151664724094467e-17
1.560184937	1.0386129902052739e-17
1.561340177	1.044718684720786e-17
1.562495416	1.0368375780397137e-17
1.563650655	1.0400260277256401e-17
1.564805894	1.0687068085447881e-17
1.565961134	1.1007309674654608e-17
1.567116373	1.1028550839637376e-17
1.568271612	1.0871067117877605e-17
1.569426852	1.0748618708472571e-17
1.570582091	1.0711340146512195e-17
1.57173733	1.0862937887168925e-17
1.572892569	1.087535159724973e-17
1.574047809	1.0809955611080957e-17
1.575203048	1.089576489919569e-17
1.576358287	1.0866599858083224e-17
1.577513526	1.0663281089013879e-17
1.578668766	1.0460474219076075e-17
1.579824005	1.0066341540084202e-17
1.580979244	1.010357557787786e-17
1.582134483	1.0398144314178246e-17
1.583289723	1.0317087010732396e-17
1.584444962	1.0208111678967583e-17
1.585600201	1.0282587196625551e-17
1.586755441	1.0468644697659097e-17
1.58791068	1.0688326754111872e-17
1.589065919	1.1031735683826645e-17
1.590221158	1.1630155115128311e-17
1.591376398	1.1905437672713366e-17
1.592531637	1.1743288775385492e-17
1.593686876	1.1479748921195638e-17
1.594842115	1.1513788431950287e-17
1.595997355	1.1740734501052851e-17
1.597152594	1.1346742120171423e-17
1.598307833	1.071301706196101e-17
1.599463072	1.0738012643805185e-17
1.600618312	1.1156986810780198e-17
1.601773551	1.1413291885941939e-17
1.60292879	1.1395048820675825e-17
1.60408403	1.1336774367873265e-17
1.605239269	1.153955916382656e-17
1.606394508	1.1823884853825269e-17
1.607549747	1.1705975174005086e-17
1.608704987	1.1534323060252364e-17
1.609860226	1.1856277687830667e-17
1.611015465	1.231417895882447e-17
1.612170704	1.2556593093354268e-17
1.613325944	1.2569466394534749e-17
1.614481183	1.2530311917057603e-17
1.615636422	1.2719688902082156e-17
1.616791662	1.2724599491916988e-17
1.617946901	1.2207194082545369e-17
1.61910214	1.1816114345192968e-17
1.620257379	1.1548942847394503e-17
1.621412619	1.1079325567253558e-17
1.622567858	1.0827281383645281e-17
1.623723097	1.0879691993590923e-17
1.624878336	1.0955124269055406e-17
1.626033576	1.095649622169081e-17
1.627188815	1.0790243073484317e-17
1.628344054	1.0676007743959e-17
1.629499293	1.0811387425323689e-17
1.630654533	1.098622749749577e-17
1.631809772	1.096996373545887e-17
1.632965011	1.0872910836633265e-17
1.634120251	1.0852959827977002e-17
1.63527549	1.0887675157345046e-17
1.636430729	1.0786888001835838e-17
1.637585968	1.0663639239508868e-17
1.638741208	1.0496101322690299e-17
1.639896447	1.0311995407640947e-17
1.641051686	1.0239166703489498e-17
1.642206925	1.0206358867287198e-17
1.643362165	1.0121000927060958e-17
1.644517404	9.924428905396995e-18
1.645672643	9.659194181867172e-18
1.646827883	9.489486220552461e-18
1.647983122	9.477325243244744e-18
1.649138361	9.488411732871367e-18
1.6502936	9.46587585364231e-18
1.65144884	9.425462356751443e-18
1.652604079	9.440798678594043e-18
1.653759318	9.481467352496344e-18
1.654914557	9.532127613950647e-18
1.656069797	9.531404488709601e-18
1.657225036	9.546441254597154e-18
1.658380275	9.546982912076504e-18
1.659535514	9.514844593704763e-18
1.660690754	9.399024234514295e-18
1.661845993	9.265659525179228e-18
1.663001232	9.241525192240635e-18
1.664156472	9.283433702810402e-18
1.665311711	9.337636552646092e-18
1.66646695	9.446446473792101e-18
1.667622189	9.612770497795619e-18
1.668777429	9.760826338417029e-18
1.669932668	9.816292089290086e-18
1.671087907	1.0117132055761836e-17
1.672243146	1.0613189030383826e-17
1.673398386	1.0749622375410664e-17
1.674553625	1.0732333423593782e-17
1.675708864	1.0870755271029284e-17
1.676864104	1.0854607670326389e-17
1.678019343	1.0694726239479439e-17
1.679174582	1.0771923799013695e-17
1.680329821	1.1081999878473272e-17
1.681485061	1.1325598861249824e-17
1.6826403	1.1404956423045258e-17
1.683795539	1.1224041758841692e-17
1.684950778	1.108648280697713e-17
1.686106018	1.1065531413185436e-17
1.687261257	1.0974446922467485e-17
1.688416496	1.0840281630641458e-17
1.689571735	1.083045715520092e-17
1.690726975	1.0905995143764489e-17
1.691882214	1.0941450965754802e-17
1.693037453	1.0970399632887438e-17
1.694192693	1.0977410859072508e-17
1.695347932	1.0945969190904997e-17
1.696503171	1.0960192498935456e-17
1.69765841	1.1080099228779468e-17
1.69881365	1.1232747913935007e-17
1.699968889	1.1337255263465587e-17
1.701124128	1.1307469582476461e-17
1.702279367	1.1181678993041352e-17
1.703434607	1.1021935940619572e-17
1.704589846	1.0860011172278968e-17
1.705745085	1.0726541047277134e-17
1.706900324	1.0681414256679051e-17
1.708055564	1.0722707565953934e-17
1.709210803	1.0675652334347271e-17
1.710366042	1.0631333643435638e-17
1.711521282	1.0900197944983925e-17
1.712676521	1.1060087378280287e-17
1.71383176	1.0744102075284691e-17
1.714986999	1.0534279285049021e-17
1.716142239	1.0585011357635459e-17
1.717297478	1.0675711294174314e-17
1.718452717	1.0816065941554978e-17
1.719607956	1.1012982810999178e-17
1.720763196	1.107412148057997e-17
1.721918435	1.097285117228447e-17
1.723073674	1.1032664444814884e-17
1.724228914	1.1316223686281583e-17
1.725384153	1.1423015714235858e-17
1.726539392	1.1382542867021939e-17
1.727694631	1.1389081040233495e-17
1.728849871	1.128209532067268e-17
1.73000511	1.1128468715577601e-17
1.731160349	1.1112796264018698e-17
1.732315588	1.1180789612253688e-17
1.733470828	1.1369206368481204e-17
1.734626067	1.15516816322338e-17
1.735781306	1.1724616582122975e-17
1.736936545	1.1847742250628293e-17
1.738091785	1.1855398305590343e-17
1.739247024	1.1807660784701405e-17
1.740402263	1.1638990963827805e-17
1.741557503	1.1514669760240058e-17
1.742712742	1.1280790754982136e-17
1.743867981	1.101634727537183e-17
1.74502322	1.1067624010820002e-17
1.74617846	1.1321078312542077e-17
1.747333699	1.1407950869203795e-17
1.748488938	1.1224551699383726e-17
1.749644177	1.0869852944219803e-17
1.750799417	1.0566112870537506e-17
1.751954656	1.045198005070017e-17
1.753109895	1.0417060960788819e-17
1.754265135	1.0394037380378491e-17
1.755420374	1.0391572074481366e-17
1.756575613	1.0346920950692468e-17
1.757730852	1.0252421974590532e-17
1.758886092	1.0162516455527755e-17
1.760041331	1.0108145550454372e-17
1.76119657	1.0152056020129609e-17
1.762351809	1.0182946622905529e-17
1.763507049	1.0039420691545037e-17
1.764662288	9.943637109776836e-18
1.765817527	1.0037333575914081e-17
1.766972766	1.0237748916513806e-17
1.768128006	1.0353385565067239e-17
1.769283245	1.0273157651065864e-17
1.770438484	1.0041394933177206e-17
1.771593724	9.777025926622318e-18
1.772748963	9.649227373629351e-18
1.773904202	9.647402226700088e-18
1.775059441	9.690492919392998e-18
1.776214681	9.678585193082766e-18
1.77736992	9.519445437654382e-18
1.778525159	9.354111400941813e-18
1.779680398	9.302680419323869e-18
1.780835638	9.390650746222129e-18
1.781990877	9.536973470207835e-18
1.783146116	9.607927073932152e-18
1.784301356	9.585044017051707e-18
1.785456595	9.523113235131577e-18
1.786611834	9.41332799736287e-18
1.787767073	9.220884448937966e-18
1.788922313	9.048894547890305e-18
1.790077552	9.006438030699704e-18
1.791232791	9.04796866126015e-18
1.79238803	9.205170384245943e-18
1.79354327	9.480130995537916e-18
1.794698509	9.581312317879619e-18
1.795853748	9.38456381810048e-18
1.797008987	9.028256710556848e-18
1.798164227	8.67854418289667e-18
1.799319466	8.597797804744078e-18
1.800474705	8.757449647089353e-18
1.801629945	9.083484072271274e-18
1.802785184	9.35686886065382e-18
1.803940423	9.313429870987427e-18
1.805095662	9.22835067568776e-18
1.806250902	9.215792592433856e-18
1.807406141	9.215685607938244e-18
1.80856138	9.3245776486744e-18
1.809716619	9.501873834919245e-18
1.810871859	9.746126703843463e-18
1.812027098	1.0041301849921795e-17
1.813182337	1.0312488239507572e-17
1.814337576	1.0544204254935124e-17
1.815492816	1.0722801365402971e-17
1.816648055	1.0911352925146406e-17
1.817803294	1.1257326081036546e-17
1.818958534	1.1054382285206898e-17
1.820113773	1.0229373335491292e-17
1.821269012	9.66856484951118e-18
1.822424251	9.260259175885367e-18
1.823579491	8.684247106047105e-18
1.82473473	8.209081368524347e-18
1.825889969	8.038409959690953e-18
1.827045208	8.08653451883619e-18
1.828200448	8.234380531265412e-18
1.829355687	8.341136391803777e-18
1.830510926	8.357041207373586e-18
1.831666166	8.38663589380883e-18
1.832821405	0.
1.833976644	0.
1.835131883	0.
1.836287123	0.
1.837442362	0.
1.838597601	0.
1.83975284	0.
1.84090808	0.
1.842063319	0.
1.843218558	0.
1.844373797	0.
1.845529037	0.
1.846684276	0.
1.847839515	0.
1.848994755	0.
1.850149994	0.
1.851305233	0.
1.852460472	0.
1.853615712	0.
1.854770951	0.
1.85592619	0.
1.857081429	0.
1.858236669	0.
1.859391908	0.
1.860547147	0.
1.861702387	0.
1.862857626	0.
1.864012865	0.
1.865168104	0.
1.866323344	0.
1.867478583	0.
1.868633822	0.
1.869789061	0.
1.870944301	0.
1.87209954	-1.1108273940691693e-17
1.873254779	-1.1015033634196207e-17
1.874410018	-1.0496399220243133e-17
1.875565258	-8.552087615730602e-18
1.876720497	3.6754779507650274e-19
1.877875736	1.2013574229599303e-17
1.879030976	1.631835308098681e-17
1.880186215	1.717142579724846e-17
1.881341454	1.550773018770513e-17
1.882496693	1.346790918715356e-17
1.883651933	1.2015046672154598e-17
1.884807172	1.0816791804121406e-17
1.885962411	9.237507119702045e-18
1.88711765	7.462611298790514e-18
1.88827289	7.563683935461113e-18
1.889428129	1.2267349126726397e-17
1.890583368	1.717650374805739e-17
1.891738608	1.2658041371396763e-17
1.892893847	9.218027802897738e-18
1.894049086	8.025418869612969e-18
1.895204325	8.267977386168814e-18
1.896359565	9.786200650792933e-18
1.897514804	1.3857100555455656e-17
1.898670043	2.444605665348358e-17
1.899825282	5.3032918795085577e-17
1.900980522	9.220759067042937e-17
1.902135761	7.252879690958076e-17
1.903291	4.1287731742968125e-17
1.904446239	2.4777255420081433e-17
1.905601479	1.7012464697268007e-17
1.906756718	1.2637328973146635e-17
1.907911957	8.265118477565722e-18
1.909067197	1.6980141172403082e-18
1.910222436	-5.1315822490843554e-18
1.911377675	-9.960511627445159e-18
1.912532914	-1.0837288913365204e-17
1.913688154	-7.594095033351042e-18
1.914843393	-2.293458365907462e-18
1.915998632	1.6032457660418282e-18
1.917153871	3.4633533982166035e-18
1.918309111	3.76655077767957e-18
1.91946435	3.446787307579017e-18
1.920619589	3.096444970373675e-18
1.921774828	2.783870176906441e-18
1.922930068	2.5331906290676317e-18
1.924085307	2.3723435141713138e-18
1.925240546	2.4329358283976268e-18
1.926395786	3.0346053308361186e-18
1.927551025	4.182820424685467e-18
1.928706264	4.8679251803695e-18
1.929861503	3.877600829779184e-18
1.931016743	2.9287827246289338e-18
1.932171982	2.7454258617300356e-18
1.933327221	2.89208114285494e-18
1.93448246	3.096747736465146e-18
1.9356377	3.344820845095306e-18
1.936792939	3.4107081105772707e-18
1.937948178	2.8173135104359118e-18
1.939103418	1.955128587001054e-18
1.940258657	1.5115253876353497e-18
1.941413896	1.5895957385834426e-18
1.942569135	1.683525245309069e-18
1.943724375	1.5980068245277127e-18
1.944879614	1.132717113626986e-18
1.946034853	2.9989931491146987e-19
1.947190092	-5.283277925342671e-19
1.948345332	-7.593254896347675e-19
1.949500571	-1.925947832938632e-19
1.95065581	7.7457312744954805e-19
1.951811049	1.6341816103114167e-18
1.952966289	1.9862780529216775e-18
1.954121528	2.0145489193343112e-18
1.955276767	2.0858000753746454e-18
1.956432007	2.2794240412336403e-18
1.957587246	2.3988100442861963e-18
1.958742485	2.3455590976588936e-18
1.959897724	2.254117459506574e-18
1.961052964	2.2155605539469506e-18
1.962208203	2.2332136852042915e-18
1.963363442	2.2598759150765116e-18
1.964518681	2.2452047038891374e-18
1.965673921	2.1324947840329793e-18
1.96682916	1.9400693454763944e-18
1.967984399	1.7247609831229473e-18
1.969139639	1.5900022552496271e-18
1.970294878	1.5963515903710897e-18
1.971450117	1.6975228248887914e-18
1.972605356	1.813120979253497e-18
1.973760596	1.8558508534773016e-18
1.974915835	1.8563237857043667e-18
1.976071074	1.826689046551943e-18
1.977226313	1.8011331157673012e-18
1.978381553	1.7974104476569624e-18
1.979536792	1.7938448187432245e-18
1.980692031	1.8118477546991505e-18
1.98184727	1.8689880052999708e-18
1.98300251	1.90469563699236e-18
1.984157749	1.8579355148046677e-18
1.985312988	1.7311236644506916e-18
1.986468228	1.5893805844981486e-18
1.987623467	1.4859816922576702e-18
1.988778706	1.4708110554833935e-18
1.989933945	1.5285834676096336e-18
1.991089185	1.5938455946030306e-18
1.992244424	1.6279033002388748e-18
1.993399663	1.589204494812214e-18
1.994554902	1.4951560425095817e-18
1.995710142	1.3872959223367917e-18
1.996865381	1.35207307532102e-18
1.99802062	1.3847240972963739e-18
1.99917586	1.4450006824382193e-18
2.000331099	1.5153640716364202e-18
2.001486338	1.5785382177230347e-18
2.002641577	1.6110873557988113e-18
2.003796817	1.7772256492205632e-18
2.004952056	2.090859911660253e-18
2.006107295	2.2665566462906114e-18
2.007262534	2.2179326322787445e-18
2.008417774	2.0011268933682193e-18
2.009573013	1.7128263855354582e-18
2.010728252	1.3769606288007076e-18
2.011883491	1.0711206881590981e-18
2.013038731	9.430800362416445e-19
2.01419397	1.1323987949243642e-18
2.015349209	1.4900296864487073e-18
2.016504449	1.7753737324674873e-18
2.017659688	1.8972216832510784e-18
2.018814927	1.9088074006138674e-18
2.019970166	1.87132194923493e-18
2.021125406	1.785952301487158e-18
2.022280645	1.6330495767181272e-18
2.023435884	1.4223274597102643e-18
2.024591123	1.2511838462987742e-18
2.025746363	1.1923674954684773e-18
2.026901602	1.1996501057179572e-18
2.028056841	1.2410325456585386e-18
2.02921208	1.3102124128222628e-18
2.03036732	1.4010725005437603e-18
2.031522559	1.462515937995029e-18
2.032677798	1.485649573851866e-18
2.033833038	1.4759901984529419e-18
2.034988277	1.4033406985401047e-18
2.036143516	1.3081640849810305e-18
2.037298755	1.261685236162917e-18
2.038453995	1.2635826672599841e-18
2.039609234	1.2719026287486326e-18
2.040764473	1.3042449151217613e-18
2.041919712	1.3564807316892544e-18
2.043074952	1.3708776596176995e-18
2.044230191	1.3343840904300839e-18
2.04538543	1.265272616991475e-18
2.04654067	1.1824396923033778e-18
2.047695909	1.1143787019380018e-18
2.048851148	1.0799047889415452e-18
2.050006387	1.076508158835096e-18
2.051161627	1.0990011376160064e-18
2.052316866	1.1356118655720465e-18
2.053472105	1.1819542090976048e-18
2.054627344	1.2469334072732864e-18
2.055782584	1.311039774436809e-18
2.056937823	1.3418968820196777e-18
2.058093062	1.3280171120750284e-18
2.059248301	1.2982880110566035e-18
2.060403541	1.2598651372652205e-18
2.06155878	1.2034569830477892e-18
2.062714019	1.1838068829977888e-18
2.063869259	1.2538952436257523e-18
2.065024498	1.3265166569841609e-18
2.066179737	1.3417776906482746e-18
2.067334976	1.3419345126628348e-18
2.068490216	1.3336958698144823e-18
2.069645455	1.3117728696136625e-18
2.070800694	1.2797317159899083e-18
2.071955933	1.248408585491827e-18
2.073111173	1.2341542128678584e-18
2.074266412	1.2291271456207916e-18
2.075421651	1.2245758538785877e-18
2.076576891	1.2176197188594058e-18
2.07773213	1.1956520106274421e-18
2.078887369	1.1695097578580157e-18
2.080042608	1.1559466655604304e-18
2.081197848	1.1478580885831788e-18
2.082353087	1.1290537950695175e-18
2.083508326	1.1050414118995123e-18
2.084663565	1.0655679233011095e-18
2.085818805	1.032004453334846e-18
2.086974044	1.0575903130156376e-18
2.088129283	1.1275789345231797e-18
2.089284522	1.2010746486894974e-18
2.090439762	1.2591246242215544e-18
2.091595001	1.313481352763961e-18
2.09275024	1.3374777858432161e-18
2.09390548	1.320390594376428e-18
2.095060719	1.300604769903617e-18
2.096215958	1.2899579118261527e-18
2.097371197	1.2814851297488543e-18
2.098526437	1.295128952001759e-18
2.099681676	1.3029244632704664e-18
2.100836915	1.2617627055394288e-18
2.101992154	1.1654633079743483e-18
2.103147394	1.067992273978857e-18
2.104302633	1.010006731236811e-18
2.105457872	1.013492731052486e-18
2.106613112	1.1006159332603857e-18
2.107768351	1.275018997259619e-18
2.10892359	1.4619420200711731e-18
2.110078829	1.5702439972883117e-18
2.111234069	1.5760167723894063e-18
2.112389308	1.530516739294626e-18
2.113544547	1.4958920437376016e-18
2.114699786	1.4792337135221487e-18
2.115855026	1.4966891220841163e-18
2.117010265	1.5190342815160686e-18
2.118165504	1.5255608213008652e-18
2.119320743	1.539077752861084e-18
2.120475983	1.5631805807999928e-18
2.121631222	1.573038643858201e-18
2.122786461	1.5896084817784402e-18
2.123941701	1.631337741160554e-18
2.12509694	1.6745354382264374e-18
2.126252179	1.6972347026802255e-18
2.127407418	1.7004644118799978e-18
2.128562658	1.6896632257112034e-18
2.129717897	1.6793278045515856e-18
2.130873136	1.6637483564693033e-18
2.132028375	1.6447078282496963e-18
2.133183615	1.6333647622447009e-18
2.134338854	1.6299647876155108e-18
2.135494093	1.6370636477467915e-18
2.136649332	1.6337316529052463e-18
2.137804572	1.5925934881600809e-18
2.138959811	1.552190314442434e-18
2.14011505	1.5336996738436593e-18
2.14127029	1.5322661306220479e-18
2.142425529	1.5571373826990566e-18
2.143580768	1.5996085219989972e-18
2.144736007	1.6391471067184866e-18
2.145891247	1.6670196549305588e-18
2.147046486	1.6777206256664175e-18
2.148201725	1.6739012412040597e-18
2.149356964	1.6811755747801804e-18
2.150512204	1.712478866827638e-18
2.151667443	1.7581396123327104e-18
2.152822682	1.777076110188523e-18
2.153977922	1.73110527814092e-18
2.155133161	1.6615311431807771e-18
2.1562884	1.6262624433385149e-18
2.157443639	1.6517068868748048e-18
2.158598879	1.7090126362403726e-18
2.159754118	1.7784289306878426e-18
2.160909357	1.8381133899967347e-18
2.162064596	1.8634299285476536e-18
2.163219836	1.843107292837877e-18
2.164375075	1.828605123542801e-18
2.165530314	1.929113051680226e-18
2.166685553	2.047825816826284e-18
2.167840793	1.990963083759241e-18
2.168996032	1.937359903835776e-18
2.170151271	1.9358774421842468e-18
2.171306511	1.9296900948024337e-18
2.17246175	1.8978211530956786e-18
2.173616989	1.814606412675723e-18
2.174772228	1.6810634123523241e-18
2.175927468	1.5627448327757247e-18
2.177082707	1.5238073652763121e-18
2.178237946	1.5448359262067352e-18
2.179393185	1.5466799245784556e-18
2.180548425	1.5164552492210045e-18
2.181703664	1.5268980155852843e-18
2.182858903	1.5521316818369176e-18
2.184014143	1.5805455870066473e-18
2.185169382	1.6534562555603644e-18
2.186324621	1.790341662757831e-18
2.18747986	1.9533400858194025e-18
2.1886351	2.0410148017986523e-18
2.189790339	1.989372098146566e-18
2.190945578	1.9068597005590077e-18
2.192100817	1.86063958212075e-18
2.193256057	1.840947944290255e-18
2.194411296	1.8386113473674047e-18
2.195566535	1.83734379376077e-18
2.196721774	1.8291681291255856e-18
2.197877014	1.8149096094615937e-18
2.199032253	1.7999665417484834e-18
2.200187492	1.788343079357694e-18
2.201342732	1.781757086311437e-18
2.202497971	1.779483835232311e-18
2.20365321	1.7656307024788323e-18
2.204808449	1.7704840419211806e-18
2.205963689	1.82605345339135e-18
2.207118928	1.8449597123477235e-18
2.208274167	1.796978325709393e-18
2.209429406	1.7347346780136287e-18
2.210584646	1.6910296846065566e-18
2.211739885	1.6886335131829075e-18
2.212895124	1.7255713531783927e-18
2.214050364	1.7849638711666493e-18
2.215205603	1.851549980702184e-18
2.216360842	1.891625315783548e-18
2.217516081	1.878708562015114e-18
2.218671321	1.810110473005508e-18
2.21982656	1.7050082782258734e-18
2.220981799	1.5917623598639459e-18
2.222137038	1.51108562994096e-18
2.223292278	1.4902484330046085e-18
2.224447517	1.5417021744952097e-18
2.225602756	1.6242654654730962e-18
2.226757995	1.647088185258626e-18
2.227913235	1.598434210653295e-18
2.229068474	1.5517803721488953e-18
2.230223713	1.544453631568842e-18
2.231378953	1.55365198015806e-18
2.232534192	1.564302952493241e-18
2.233689431	1.578533126207228e-18
2.23484467	1.605105875595853e-18
2.23599991	1.6435241961193024e-18
2.237155149	1.6817186305460803e-18
2.238310388	1.696113625754263e-18
2.239465627	1.670800241461095e-18
2.240620867	1.6391529676332685e-18
2.241776106	1.638530228299891e-18
2.242931345	1.650598359302616e-18
2.244086585	1.6547115035796726e-18
2.245241824	1.6452300963321147e-18
2.246397063	1.6305283390581131e-18
2.247552302	1.6210095662255945e-18
2.248707542	1.516135253567936e-18
2.249862781	1.1994286633294655e-18
2.25101802	7.9491750595185965e-19
2.252173259	5.305648922301215e-19
2.253328499	5.73069305259018e-19
2.254483738	8.045595154488272e-19
2.255638977	1.0761343475663438e-18
2.256794216	1.2847518725557762e-18
2.257949456	1.3853602350756375e-18
2.259104695	1.3315580941230837e-18
2.260259934	1.217737837650197e-18
2.261415174	1.1677323180789698e-18
2.262570413	1.2131590228272696e-18
2.263725652	1.2722967936153277e-18
2.264880891	1.3178221733385771e-18
2.266036131	1.388374930765105e-18
2.26719137	1.5030281460196323e-18
2.268346609	1.6596074034542018e-18
2.269501848	1.754762848790051e-18
2.270657088	1.6328705010747754e-18
2.271812327	1.42578328733267e-18
2.272967566	1.2971216131709216e-18
2.274122805	1.2858642117473175e-18
2.275278045	1.3009101448100047e-18
2.276433284	1.2838407936117293e-18
2.277588523	1.255213306904098e-18
2.278743763	1.2364101331969066e-18
2.279899002	1.239584705568151e-18
2.281054241	1.2832977040340643e-18
2.28220948	1.373868330328483e-18
2.28336472	1.4232687889881046e-18
2.284519959	1.4044356325830539e-18
2.285675198	1.3507652353489105e-18
2.286830437	1.2805573070640438e-18
2.287985677	1.2190827506842289e-18
2.289140916	1.186495160860455e-18
2.290296155	1.1911701644010065e-18
2.291451395	1.239244538291631e-18
2.292606634	1.3118780799678837e-18
2.293761873	1.3583164694565967e-18
2.294917112	1.2964648026013022e-18
2.296072352	1.1433585260020461e-18
2.297227591	9.378322877210996e-19
2.29838283	7.757971668218577e-19
2.299538069	7.1952911265132165e-19
2.300693309	7.562579074892389e-19
2.301848548	8.440495548258086e-19
2.303003787	9.435625363466354e-19
2.304159026	1.0375108582887538e-18
2.305314266	1.094929485202479e-18
2.306469505	1.1028319106747147e-18
2.307624744	1.0743805994640865e-18
2.308779984	1.025219961899707e-18
2.309935223	9.692256531405259e-19
2.311090462	9.166617604423593e-19
2.312245701	8.792132550625206e-19
2.313400941	8.674706016164964e-19
2.31455618	8.90647583858822e-19
2.315711419	9.18367145040492e-19
2.316866658	9.056632798381633e-19
2.318021898	8.4079812282524e-19
2.319177137	7.476187368762973e-19
2.320332376	6.549347093838544e-19
2.321487616	5.962243266573924e-19
2.322642855	5.8764800008707295e-19
2.323798094	6.221434145215264e-19
2.324953333	6.724358131949654e-19
2.326108573	7.281065816895459e-19
2.327263812	7.651573888896658e-19
2.328419051	7.7706607165608675e-19
2.32957429	7.692397057879252e-19
2.33072953	7.437923342509304e-19
2.331884769	7.023359463633542e-19
2.333040008	6.562018161599531e-19
2.334195247	6.218856921828426e-19
2.335350487	6.175336950451592e-19
2.336505726	6.3612011028770235e-19
2.337660965	6.710131595749647e-19
2.338816205	7.136472322648961e-19
2.339971444	7.509899404149349e-19
2.341126683	7.791045449143523e-19
2.342281922	7.96041036409422e-19
2.343437162	8.034671467573697e-19
2.344592401	7.743745499473437e-19
2.34574764	6.646985212915012e-19
2.346902879	4.520007234435729e-19
2.348058119	2.260363655291306e-19
2.349213358	1.1371132296460637e-19
2.350368597	1.47070408712443e-19
2.351523837	2.9415083516951873e-19
2.352679076	4.894340581307929e-19
2.353834315	6.335580291074703e-19
2.354989554	6.762952077031146e-19
2.356144794	6.648295714982092e-19
2.357300033	6.390795829788987e-19
2.358455272	6.259812922190926e-19
2.359610511	6.126223719143919e-19
2.360765751	6.123029686238697e-19
2.36192099	6.229692720541775e-19
2.363076229	6.25482385645472e-19
2.364231468	6.066379885373425e-19
2.365386708	5.645907155781246e-19
2.366541947	5.002672320277917e-19
2.367697186	4.3068378574175943e-19
2.368852426	3.832401687874904e-19
2.370007665	3.8896967174357287e-19
2.371162904	4.2132670977747207e-19
2.372318143	4.482410533212773e-19
2.373473383	4.768458154542981e-19
2.374628622	5.152479180888931e-19
2.375783861	5.515308972769673e-19
2.3769391	5.64187335010713e-19
2.37809434	5.272847694970081e-19
2.379249579	4.402846701227569e-19
2.380404818	3.3881995787535906e-19
2.381560057	2.4428589409643697e-19
2.382715297	1.9412642246146254e-19
2.383870536	2.3186923511471586e-19
2.385025775	3.5413092164331285e-19
2.386181015	5.014979935178799e-19
2.387336254	6.1258677112840515e-19
2.388491493	6.07092757528004e-19
2.389646732	4.2476515963751073e-19
2.390801972	5.43354716525832e-20
2.391957211	-3.9333256252939966e-19
2.39311245	-7.9728954135064845e-19
2.394267689	-9.912487744343405e-19
2.395422929	-8.025947406811915e-19
2.396578168	-2.4685442733856275e-19
2.397733407	3.058264011776167e-19
2.398888647	5.121821739155507e-19
2.400043886	4.619144029586651e-19
2.401199125	3.283741828140746e-19
2.402354364	2.4272913003297553e-19
2.403509604	1.9035384670230206e-19
2.404664843	1.7745458550330346e-19
2.405820082	1.972804441265063e-19
2.406975321	2.324901961508026e-19
2.408130561	2.649307576244723e-19
2.4092858	2.9522732346574675e-19
2.410441039	3.247201112577994e-19
2.411596278	3.523618968203561e-19
2.412751518	3.79589168386987e-19
2.413906757	4.1063401197992017e-19
2.415061996	4.430190274391519e-19
2.416217236	4.782623759581062e-19
2.417372475	4.768046402305617e-19
2.418527714	4.335796017316098e-19
2.419682953	3.708506621345854e-19
2.420838193	2.81596974029329e-19
2.421993432	1.3626858442184474e-19
2.423148671	-2.5611697452940695e-21
2.42430391	-8.753570285846341e-22
2.42545915	2.338158392775553e-19
2.426614389	4.763842597898367e-19
2.427769628	5.403022377339775e-19
2.428924868	4.458660665666767e-19
2.430080107	2.969270410220503e-19
2.431235346	1.4578894738714177e-19
2.432390585	6.805522417606058e-21
2.433545825	-4.801612514792956e-20
2.434701064	4.3486394768262965e-20
2.435856303	2.5724621676133807e-19
2.437011542	5.277210392819687e-19
2.438166782	6.899459498826631e-19
2.439322021	6.245300607496006e-19
2.44047726	3.701491770960267e-19
2.441632499	-3.016135041468038e-20
2.442787739	-7.398364925847627e-19
2.443942978	-1.6633601278622248e-18
2.445098217	-2.1887261607324e-18
2.446253457	-1.7170662695170736e-18
2.447408696	-9.402716834318129e-19
2.448563935	-6.894094024614641e-19
2.449719174	-7.385331625306999e-19
2.450874414	-6.884112045620273e-19
2.452029653	-4.6989411098088975e-19
2.453184892	-3.312085068919695e-19
2.454340131	-3.691713085267401e-19
2.455495371	-5.33318987099234e-19
2.45665061	-5.936090090093742e-19
2.457805849	-3.6592828727076566e-19
2.458961089	-1.6929440170159285e-19
2.460116328	-5.657949475257464e-20
2.461271567	2.6120046692850456e-20
2.462426806	1.0245751315228662e-19
2.463582046	1.6283657337477455e-19
2.464737285	1.7912667286128775e-19
2.465892524	1.375406721898496e-19
2.467047763	6.865198263908419e-20
2.468203003	-2.2718124726273353e-21
2.469358242	-5.975922776625744e-20
2.470513481	-4.1913402814216185e-20
2.47166872	1.4281824973297007e-19
2.47282396	3.847857557910719e-19
2.473979199	6.025962653945631e-19
2.475134438	7.553290703817015e-19
2.476289678	5.793282785879199e-19
2.477444917	-7.492567969417671e-19
2.478600156	-4.418962010438324e-18
2.479755395	-1.8506040655396643e-17
2.480910635	2.4890178007277213e-17
2.482065874	1.0385973148148621e-17
2.483221113	2.988268586272716e-17
2.484376352	-3.47938470596936e-18
2.485531592	-7.732325635948233e-19
2.486686831	-2.9910821406977506e-19
2.48784207	3.115553345616628e-19
2.488997309	8.608260426738625e-19
2.490152549	1.884896296989487e-18
2.491307788	3.425735827531284e-18
2.492463027	4.683265886590512e-18
2.493618267	4.594851621204811e-18
2.494773506	9.028913711339e-19
2.495928745	-1.8383238574674787e-18
2.497083984	-2.6188725891879417e-18