0.45	2.07013254868842e-14
0.451153287	2.1698935705176074e-14
0.452306574	1.998672703812296e-14
0.453459862	1.863728134398354e-14
0.454613149	1.982523410547304e-14
0.455766436	2.1693095132826848e-14
0.456919723	2.3613150619422782e-14
0.45807301	2.385673193783502e-14
0.459226298	2.4736593923131372e-14
0.460379585	2.5669375802475576e-14
0.461532872	2.5761982806905636e-14
0.462686159	2.4261229198852294e-14
0.463839446	2.5228345997626568e-14
0.464992733	2.6171764176779196e-14
0.466146021	2.7910803743237446e-14
0.467299308	2.9182757789719764e-14
0.468452595	2.942505241676049e-14
0.469605882	2.9639479923581876e-14
0.470759169	3.1041845985091906e-14
0.471912457	2.928869887520115e-14
0.473065744	3.054695435424048e-14
0.474219031	3.242711427700324e-14
0.475372318	3.3035380661272394e-14
0.476525605	3.2395439108710214e-14
0.477678893	3.0429417144988905e-14
0.47883218	3.251932684826522e-14
0.479985467	3.2660876798108554e-14
0.481138754	3.341644460502214e-14
0.482292041	3.6739345013940076e-14
0.483445329	4.116223802337275e-14
0.484598616	3.990646621061468e-14
0.485751903	2.953904984318906e-14
0.48690519	3.2139701334003353e-14
0.488058477	3.556661208614637e-14
0.489211765	3.8907494929466903e-14
0.490365052	3.9844283220669395e-14
0.491518339	4.207383883161677e-14
0.492671626	4.181956974900025e-14
0.493824913	4.3424058792126784e-14
0.4949782	4.284893774197012e-14
0.496131488	4.0232284329323e-14
0.497284775	3.5458859511734e-14
0.498438062	3.629664728018408e-14
0.499591349	3.2932258073995975e-14
0.500744636	3.2036728765638093e-14
0.501897924	3.3852330747266023e-14
0.503051211	3.635937134525801e-14
0.504204498	3.80975791872361e-14
0.505357785	3.770081838935912e-14
0.506511072	3.942649095008992e-14
0.50766436	3.9477286261347165e-14
0.508817647	3.714467194390943e-14
0.509970934	3.8716650335775894e-14
0.511124221	3.9966157296955754e-14
0.512277508	3.9425973972187315e-14
0.513430796	3.934393015318001e-14
0.514584083	3.869083841661176e-14
0.51573737	3.483802213531857e-14
0.516890657	3.346380404742354e-14
0.518043944	3.372753488122247e-14
0.519197232	3.4994564746440254e-14
0.520350519	3.561321036728857e-14
0.521503806	4.063879773757005e-14
0.522657093	5.1467244156572865e-14
0.52381038	5.331786132862086e-14
0.524963667	5.096031234490738e-14
0.526116955	5.0872103559403566e-14
0.527270242	5.117210899220224e-14
0.528423529	5.600152228764216e-14
0.529576816	6.477955796229545e-14
0.530730103	6.776781523731989e-14
0.531883391	6.317651336464877e-14
0.533036678	5.930307230853292e-14
0.534189965	6.247446040543428e-14
0.535343252	6.589501106497422e-14
0.536496539	6.760286353965151e-14
0.537649827	6.597647570356577e-14
0.538803114	6.183119721441014e-14
0.539956401	6.319840496915858e-14
0.541109688	6.303947291578056e-14
0.542262975	6.19966066282599e-14
0.543416263	6.247967234134254e-14
0.54456955	6.396760713375436e-14
0.545722837	6.300190146952177e-14
0.546876124	6.297846375653594e-14
0.548029411	6.479250649578656e-14
0.549182699	6.459087302274088e-14
0.550335986	6.354149087176642e-14
0.551489273	6.504373038093216e-14
0.55264256	7.062704365797247e-14
0.553795847	7.330753323612202e-14
0.554949134	7.488375012495139e-14
0.556102422	7.74161968990205e-14
0.557255709	7.664123432399129e-14
0.558408996	7.532656291778766e-14
0.559562283	7.366034756762796e-14
0.56071557	7.274871853370176e-14
0.561868858	7.216221967199686e-14
0.563022145	7.069412393030938e-14
0.564175432	7.343322008051248e-14
0.565328719	7.582301720879195e-14
0.566482006	7.358394877462061e-14
0.567635294	7.319384320733912e-14
0.568788581	7.984195876413314e-14
0.569941868	7.574428377465931e-14
0.571095155	7.522882141691504e-14
0.572248442	8.036659645394685e-14
0.57340173	8.449868970335339e-14
0.574555017	8.150003634464053e-14
0.575708304	8.246665195868543e-14
0.576861591	8.348650500274224e-14
0.578014878	7.96785244746129e-14
0.579168165	8.008805259188674e-14
0.580321453	8.51049255509516e-14
0.58147474	9.175808002729837e-14
0.582628027	9.501280594365832e-14
0.583781314	9.448418590553282e-14
0.584934601	9.015541771316356e-14
0.586087889	9.249550200578197e-14
0.587241176	8.387620242651185e-14
0.588394463	6.608081126455795e-14
0.58954775	6.70182139063557e-14
0.590701037	7.631536027750169e-14
0.591854325	8.500989575694277e-14
0.593007612	8.504530518117952e-14
0.594160899	8.606844040482392e-14
0.595314186	8.732745202591029e-14
0.596467473	8.998688737410745e-14
0.597620761	9.21115357963392e-14
0.598774048	9.116959769165618e-14
0.599927335	8.865335146062044e-14
0.601080622	9.001252310063848e-14
0.602233909	9.651901974915043e-14
0.603387197	1.0001952128322496e-13
0.604540484	1.0268553126469547e-13
0.605693771	1.0598911429738487e-13
0.606847058	1.0708228993419498e-13
0.608000345	1.0303552149806691e-13
0.609153632	9.970412883001609e-14
0.61030692	1.0082900028663185e-13
0.611460207	9.623571151048478e-14
0.612613494	9.017506529003352e-14
0.613766781	8.912853388462793e-14
0.614920068	8.614341557253602e-14
0.616073356	7.816330606772144e-14
0.617226643	7.035474092202568e-14
0.61837993	6.827114919815431e-14
0.619533217	6.945471623305773e-14
0.620686504	6.805880709877444e-14
0.621839792	6.943074692730601e-14
0.622993079	6.825095171172461e-14
0.624146366	7.163428379732105e-14
0.625299653	7.783425305762964e-14
0.62645294	8.41927495157721e-14
0.627606228	8.835189815824205e-14
0.628759515	9.36082705765325e-14
0.629912802	9.554266641344252e-14
0.631066089	9.625304854205506e-14
0.632219376	1.0035325310465227e-13
0.633372664	1.0380741883790795e-13
0.634525951	1.0379715064026655e-13
0.635679238	1.04266776719567e-13
0.636832525	1.0233023597444334e-13
0.637985812	1.0508335185351213e-13
0.639139099	1.0798934605087515e-13
0.640292387	1.087447605621485e-13
0.641445674	1.0913292826806174e-13
0.642598961	1.0814638032049982e-13
0.643752248	1.0628098789886924e-13
0.644905535	1.063266052889368e-13
0.646058823	1.0892085342923089e-13
0.64721211	1.0887353019008718e-13
0.648365397	1.037650327604858e-13
0.649518684	1.0245456866972067e-13
0.650671971	1.0667059099378914e-13
0.651825259	1.1049539779604317e-13
0.652978546	1.1521501907737658e-13
0.654131833	1.1671158117539417e-13
0.65528512	1.1193706698588646e-13
0.656438407	1.0219446227491057e-13
0.657591695	1.2399000299866887e-13
0.658744982	1.194837107452198e-13
0.659898269	1.1549976161832917e-13
0.661051556	1.151893632903271e-13
0.662204843	1.1414319943616947e-13
0.663358131	1.1164983485902404e-13
0.664511418	1.0855075762832377e-13
0.665664705	1.0508664472642202e-13
0.666817992	1.0241309561867875e-13
0.667971279	1.0108090127199163e-13
0.669124566	1.0187495384781519e-13
0.670277854	1.0120660813411714e-13
0.671431141	1.0097915731919439e-13
0.672584428	1.0370979010727455e-13
0.673737715	1.055137254158374e-13
0.674891002	1.0691528895725315e-13
0.67604429	1.1219435481468672e-13
0.677197577	1.1534219163211897e-13
0.678350864	1.112382596935094e-13
0.679504151	1.1115641513025142e-13
0.680657438	1.1337367494756249e-13
0.681810726	1.1511859412446595e-13
0.682964013	1.155299478522907e-13
0.6841173	1.150574403165001e-13
0.685270587	1.1594788270142848e-13
0.686423874	1.1741504935282034e-13
0.687577162	1.180864560449486e-13
0.688730449	1.1919345449083447e-13
0.689883736	1.2204055963247534e-13
0.691037023	1.247117506886163e-13
0.69219031	1.232780856351212e-13
0.693343597	1.205002299024333e-13
0.694496885	1.190697879881795e-13
0.695650172	1.2128325193317948e-13
0.696803459	1.2384668232465183e-13
0.697956746	1.1958643531132257e-13
0.699110033	1.1247796565103341e-13
0.700263321	1.0776678833800491e-13
0.701416608	1.0709662876662824e-13
0.702569895	1.0871066518732324e-13
0.703723182	1.1065890933689911e-13
0.704876469	1.1107232919734599e-13
0.706029757	1.0588150888008277e-13
0.707183044	1.0048533141456606e-13
0.708336331	9.918135139130193e-14
0.709489618	9.885938458251734e-14
0.710642905	9.844931981361072e-14
0.711796193	9.450998192711986e-14
0.71294948	8.990276403227863e-14
0.714102767	8.898051317341666e-14
0.715256054	8.866724158470144e-14
0.716409341	8.596462685830669e-14
0.717562629	7.672582982791852e-14
0.718715916	6.66907128496722e-14
0.719869203	6.090130391824724e-14
0.72102249	5.939485070551009e-14
0.722175777	5.973211718007798e-14
0.723329064	5.52685749985177e-14
0.724482352	4.818294678662974e-14
0.725635639	4.1759678233162814e-14
0.726788926	3.9170301645668876e-14
0.727942213	3.9948667521463914e-14
0.7290955	4.44827224746045e-14
0.730248788	5.216932826961652e-14
0.731402075	6.03295291864904e-14
0.732555362	6.885015086353333e-14
0.733708649	7.75687193392194e-14
0.734861936	8.541872195195419e-14
0.736015224	9.48927626838031e-14
0.737168511	1.0404315790505436e-13
0.738321798	1.1201842721393337e-13
0.739475085	1.1778780214705594e-13
0.740628372	1.23411995748428e-13
0.74178166	1.27563097905317e-13
0.742934947	1.318293878248131e-13
0.744088234	1.34433176499433e-13
0.745241521	1.364585946476004e-13
0.746394808	1.345466854508075e-13
0.747548096	1.3401783207274113e-13
0.748701383	1.3444212438015313e-13
0.74985467	1.367917338315575e-13
0.751007957	1.3983169065569766e-13
0.752161244	1.4073536177494352e-13
0.753314531	1.389183542859327e-13
0.754467819	1.3740429498107627e-13
0.755621106	1.3597041549412806e-13
0.756774393	1.3249534559961412e-13
0.75792768	1.2955598466450727e-13
0.759080967	1.2802605902638799e-13
0.760234255	1.1696354786478566e-13
0.761387542	9.808099839383838e-14
0.762540829	9.516036397566069e-14
0.763694116	1.0029469669526892e-13
0.764847403	1.0514314129221958e-13
0.766000691	1.090511981204911e-13
0.767153978	1.1296914364885489e-13
0.768307265	1.1888729292721132e-13
0.769460552	1.188099879727305e-13
0.770613839	1.1397539129038703e-13
0.771767127	1.1250150714178063e-13
0.772920414	1.115144185281086e-13
0.774073701	1.1022006410741632e-13
0.775226988	1.1046302460756789e-13
0.776380275	1.0993391635261471e-13
0.777533562	1.0424358247487253e-13
0.77868685	1.0582031993773607e-13
0.779840137	1.0146529180690784e-13
0.780993424	9.610622622522306e-14
0.782146711	9.072635414994757e-14
0.783299998	8.733034964665721e-14
0.784453286	8.587535728889941e-14
0.785606573	8.724333427149717e-14
0.78675986	8.964957694225502e-14
0.787913147	8.859220880865764e-14
0.789066434	8.637863309437339e-14
0.790219722	8.38326626367044e-14
0.791373009	8.227186048608655e-14
0.792526296	8.146998337487007e-14
0.793679583	7.972418716600237e-14
0.79483287	7.723083010123818e-14
0.795986158	7.890410920310192e-14
0.797139445	8.131775724727202e-14
0.798292732	8.172292580226013e-14
0.799446019	8.346099567402343e-14
0.800599306	8.588707554007081e-14
0.801752594	8.789637948632166e-14
0.802905881	9.023238011542003e-14
0.804059168	9.2559409864643e-14
0.805212455	9.418448032821777e-14
0.806365742	9.366781585726747e-14
0.807519029	9.373564321892524e-14
0.808672317	9.484070615865925e-14
0.809825604	9.506649341210837e-14
0.810978891	9.530615200729278e-14
0.812132178	9.829594244470189e-14
0.813285465	1.008034867231806e-13
0.814438753	1.0163196779229309e-13
0.81559204	1.0145021868124484e-13
0.816745327	1.0197986243964794e-13
0.817898614	1.0494669708010307e-13
0.819051901	1.070431402743399e-13
0.820205189	1.0775684289377432e-13
0.821358476	1.0997872635100994e-13
0.822511763	1.1067531703714738e-13
0.82366505	1.1442684285105356e-13
0.824818337	1.186525149408212e-13
0.825971625	1.2121991792618187e-13
0.827124912	1.2284517842876658e-13
0.828278199	1.2053603885105288e-13
0.829431486	1.1743695866997175e-13
0.830584773	1.1293047931087813e-13
0.831738061	1.1167955266577863e-13
0.832891348	1.1239216279599731e-13
0.834044635	1.0683748297874763e-13
0.835197922	9.92304128514464e-14
0.836351209	9.242007354194844e-14
0.837504496	8.483057705405851e-14
0.838657784	7.885830251352365e-14
0.839811071	7.732619453561427e-14
0.840964358	7.930482158313118e-14
0.842117645	8.156935326391695e-14
0.843270932	8.451663762993522e-14
0.84442422	8.847958434441512e-14
0.845577507	9.880704699995872e-14
0.846730794	9.470608289202998e-14
0.847884081	1.0031096718128594e-13
0.849037368	9.992486816703724e-14
0.850190656	8.38235183281692e-14
0.851343943	8.40398156024471e-14
0.85249723	8.517338724855224e-14
0.853650517	6.985833796426777e-14
0.854803804	5.426943817318965e-14
0.855957092	6.320343918254306e-14
0.857110379	6.612631583661982e-14
0.858263666	5.90604225784033e-14
0.859416953	4.686166847270082e-14
0.86057024	4.2059752099666725e-14
0.861723528	4.1446574988347534e-14
0.862876815	3.9239640106227316e-14
0.864030102	3.9169608181107236e-14
0.865183389	3.780322564334973e-14
0.866336676	3.1294528670950336e-14
0.867489963	3.718339295391466e-14
0.868643251	4.823539750805152e-14
0.869796538	5.848878690760288e-14
0.870949825	6.509385178670384e-14
0.872103112	7.090916344874209e-14
0.873256399	7.384630705105133e-14
0.874409687	6.780223035024112e-14
0.875562974	6.3798890968766e-14
0.876716261	6.928404850200166e-14
0.877869548	6.53989425635755e-14
0.879022835	5.5519477535963123e-14
0.880176123	4.3023397513872213e-14
0.88132941	3.147206134526588e-14
0.882482697	2.3395553120209312e-14
0.883635984	1.951566563782344e-14
0.884789271	1.7966938002997457e-14
0.885942559	1.4799680756957295e-14
0.887095846	1.4529716685974378e-14
0.888249133	1.5877429997511166e-14
0.88940242	1.6772826356953495e-14
0.890555707	1.75986231390721e-14
0.891708994	1.771942421242816e-14
0.892862282	1.6945864986442756e-14
0.894015569	1.6740203858389125e-14
0.895168856	1.7213170302743062e-14
0.896322143	1.8431067472722626e-14
0.89747543	2.023948218676759e-14
0.898628718	2.1686659712200547e-14
0.899782005	2.3397372400804392e-14
0.900935292	2.3792070628733427e-14
0.902088579	2.8015429714660127e-14
0.903241866	3.9231128487191684e-14
0.904395154	4.83395396530079e-14
0.905548441	5.4344491146911634e-14
0.906701728	5.822982885789242e-14
0.907855015	6.098827408510057e-14
0.909008302	6.139703646109232e-14
0.91016159	6.201389099762777e-14
0.911314877	6.372533427281856e-14
0.912468164	6.535607313432802e-14
0.913621451	6.331086459056482e-14
0.914774738	6.124457457337795e-14
0.915928026	5.875278651970902e-14
0.917081313	6.042503029937122e-14
0.9182346	6.339491513999084e-14
0.919387887	6.627259528533867e-14
0.920541174	6.689845622640867e-14
0.921694461	6.467317141620209e-14
0.922847749	6.085541628138489e-14
0.924001036	6.479745199326255e-14
0.925154323	6.711405119576546e-14
0.92630761	6.64715175625182e-14
0.927460897	6.728266887249689e-14
0.928614185	6.549808046250655e-14
0.929767472	6.33572828192114e-14
0.930920759	6.010092727052446e-14
0.932074046	5.3776855310942366e-14
0.933227333	5.030792225487273e-14
0.934380621	4.687769565825435e-14
0.935533908	4.776106231438381e-14
0.936687195	4.80887815389258e-14
0.937840482	4.807102924021078e-14
0.938993769	5.1145609910027874e-14
0.940147057	5.036408614727981e-14
0.941300344	4.783515664565902e-14
0.942453631	4.459090700455879e-14
0.943606918	4.1069931498728083e-14
0.944760205	3.992447070206516e-14
0.945913493	4.00202996500365e-14
0.94706678	4.147809731278011e-14
0.948220067	4.0867301829510005e-14
0.949373354	4.146078031660167e-14
0.950526641	4.4228510877946786e-14
0.951679928	4.7826821330784865e-14
0.952833216	4.9531336898705234e-14
0.953986503	4.778275363362124e-14
0.95513979	4.102535272520763e-14
0.956293077	3.990797578370834e-14
0.957446364	4.085197681423231e-14
0.958599652	3.9379042896791536e-14
0.959752939	3.8039349895682787e-14
0.960906226	3.7349260253242375e-14
0.962059513	3.6478468787058236e-14
0.9632128	3.627531784725303e-14
0.964366088	3.444116960105655e-14
0.965519375	3.35570049080271e-14
0.966672662	3.298776365468611e-14
0.967825949	3.395554323467502e-14
0.968979236	3.4826606417966686e-14
0.970132524	0.
0.971285811	0.
0.972439098	0.
0.973592385	0.
0.974745672	0.
0.97589896	0.
0.977052247	0.
0.978205534	0.
0.979358821	0.
0.980512108	0.
0.981665395	0.
0.982818683	0.
0.98397197	0.
0.985125257	0.
0.986278544	0.
0.987431831	0.
0.988585119	0.
0.989738406	0.
0.990891693	0.
0.99204498	0.
0.993198267	0.
0.994351555	0.
0.995504842	0.
0.996658129	0.
0.997811416	3.141707815126729e-14
0.998964703	3.06843953797701e-14
1.000117991	2.952243215662029e-14
1.001271278	2.6516061513146458e-14
1.002424565	2.3789542909116e-14
1.003577852	2.1124644372988253e-14
1.004731139	1.9212260493452045e-14
1.005884426	1.9232448878425173e-14
1.007037714	2.0316059056776965e-14
1.008191001	2.116127345128903e-14
1.009344288	2.3320739739793364e-14
1.010497575	2.5990260988739972e-14
1.011650862	2.863462543267032e-14
1.01280415	3.164904864534443e-14
1.013957437	3.4996507095502423e-14
1.015110724	3.799325890457554e-14
1.016264011	4.081954808293515e-14
1.017417298	4.319028867602591e-14
1.018570586	4.503426650752546e-14
1.019723873	4.736056606433911e-14
1.02087716	5.003836194306981e-14
1.022030447	5.2304607612736385e-14
1.023183734	5.4875365475769595e-14
1.024337022	5.764441378942395e-14
1.025490309	6.055611701260838e-14
1.026643596	6.30038975212257e-14
1.027796883	6.490457287816605e-14
1.02895017	6.722870146079862e-14
1.030103458	6.985705393065619e-14
1.031256745	7.162480766154258e-14
1.032410032	7.391488240446131e-14
1.033563319	7.779147288248344e-14
1.034716606	8.057255505290074e-14
1.035869893	8.18511223657021e-14
1.037023181	8.445095731081412e-14
1.038176468	8.759267096228236e-14
1.039329755	8.92075363156958e-14
1.040483042	9.059901327003442e-14
1.041636329	9.26194566549301e-14
1.042789617	9.433772168254254e-14
1.043942904	9.542005091575488e-14
1.045096191	9.700021782114455e-14
1.046249478	9.851082294156186e-14
1.047402765	9.84566893304875e-14
1.048556053	9.819330095289406e-14
1.04970934	9.827739785359763e-14
1.050862627	9.902391680160927e-14
1.052015914	9.97012913590148e-14
1.053169201	1.0077192160761844e-13
1.054322489	1.0137243402365435e-13
1.055475776	1.0063270228432577e-13
1.056629063	1.0072452038189638e-13
1.05778235	1.0228746352618206e-13
1.058935637	1.0291022220489947e-13
1.060088925	1.0232793745230797e-13
1.061242212	1.0150466343719446e-13
1.062395499	1.027501710035358e-13
1.063548786	1.0325651283793159e-13
1.064702073	1.0240915837314253e-13
1.06585536	1.0129524123653147e-13
1.067008648	1.0022847003731706e-13
1.068161935	9.995422350601327e-14
1.069315222	1.0080916347747748e-13
1.070468509	1.0141830582573314e-13
1.071621796	1.0064609914097163e-13
1.072775084	1.0038990659361404e-13
1.073928371	1.0101953257106163e-13
1.075081658	1.0102841647639221e-13
1.076234945	1.0058423478768079e-13
1.077388232	1.0063743826338434e-13
1.07854152	1.0005440423898655e-13
1.079694807	9.819189684459434e-14
1.080848094	9.816000472236636e-14
1.082001381	9.963606698263274e-14
1.083154668	9.85217890678049e-14
1.084307956	9.581521438866457e-14
1.085461243	9.321722609363273e-14
1.08661453	9.287108249738182e-14
1.087767817	9.519878046011444e-14
1.088921104	9.473132992971647e-14
1.090074392	9.103924755206047e-14
1.091227679	8.802186986482691e-14
1.092380966	8.596797340971299e-14
1.093534253	8.484466301787378e-14
1.09468754	8.172297581057428e-14
1.095840827	7.580939767298254e-14
1.096994115	7.1130667395054e-14
1.098147402	6.80121652678647e-14
1.099300689	6.474352105433352e-14
1.100453976	6.229860462988836e-14
1.101607263	6.16091858943798e-14
1.102760551	6.069959628159764e-14
1.103913838	5.901557263958597e-14
1.105067125	5.750721197443044e-14
1.106220412	5.59577399836875e-14
1.107373699	5.3957526461614355e-14
1.108526987	5.087564650309797e-14
1.109680274	4.6954562668030087e-14
1.110833561	4.287078801408406e-14
1.111986848	3.878879170022277e-14
1.113140135	3.480632483913759e-14
1.114293423	3.095890235924468e-14
1.11544671	2.73074536052549e-14
1.116599997	2.388154123683392e-14
1.117753284	2.0750475393481317e-14
1.118906571	1.8001923463725143e-14
1.120059858	1.5535684356866474e-14
1.121213146	1.3026244172783146e-14
1.122366433	1.0583180741629802e-14
1.12351972	8.544312659512926e-15
1.124673007	6.9138435630636325e-15
1.125826294	5.683247840768514e-15
1.126979582	4.766402110720904e-15
1.128132869	4.163761805364567e-15
1.129286156	3.9381706435065945e-15
1.130439443	3.987362996064013e-15
1.13159273	4.215841171558169e-15
1.132746018	4.607540051138248e-15
1.133899305	5.100275128624292e-15
1.135052592	5.588749147823756e-15
1.136205879	6.040179304395963e-15
1.137359166	6.540871818758408e-15
1.138512454	7.0483903987054036e-15
1.139665741	7.485983349290018e-15
1.140819028	7.841613078205238e-15
1.141972315	8.052719922975292e-15
1.143125602	8.117246149178841e-15
1.14427889	7.934644193302529e-15
1.145432177	7.444146908076707e-15
1.146585464	6.798213513612915e-15
1.147738751	6.081809319940005e-15
1.148892038	5.277491698395367e-15
1.150045325	4.4548109839462516e-15
1.151198613	3.702810059772822e-15
1.1523519	3.0636597246092076e-15
1.153505187	2.5891410620080016e-15
1.154658474	2.272158848022987e-15
1.155811761	2.076455481452235e-15
1.156965049	1.953623414268739e-15
1.158118336	1.873761046747971e-15
1.159271623	1.849848391560643e-15
1.16042491	1.8648133587993906e-15
1.161578197	1.8977050160231304e-15
1.162731485	1.9238846805940095e-15
1.163884772	1.9899128955790636e-15
1.165038059	2.146079778170185e-15
1.166191346	2.4182689913020243e-15
1.167344633	2.817012472720544e-15
1.168497921	3.3481926654349728e-15
1.169651208	4.022818621727716e-15
1.170804495	4.7654720273467446e-15
1.171957782	5.522578377011187e-15
1.173111069	6.230650130462206e-15
1.174264357	6.844448931730927e-15
1.175417644	7.349558286797915e-15
1.176570931	7.611098955510324e-15
1.177724218	7.619780559737944e-15
1.178877505	7.410664472988437e-15
1.180030792	7.037059013510171e-15
1.18118408	6.700865675546489e-15
1.182337367	6.443066376815993e-15
1.183490654	6.283481358976204e-15
1.184643941	6.156852772026088e-15
1.185797228	6.039274833109653e-15
1.186950516	6.2303651995207966e-15
1.188103803	6.7640779302328635e-15
1.18925709	7.362525609961976e-15
1.190410377	8.04563125448281e-15
1.191563664	8.911974405728029e-15
1.192716952	9.883898562507227e-15
1.193870239	1.0874538166320752e-14
1.195023526	1.1968714563341375e-14
1.196176813	1.3222501916080143e-14
1.1973301	1.4848381440564177e-14
1.198483388	1.6653799131338517e-14
1.199636675	1.81145619381232e-14
1.200789962	1.9663143630645836e-14
1.201943249	2.158797445856613e-14
1.203096536	2.4362656883535493e-14
1.204249824	2.759197679537512e-14
1.205403111	2.9832952207515386e-14
1.206556398	3.218514983034268e-14
1.207709685	3.568481946156757e-14
1.208862972	3.869381308200561e-14
1.210016259	4.0606257727947144e-14
1.211169547	4.261885743669971e-14
1.212322834	4.4879818735780343e-14
1.213476121	4.7163516845918434e-14
1.214629408	4.930231797965355e-14
1.215782695	5.111612357887497e-14
1.216935983	5.2602168863603266e-14
1.21808927	5.3759221053186136e-14
1.219242557	5.444305024792816e-14
1.220395844	5.467074418429427e-14
1.221549131	5.4442799905258165e-14
1.222702419	5.3809320174426823e-14
1.223855706	5.2823305119856295e-14
1.225008993	5.126904159810246e-14
1.22616228	4.938714460623576e-14
1.227315567	4.7891529689010073e-14
1.228468855	4.6508833944364604e-14
1.229622142	4.5136010671297945e-14
1.230775429	4.453030803411994e-14
1.231928716	4.474502248210057e-14
1.233082003	4.53357598784888e-14
1.23423529	4.6144777252778415e-14
1.235388578	4.722872952785331e-14
1.236541865	4.850972287668557e-14
1.237695152	4.988205023894758e-14
1.238848439	5.1604983020423055e-14
1.240001726	5.365605084988897e-14
1.241155014	5.542405376900103e-14
1.242308301	5.688087232222869e-14
1.243461588	5.821803604398122e-14
1.244614875	5.932048003652149e-14
1.245768162	6.017268164912484e-14
1.24692145	6.11326772327256e-14
1.248074737	6.23716641312538e-14
1.249228024	6.348841408396998e-14
1.250381311	6.464176954833952e-14
1.251534598	6.616304292867183e-14
1.252687886	6.716811396149442e-14
1.253841173	6.746173638026095e-14
1.25499446	6.776177430356658e-14
1.256147747	6.814989406334298e-14
1.257301034	6.832471949009432e-14
1.258454322	6.821833473182723e-14
1.259607609	6.781006363087232e-14
1.260760896	6.73231553536368e-14
1.261914183	6.68406652737157e-14
1.26306747	6.623988241877768e-14
1.264220757	6.567415639556358e-14
1.265374045	6.554358284672922e-14
1.266527332	6.614363077104938e-14
1.267680619	6.747789324966212e-14
1.268833906	6.846585149939638e-14
1.269987193	6.85234747060307e-14
1.271140481	6.883063995905058e-14
1.272293768	6.955277701378794e-14
1.273447055	7.057808706125251e-14
1.274600342	7.178860156015779e-14
1.275753629	7.268701293926196e-14
1.276906917	7.351056661703726e-14
1.278060204	7.400864131063046e-14
1.279213491	7.340489659619696e-14
1.280366778	7.329890661481607e-14
1.281520065	7.709681838765069e-14
1.282673353	7.827206944854139e-14
1.28382664	7.395760596555276e-14
1.284979927	7.158532564663242e-14
1.286133214	7.163697755330322e-14
1.287286501	7.169269226637286e-14
1.288439789	7.116695400246244e-14
1.289593076	7.07496052641415e-14
1.290746363	6.999396508551753e-14
1.29189965	6.8843412071445e-14
1.293052937	6.854221616618196e-14
1.294206224	6.878364349785035e-14
1.295359512	6.841733852130481e-14
1.296512799	6.77582082248333e-14
1.297666086	6.706319826327623e-14
1.298819373	6.545439125054288e-14
1.29997266	6.328790846959475e-14
1.301125948	6.161459784459296e-14
1.302279235	6.042095602637547e-14
1.303432522	5.932909779781336e-14
1.304585809	5.797955607055598e-14
1.305739096	5.608912189802254e-14
1.306892384	5.407556435100493e-14
1.308045671	5.1920937540495764e-14
1.309198958	4.9307235751820225e-14
1.310352245	4.656303702989111e-14
1.311505532	4.4155768078290125e-14
1.31265882	4.11893090252501e-14
1.313812107	3.751475775377576e-14
1.314965394	3.443190368537298e-14
1.316118681	3.1864956459138674e-14
1.317271968	2.8758069678261997e-14
1.318425256	2.580573211364395e-14
1.319578543	2.374558505126757e-14
1.32073183	2.2271623719306153e-14
1.321885117	2.1207472451317945e-14
1.323038404	2.0301709556507587e-14
1.324191691	1.9461536732725728e-14
1.325344979	1.8852113631163598e-14
1.326498266	1.8351510541037675e-14
1.327651553	1.7833830776811695e-14
1.32880484	1.745356885024237e-14
1.329958127	1.711853955028714e-14
1.331111415	1.6583379146288627e-14
1.332264702	1.583393805649448e-14
1.333417989	1.4882509219578122e-14
1.334571276	1.3911279291825094e-14
1.335724563	1.303689400324092e-14
1.336877851	1.2088124504583934e-14
1.338031138	1.1018111790723066e-14
1.339184425	9.977127841302168e-15
1.340337712	8.938075262514687e-15
1.341490999	7.871957622406224e-15
1.342644287	6.926878954674938e-15
1.343797574	6.114747086324535e-15
1.344950861	5.43287718703143e-15
1.346104148	4.887671722305598e-15
1.347257435	4.453819958106459e-15
1.348410722	4.1210584578161966e-15
1.34956401	3.8979432353439605e-15
1.350717297	3.652110574480259e-15
1.351870584	3.3277406602538588e-15
1.353023871	2.994073699945412e-15
1.354177158	2.658483684529877e-15
1.355330446	2.3764468372472904e-15
1.356483733	2.1253305896639236e-15
1.35763702	1.867897215946854e-15
1.358790307	1.697483371981495e-15
1.359943594	1.6521959222996544e-15
1.361096882	1.7339910098412256e-15
1.362250169	1.954281033338432e-15
1.363403456	2.2862269250462208e-15
1.364556743	2.5614313566960486e-15
1.36571003	2.7202966371799065e-15
1.366863318	2.803255940329119e-15
1.368016605	2.8450795052570154e-15
1.369169892	2.8993863340789594e-15
1.370323179	2.8964670327786218e-15
1.371476466	2.8120489290777086e-15
1.372629754	2.6718870109468826e-15
1.373783041	2.4945468298134696e-15
1.374936328	2.3489249846727188e-15
1.376089615	2.235565585271254e-15
1.377242902	2.1285223249754152e-15
1.378396189	2.041627028317775e-15
1.379549477	1.9883624830162327e-15
1.380702764	1.962955273506792e-15
1.381856051	1.9753166792885592e-15
1.383009338	2.0176426708132127e-15
1.384162625	2.0548182932061765e-15
1.385315913	2.0884691408994304e-15
1.3864692	2.0530872464987222e-15
1.387622487	1.926585280312676e-15
1.388775774	1.7997704361508715e-15
1.389929061	1.6994979444295152e-15
1.391082349	1.6169706901775193e-15
1.392235636	1.5493894270729989e-15
1.393388923	1.5057866777054519e-15
1.39454221	1.4740640727065577e-15
1.395695497	1.4447589443381075e-15
1.396848785	1.4164629693620302e-15
1.398002072	1.392491969986846e-15
1.399155359	1.3921766009969582e-15
1.400308646	1.4180108990421728e-15
1.401461933	1.4301905649376458e-15
1.402615221	1.4297349577376727e-15
1.403768508	1.4201588710362997e-15
1.404921795	1.380065490826635e-15
1.406075082	1.3331218211682434e-15
1.407228369	1.302423403074467e-15
1.408381656	1.2989225010739763e-15
1.409534944	1.3286664657398541e-15
1.410688231	1.4126362402894024e-15
1.411841518	1.5634119667225582e-15
1.412994805	1.7617846524767932e-15
1.414148092	2.0092849363273465e-15
1.41530138	2.2863897919212673e-15
1.416454667	2.5824389313288106e-15
1.417607954	2.8933125821714947e-15
1.418761241	3.2049274920557812e-15
1.419914528	3.5306644475682606e-15
1.421067816	3.888368486862559e-15
1.422221103	4.256431143234966e-15
1.42337439	4.5277505905176286e-15
1.424527677	4.7705561590913725e-15
1.425680964	5.086673824920178e-15
1.426834252	5.412002174857755e-15
1.427987539	5.7445785590426505e-15
1.429140826	6.125237247153361e-15
1.430294113	6.550236190391015e-15
1.4314474	7.032521953626829e-15
1.432600687	7.57190404269247e-15
1.433753975	8.15324344819547e-15
1.434907262	8.731621888603507e-15
1.436060549	9.271671128076181e-15
1.437213836	9.777284593354312e-15
1.438367123	1.0270031059834048e-14
1.439520411	1.093255766312447e-14
1.440673698	1.1414803064271534e-14
1.441826985	1.1482202537199523e-14
1.442980272	1.1655276580919548e-14
1.444133559	1.2002439958776526e-14
1.445286847	1.2103860259591739e-14
1.446440134	1.2049175583436357e-14
1.447593421	1.2087868075894357e-14
1.448746708	1.1975508033800603e-14
1.449899995	1.1780733893357433e-14
1.451053283	1.173509683519749e-14
1.45220657	1.184877590455891e-14
1.453359857	1.2075424485617847e-14
1.454513144	1.2460019167587017e-14
1.455666431	1.3060917225631601e-14
1.456819719	1.3716386171781522e-14
1.457973006	1.4181749925290281e-14
1.459126293	1.467982731078625e-14
1.46027958	1.5311675295493346e-14
1.461432867	1.6107268181033534e-14
1.462586154	1.6999161619401652e-14
1.463739442	1.786419761832608e-14
1.464892729	1.8738554194033248e-14
1.466046016	1.957331351886483e-14
1.467199303	2.0080932882759714e-14
1.46835259	2.0253692764852324e-14
1.469505878	2.0390775868826774e-14
1.470659165	2.045504302191034e-14
1.471812452	2.0451031287624118e-14
1.472965739	2.0485964663765e-14
1.474119026	2.0290779628904898e-14
1.475272314	1.955156408563317e-14
1.476425601	1.9879182883787215e-14
1.477578888	2.0165734320042244e-14
1.478732175	2.036770416152832e-14
1.479885462	2.0407728892246757e-14
1.48103875	2.1539654722557637e-14
1.482192037	2.3515208646371805e-14
1.483345324	2.5116799683216416e-14
1.484498611	2.7278187728130297e-14
1.485651898	2.882059264175286e-14
1.486805186	3.190453705111605e-14
1.487958473	3.664774301958219e-14
1.48911176	3.786772609858623e-14
1.490265047	3.783859520869476e-14
1.491418334	3.945913448974103e-14
1.492571621	4.16345771481855e-14
1.493724909	4.282411015939639e-14
1.494878196	4.380987891149171e-14
1.496031483	4.5424794916488886e-14
1.49718477	4.588469467565432e-14
1.498338057	4.524912304806571e-14
1.499491345	4.4567500890938126e-14
1.500644632	4.4940311485623325e-14
1.501797919	4.535434540711801e-14
1.502951206	4.511220554058914e-14
1.504104493	4.5217511857800554e-14
1.505257781	4.562202902885461e-14
1.506411068	4.565496338228162e-14
1.507564355	4.481411651850265e-14
1.508717642	4.454990517693428e-14
1.509870929	4.445641853364111e-14
1.511024217	4.510940482019428e-14
1.512177504	4.6399603520951024e-14
1.513330791	4.7589265979310156e-14
1.514484078	4.871196265520733e-14
1.515637365	4.931827684324175e-14
1.516790653	4.9991911920597325e-14
1.51794394	5.09388976796063e-14
1.519097227	5.185346670871624e-14
1.520250514	5.276324433747329e-14
1.521403801	5.402158350205958e-14
1.522557088	5.5302598069897154e-14
1.523710376	5.5504339015834803e-14
1.524863663	5.495552089590639e-14
1.52601695	5.439662543776244e-14
1.527170237	5.460630014523191e-14
1.528323524	5.578028112730585e-14
1.529476812	5.793288100375099e-14
1.530630099	5.868003083063633e-14
1.531783386	5.715117774619441e-14
1.532936673	5.649816712163074e-14
1.53408996	5.712214180752349e-14
1.535243248	5.730630752118968e-14
1.536396535	5.738048750914298e-14
1.537549822	5.856726325174381e-14
1.538703109	5.993065297801853e-14
1.539856396	6.053568967544731e-14
1.541009684	6.005679092633974e-14
1.542162971	5.918406147432697e-14
1.543316258	5.881046376091823e-14
1.544469545	5.929733782926652e-14
1.545622832	6.004766891703308e-14
1.546776119	6.114716454487761e-14
1.547929407	6.250986122338809e-14
1.549082694	6.255067198627951e-14
1.550235981	6.159553418727193e-14
1.551389268	6.00546265161741e-14
1.552542555	5.894633783803703e-14
1.553695843	5.899485849948649e-14
1.55484913	5.853546310803822e-14
1.556002417	5.762412261938106e-14
1.557155704	5.72894831110212e-14
1.558308991	5.779117681023959e-14
1.559462279	5.856319246625082e-14
1.560615566	5.931246235740305e-14
1.561768853	5.926750352986973e-14
1.56292214	5.930731103775482e-14
1.564075427	5.955033998467191e-14
1.565228715	5.941650300678973e-14
1.566382002	5.939405267685916e-14
1.567535289	5.924492805488357e-14
1.568688576	5.906625567547132e-14
1.569841863	5.863240634795157e-14
1.570995151	5.907554428920996e-14
1.572148438	6.060541676768608e-14
1.573301725	6.172353529664557e-14
1.574455012	6.180554503273427e-14
1.575608299	6.111837205074565e-14
1.576761586	6.036514763014218e-14
1.577914874	5.933328825847496e-14
1.579068161	5.827511914087517e-14
1.580221448	5.694526026872712e-14
1.581374735	5.877287151330825e-14
1.582528022	6.120199369199479e-14
1.58368131	6.049178500599978e-14
1.584834597	5.906933639483135e-14
1.585987884	5.79732127206099e-14
1.587141171	5.799302706960986e-14
1.588294458	6.02044159851333e-14
1.589447746	6.38927818264799e-14
1.590601033	6.666609589783122e-14
1.59175432	6.551564876304552e-14
1.592907607	6.38019469380036e-14
1.594060894	6.290389943619472e-14
1.595214182	6.354554269627734e-14
1.596367469	6.404554062113509e-14
1.597520756	6.172887056852273e-14
1.598674043	6.016336326745357e-14
1.59982733	6.119141536100136e-14
1.600980618	6.183552233107245e-14
1.602133905	6.125947238524603e-14
1.603287192	6.085837176135227e-14
1.604440479	6.046194983290353e-14
1.605593766	6.03992388993906e-14
1.606747053	5.996799060036087e-14
1.607900341	5.890881252054451e-14
1.609053628	5.892418380018396e-14
1.610206915	5.967258278943825e-14
1.611360202	5.96872213774987e-14
1.612513489	5.933112619504876e-14
1.613666777	5.854988338355317e-14
1.614820064	5.817437891339913e-14
1.615973351	5.808584075579131e-14
1.617126638	5.484435459019469e-14
1.618279925	5.03286687104903e-14
1.619433213	4.7641304503902856e-14
1.6205865	4.4484397840925094e-14
1.621739787	4.044356436326542e-14
1.622893074	3.632337931235043e-14
1.624046361	3.278136796246365e-14
1.625199649	2.9846948156453244e-14
1.626352936	2.7262818415855788e-14
1.627506223	2.4407105516581396e-14
1.62865951	2.175879267736056e-14
1.629812797	1.934211141523099e-14
1.630966085	1.6980175879436688e-14
1.632119372	1.4625520873864106e-14
1.633272659	1.2634870611601084e-14
1.634425946	1.1017236649477293e-14
1.635579233	9.597986777604727e-15
1.63673252	8.526178957913196e-15
1.637885808	7.772940700386154e-15
1.639039095	7.287971375543167e-15
1.640192382	6.982836935353378e-15
1.641345669	6.8872143332755605e-15
1.642498956	6.934194307404403e-15
1.643652244	6.883884794257963e-15
1.644805531	6.520153505628764e-15
1.645958818	5.9698630407978095e-15
1.647112105	5.272420010148409e-15
1.648265392	4.507004432199516e-15
1.64941868	3.7626460083515036e-15
1.650571967	3.06007405679405e-15
1.651725254	2.5263219038133067e-15
1.652878541	2.1967554722626655e-15
1.654031828	2.0566794236378418e-15
1.655185116	2.0840072834772865e-15
1.656338403	2.246711726741094e-15
1.65749169	2.5017347458528538e-15
1.658644977	2.7879227736720884e-15
1.659798264	3.036281103724874e-15
1.660951551	3.117795186424515e-15
1.662104839	3.0825188168354195e-15
1.663258126	3.022426991768695e-15
1.664411413	2.9669555701084585e-15
1.6655647	3.0205754090976267e-15
1.666717987	3.1583690607334042e-15
1.667871275	3.3379184218296602e-15
1.669024562	3.5235289635935076e-15
1.670177849	3.76071324313746e-15
1.671331136	4.135602105386924e-15
1.672484423	4.56119322711853e-15
1.673637711	4.802039580377569e-15
1.674790998	5.0297019655397206e-15
1.675944285	5.312908198281488e-15
1.677097572	5.486574525229378e-15
1.678250859	5.590487295867861e-15
1.679404147	5.8962742379967925e-15
1.680557434	6.3022509556706635e-15
1.681710721	6.75502757020565e-15
1.682864008	6.986638162298738e-15
1.684017295	6.888970331095805e-15
1.685170583	6.7138606071850545e-15
1.68632387	6.5429801585655295e-15
1.687477157	6.246632897333674e-15
1.688630444	5.842128038929818e-15
1.689783731	5.422500816484635e-15
1.690937018	4.9550802196831524e-15
1.692090306	4.441040810262579e-15
1.693243593	4.009152432344663e-15
1.69439688	3.603502961651031e-15
1.695550167	3.2313445465918497e-15
1.696703454	2.91003234717763e-15
1.697856742	2.628866362397865e-15
1.699010029	2.4075291149101007e-15
1.700163316	2.211971240639426e-15
1.701316603	1.999022193355538e-15
1.70246989	1.7946398187169106e-15
1.703623178	1.6086472146444976e-15
1.704776465	1.4400899992031938e-15
1.705929752	1.3073892418694959e-15
1.707083039	1.2055443248104029e-15
1.708236326	1.1356984405354155e-15
1.709389614	1.0831866211741431e-15
1.710542901	1.067994449121938e-15
1.711696188	1.1041789282631045e-15
1.712849475	1.1505317665173192e-15
1.714002762	1.1711196443573559e-15
1.71515605	1.221505332600606e-15
1.716309337	1.2914256862915893e-15
1.717462624	1.3409773065458408e-15
1.718615911	1.3532513465248758e-15
1.719769198	1.3317284444122001e-15
1.720922485	1.2833365613410301e-15
1.722075773	1.2129590515652644e-15
1.72322906	1.1659767267871881e-15
1.724382347	1.1379377169988869e-15
1.725535634	1.100955989312351e-15
1.726688921	1.0879096587460401e-15
1.727842209	1.137473365946959e-15
1.728995496	1.240526664066983e-15
1.730148783	1.3834490032758165e-15
1.73130207	1.5861147461314348e-15
1.732455357	1.8520883216041415e-15
1.733608645	2.1874638573676405e-15
1.734761932	2.5942867306139665e-15
1.735915219	3.0363084113599265e-15
1.737068506	3.4803694358489886e-15
1.738221793	3.985601623471296e-15
1.739375081	4.503217699578684e-15
1.740528368	5.016664255339696e-15
1.741681655	5.544022345500623e-15
1.742834942	6.024583297401951e-15
1.743988229	6.3502865645197895e-15
1.745141517	6.626918566955456e-15
1.746294804	6.794781385830713e-15
1.747448091	6.74616959727828e-15
1.748601378	6.5608810658136225e-15
1.749754665	6.3002701375593725e-15
1.750907952	5.998141867084722e-15
1.75206124	5.705266898442051e-15
1.753214527	5.409989103382455e-15
1.754367814	5.119439772879167e-15
1.755521101	4.895313648059879e-15
1.756674388	4.733724008100501e-15
1.757827676	4.563520380526507e-15
1.758980963	4.393633672660006e-15
1.76013425	4.232873909364856e-15
1.761287537	4.104773133538328e-15
1.762440824	3.959936448674933e-15
1.763594112	3.693311780137438e-15
1.764747399	3.383527114280518e-15
1.765900686	3.0782095244243856e-15
1.767053973	2.786091819576365e-15
1.76820726	2.510373686693177e-15
1.769360548	2.244603494775678e-15
1.770513835	1.9952935757210093e-15
1.771667122	1.7690727868936674e-15
1.772820409	1.5895604720220596e-15
1.773973696	1.4630543509726097e-15
1.775126983	1.3916985752927965e-15
1.776280271	1.3686328758753682e-15
1.777433558	1.3789775077935724e-15
1.778586845	1.4170739294669798e-15
1.779740132	1.477348776400069e-15
1.780893419	1.5601410888011386e-15
1.782046707	1.6498691646035129e-15
1.783199994	1.7409979144978986e-15
1.784353281	1.83159675325431e-15
1.785506568	1.9270280991572335e-15
1.786659855	2.014791522822448e-15
1.787813143	2.0972140397388173e-15
1.78896643	2.2101960103103397e-15
1.790119717	2.373908949589866e-15
1.791273004	2.5911690995710573e-15
1.792426291	2.851121656953076e-15
1.793579579	3.1612736069856772e-15
1.794732866	3.509762541599612e-15
1.795886153	3.8650431355972186e-15
1.79703944	4.25378000596126e-15
1.798192727	4.694386906327135e-15
1.799346015	5.207265472623555e-15
1.800499302	5.838195183621784e-15
1.801652589	6.651398286614398e-15
1.802805876	7.552960034624628e-15
1.803959163	8.43187955615492e-15
1.80511245	9.376631797797913e-15
1.806265738	1.0405682655502027e-14
1.807419025	1.1387408678119129e-14
1.808572312	1.2319602105727863e-14
1.809725599	1.3251537829143653e-14
1.810878886	1.4298417465000555e-14
1.812032174	1.5553577358074482e-14
1.813185461	1.7090620348695003e-14
1.814338748	1.893962037744208e-14
1.815492035	2.1037225977412147e-14
1.816645322	2.3463569321674534e-14
1.81779861	2.6429967676156746e-14
1.818951897	2.811405943910848e-14
1.820105184	2.790665215797749e-14
1.821258471	2.808863819441909e-14
1.822411758	2.8388430789622034e-14
1.823565046	2.7780993315798944e-14
1.824718333	2.7103635569746245e-14
1.82587162	2.6909711877169104e-14
1.827024907	2.713036235124408e-14
1.828178194	2.751777319520164e-14
1.829331482	2.7671282337139653e-14
1.830484769	2.7681866378392974e-14
1.831638056	2.7819431512961076e-14
1.832791343	2.7926204850752675e-14
1.83394463	0.
1.835097917	0.
1.836251205	0.
1.837404492	0.
1.838557779	0.
1.839711066	0.
1.840864353	0.
1.842017641	0.
1.843170928	0.
1.844324215	0.
1.845477502	0.
1.846630789	0.
1.847784077	0.
1.848937364	0.
1.850090651	0.
1.851243938	0.
1.852397225	0.
1.853550513	0.
1.8547038	0.
1.855857087	0.
1.857010374	0.
1.858163661	0.
1.859316949	0.
1.860470236	0.
1.861623523	0.
1.86277681	0.
1.863930097	0.
1.865083384	0.
1.866236672	0.
1.867389959	0.
1.868543246	0.
1.869696533	0.
1.87084982	0.
1.872003108	-6.823477182096643e-16
1.873156395	-1.1374297787348295e-16
1.874309682	1.7741229228171493e-15
1.875462969	5.336508080093463e-15
1.876616256	8.549127418056714e-15
1.877769544	8.907873309473765e-15
1.878922831	8.631043165658493e-15
1.880076118	8.670791647075401e-15
1.881229405	8.789860534140598e-15
1.882382692	9.19016341823268e-15
1.88353598	1.0177123453431207e-14
1.884689267	1.175760342205412e-14
1.885842554	1.3572407468967532e-14
1.886995841	1.499233658585565e-14
1.888149128	1.6192626290455318e-14
1.889302415	1.8096283300649353e-14
1.890455703	1.959545898977885e-14
1.89160899	1.7626903877626717e-14
1.892762277	1.4474015607779768e-14
1.893915564	1.255791715334041e-14
1.895068851	1.1998939086269552e-14
1.896222139	1.1998433518957783e-14
1.897375426	1.1841748942933315e-14
1.898528713	1.1650758686782494e-14
1.899682	1.1817895505932347e-14
1.900835287	1.1929431118883897e-14
1.901988575	1.0966904142507358e-14
1.903141862	8.88488436219807e-15
1.904295149	8.318044497556388e-15
1.905448436	8.454954848397534e-15
1.906601723	8.676775512202241e-15
1.907755011	8.729383711514009e-15
1.908908298	8.337860818936795e-15
1.910061585	7.658212004915221e-15
1.911214872	7.169514387900205e-15
1.912368159	7.218858537438015e-15
1.913521447	8.11394347341214e-15
1.914674734	9.773398943183656e-15
1.915828021	1.0984167875072554e-14
1.916981308	1.1266185549144224e-14
1.918134595	1.07707730968732e-14
1.919287882	9.88309159717615e-15
1.92044117	8.689986641603487e-15
1.921594457	7.341697205734522e-15
1.922747744	6.368066327997618e-15
1.923901031	6.068937604119595e-15
1.925054318	6.216931703362866e-15
1.926207606	6.783852370325264e-15
1.927360893	8.079751588187535e-15
1.92851418	1.011160146202721e-14
1.929667467	1.1903123538943895e-14
1.930820754	1.2932038598535862e-14
1.931974042	1.3249539527982865e-14
1.933127329	1.3001072974010451e-14
1.934280616	1.2494041815142081e-14
1.935433903	1.2089652443603067e-14
1.93658719	1.1736401800457681e-14
1.937740478	1.137764612828282e-14
1.938893765	1.1245818654505408e-14
1.940047052	1.1297619063753087e-14
1.941200339	1.1041069064104626e-14
1.942353626	1.0634978146629656e-14
1.943506914	1.0773737805532466e-14
1.944660201	1.108523452269516e-14
1.945813488	1.1227178687043223e-14
1.946966775	1.1321175674480152e-14
1.948120062	1.1259845292575942e-14
1.949273349	1.146638193172232e-14
1.950426637	1.1811690560054142e-14
1.951579924	1.206205191404501e-14
1.952733211	1.1725864216794381e-14
1.953886498	1.0631008692607798e-14
1.955039785	9.712151525452837e-15
1.956193073	9.522292797820058e-15
1.95734636	9.772706238995568e-15
1.958499647	1.0239569985476521e-14
1.959652934	1.0714843362618125e-14
1.960806221	1.1062652227649265e-14
1.961959509	1.1266353674937323e-14
1.963112796	1.1595087695417072e-14
1.964266083	1.2139225338226702e-14
1.96541937	1.2541759575775268e-14
1.966572657	1.272900092558331e-14
1.967725945	1.2766214547485904e-14
1.968879232	1.2803032788323415e-14
1.970032519	1.296745533681172e-14
1.971185806	1.3285280759387784e-14
1.972339093	1.3630882192522556e-14
1.973492381	1.3647949178655029e-14
1.974645668	1.3493531623328443e-14
1.975798955	1.337253212817016e-14
1.976952242	1.3386910635258985e-14
1.978105529	1.3584372066183646e-14
1.979258816	1.3634969936308555e-14
1.980412104	1.3575325997170996e-14
1.981565391	1.3640153591858788e-14
1.982718678	1.375973899574794e-14
1.983871965	1.3854289119554683e-14
1.985025252	1.4060507639410717e-14
1.98617854	1.4311998534082705e-14
1.987331827	1.4103201028334979e-14
1.988485114	1.3654434377192489e-14
1.989638401	1.347875796153516e-14
1.990791688	1.3421955952762928e-14
1.991944976	1.3380040448033584e-14
1.993098263	1.3328681409084097e-14
1.99425155	1.3181201388897657e-14
1.995404837	1.2746350688859276e-14
1.996558124	1.2125855660127301e-14
1.997711412	1.1527963574004709e-14
1.998864699	1.0729612783446258e-14
2.000017986	9.742607495942668e-15
2.001171273	8.795719605166517e-15
2.00232456	8.119904756479373e-15
2.003477847	7.878910508259652e-15
2.004631135	8.012778790181776e-15
2.005784422	8.107753162574345e-15
2.006937709	8.045282159814242e-15
2.008090996	7.809896155559038e-15
2.009244283	7.50782857210748e-15
2.010397571	7.168576224166153e-15
2.011550858	6.78171472963103e-15
2.012704145	6.452606339847416e-15
2.013857432	6.3611045506445206e-15
2.015010719	6.568045382076665e-15
2.016164007	7.0140980129472e-15
2.017317294	7.621012497469024e-15
2.018470581	8.201394797443907e-15
2.019623868	8.610069194870799e-15
2.020777155	8.849797662934406e-15
2.021930443	9.005236228082625e-15
2.02308373	9.020317506261003e-15
2.024237017	8.909235127408269e-15
2.025390304	8.849630450920443e-15
2.026543591	8.816422327284125e-15
2.027696879	8.709244771558419e-15
2.028850166	8.522291044455458e-15
2.030003453	8.348439692875369e-15
2.03115674	8.078635186091054e-15
2.032310027	7.771921198820387e-15
2.033463314	7.635942302925274e-15
2.034616602	7.556633076242544e-15
2.035769889	7.392924986335526e-15
2.036923176	7.264915320006821e-15
2.038076463	7.202939044503034e-15
2.03922975	7.013315228886117e-15
2.040383038	6.777488640773513e-15
2.041536325	6.692888406299258e-15
2.042689612	6.6305399287960025e-15
2.043842899	6.479631670372787e-15
2.044996186	6.298297006876714e-15
2.046149474	6.087090524110538e-15
2.047302761	5.856691317599606e-15
2.048456048	5.605206427672963e-15
2.049609335	5.318267221559945e-15
2.050762622	5.044653644975489e-15
2.05191591	4.838253291369155e-15
2.053069197	4.653879687282033e-15
2.054222484	4.483388343403287e-15
2.055375771	4.3591604249601084e-15
2.056529058	4.280338254897141e-15
2.057682346	4.2255185787880055e-15
2.058835633	4.17878260794869e-15
2.05998892	4.1155619725584445e-15
2.061142207	3.935875272188984e-15
2.062295494	3.688241838050964e-15
2.063448781	3.5424112640208336e-15
2.064602069	3.4247588982497924e-15
2.065755356	3.2080894394504102e-15
2.066908643	3.064660995214468e-15
2.06806193	3.0139851426321744e-15
2.069215217	2.976991570855995e-15
2.070368505	2.925637835080187e-15
2.071521792	2.8330588752872836e-15
2.072675079	2.7281526229644197e-15
2.073828366	2.636587632856403e-15
2.074981653	2.5613105188734626e-15
2.076134941	2.4992203525043588e-15
2.077288228	2.429039178904036e-15
2.078441515	2.3503505884863364e-15
2.079594802	2.2924870258094226e-15
2.080748089	2.2257915505517596e-15
2.081901377	2.123279044838983e-15
2.083054664	2.0416478629121526e-15
2.084207951	1.9895789186313935e-15
2.085361238	1.9119181460649244e-15
2.086514525	1.8186721592766308e-15
2.087667812	1.7441135786212267e-15
2.0888211	1.6732863459339112e-15
2.089974387	1.600069146745113e-15
2.091127674	1.5489280968974718e-15
2.092280961	1.5158234085890314e-15
2.093434248	1.460113428669096e-15
2.094587536	1.394076639921489e-15
2.095740823	1.342852638571544e-15
2.09689411	1.2908358976375064e-15
2.098047397	1.2346861128142848e-15
2.099200684	1.1848296608310184e-15
2.100353972	1.1434752114372691e-15
2.101507259	1.1105214543560452e-15
2.102660546	1.0825523426039904e-15
2.103813833	1.0543933172275369e-15
2.10496712	1.027050909300499e-15
2.106120408	1.0044518074695764e-15
2.107273695	9.914697633622028e-16
2.108426982	9.874009979559705e-16
2.109580269	9.936915072207976e-16
2.110733556	9.972468673095561e-16
2.111886844	9.870326417249878e-16
2.113040131	9.796217183310719e-16
2.114193418	9.817494118636383e-16
2.115346705	9.941963151454515e-16
2.116499992	1.0117659310855612e-15
2.117653279	1.0176267774658965e-15
2.118806567	1.0278148977677401e-15
2.119959854	1.0546079844346833e-15
2.121113141	1.0824500530230428e-15
2.122266428	1.110156793698937e-15
2.123419715	1.1526506814097082e-15
2.124573003	1.2016785091272409e-15
2.12572629	1.2391403777524499e-15
2.126879577	1.2737988233172158e-15
2.128032864	1.3093188650383593e-15
2.129186151	1.3488793732625858e-15
2.130339439	1.3915908563493448e-15
2.131492726	1.4292629086987968e-15
2.132646013	1.4673601444312725e-15
2.1337993	1.5121736767091338e-15
2.134952587	1.567787158707843e-15
2.136105875	1.6304693562240888e-15
2.137259162	1.6649248638977583e-15
2.138412449	1.6739260329844335e-15
2.139565736	1.6918427059509754e-15
2.140719023	1.7121498468975933e-15
2.141872311	1.7297518605444876e-15
2.143025598	1.753561485965818e-15
2.144178885	1.7735145305984558e-15
2.145332172	1.775974721638608e-15
2.146485459	1.763858467763143e-15
2.147638746	1.7361709926222056e-15
2.148792034	1.7103889950471385e-15
2.149945321	1.6857687166268385e-15
2.151098608	1.647527764570706e-15
2.152251895	1.5977155358744114e-15
2.153405182	1.5400948387378096e-15
2.15455847	1.4814056038705338e-15
2.155711757	1.4222285723757567e-15
2.156865044	1.362707022512837e-15
2.158018331	1.3012669951572508e-15
2.159171618	1.236504862147938e-15
2.160324906	1.1621703292486163e-15
2.161478193	1.0804589053268505e-15
2.16263148	1.0007181743895393e-15
2.163784767	9.21874563641931e-16
2.164938054	8.646379741146177e-16
2.166091342	8.280497023738894e-16
2.167244629	7.355578530279179e-16
2.168397916	6.159768002411359e-16
2.169551203	5.369356072572507e-16
2.17070449	4.850161843558791e-16
2.171857778	4.513865260221579e-16
2.173011065	4.300312189285619e-16
2.174164352	4.157377792183182e-16
2.175317639	4.112933536637982e-16
2.176470926	4.2112814695523114e-16
2.177624213	4.484716871031306e-16
2.178777501	4.792401883539729e-16
2.179930788	4.967164978400411e-16
2.181084075	5.140028708114819e-16
2.182237362	5.391204028595895e-16
2.183390649	5.597245895525631e-16
2.184543937	5.738324314181793e-16
2.185697224	5.848546928998537e-16
2.186850511	5.941302725784471e-16
2.188003798	6.069377554138727e-16
2.189157085	6.078234720580385e-16
2.190310373	5.912752153385114e-16
2.19146366	5.683344721527143e-16
2.192616947	5.3893757336439205e-16
2.193770234	5.05915993169208e-16
2.194923521	4.705936320751035e-16
2.196076809	4.320079626285079e-16
2.197230096	3.931862877569623e-16
2.198383383	3.5760422339380417e-16
2.19953667	3.291261643148002e-16
2.200689957	3.0945660858801266e-16
2.201843244	3.0034914972471367e-16
2.202996532	3.0246807111834307e-16
2.204149819	3.148711509183671e-16
2.205303106	3.401074053604628e-16
2.206456393	3.7072649260797524e-16
2.20760968	3.85813576501955e-16
2.208762968	3.9126842494563904e-16
2.209916255	3.938979901051215e-16
2.211069542	3.9337423743106923e-16
2.212222829	3.9036135132210973e-16
2.213376116	3.8328627760009086e-16
2.214529404	3.731148287997084e-16
2.215682691	3.616117331886955e-16
2.216835978	3.4934643791621134e-16
2.217989265	3.375288304666475e-16
2.219142552	3.2746062790962804e-16
2.22029584	3.1991034607046955e-16
2.221449127	3.164384091507606e-16
2.222602414	3.161239943037191e-16
2.223755701	3.1698989840835107e-16
2.224908988	3.209530028025417e-16
2.226062276	3.292591198364034e-16
2.227215563	3.3440341111069495e-16
2.22836885	3.358391174829067e-16
2.229522137	3.391393382657956e-16
2.230675424	3.429636115774737e-16
2.231828711	3.448155711425762e-16
2.232981999	3.44178654268373e-16
2.234135286	3.413668887988371e-16
2.235288573	3.366321692151297e-16
2.23644186	3.3258354288591113e-16
2.237595147	3.355121267186291e-16
2.238748435	3.453778598622538e-16
2.239901722	3.5523236877707274e-16
2.241055009	3.6630809723627214e-16
2.242208296	3.766435007022543e-16
2.243361583	3.7992486641292633e-16
2.244514871	3.718235415347558e-16
2.245668158	3.567342936444804e-16
2.246821445	3.414123568520475e-16
2.247974732	3.298821346723889e-16
2.249128019	3.1703060599419877e-16
2.250281307	3.037588596395279e-16
2.251434594	2.95730147668703e-16
2.252587881	2.9294095362051746e-16
2.253741168	2.951948040349219e-16
2.254894455	2.9924084831050257e-16
2.256047743	3.023927996520098e-16
2.25720103	3.0511992285153666e-16
2.258354317	3.048564520984518e-16
2.259507604	2.9956041074228957e-16
2.260660891	2.932156924011286e-16
2.261814178	2.9103277266681244e-16
2.262967466	2.881036509525127e-16
2.264120753	2.8205574921161465e-16
2.26527404	2.788569379675179e-16
2.266427327	2.7778522270965664e-16
2.267580614	2.7358797638422754e-16
2.268733902	2.673128314578333e-16
2.269887189	2.605745787981251e-16
2.271040476	2.535769714176193e-16
2.272193763	2.474845290336028e-16
2.27334705	2.4326035564214803e-16
2.274500338	2.4039767305444867e-16
2.275653625	2.3745149166156113e-16
2.276806912	2.349395333610163e-16
2.277960199	2.3319775222889916e-16
2.279113486	2.308593470667328e-16
2.280266774	2.2825083685588147e-16
2.281420061	2.2941062990528936e-16
2.282573348	2.306621640422058e-16
2.283726635	2.223938759669541e-16
2.284879922	2.140051934488294e-16
2.28603321	2.080572826822887e-16
2.287186497	2.013938742670655e-16
2.288339784	1.932863024431283e-16
2.289493071	1.8592115363462844e-16
2.290646358	1.8018787585601233e-16
2.291799645	1.7549741108253254e-16
2.292952933	1.7217939787219387e-16
2.29410622	1.694046711365129e-16
2.295259507	1.6456371014816092e-16
2.296412794	1.6046770712834982e-16
2.297566081	1.5832130420653182e-16
2.298719369	1.5771290394629886e-16
2.299872656	1.580296846222416e-16
2.301025943	1.593786824707523e-16
2.30217923	1.6137087429928162e-16
2.303332517	1.6345372921340674e-16
2.304485805	1.6533535554144576e-16
2.305639092	1.65934292565915e-16
2.306792379	1.6602045327243655e-16
2.307945666	1.6692456116299806e-16
2.309098953	1.6885495511783237e-16
2.310252241	1.7011053899592102e-16
2.311405528	1.688423628040593e-16
2.312558815	1.6508638789151413e-16
2.313712102	1.5916644143401885e-16
2.314865389	1.5200462506275454e-16
2.316018676	1.4424856354761583e-16
2.317171964	1.3842266594598778e-16
2.318325251	1.3474457684745227e-16
2.319478538	1.3162067443645831e-16
2.320631825	1.2933574777198578e-16
2.321785112	1.2905293974095256e-16
2.3229384	1.2820830329656726e-16
2.324091687	1.2630568104138126e-16
2.325244974	1.2419314480136032e-16
2.326398261	1.2363783109536822e-16
2.327551548	1.2239712887443573e-16
2.328704836	1.211307555667242e-16
2.329858123	1.2086221844292598e-16
2.33101141	1.2137552188950642e-16
2.332164697	1.2250234412639432e-16
2.333317984	1.2301749998915485e-16
2.334471272	1.2333320902157714e-16
2.335624559	1.2420694174606442e-16
2.336777846	1.2436719754450975e-16
2.337931133	1.2309403684556652e-16
2.33908442	1.206435202265166e-16
2.340237708	1.1763125921261409e-16
2.341390995	1.153447781360114e-16
2.342544282	1.1337586045315502e-16
2.343697569	1.1089128631657401e-16
2.344850856	1.0785893973959171e-16
2.346004143	1.0355635008601816e-16
2.347157431	9.843878944606969e-17
2.348310718	9.341083920491939e-17
2.349464005	8.932450244778763e-17
2.350617292	8.6952096756648e-17
2.351770579	8.770840842471426e-17
2.352923867	8.941097708735075e-17
2.354077154	9.025968272615354e-17
2.355230441	9.086437058694925e-17
2.356383728	9.274614868305786e-17
2.357537015	9.57394343089277e-17
2.358690303	9.865805596343523e-17
2.35984359	9.980936155533281e-17
2.360996877	1.0078717992420427e-16
2.362150164	1.0216504102426357e-16
2.363303451	1.0376845718867167e-16
2.364456739	1.0539522720121386e-16
2.365610026	1.0577704560856586e-16
2.366763313	1.0488303958810875e-16
2.3679166	1.0348732349417557e-16
2.369069887	1.021711416162038e-16
2.370223175	1.0122320106195941e-16
2.371376462	9.978143095246313e-17
2.372529749	9.889222106750773e-17
2.373683036	1.0043404696335026e-16
2.374836323	1.0067110444141566e-16
2.37598961	9.631637146511958e-17
2.377142898	9.153438025014049e-17
2.378296185	8.743102613611089e-17
2.379449472	8.362125393594762e-17
2.380602759	8.05112784786729e-17
2.381756046	7.827094255424226e-17
2.382909334	7.737404950260552e-17
2.384062621	7.793288797924056e-17
2.385215908	7.808346867947127e-17
2.386369195	7.861567936906673e-17
2.387522482	7.951441411153434e-17
2.38867577	8.118063009647072e-17
2.389829057	8.455259267289754e-17
2.390982344	8.841669035684445e-17
2.392135631	9.214931623054011e-17
2.393288918	9.515086069463309e-17
2.394442206	9.786060493644126e-17
2.395595493	1.0081434937597738e-16
2.39674878	1.0372254096530696e-16
2.397902067	1.0578242699743249e-16
2.399055354	1.0745199684671076e-16
2.400208642	1.0914308995405399e-16
2.401361929	1.093499448327454e-16
2.402515216	1.0840126551332002e-16
2.403668503	1.0747016811064952e-16
2.40482179	1.0590961822306513e-16
2.405975077	1.0400715037805066e-16
2.407128365	1.0323365397371997e-16
2.408281652	1.0377036585921007e-16
2.409434939	1.0413223083621087e-16
2.410588226	1.0305508820171202e-16
2.411741513	1.0028834361041957e-16
2.412894801	9.727014165559105e-17
2.414048088	9.500436204314042e-17
2.415201375	9.265194500144813e-17
2.416354662	9.08970508212072e-17
2.417507949	8.664840184593096e-17
2.418661237	8.200796861467939e-17
2.419814524	8.054182340639101e-17
2.420967811	8.050129968636755e-17
2.422121098	8.102548624890625e-17
2.423274385	8.42432448104308e-17
2.424427673	9.183555574514146e-17
2.42558096	1.0335865038716159e-16
2.426734247	1.1508420544397611e-16
2.427887534	1.238062075680521e-16
2.429040821	1.2835260065097816e-16
2.430194108	1.2963905363884025e-16
2.431347396	1.2924300714215712e-16
2.432500683	1.2753598829772657e-16
2.43365397	1.245714988201047e-16
2.434807257	1.2149434562836672e-16
2.435960544	1.2017661923734526e-16
2.437113832	1.2172796002303844e-16
2.438267119	1.243619407435028e-16
2.439420406	1.264980397403169e-16
2.440573693	1.289101104256611e-16
2.44172698	1.3388586063939898e-16
2.442880268	1.420405908247661e-16
2.444033555	1.5212314661700215e-16
2.445186842	1.6461667319913605e-16
2.446340129	1.8079432160342057e-16
2.447493416	2.000762251601683e-16
2.448646704	2.2260337654671553e-16
2.449799991	2.4692831149658476e-16
2.450953278	2.709322701916479e-16
2.452106565	2.959087910390256e-16
2.453259852	3.2451402243317154e-16
2.45441314	3.599578719530833e-16
2.455566427	4.0670379359684067e-16
2.456719714	4.640065511044159e-16
2.457873001	5.235535284480984e-16
2.459026288	5.665385044648598e-16
2.460179575	5.780784007663133e-16
2.461332863	5.858211152139957e-16
2.46248615	6.092273353585451e-16
2.463639437	6.459602506920533e-16
2.464792724	6.731404266792536e-16
2.465946011	6.712427174533375e-16
2.467099299	6.522073183208689e-16
2.468252586	6.344212685608502e-16
2.469405873	6.410641092568974e-16
2.47055916	6.761550881730021e-16
2.471712447	7.270455674217181e-16
2.472865735	7.928416245433247e-16
2.474019022	8.669874020888108e-16
2.475172309	9.05837178534523e-16
2.476325596	9.023904413699204e-16
2.477478883	8.734867507472669e-16
2.478632171	8.357321144537812e-16
2.479785458	8.166499747591699e-16
2.480938745	8.208248372477152e-16
2.482092032	8.230247780783199e-16
2.483245319	8.077380597363408e-16
2.484398607	7.836572269265297e-16
2.485551894	7.91076243967953e-16
2.486705181	8.178431349131871e-16
2.487858468	8.247717010128602e-16
2.489011755	8.427720997993313e-16
2.490165042	8.823794440997457e-16
2.49131833	9.25365301491212e-16
2.492471617	9.599233650400747e-16
2.493624904	9.712547515789436e-16