0.45	2.2136129853775752e-14
0.451153287	2.0673064678575626e-14
0.452306574	1.8854091603306168e-14
0.453459861	1.7632103855334967e-14
0.454613148	1.8716951433468665e-14
0.455766435	2.0371852828485383e-14
0.456919722	2.2261852421243897e-14
0.45807301	2.2561698175332137e-14
0.459226297	2.3183327143424965e-14
0.460379584	2.4216769598052038e-14
0.461532871	2.4557075068899526e-14
0.462686158	2.314288000638934e-14
0.463839445	2.38715889697224e-14
0.464992732	2.467114219087873e-14
0.466146019	2.63739570140316e-14
0.467299306	2.7590729614855886e-14
0.468452593	2.769881288293169e-14
0.46960588	2.779354050516212e-14
0.470759167	2.9188900951768055e-14
0.471912455	2.7570630772349024e-14
0.473065742	2.884546952329141e-14
0.474219029	3.068714498614704e-14
0.475372316	3.107037925576951e-14
0.476525603	3.060508926987229e-14
0.47767889	2.8834424913013394e-14
0.478832177	3.065000478021211e-14
0.479985464	3.063239338516233e-14
0.481138751	3.110096349839744e-14
0.482292038	3.335142129782591e-14
0.483445325	3.597358930853918e-14
0.484598612	3.596514346195009e-14
0.4857519	2.965433985620224e-14
0.486905187	3.3062790744866444e-14
0.488058474	3.5104882111096425e-14
0.489211761	3.717178456211093e-14
0.490365048	3.778679562523377e-14
0.491518335	3.98704239457174e-14
0.492671622	3.9536854101517437e-14
0.493824909	4.1091138132578275e-14
0.494978196	4.0574357351762836e-14
0.496131483	3.812744056715334e-14
0.49728477	3.374567211698596e-14
0.498438057	3.460802006848885e-14
0.499591345	3.132341819675142e-14
0.500744632	3.047092215619938e-14
0.501897919	3.2303426487919596e-14
0.503051206	3.481811584131677e-14
0.504204493	3.642425650389346e-14
0.50535778	3.5901931352021426e-14
0.506511067	3.762165546492876e-14
0.507664354	3.772515045495975e-14
0.508817641	3.54898619253855e-14
0.509970928	3.703928131391893e-14
0.511124215	3.822452491222913e-14
0.512277502	3.773330066919826e-14
0.51343079	3.7561104349323686e-14
0.514584077	3.7140704266417386e-14
0.515737364	3.3721079310759986e-14
0.516890651	3.219810485994135e-14
0.518043938	3.220068385866045e-14
0.519197225	3.351886826357424e-14
0.520350512	3.419721265091092e-14
0.521503799	3.896874893460438e-14
0.522657086	4.9478193724917915e-14
0.523810373	5.174975700250488e-14
0.52496366	4.9907316538241363e-14
0.526116947	4.977128196233571e-14
0.527270234	4.9542995154392045e-14
0.528423522	5.4024467794400384e-14
0.529576809	6.277899857210345e-14
0.530730096	6.606998850813442e-14
0.531883383	6.17863430943904e-14
0.53303667	5.794858392243932e-14
0.534189957	6.115265980463902e-14
0.535343244	6.468364546524852e-14
0.536496531	6.647775605112248e-14
0.537649818	6.495570730982008e-14
0.538803105	6.0986936533791e-14
0.539956392	6.269643354603497e-14
0.541109679	6.276879839541872e-14
0.542262967	6.170499219990064e-14
0.543416254	6.198777594997365e-14
0.544569541	6.346921967019968e-14
0.545722828	6.243538035918591e-14
0.546876115	6.235065019601783e-14
0.548029402	6.395542935546755e-14
0.549182689	6.365649576472099e-14
0.550335976	6.305573147382445e-14
0.551489263	6.487341426521072e-14
0.55264255	7.0339487100217e-14
0.553795837	7.293967863037453e-14
0.554949124	7.476185730784227e-14
0.556102412	7.735230862489894e-14
0.557255699	7.667463575911793e-14
0.558408986	7.565047717593241e-14
0.559562273	7.374108893323763e-14
0.56071556	7.250839321068834e-14
0.561868847	7.203530257006031e-14
0.563022134	7.082454841367929e-14
0.564175421	7.370654273173212e-14
0.565328708	7.630186493022834e-14
0.566481995	7.434158302912338e-14
0.567635282	7.433800145421296e-14
0.568788569	8.134110540446373e-14
0.569941857	7.723207207221217e-14
0.571095144	7.658582861233592e-14
0.572248431	8.170043177106781e-14
0.573401718	8.635908971927896e-14
0.574555005	8.380173985699403e-14
0.575708292	8.480554971432425e-14
0.576861579	8.573070449563335e-14
0.578014866	8.17213230463865e-14
0.579168153	8.205661390907556e-14
0.58032144	8.715341717881659e-14
0.581474727	9.407469032737542e-14
0.582628014	9.733813878318797e-14
0.583781301	9.686874738484801e-14
0.584934589	9.275011224554581e-14
0.586087876	9.520356111581062e-14
0.587241163	8.588111816833092e-14
0.58839445	6.778312164951676e-14
0.589547737	6.8979696100374e-14
0.590701024	7.845806750766891e-14
0.591854311	8.730535938931003e-14
0.593007598	8.78015765563668e-14
0.594160885	8.912346933561416e-14
0.595314172	9.040120307345165e-14
0.596467459	9.319274005872373e-14
0.597620746	9.556498275707597e-14
0.598774034	9.46043865274517e-14
0.599927321	9.209102078202481e-14
0.601080608	9.428169307987263e-14
0.602233895	1.006015596198462e-13
0.603387182	1.0359744207078043e-13
0.604540469	1.06980507912669e-13
0.605693756	1.1061804050249454e-13
0.606847043	1.1150418299391502e-13
0.60800033	1.0765329276839664e-13
0.609153617	1.0529989712739793e-13
0.610306904	1.0689476956405051e-13
0.611460191	1.0158451140434572e-13
0.612613479	9.525297271048117e-14
0.613766766	9.439548492177167e-14
0.614920053	9.194706282741296e-14
0.61607334	8.458416155139786e-14
0.617226627	7.571115237286414e-14
0.618379914	7.235800582791581e-14
0.619533201	7.386450465847422e-14
0.620686488	7.177117357535578e-14
0.621839775	7.23521175812119e-14
0.622993062	7.259246768038786e-14
0.624146349	7.684061047515384e-14
0.625299636	8.351273942992756e-14
0.626452924	8.942602459732974e-14
0.627606211	9.392450772530548e-14
0.628759498	9.99245016831965e-14
0.629912785	1.0299318079042091e-13
0.631066072	1.0412481878744157e-13
0.632219359	1.0849894711129689e-13
0.633372646	1.1103225866925302e-13
0.634525933	1.0991711805871622e-13
0.63567922	1.1058812653890241e-13
0.636832507	1.0986340520081588e-13
0.637985794	1.1265027831532426e-13
0.639139081	1.1551967532845304e-13
0.640292369	1.1690120207201344e-13
0.641445656	1.1660135888658383e-13
0.642598943	1.1580777059018776e-13
0.64375223	1.1495388621378045e-13
0.644905517	1.1452383546878363e-13
0.646058804	1.1770847028400355e-13
0.647212091	1.188548221631705e-13
0.648365378	1.131485564486342e-13
0.649518665	1.1214509475724645e-13
0.650671952	1.1595175510162053e-13
0.651825239	1.1829916017604294e-13
0.652978526	1.210208506443105e-13
0.654131813	1.2123975491588892e-13
0.655285101	1.1470433633817413e-13
0.656438388	1.0880561041038457e-13
0.657591675	1.3906265450387099e-13
0.658744962	1.343736605382184e-13
0.659898249	1.2605608118706026e-13
0.661051536	1.2270912441881827e-13
0.662204823	1.2137299460196324e-13
0.66335811	1.1911303795154428e-13
0.664511397	1.1574411610918283e-13
0.665664684	1.1199805646290983e-13
0.666817971	1.097472158961796e-13
0.667971258	1.0822076688140973e-13
0.669124546	1.074597435868345e-13
0.670277833	1.0628005013759199e-13
0.67143112	1.0609529123765441e-13
0.672584407	1.0769067360416219e-13
0.673737694	1.0784096091769021e-13
0.674890981	1.0869687168597001e-13
0.676044268	1.138374128363547e-13
0.677197555	1.169278540099614e-13
0.678350842	1.1335883149307693e-13
0.679504129	1.1271841503797166e-13
0.680657416	1.1516244800816058e-13
0.681810703	1.1852668507680795e-13
0.682963991	1.2011158923331826e-13
0.684117278	1.2042551774502835e-13
0.685270565	1.2125315723014596e-13
0.686423852	1.2341691493828391e-13
0.687577139	1.2807538655149999e-13
0.688730426	1.3229078448724812e-13
0.689883713	1.3470766328972555e-13
0.691037	1.3506499366870427e-13
0.692190287	1.3262822662395956e-13
0.693343574	1.2836631858178386e-13
0.694496861	1.262363767073854e-13
0.695650148	1.2801686828923016e-13
0.696803436	1.3082383407399616e-13
0.697956723	1.2807673757809044e-13
0.69911001	1.2192832093182145e-13
0.700263297	1.1881779459594114e-13
0.701416584	1.1871428078597044e-13
0.702569871	1.1946455579388588e-13
0.703723158	1.2099944335123396e-13
0.704876445	1.2086647362287987e-13
0.706029732	1.1402918065338601e-13
0.707183019	1.0846826011672718e-13
0.708336306	1.0707026318103857e-13
0.709489593	1.0603183244814576e-13
0.710642881	1.0485840412688597e-13
0.711796168	9.97057537277357e-14
0.712949455	9.437862889668776e-14
0.714102742	9.506772246386822e-14
0.715256029	9.647311518751561e-14
0.716409316	9.367120247025043e-14
0.717562603	8.459376184303727e-14
0.71871589	7.39378192058642e-14
0.719869177	6.644339030866948e-14
0.721022464	6.310309079295269e-14
0.722175751	6.246297830221393e-14
0.723329038	5.743417186982375e-14
0.724482325	4.9439040124906984e-14
0.725635613	4.1437834361345e-14
0.7267889	3.7349651958569536e-14
0.727942187	3.7361476103712695e-14
0.729095474	4.170409768784784e-14
0.730248761	4.982216466480647e-14
0.731402048	5.964481940440895e-14
0.732555335	7.02164985214152e-14
0.733708622	8.011173663451222e-14
0.734861909	8.949599830365287e-14
0.736015196	1.0108002900173442e-13
0.737168483	1.1163362623637476e-13
0.73832177	1.2004585809992033e-13
0.739475058	1.2672481542257775e-13
0.740628345	1.3345210732170203e-13
0.741781632	1.3720454800652457e-13
0.742934919	1.3972868733025637e-13
0.744088206	1.4094935230972942e-13
0.745241493	1.4274417426530377e-13
0.74639478	1.4104644483986822e-13
0.747548067	1.4046481606119552e-13
0.748701354	1.4093004425298323e-13
0.749854641	1.4351424298191859e-13
0.751007928	1.4717198589656676e-13
0.752161215	1.486589720359122e-13
0.753314503	1.4742869796456478e-13
0.75446779	1.4637857214673682e-13
0.755621077	1.4499856701396582e-13
0.756774364	1.4189995761481636e-13
0.757927651	1.3866927468063873e-13
0.759080938	1.3621678856453e-13
0.760234225	1.3083732553629882e-13
0.761387512	1.1954161082649448e-13
0.762540799	1.161644469306454e-13
0.763694086	1.198481455055078e-13
0.764847373	1.223333287627432e-13
0.76600066	1.22947499793315e-13
0.767153948	1.2451666409165097e-13
0.768307235	1.2967742015726975e-13
0.769460522	1.2957243796969512e-13
0.770613809	1.2485904239994028e-13
0.771767096	1.2297771355367024e-13
0.772920383	1.2082561384308993e-13
0.77407367	1.1890638247938782e-13
0.775226957	1.1947548361978443e-13
0.776380244	1.1922989473098623e-13
0.777533531	1.1274514951203757e-13
0.778686818	1.1417266153683888e-13
0.779840105	1.0960633720955597e-13
0.780993392	1.0320038138703067e-13
0.78214668	9.628418381365212e-14
0.783299967	9.178066838075083e-14
0.784453254	8.98140745140678e-14
0.785606541	9.151996051726741e-14
0.786759828	9.420998277883376e-14
0.787913115	9.295456657859846e-14
0.789066402	9.110688222830302e-14
0.790219689	8.903495844430114e-14
0.791372976	8.745929268824773e-14
0.792526263	8.605478643654093e-14
0.79367955	8.373260308143105e-14
0.794832837	8.086456313792824e-14
0.795986125	8.291633465974283e-14
0.797139412	8.598214300468627e-14
0.798292699	8.625991770190189e-14
0.799445986	8.749992711532883e-14
0.800599273	8.974126682951115e-14
0.80175256	9.20035634000444e-14
0.802905847	9.529792559301661e-14
0.804059134	9.820239233814882e-14
0.805212421	9.98107137761545e-14
0.806365708	9.959669607485018e-14
0.807518995	9.995128540243359e-14
0.808672282	1.0124708403032418e-13
0.80982557	1.0162580757411681e-13
0.810978857	1.0239165908257346e-13
0.812132144	1.0617673570038458e-13
0.813285431	1.0891904727555488e-13
0.814438718	1.1001144896833803e-13
0.815592005	1.1056920402738041e-13
0.816745292	1.1149242877340824e-13
0.817898579	1.1473366365470438e-13
0.819051866	1.1717992211369302e-13
0.820205153	1.1801380729018802e-13
0.82135844	1.2009970413711972e-13
0.822511727	1.2115531842025163e-13
0.823665015	1.256111706359692e-13
0.824818302	1.2998238605821655e-13
0.825971589	1.3226784188688461e-13
0.827124876	1.3340977530991864e-13
0.828278163	1.3081707100671385e-13
0.82943145	1.2754332527595324e-13
0.830584737	1.224609789307649e-13
0.831738024	1.2090225899469587e-13
0.832891311	1.2205032230070075e-13
0.834044598	1.1638173314622653e-13
0.835197885	1.0811389377603719e-13
0.836351172	1.0082267404513478e-13
0.83750446	9.226966021618856e-14
0.838657747	8.490957104160447e-14
0.839811034	8.228346130293418e-14
0.840964321	8.337956065297951e-14
0.842117608	8.467165914562515e-14
0.843270895	8.734163927110212e-14
0.844424182	9.205302318321124e-14
0.845577469	1.0482912127933958e-13
0.846730756	1.0379480957381591e-13
0.847884043	1.1157179197425624e-13
0.84903733	1.104393648400431e-13
0.850190617	9.19206504694333e-14
0.851343904	9.204039004496839e-14
0.852497192	9.317730259375505e-14
0.853650479	7.616258426817554e-14
0.854803766	5.866711763252413e-14
0.855957053	6.774443077819098e-14
0.85711034	6.958513778044117e-14
0.858263627	6.066446460888844e-14
0.859416914	4.781189809546118e-14
0.860570201	4.2735412513330984e-14
0.861723488	4.087786845830205e-14
0.862876775	3.727993109138035e-14
0.864030062	3.6531379339575837e-14
0.865183349	3.516489202183951e-14
0.866336637	2.9298836433168667e-14
0.867489924	3.5630127227860236e-14
0.868643211	4.7613252038240746e-14
0.869796498	5.857397293809374e-14
0.870949785	6.555505061653533e-14
0.872103072	7.181724035770053e-14
0.873256359	7.464143534986492e-14
0.874409646	6.910141568333139e-14
0.875562933	6.68412148326719e-14
0.87671622	7.394014586019032e-14
0.877869507	7.010574610762534e-14
0.879022794	5.913506857872777e-14
0.880176082	4.515849839673465e-14
0.881329369	3.2188842215801086e-14
0.882482656	2.2533858080386633e-14
0.883635943	1.7326958247609257e-14
0.88478923	1.5333655493262046e-14
0.885942517	1.2814664541433561e-14
0.887095804	1.2880556521741436e-14
0.888249091	1.4058196730784679e-14
0.889402378	1.4690173509279792e-14
0.890555665	1.5276337535660248e-14
0.891708952	1.5343664216012296e-14
0.892862239	1.478987399032826e-14
0.894015527	1.4687688217585964e-14
0.895168814	1.4995376073270002e-14
0.896322101	1.6125765970945106e-14
0.897475388	1.787227082051123e-14
0.898628675	1.8998139460722393e-14
0.899781962	2.0220258069640725e-14
0.900935249	2.0757826718600865e-14
0.902088536	2.526415325386921e-14
0.903241823	3.6508491500293675e-14
0.90439511	4.635554673716985e-14
0.905548397	5.359792277724943e-14
0.906701684	5.855136246227374e-14
0.907854972	6.230865582396677e-14
0.909008259	6.340601880990644e-14
0.910161546	6.479267439737718e-14
0.911314833	6.734058802658191e-14
0.91246812	6.900326012005984e-14
0.913621407	6.661294259906439e-14
0.914774694	6.448412846769058e-14
0.915927981	6.201406954179155e-14
0.917081268	6.317270919879963e-14
0.918234555	6.565353554770669e-14
0.919387842	6.823073643278406e-14
0.920541129	6.845290229754556e-14
0.921694416	6.590676329375499e-14
0.922847704	6.245779876514661e-14
0.924000991	6.801569975051932e-14
0.925154278	7.189381630615947e-14
0.926307565	7.111819773450487e-14
0.927460852	7.080579453529317e-14
0.928614139	6.87532640504432e-14
0.929767426	6.713545835961911e-14
0.930920713	6.515373569733287e-14
0.932074	5.966770126057033e-14
0.933227287	5.5526545389490853e-14
0.934380574	5.0097329852720247e-14
0.935533861	4.976809740598831e-14
0.936687149	4.971237769892838e-14
0.937840436	4.974974536740636e-14
0.938993723	5.3845504441761975e-14
0.94014701	5.3780985229523414e-14
0.941300297	5.048923101395457e-14
0.942453584	4.586580215085377e-14
0.943606871	4.1615026364021445e-14
0.944760158	4.065298176204298e-14
0.945913445	4.121235657494225e-14
0.947066732	4.3147761177971826e-14
0.948220019	4.1943516723317545e-14
0.949373306	4.1206321736491044e-14
0.950526594	4.252961384988918e-14
0.951679881	4.5025983833238764e-14
0.952833168	4.6842552640342984e-14
0.953986455	4.860724451046276e-14
0.955139742	4.586496549922158e-14
0.956293029	4.4862993841311095e-14
0.957446316	4.3707014682745493e-14
0.958599603	4.065351367808778e-14
0.95975289	3.864520639996545e-14
0.960906177	3.7556264882950337e-14
0.962059464	3.663284476298314e-14
0.963212751	3.6521179462758316e-14
0.964366039	3.461788063473534e-14
0.965519326	3.36558283288105e-14
0.966672613	3.2944295297920906e-14
0.9678259	3.364299150598542e-14
0.968979187	3.4377154352174615e-14
0.970132474	0.
0.971285761	0.
0.972439048	0.
0.973592335	0.
0.974745622	0.
0.975898909	0.
0.977052196	0.
0.978205483	0.
0.979358771	0.
0.980512058	0.
0.981665345	0.
0.982818632	0.
0.983971919	0.
0.985125206	0.
0.986278493	0.
0.98743178	0.
0.988585067	0.
0.989738354	0.
0.990891641	0.
0.992044928	0.
0.993198216	0.
0.994351503	0.
0.99550479	0.
0.996658077	0.
0.997811364	2.7617314672611675e-14
0.998964651	2.6930205577047514e-14
1.000117938	2.5714168939034787e-14
1.001271225	2.268801726604417e-14
1.002424512	1.990108560681729e-14
1.003577799	1.726765386397902e-14
1.004731086	1.5451277094016285e-14
1.005884373	1.5466501153341343e-14
1.007037661	1.6554085658441308e-14
1.008190948	1.7656161117728103e-14
1.009344235	2.003998919788604e-14
1.010497522	2.300766040650555e-14
1.011650809	2.602407798157041e-14
1.012804096	2.9393672261728684e-14
1.013957383	3.306051539345908e-14
1.01511067	3.638160867876291e-14
1.016263957	3.9543799526335864e-14
1.017417244	4.2280212867330866e-14
1.018570531	4.453283736666e-14
1.019723818	4.7306159589761374e-14
1.020877106	5.047606411621327e-14
1.022030393	5.326593628355367e-14
1.02318368	5.6386907566248556e-14
1.024336967	5.970405832150734e-14
1.025490254	6.313240637330429e-14
1.026643541	6.601484263711163e-14
1.027796828	6.81905723897021e-14
1.028950115	7.075587496734923e-14
1.030103402	7.368637137177383e-14
1.031256689	7.584143537165439e-14
1.032409976	7.8866427422755e-14
1.033563263	8.382633828168591e-14
1.034716551	8.775345297396338e-14
1.035869838	9.005097707109347e-14
1.037023125	9.360865257021379e-14
1.038176412	9.759197241185772e-14
1.039329699	9.967077346359903e-14
1.040482986	1.0126756227190764e-13
1.041636273	1.0332418482738742e-13
1.04278956	1.0485721443768978e-13
1.043942847	1.0556130205159143e-13
1.045096134	1.067718371351877e-13
1.046249421	1.0794705428729114e-13
1.047402708	1.0748576966599124e-13
1.048555995	1.0692041918857644e-13
1.049709283	1.0690538167532731e-13
1.05086257	1.0780869563342296e-13
1.052015857	1.0876811757901047e-13
1.053169144	1.102456466129916e-13
1.054322431	1.1123060679099744e-13
1.055475718	1.1070802960967445e-13
1.056629005	1.1105840813196595e-13
1.057782292	1.1297380845445299e-13
1.058935579	1.1375887998578913e-13
1.060088866	1.1312306357495081e-13
1.061242153	1.1218298245615234e-13
1.06239544	1.1352819189475776e-13
1.063548728	1.1411892525396147e-13
1.064702015	1.1328592293611e-13
1.065855302	1.1221282062508131e-13
1.067008589	1.1124177089266423e-13
1.068161876	1.1122401673538425e-13
1.069315163	1.1248691243085462e-13
1.07046845	1.1343691237984307e-13
1.071621737	1.127439538878007e-13
1.072775024	1.124193481414649e-13
1.073928311	1.1296305117162578e-13
1.075081598	1.1277105764416982e-13
1.076234885	1.1210274512979299e-13
1.077388173	1.1212310139123895e-13
1.07854146	1.1153403601351558e-13
1.079694747	1.0959665469891046e-13
1.080848034	1.0976726380520542e-13
1.082001321	1.116856548357871e-13
1.083154608	1.1068996462178367e-13
1.084307895	1.0783000358532481e-13
1.085461182	1.0495975198252851e-13
1.086614469	1.0443539561046843e-13
1.087767756	1.0677679902812753e-13
1.088921043	1.0586584543988104e-13
1.09007433	1.0129685617385228e-13
1.091227618	9.74941899304473e-14
1.092380905	9.47934894815167e-14
1.093534192	9.318060904793769e-14
1.094687479	8.946713220925757e-14
1.095840766	8.281737760400505e-14
1.096994053	7.76343314489509e-14
1.09814734	7.424918207148089e-14
1.099300627	7.079499953098331e-14
1.100453914	6.82933403997957e-14
1.101607201	6.769763360218845e-14
1.102760488	6.680227891112037e-14
1.103913775	6.49077484729566e-14
1.105067063	6.30786807727066e-14
1.10622035	6.114238138936636e-14
1.107373637	5.867665878621417e-14
1.108526924	5.505424329288297e-14
1.109680211	5.051160597444689e-14
1.110833498	4.574106730969079e-14
1.111986785	4.091795060790405e-14
1.113140072	3.619638524744698e-14
1.114293359	3.1640872043273696e-14
1.115446646	2.733444260456724e-14
1.116599933	2.3324912181833803e-14
1.11775322	1.9673326477802783e-14
1.118906507	1.648935826799126e-14
1.120059795	1.3687178916788599e-14
1.121213082	1.097728485371121e-14
1.122366369	8.43673774954106e-15
1.123519656	6.363525285924487e-15
1.124672943	4.742249849209853e-15
1.12582623	3.552242241196885e-15
1.126979517	2.741612865556098e-15
1.128132804	2.251915176925756e-15
1.129286091	2.076674210833977e-15
1.130439378	2.120991293447244e-15
1.131592665	2.2989053065094323e-15
1.132745952	2.6008687380930473e-15
1.13389924	2.9824449772175455e-15
1.135052527	3.378324553944192e-15
1.136205814	3.763236542540882e-15
1.137359101	4.1787601155696026e-15
1.138512388	4.5954791139654685e-15
1.139665675	4.96440527821951e-15
1.140818962	5.2696644379257925e-15
1.141972249	5.449495642592731e-15
1.143125536	5.489504232814672e-15
1.144278823	5.295872877631466e-15
1.14543211	4.842273434055282e-15
1.146585397	4.268557656134845e-15
1.147738685	3.652899695459105e-15
1.148891972	3.016875059770671e-15
1.150045259	2.4096638493293735e-15
1.151198546	1.879518018243859e-15
1.152351833	1.4494040881650014e-15
1.15350512	1.149737228164824e-15
1.154658407	9.62064511046673e-16
1.155811694	8.548012231039451e-16
1.156964981	7.956716281661164e-16
1.158118268	7.585878601850949e-16
1.159271555	7.46836137459775e-16
1.160424842	7.516513027393118e-16
1.16157813	7.617752310169137e-16
1.162731417	7.609109679602146e-16
1.163884704	7.869017817340893e-16
1.165037991	8.72035987528902e-16
1.166191278	1.0378267599931295e-15
1.167344565	1.2997637703713438e-15
1.168497852	1.656874835771253e-15
1.169651139	2.1140580575423072e-15
1.170804426	2.6316457573564258e-15
1.171957713	3.1706439827926826e-15
1.173111	3.668337361881211e-15
1.174264287	4.087696653161727e-15
1.175417574	4.4098108494353535e-15
1.176570862	4.5508717225342845e-15
1.177724149	4.5207953326459575e-15
1.178877436	4.349005088120024e-15
1.180030723	4.0817426995008075e-15
1.18118401	3.844501534763178e-15
1.182337297	3.656371371695445e-15
1.183490584	3.533476146306945e-15
1.184643871	3.4372290657300764e-15
1.185797158	3.3699072627858833e-15
1.186950445	3.5243209854029725e-15
1.188103732	3.9387452908353276e-15
1.189257019	4.490678412826619e-15
1.190410307	5.173422255136847e-15
1.191563594	6.023339369463737e-15
1.192716881	6.9809342821938116e-15
1.193870168	7.955016305916551e-15
1.195023455	9.027969661379994e-15
1.196176742	1.0272299047578244e-14
1.197330029	1.1883239047648435e-14
1.198483316	1.3752271329402387e-14
1.199636603	1.5447051979579474e-14
1.20078989	1.731038994846777e-14
1.201943177	1.959545298359204e-14
1.203096464	2.2739842755695564e-14
1.204249752	2.6430843120826203e-14
1.205403039	2.928859236893e-14
1.206556326	3.237010303431906e-14
1.207709613	3.681981279266225e-14
1.2088629	4.084245509188149e-14
1.210016187	4.36252896816066e-14
1.211169474	4.6226432367023015e-14
1.212322761	4.858731549052839e-14
1.213476048	5.0821065925864703e-14
1.214629335	5.29589554537453e-14
1.215782622	5.519403363166835e-14
1.216935909	5.785586227946082e-14
1.218089197	6.038048375425236e-14
1.219242484	6.226930974350201e-14
1.220395771	6.287599999534616e-14
1.221549058	6.188676847212783e-14
1.222702345	5.998691635715366e-14
1.223855632	5.753001648682974e-14
1.225008919	5.4750360219835874e-14
1.226162206	5.2010007442979795e-14
1.227315493	4.982989851571491e-14
1.22846878	4.787498894011034e-14
1.229622067	4.5903205902861084e-14
1.230775354	4.474241598608267e-14
1.231928642	4.4564069438467314e-14
1.233081929	4.4978348506159885e-14
1.234235216	4.594195229074588e-14
1.235388503	4.752335047124569e-14
1.23654179	4.9641133515188764e-14
1.237695077	5.22135088313992e-14
1.238848364	5.567457527323401e-14
1.240001651	5.983320129626568e-14
1.241154938	6.372901032566931e-14
1.242308225	6.690431831395863e-14
1.243461512	6.880401458985352e-14
1.244614799	6.964974795786099e-14
1.245768086	6.976680713065755e-14
1.246921374	6.992810502323065e-14
1.248074661	7.079967178104057e-14
1.249227948	7.174972029882057e-14
1.250381235	7.294171463027888e-14
1.251534522	7.475228465559152e-14
1.252687809	7.617382026486208e-14
1.253841096	7.693023450480113e-14
1.254994383	7.776321315035889e-14
1.25614767	7.865340634267252e-14
1.257300957	7.91392943184302e-14
1.258454244	7.92106201979739e-14
1.259607531	7.885878342226716e-14
1.260760819	7.837683477680867e-14
1.261914106	7.78980924739051e-14
1.263067393	7.727390885166393e-14
1.26422068	7.669103640496514e-14
1.265373967	7.664814136506143e-14
1.266527254	7.746313820601486e-14
1.267680541	7.907471614146227e-14
1.268833828	8.018138690562702e-14
1.269987115	8.002523477607121e-14
1.271140402	8.004296653986364e-14
1.272293689	8.053044968856918e-14
1.273446976	8.141404219159724e-14
1.274600264	8.267847152419759e-14
1.275753551	8.371045152556448e-14
1.276906838	8.470332748321392e-14
1.278060125	8.530910995446554e-14
1.279213412	8.450970134956949e-14
1.280366699	8.41920562419272e-14
1.281519986	8.829805494409929e-14
1.282673273	8.937654454284708e-14
1.28382656	8.426874036589354e-14
1.284979847	8.141796332048162e-14
1.286133134	8.133936758691826e-14
1.287286421	8.125277101915106e-14
1.288439709	8.044540717634467e-14
1.289592996	7.979882025871695e-14
1.290746283	7.886142621030042e-14
1.29189957	7.763325124053507e-14
1.293052857	7.759456785774653e-14
1.294206144	7.824878376237331e-14
1.295359431	7.819961900569786e-14
1.296512718	7.767782682213001e-14
1.297666005	7.686649186414002e-14
1.298819292	7.484718420974667e-14
1.299972579	7.206613697443146e-14
1.301125866	6.977685709215799e-14
1.302279153	6.800056284675427e-14
1.303432441	6.631750372106327e-14
1.304585728	6.434987428737908e-14
1.305739015	6.182323408491356e-14
1.306892302	5.920949560316613e-14
1.308045589	5.6457833698696166e-14
1.309198876	5.3210268686227215e-14
1.310352163	4.9793892039006624e-14
1.31150545	4.6714643287596163e-14
1.312658737	4.3052513124957434e-14
1.313812024	3.8694274519807156e-14
1.314965311	3.5023614220056736e-14
1.316118598	3.195609800203726e-14
1.317271886	2.843793728925439e-14
1.318425173	2.5188668762235942e-14
1.31957846	2.294504092774517e-14
1.320731747	2.1371202073853375e-14
1.321885034	2.02653080741644e-14
1.323038321	1.9356743149124904e-14
1.324191608	1.851333249302341e-14
1.325344895	1.7887312676268115e-14
1.326498182	1.7356202951264505e-14
1.327651469	1.6793039530042425e-14
1.328804756	1.6340483966909444e-14
1.329958043	1.5911023320539506e-14
1.331111331	1.5275378113279632e-14
1.332264618	1.4425872244868414e-14
1.333417905	1.3376361666205392e-14
1.334571192	1.2293475810646826e-14
1.335724479	1.1281844761585973e-14
1.336877766	1.0187214122987989e-14
1.338031053	8.973771598343329e-15
1.33918434	7.797870772336281e-15
1.340337627	6.657345009018168e-15
1.341490914	5.570399025634047e-15
1.342644201	4.675814921931567e-15
1.343797488	3.952002029950176e-15
1.344950776	3.3868198905802223e-15
1.346104063	2.9725332791008485e-15
1.34725735	2.681239525383876e-15
1.348410637	2.4970438217441677e-15
1.349563924	2.4127915662166925e-15
1.350717211	2.3125888963616183e-15
1.351870498	2.143574592654042e-15
1.353023785	1.9559434817742138e-15
1.354177072	1.7515893268936407e-15
1.355330359	1.5830046666782637e-15
1.356483646	1.440785558876638e-15
1.357636933	1.2982323768387807e-15
1.358790221	1.2231742916712453e-15
1.359943508	1.2562187367495199e-15
1.361096795	1.3807610171290825e-15
1.362250082	1.5751388273751476e-15
1.363403369	1.8063425153539757e-15
1.364556656	1.9283282287467326e-15
1.365709943	1.9344605155052968e-15
1.36686323	1.894070871954501e-15
1.368016517	1.875218990121214e-15
1.369169804	1.9844794186351755e-15
1.370323091	2.080885371522038e-15
1.371476378	2.095148681191643e-15
1.372629665	2.0207709340916047e-15
1.373782953	1.8546879717420003e-15
1.37493624	1.7171216822439033e-15
1.376089527	1.6198242979949059e-15
1.377242814	1.5554404405499508e-15
1.378396101	1.5530837976753225e-15
1.379549388	1.5867147281370598e-15
1.380702675	1.6380171815815254e-15
1.381855962	1.6787774831186335e-15
1.383009249	1.6554997929063472e-15
1.384162536	1.5795790943373114e-15
1.385315823	1.4855408160409869e-15
1.38646911	1.388070157173551e-15
1.387622398	1.3004188024677353e-15
1.388775685	1.2386105195282842e-15
1.389928972	1.2015252546153854e-15
1.391082259	1.1677171451418529e-15
1.392235546	1.134687972063918e-15
1.393388833	1.1147914160140117e-15
1.39454212	1.099083651745594e-15
1.395695407	1.0812306446485462e-15
1.396848694	1.058247475999142e-15
1.398001981	1.0313556163001107e-15
1.399155268	1.0153474131521763e-15
1.400308555	1.011088231960692e-15
1.401461843	9.934673246904479e-16
1.40261513	9.678831321106e-16
1.403768417	9.386582517984716e-16
1.404921704	8.927553043364842e-16
1.406074991	8.437286146939973e-16
1.407228278	8.075591291264948e-16
1.408381565	7.948541987116349e-16
1.409534852	8.119983258628497e-16
1.410688139	8.733443099939748e-16
1.411841426	9.86434800191409e-16
1.412994713	1.139903982263223e-15
1.414148	1.3376895302207867e-15
1.415301288	1.560352342518271e-15
1.416454575	1.799260601212165e-15
1.417607862	2.0494109066004404e-15
1.418761149	2.299119099875682e-15
1.419914436	2.5706475645692907e-15
1.421067723	2.8831853017714127e-15
1.42222101	3.229825566745707e-15
1.423374297	3.5306475816018704e-15
1.424527584	3.818553353711437e-15
1.425680871	4.170941466384334e-15
1.426834158	4.52796150038267e-15
1.427987445	4.888878683873548e-15
1.429140733	5.312347730599018e-15
1.43029402	5.805259958850531e-15
1.431447307	6.395251264238813e-15
1.432600594	7.080188825714102e-15
1.433753881	7.822936457917213e-15
1.434907168	8.565563306474157e-15
1.436060455	9.261892632404513e-15
1.437213742	9.89811202032445e-15
1.438367029	1.0479373410425967e-14
1.439520316	1.1182529117412194e-14
1.440673603	1.162781334497373e-14
1.44182689	1.1596547165813271e-14
1.442980177	1.164666851100098e-14
1.444133465	1.1858365409979162e-14
1.445286752	1.1829073807462021e-14
1.446440039	1.166746729450771e-14
1.447593326	1.1629492920517559e-14
1.448746613	1.1491966750017985e-14
1.4498999	1.1344970568815762e-14
1.451053187	1.1384457401989834e-14
1.452206474	1.1599146330394904e-14
1.453359761	1.1925444810740722e-14
1.454513048	1.2374786522533329e-14
1.455666335	1.3039807172153599e-14
1.456819622	1.3781214715921934e-14
1.45797291	1.4368963845637023e-14
1.459126197	1.5046877599720942e-14
1.460279484	1.5903996890330093e-14
1.461432771	1.697105261634908e-14
1.462586058	1.8185928948597565e-14
1.463739345	1.941687457300811e-14
1.464892632	2.0652599214363133e-14
1.466045919	2.180104815405627e-14
1.467199206	2.2467889134772922e-14
1.468352493	2.2602539358539077e-14
1.46950578	2.2602799557351555e-14
1.470659067	2.2465877668940812e-14
1.471812355	2.2268416029595503e-14
1.472965642	2.216888251265547e-14
1.474118929	2.1890186127632286e-14
1.475272216	2.1110788455888493e-14
1.476425503	2.1574312611321173e-14
1.47757879	2.2099743561853754e-14
1.478732077	2.2622591507113307e-14
1.479885364	2.3032196013318506e-14
1.481038651	2.4728100339777153e-14
1.482191938	2.742610124349575e-14
1.483345225	2.9687342918022934e-14
1.484498512	3.2566817135498434e-14
1.4856518	3.463461078391856e-14
1.486805087	3.846212303705236e-14
1.487958374	4.4190671524460136e-14
1.489111661	4.557364441878905e-14
1.490264948	4.5380089200110846e-14
1.491418235	4.712912695646821e-14
1.492571522	4.9517966808288934e-14
1.493724809	5.0718655173354493e-14
1.494878096	5.1676290456377894e-14
1.496031383	5.337151237985738e-14
1.49718467	5.3707888650734245e-14
1.498337957	5.277335324333548e-14
1.499491244	5.179452860066386e-14
1.500644532	5.2083908762754046e-14
1.501797819	5.2485224197621534e-14
1.502951106	5.22172684771703e-14
1.504104393	5.2474484738505954e-14
1.50525768	5.3151932300735384e-14
1.506410967	5.343426944201228e-14
1.507564254	5.2692750821531394e-14
1.508717541	5.2575153995766376e-14
1.509870828	5.257698158243655e-14
1.511024115	5.33547085838512e-14
1.512177402	5.471406214456217e-14
1.513330689	5.578046064368118e-14
1.514483977	5.6698431132072215e-14
1.515637264	5.701208843715597e-14
1.516790551	5.753099961565959e-14
1.517943838	5.850114117610937e-14
1.519097125	5.948748891654926e-14
1.520250412	6.048767849315496e-14
1.521403699	6.181657794679743e-14
1.522556986	6.311959889641395e-14
1.523710273	6.31922223895119e-14
1.52486356	6.244451288362812e-14
1.526016847	6.174482698559191e-14
1.527170134	6.199501859251801e-14
1.528323422	6.345197990188673e-14
1.529476709	6.617059668187827e-14
1.530629996	6.754335060997227e-14
1.531783283	6.638937324445467e-14
1.53293657	6.61804996561132e-14
1.534089857	6.728695337716755e-14
1.535243144	6.746486294456063e-14
1.536396431	6.726324765397548e-14
1.537549718	6.823756320047918e-14
1.538703005	6.940379973569427e-14
1.539856292	6.98711729614955e-14
1.541009579	6.920953584229056e-14
1.542162867	6.819710997646498e-14
1.543316154	6.784937553036876e-14
1.544469441	6.85575547329222e-14
1.545622728	6.958200655235894e-14
1.546776015	7.097873315403104e-14
1.547929302	7.256709310538419e-14
1.549082589	7.245567374001258e-14
1.550235876	7.113841589267581e-14
1.551389163	6.914908047188823e-14
1.55254245	6.776044743641814e-14
1.553695737	6.782592879619865e-14
1.554849024	6.733333746169248e-14
1.556002312	6.630860334296222e-14
1.557155599	6.584480559745042e-14
1.558308886	6.624589027791301e-14
1.559462173	6.694773819758066e-14
1.56061546	6.765993680904487e-14
1.561768747	6.760267167202784e-14
1.562922034	6.777055581069051e-14
1.564075321	6.824043651560279e-14
1.565228608	6.831491255054325e-14
1.566381895	6.850167929821514e-14
1.567535182	6.850805463036027e-14
1.568688469	6.843220062998126e-14
1.569841756	6.799390419067764e-14
1.570995044	6.84600562518828e-14
1.572148331	7.010676557914474e-14
1.573301618	7.124972105694697e-14
1.574454905	7.122577133355455e-14
1.575608192	7.04435377633637e-14
1.576761479	6.96973151827787e-14
1.577914766	6.87101145868731e-14
1.579068053	6.775580599349805e-14
1.58022134	6.652161398979946e-14
1.581374627	6.896394801538361e-14
1.582527914	7.20776712118254e-14
1.583681201	7.138084730267903e-14
1.584834489	6.966173477630136e-14
1.585987776	6.823782465721554e-14
1.587141063	6.807972859812708e-14
1.58829435	7.04998072236742e-14
1.589447637	7.469884485277308e-14
1.590600924	7.785272819350995e-14
1.591754211	7.645598450593417e-14
1.592907498	7.444384630108794e-14
1.594060785	7.341936120227638e-14
1.595214072	7.416041911968903e-14
1.596367359	7.46662128552391e-14
1.597520646	7.173576432076185e-14
1.598673934	6.95419396024244e-14
1.599827221	7.033501099886433e-14
1.600980508	7.073867548334302e-14
1.602133795	6.996002118876109e-14
1.603287082	6.961281209720623e-14
1.604440369	6.939572697619895e-14
1.605593656	6.963080003144205e-14
1.606746943	6.943167119980948e-14
1.60790023	6.841543863619768e-14
1.609053517	6.850778515120486e-14
1.610206804	6.925263911783434e-14
1.611360091	6.881975193840935e-14
1.612513379	6.77387308786638e-14
1.613666666	6.607270826586667e-14
1.614819953	6.4853269688516e-14
1.61597324	6.406164464902774e-14
1.617126527	5.986149812223066e-14
1.618279814	5.433875583987604e-14
1.619433101	5.0818675541365184e-14
1.620586388	4.678621631066515e-14
1.621739675	4.184520762270794e-14
1.622892962	3.687015671279785e-14
1.624046249	3.2540695409582515e-14
1.625199536	2.886065735071073e-14
1.626352824	2.5587678892172098e-14
1.627506111	2.215982286822101e-14
1.628659398	1.9052488992240835e-14
1.629812685	1.6296537363426215e-14
1.630965972	1.3728872432832971e-14
1.632119259	1.1324789010624939e-14
1.633272546	9.375162325457088e-15
1.634425833	7.875085583472618e-15
1.63557912	6.675292086880069e-15
1.636732407	5.862190837046024e-15
1.637885694	5.399724735168915e-15
1.639038981	5.201302864283366e-15
1.640192268	5.129039298991139e-15
1.641345556	5.156561792162778e-15
1.642498843	5.153330284194507e-15
1.64365213	4.94932765725654e-15
1.644805417	4.464893129700305e-15
1.645958704	3.845010952424315e-15
1.647111991	3.194515249547174e-15
1.648265278	2.5671972089433245e-15
1.649418565	1.997384294327029e-15
1.650571852	1.5057606832378061e-15
1.651725139	1.1857907145489488e-15
1.652878426	1.0390818484666522e-15
1.654031713	1.0370469159391785e-15
1.655185001	1.1480360012765885e-15
1.656338288	1.3263364731248404e-15
1.657491575	1.5328819262461139e-15
1.658644862	1.7262702396347823e-15
1.659798149	1.857479584932453e-15
1.660951436	1.8347742996135974e-15
1.662104723	1.7296946639505046e-15
1.66325801	1.6223034723123047e-15
1.664411297	1.561560572657908e-15
1.665564584	1.6488135040316965e-15
1.666717871	1.821979302413935e-15
1.667871158	2.0317380479722126e-15
1.669024446	2.2182571551562623e-15
1.670177733	2.3689299110550743e-15
1.67133102	2.57991997987398e-15
1.672484307	2.813223950428002e-15
1.673637594	2.9481127802100445e-15
1.674790881	3.114115446488075e-15
1.675944168	3.3400446384790916e-15
1.677097455	3.5184788264094114e-15
1.678250742	3.670335316090313e-15
1.679404029	3.958908215943398e-15
1.680557316	4.299911694988307e-15
1.681710603	4.642334363977596e-15
1.682863891	4.768987278979259e-15
1.684017178	4.6111096587225015e-15
1.685170465	4.3720915929874124e-15
1.686323752	4.1206076047665305e-15
1.687477039	3.797626805654055e-15
1.688630326	3.4244587055199093e-15
1.689783613	3.0579163555888437e-15
1.6909369	2.6846212383998095e-15
1.692090187	2.3161301959414424e-15
1.693243474	2.0170787726390946e-15
1.694396761	1.7517888791975466e-15
1.695550048	1.519799699182844e-15
1.696703335	1.3222805770671863e-15
1.697856623	1.1531701880625487e-15
1.69900991	1.019810500744407e-15
1.700163197	9.045636716518185e-16
1.701316484	7.8681530456906e-16
1.702469771	6.79829884035267e-16
1.703623058	5.883043093402604e-16
1.704776345	5.128584074919399e-16
1.705929632	4.618336934488581e-16
1.707082919	4.298856154475621e-16
1.708236206	4.1524341228504975e-16
1.709389493	4.099190402520059e-16
1.71054278	4.178971516498096e-16
1.711696068	4.455436511168367e-16
1.712849355	4.76406762678255e-16
1.714002642	4.957457107823577e-16
1.715155929	5.267864916724243e-16
1.716309216	5.624909718332514e-16
1.717462503	5.843534090163373e-16
1.71861579	5.815936723677804e-16
1.719769077	5.558779501576731e-16
1.720922364	5.161440713644077e-16
1.722075651	4.685805104071739e-16
1.723228938	4.3865977839595385e-16
1.724382225	4.269850148988825e-16
1.725535513	4.2002566248617357e-16
1.7266888	4.2938474070064705e-16
1.727842087	4.670406425446659e-16
1.728995374	5.311974238785392e-16
1.730148661	6.203163905454892e-16
1.731301948	7.461843845514542e-16
1.732455235	9.13554511571073e-16
1.733608522	1.1343460266974884e-15
1.734761809	1.4182629112683682e-15
1.735915096	1.7510195024196946e-15
1.737068383	2.1169530629315547e-15
1.73822167	2.5406990385316698e-15
1.739374958	2.9825398482838625e-15
1.740528245	3.423074052235872e-15
1.741681532	3.869950931027029e-15
1.742834819	4.263593473326886e-15
1.743988106	4.514817595770139e-15
1.745141393	4.686109800894238e-15
1.74629468	4.719413258758651e-15
1.747447967	4.5741568866145765e-15
1.748601254	4.329171490118668e-15
1.749754541	4.0467164478939365e-15
1.750907828	3.767065534926376e-15
1.752061115	3.510720659454018e-15
1.753214403	3.268620615969662e-15
1.75436769	3.0474070257665816e-15
1.755520977	2.884337914589186e-15
1.756674264	2.7646602522599258e-15
1.757827551	2.63904205832059e-15
1.758980838	2.5002203927189367e-15
1.760134125	2.3464263966424025e-15
1.761287412	2.203045364375298e-15
1.762440699	2.047026190992968e-15
1.763593986	1.8328698880156004e-15
1.764747273	1.6086321133696052e-15
1.76590056	1.3973293360117556e-15
1.767053847	1.2045356780347596e-15
1.768207135	1.0356876945419383e-15
1.769360422	8.889225813567037e-16
1.770513709	7.654369592272934e-16
1.771666996	6.672589346134045e-16
1.772820283	6.022046730292233e-16
1.77397357	5.702218197098702e-16
1.775126857	5.699015017768963e-16
1.776280144	5.965379566075622e-16
1.777433431	6.391982759959052e-16
1.778586718	6.947262552143285e-16
1.779740005	7.612905040050441e-16
1.780893292	8.399122758270802e-16
1.78204658	9.247349632201936e-16
1.783199867	1.0125014281589128e-15
1.784353154	1.10280318788903e-15
1.785506441	1.2010905203433987e-15
1.786659728	1.3035420919347745e-15
1.787813015	1.4143080980556764e-15
1.788966302	1.5588741373958375e-15
1.790119589	1.7546177582492048e-15
1.791272876	2.0040427885699857e-15
1.792426163	2.294873446617964e-15
1.79357945	2.633728253531154e-15
1.794732737	3.011583784126956e-15
1.795886025	3.408055029190142e-15
1.797039312	3.870283933434727e-15
1.798192599	4.4295399348155736e-15
1.799345886	5.121743770837026e-15
1.800499173	5.994443520133678e-15
1.80165246	7.08050065868625e-15
1.802805747	8.25693935344104e-15
1.803959034	9.362553489874729e-15
1.805112321	1.0486386166386984e-14
1.806265608	1.1708358200364867e-14
1.807418895	1.2920150809653938e-14
1.808572182	1.4191882197060215e-14
1.80972547	1.5604052110898502e-14
1.810878757	1.721907913914103e-14
1.812032044	1.9093853531735875e-14
1.813185331	2.1165936475753864e-14
1.814338618	2.339139465449909e-14
1.815491905	2.5697771110469457e-14
1.816645192	2.819083671820011e-14
1.817798479	3.120614496232287e-14
1.818951766	3.270064548734563e-14
1.820105053	3.2129859589305423e-14
1.82125834	3.2212577895958756e-14
1.822411627	3.270045613758609e-14
1.823564915	3.2316419078706094e-14
1.824718202	3.192491580637279e-14
1.825871489	3.212897492463643e-14
1.827024776	3.2812490989339644e-14
1.828178063	3.3687273371184645e-14
1.82933135	3.4239719719377306e-14
1.830484637	3.4529704705989946e-14
1.831637924	3.482786530184204e-14
1.832791211	3.498486656904909e-14
1.833944498	0.
1.835097785	0.
1.836251072	0.
1.837404359	0.
1.838557647	0.
1.839710934	0.
1.840864221	0.
1.842017508	0.
1.843170795	0.
1.844324082	0.
1.845477369	0.
1.846630656	0.
1.847783943	0.
1.84893723	0.
1.850090517	0.
1.851243804	0.
1.852397092	0.
1.853550379	0.
1.854703666	0.
1.855856953	0.
1.85701024	0.
1.858163527	0.
1.859316814	0.
1.860470101	0.
1.861623388	0.
1.862776675	0.
1.863929962	0.
1.865083249	0.
1.866236537	0.
1.867389824	0.
1.868543111	0.
1.869696398	0.
1.870849685	0.
1.872002972	1.5115764261309846e-15
1.873156259	2.016425570804663e-15
1.874309546	4.059862752679423e-15
1.875462833	9.879909945164256e-15
1.87661612	1.761018497819696e-14
1.877769407	1.9052009426689963e-14
1.878922694	1.839982718937624e-14
1.880075982	1.8363549587843428e-14
1.881229269	1.7995725443776203e-14
1.882382556	1.7433785092178805e-14
1.883535843	1.7058419752291935e-14
1.88468913	1.7063835907024364e-14
1.885842417	1.7643409299688775e-14
1.886995704	1.8043519884982984e-14
1.888148991	1.781464827043931e-14
1.889302278	1.7294787724086818e-14
1.890455565	1.6954873026458278e-14
1.891608852	1.7303502708781884e-14
1.892762139	1.8248408780084027e-14
1.893915426	1.88171305468904e-14
1.895068714	1.8614474155017654e-14
1.896222001	1.8021579625806365e-14
1.897375288	1.643746027882507e-14
1.898528575	1.3916678227312732e-14
1.899681862	1.1062743805582911e-14
1.900835149	8.496511238106534e-15
1.901988436	6.9504607736008846e-15
1.903141723	7.615464974703483e-15
1.90429501	1.0136759899255189e-14
1.905448297	1.2652761711216723e-14
1.906601584	1.4168774965180911e-14
1.907754871	1.4883865246351006e-14
1.908908159	1.4752308039199866e-14
1.910061446	1.3988573588145699e-14
1.911214733	1.3404764286225284e-14
1.91236802	1.3458238278052472e-14
1.913521307	1.4005202335978554e-14
1.914674594	1.486272460315462e-14
1.915827881	1.553741452653904e-14
1.916981168	1.5531033674564216e-14
1.918134455	1.4795670748819368e-14
1.919287742	1.3787905183108065e-14
1.920441029	1.2629287168308155e-14
1.921594316	1.1155218329952123e-14
1.922747604	9.811878815220135e-15
1.923900891	9.120317085260899e-15
1.925054178	9.050763682406412e-15
1.926207465	9.575849497360648e-15
1.927360752	1.0981501829922258e-14
1.928514039	1.3486317278677727e-14
1.929667326	1.7088237032597485e-14
1.930820613	2.0346852139972104e-14
1.9319739	2.0236678096750498e-14
1.933127187	1.7677049692422096e-14
1.934280474	1.5462405394674886e-14
1.935433761	1.4290631955608883e-14
1.936587049	1.3692742063625033e-14
1.937740336	1.3608250637396714e-14
1.938893623	1.422402903912939e-14
1.94004691	1.4965251995219592e-14
1.941200197	1.461597197218538e-14
1.942353484	1.3711929329463809e-14
1.943506771	1.3544695900061983e-14
1.944660058	1.3747874344060157e-14
1.945813345	1.386522045669171e-14
1.946966632	1.4069232357524526e-14
1.948119919	1.4223936614137132e-14
1.949273206	1.4814892603294894e-14
1.950426494	1.5673624801328024e-14
1.951579781	1.648757665261709e-14
1.952733068	1.656631429533746e-14
1.953886355	1.5598479742045984e-14
1.955039642	1.4878122088689356e-14
1.956192929	1.5082323297404126e-14
1.957346216	1.5357747143208356e-14
1.958499503	1.512255168675874e-14
1.95965279	1.4708561341539833e-14
1.960806077	1.435481161136653e-14
1.961959364	1.4066584587726896e-14
1.963112651	1.4082633119881003e-14
1.964265938	1.4521968923871268e-14
1.965419226	1.492262967136956e-14
1.966572513	1.509115445374976e-14
1.9677258	1.503817646479703e-14
1.968879087	1.4992032239106083e-14
1.970032374	1.5140160102475753e-14
1.971185661	1.546494775549498e-14
1.972338948	1.577221318245012e-14
1.973492235	1.5642196747574806e-14
1.974645522	1.5313028429857954e-14
1.975798809	1.5046789229127812e-14
1.976952096	1.4950171114559317e-14
1.978105383	1.5078300756364737e-14
1.979258671	1.506844383179774e-14
1.980411958	1.496457378366734e-14
1.981565245	1.502026688989487e-14
1.982718532	1.518269825003372e-14
1.983871819	1.5377510864821688e-14
1.985025106	1.5764698397953563e-14
1.986178393	1.617476427366639e-14
1.98733168	1.5917702669972373e-14
1.988484967	1.524380848611015e-14
1.989638254	1.485765144389653e-14
1.990791541	1.469054997645218e-14
1.991944828	1.4612793172971886e-14
1.993098116	1.4561865861794944e-14
1.994251403	1.4418545087473037e-14
1.99540469	1.400263373996091e-14
1.996557977	1.3459178784094499e-14
1.997711264	1.3044915709136212e-14
1.998864551	1.2543996196345298e-14
2.000017838	1.1955518455500442e-14
2.001171125	1.1484501626733099e-14
2.002324412	1.1157924515648531e-14
2.003477699	1.0985331057864464e-14
2.004630986	1.1037364090610877e-14
2.005784273	1.1243271192959938e-14
2.006937561	1.1320479957392456e-14
2.008090848	1.104383373187207e-14
2.009244135	1.0944558639269172e-14
2.010397422	1.172356892548584e-14
2.011550709	1.4423001906773153e-14
2.012703996	1.8709068464395133e-14
2.013857283	1.862287385340222e-14
2.01501057	1.45591250942342e-14
2.016163857	1.1651511003248238e-14
2.017317144	1.0401438879851533e-14
2.018470431	9.911753221423352e-15
2.019623718	9.885037364994752e-15
2.020777006	1.0030080334880849e-14
2.021930293	1.0098809270782252e-14
2.02308358	9.8335969591685e-15
2.024236867	9.372982451431295e-15
2.025390154	8.976444513903796e-15
2.026543441	8.672181601081622e-15
2.027696728	8.42086148841733e-15
2.028850015	8.255961842050105e-15
2.030003302	8.161396055438626e-15
2.031156589	7.9345252547241e-15
2.032309876	7.611398342526158e-15
2.033463163	7.433446268073964e-15
2.03461645	7.308727809031835e-15
2.035769738	7.111583157467337e-15
2.036923025	6.973657886422352e-15
2.038076312	6.916990690952855e-15
2.039229599	6.717000908907666e-15
2.040382886	6.421178719949437e-15
2.041536173	6.232866508063239e-15
2.04268946	6.049207537728409e-15
2.043842747	5.7969205791248584e-15
2.044996034	5.552940409011731e-15
2.046149321	5.335528512846787e-15
2.047302608	5.14238537434538e-15
2.048455895	4.958890006916007e-15
2.049609183	4.7607726381686994e-15
2.05076247	4.579302770140846e-15
2.051915757	4.4431602653685654e-15
2.053069044	4.293042506887804e-15
2.054222331	4.1114344234533465e-15
2.055375618	3.930658242405914e-15
2.056528905	3.747308293136661e-15
2.057682192	3.5432255642187944e-15
2.058835479	3.367461570424279e-15
2.059988766	3.248728105689463e-15
2.061142053	3.1179623010558216e-15
2.06229534	2.966986486770568e-15
2.063448628	2.8998339719811004e-15
2.064601915	2.8372426038454116e-15
2.065755202	2.650187300420675e-15
2.066908489	2.473169571289592e-15
2.068061776	2.35695007041634e-15
2.069215063	2.2663365552195545e-15
2.07036835	2.179945159626612e-15
2.071521637	2.0693317785826904e-15
2.072674924	1.951899697506414e-15
2.073828211	1.843885695468647e-15
2.074981498	1.7433643575795543e-15
2.076134785	1.651836779563879e-15
2.077288073	1.5629929468756275e-15
2.07844136	1.481702610190593e-15
2.079594647	1.4219037278012159e-15
2.080747934	1.3608590887811751e-15
2.081901221	1.2794355321659223e-15
2.083054508	1.211414957652014e-15
2.084207795	1.1606866663839535e-15
2.085361082	1.0924374011997302e-15
2.086514369	1.011346106266429e-15
2.087667656	9.411153241376282e-16
2.088820943	8.802184190728976e-16
2.08997423	8.293671632238077e-16
2.091127517	7.958915226615689e-16
2.092280805	7.72066197039135e-16
2.093434092	7.358260527551789e-16
2.094587379	6.972865059664512e-16
2.095740666	6.71690347170214e-16
2.096893953	6.473386720902014e-16
2.09804724	6.181569137375485e-16
2.099200527	5.899609599365788e-16
2.100353814	5.708480994563435e-16
2.101507101	5.66287027808741e-16
2.102660388	5.698501362499805e-16
2.103813675	5.719444305160607e-16
2.104966962	5.665859862507463e-16
2.10612025	5.522863109584055e-16
2.107273537	5.288611713429912e-16
2.108426824	5.06136153893709e-16
2.109580111	4.955110106909499e-16
2.110733398	4.9535968213369765e-16
2.111886685	4.945848605849575e-16
2.113039972	4.968078712513149e-16
2.114193259	5.036618938898246e-16
2.115346546	5.145008383917595e-16
2.116499833	5.258100511816864e-16
2.11765312	5.304904015785672e-16
2.118806407	5.389116804955224e-16
2.119959695	5.587962665879659e-16
2.121112982	5.82956778361685e-16
2.122266269	6.112485246674698e-16
2.123419556	6.500181270006591e-16
2.124572843	6.92153523048354e-16
2.12572613	7.267023469817536e-16
2.126879417	7.601276471033773e-16
2.128032704	7.964038533599102e-16
2.129185991	8.381629969800769e-16
2.130339278	8.859322108177325e-16
2.131492565	9.330816489067242e-16
2.132645852	9.794866583398397e-16
2.13379914	1.0258867956056621e-15
2.134952427	1.0795682389201488e-15
2.136105714	1.1438430028057707e-15
2.137259001	1.1948710526393996e-15
2.138412288	1.2287146111961103e-15
2.139565575	1.2660825920601384e-15
2.140718862	1.3022320493757502e-15
2.141872149	1.3334898883688286e-15
2.143025436	1.3643992577967355e-15
2.144178723	1.3821909337999214e-15
2.14533201	1.3716891013994136e-15
2.146485297	1.3439493414181086e-15
2.147638585	1.309908276942459e-15
2.148791872	1.2875669045387297e-15
2.149945159	1.2685197593634435e-15
2.151098446	1.233903615037193e-15
2.152251733	1.191852467895884e-15
2.15340502	1.155014452465378e-15
2.154558307	1.1302944017051787e-15
2.155711594	1.1009201491409973e-15
2.156864881	1.0507562523388921e-15
2.158018168	9.873565822635361e-16
2.159171455	9.251986138356622e-16
2.160324742	8.689680306461312e-16
2.161478029	8.120743978826477e-16
2.162631317	7.533208549579196e-16
2.163784604	6.93079899537987e-16
2.164937891	6.524176018357715e-16
2.166091178	6.355683249956687e-16
2.167244465	5.815295052178912e-16
2.168397752	5.062435677604017e-16
2.169551039	4.603737040989354e-16
2.170704326	4.3255216494121645e-16
2.171857613	4.1495405457838755e-16
2.1730109	4.03654976345635e-16
2.174164187	3.9505146217552086e-16
2.175317474	3.924479772420648e-16
2.176470762	4.003273098202436e-16
2.177624049	4.219355302425577e-16
2.178777336	4.438006272923763e-16
2.179930623	4.509132066359384e-16
2.18108391	4.563566775962591e-16
2.182237197	4.679796579230511e-16
2.183390484	4.756430458702934e-16
2.184543771	4.791346894984323e-16
2.185697058	4.829089501027245e-16
2.186850345	4.883942360658908e-16
2.188003632	4.9859549863770415e-16
2.189156919	4.994670726708607e-16
2.190310207	4.88824825070359e-16
2.191463494	4.7827820757976e-16
2.192616781	4.679941288680391e-16
2.193770068	4.575262659462039e-16
2.194923355	4.457879806781109e-16
2.196076642	4.3109560761612796e-16
2.197229929	4.151487654414325e-16
2.198383216	4.000602341702132e-16
2.199536503	3.8884393317066726e-16
2.20068979	3.823558446632356e-16
2.201843077	3.821584344286336e-16
2.202996364	3.8918507965579343e-16
2.204149652	4.026853596388556e-16
2.205302939	4.248069239104241e-16
2.206456226	4.4350890889519417e-16
2.207609513	4.400377633474032e-16
2.2087628	4.318878568112513e-16
2.209916087	4.321986682048691e-16
2.211069374	4.357271214299456e-16
2.212222661	4.3891258071142824e-16
2.213375948	4.3883557400475287e-16
2.214529235	4.359975748215533e-16
2.215682522	4.3132395456978465e-16
2.216835809	4.2484286847286404e-16
2.217989097	4.175281086944999e-16
2.219142384	4.103626361077763e-16
2.220295671	4.0406574042661293e-16
2.221448958	4.007213769672265e-16
2.222602245	3.986137894100448e-16
2.223755532	3.9449275759711274e-16
2.224908819	3.9142078451988236e-16
2.226062106	3.9291353364650294e-16
2.227215393	3.9220782439725713e-16
2.22836868	3.8804523242815403e-16
2.229521967	3.8526729128899186e-16
2.230675254	3.83072409069405e-16
2.231828541	3.818201764695226e-16
2.232981829	3.835454302423109e-16
2.234135116	3.8566125425119105e-16
2.235288403	3.849454858685699e-16
2.23644169	3.8217461608473405e-16
2.237594977	3.843853651515086e-16
2.238748264	3.9197101700464875e-16
2.239901551	3.9498883544964376e-16
2.241054838	3.9159261314472216e-16
2.242208125	3.8285106300985984e-16
2.243361412	3.7440132254573795e-16
2.244514699	3.7324991294457145e-16
2.245667986	3.7421615434490195e-16
2.246821274	3.7155392844444585e-16
2.247974561	3.649022784271085e-16
2.249127848	3.56154474335543e-16
2.250281135	3.518745640966188e-16
2.251434422	3.5458193121110855e-16
2.252587709	3.597961779839418e-16
2.253740996	3.6439024516401453e-16
2.254894283	3.640127448705453e-16
2.25604757	3.5491170161994256e-16
2.257200857	3.440201765839122e-16
2.258354144	3.3540894552293437e-16
2.259507431	3.299251842575201e-16
2.260660719	3.2720256217281846e-16
2.261814006	3.2858986483605326e-16
2.262967293	3.2733849961830406e-16
2.26412058	3.2043797861903085e-16
2.265273867	3.1478587602515466e-16
2.266427154	3.1097514237757373e-16
2.267580441	3.043235760233123e-16
2.268733728	2.9873821165615024e-16
2.269887015	2.989979350992064e-16
2.271040302	3.065190333761463e-16
2.272193589	3.1697289340092976e-16
2.273346876	3.2565479768375085e-16
2.274500164	3.299176494281659e-16
2.275653451	3.2794587538420956e-16
2.276806738	3.211006260118499e-16
2.277960025	3.130323483927699e-16
2.279113312	3.056327139392204e-16
2.280266599	3.000419873201184e-16
2.281419886	3.0025602387894267e-16
2.282573173	3.0045572471548557e-16
2.28372646	2.8958885645039335e-16
2.284879747	2.8096635316424704e-16
2.286033034	2.772611034901767e-16
2.287186321	2.7261857920035043e-16
2.288339608	2.648110875041867e-16
2.289492896	2.541799245343571e-16
2.290646183	2.3901348652326904e-16
2.29179947	2.2114588959679858e-16
2.292952757	2.0887205617987402e-16
2.294106044	2.0762614908680945e-16
2.295259331	2.105321772332542e-16
2.296412618	2.1665864659689375e-16
2.297565905	2.2427756556797666e-16
2.298719192	2.30217385417986e-16
2.299872479	2.3054360920614727e-16
2.301025766	2.2738583697373185e-16
2.302179053	2.232140663038103e-16
2.303332341	2.1970982474224575e-16
2.304485628	2.175770042493125e-16
2.305638915	2.16824085435252e-16
2.306792202	2.1692353005735215e-16
2.307945489	2.1737685924789414e-16
2.309098776	2.1737444853718262e-16
2.310252063	2.1585850549448993e-16
2.31140535	2.110150858989881e-16
2.312558637	2.0420268276703438e-16
2.313711924	1.975387688313461e-16
2.314865211	1.929316766157245e-16
2.316018498	1.8838499115930684e-16
2.317171786	1.8358825829170505e-16
2.318325073	1.782744080895361e-16
2.31947836	1.7138144356360839e-16
2.320631647	1.6470574557282508e-16
2.321784934	1.6159067472108845e-16
2.322938221	1.6042832212974356e-16
2.324091508	1.5961070434024556e-16
2.325244795	1.5830057514574713e-16
2.326398082	1.574076543088861e-16
2.327551369	1.5472463483121989e-16
2.328704656	1.516213771984783e-16
2.329857943	1.4985479327374178e-16
2.331011231	1.4959261275100793e-16
2.332164518	1.510184990853674e-16
2.333317805	1.5207457803735407e-16
2.334471092	1.5258014690523157e-16
2.335624379	1.5343918883926822e-16
2.336777666	1.5365615889144648e-16
2.337930953	1.528219199850021e-16
2.33908424	1.5075283810692137e-16
2.340237527	1.4765474203131392e-16
2.341390814	1.4495687865686677e-16
2.342544101	1.4228768977747115e-16
2.343697388	1.3868071749815935e-16
2.344850676	1.345467485767879e-16
2.346003963	1.294457163670951e-16
2.34715725	1.2390276595177806e-16
2.348310537	1.185762996834661e-16
2.349463824	1.1425428750629476e-16
2.350617111	1.1105499499225273e-16
2.351770398	1.0983029070136618e-16
2.352923685	1.0778898367148678e-16
2.354076972	1.0405924552870614e-16
2.355230259	1.0036061350824564e-16
2.356383546	9.899053193302886e-17
2.357536833	1.003232460551391e-16
2.35869012	1.0326754062076774e-16
2.359843408	1.0512363623421229e-16
2.360996695	1.0665107795877508e-16
2.362149982	1.0798379299984934e-16
2.363303269	1.0852052106508049e-16
2.364456556	1.079137325881391e-16
2.365609843	1.0568645399259903e-16
2.36676313	1.027850840656686e-16
2.367916417	1.0019386360005962e-16
2.369069704	9.852737310835002e-17
2.370222991	9.794406960993806e-17
2.371376278	9.67163301403414e-17
2.372529565	9.48573004295666e-17
2.373682853	9.487826399043664e-17
2.37483614	9.435670203761435e-17
2.375989427	9.083042619828869e-17
2.377142714	8.767425920593431e-17
2.378296001	8.559481599034818e-17
2.379449288	8.386545436613164e-17
2.380602575	8.253431273549223e-17
2.381755862	8.151792461129866e-17
2.382909149	8.159478600103244e-17
2.384062436	8.318534712999772e-17
2.385215723	8.436667568560818e-17
2.38636901	8.578864158775326e-17
2.387522298	8.724045524734135e-17
2.388675585	8.904335848673812e-17
2.389828872	9.217444016376885e-17
2.390982159	9.526785630883012e-17
2.392135446	9.765537602250717e-17
2.393288733	9.873613155965427e-17
2.39444202	9.979887505218897e-17
2.395595307	1.0242358986353213e-16
2.396748594	1.0601431137433183e-16
2.397901881	1.0800358074237918e-16
2.399055168	1.0745131057171124e-16
2.400208455	1.0540199730661946e-16
2.401361743	1.0109496558360846e-16
2.40251503	9.57622996365465e-17
2.403668317	9.166272156896418e-17
2.404821604	8.946480762725497e-17
2.405974891	8.854560980541763e-17
2.407128178	8.884329494421951e-17
2.408281465	8.942332886346121e-17
2.409434752	8.845257240650818e-17
2.410588039	8.436337215769128e-17
2.411741326	7.789198009652526e-17
2.412894613	7.110628671465583e-17
2.4140479	6.541644907081577e-17
2.415201188	6.150065718952905e-17
2.416354475	6.181423201177626e-17
2.417507762	6.308671509677737e-17
2.418661049	6.399760252440624e-17
2.419814336	6.530003917456578e-17
2.420967623	6.534279868684226e-17
2.42212091	6.290051488457247e-17
2.423274197	6.107521091885722e-17
2.424427484	6.336687602675801e-17
2.425580771	7.099829399597167e-17
2.426734058	7.847487357127256e-17
2.427887345	8.044430081620996e-17
2.429040632	7.686610959953574e-17
2.43019392	7.040184496924459e-17
2.431347207	6.319829706060711e-17
2.432500494	5.779604552640537e-17
2.433653781	5.875871747336448e-17
2.434807068	6.573474034998107e-17
2.435960355	7.26109745413684e-17
2.437113642	7.356938773543732e-17
2.438266929	7.085187533259987e-17
2.439420216	6.685848729627898e-17
2.440573503	6.201140187858687e-17
2.44172679	5.587787719588103e-17
2.442880077	4.7432903118716146e-17
2.444033365	4.214802529367909e-17
2.445186652	4.8927799761241444e-17
2.446339939	7.091427096934201e-17
2.447493226	1.0112688960777148e-16
2.448646513	1.3142969863940003e-16
2.4497998	1.585777914946906e-16
2.450953087	1.7762810907392725e-16
2.452106374	1.914082736362449e-16
2.453259661	2.0970305068697984e-16
2.454412948	2.4033295829253104e-16
2.455566235	2.8100570762920697e-16
2.456719522	3.2729915274987314e-16
2.45787281	3.736013141669724e-16
2.459026097	4.1007607928307706e-16
2.460179384	4.263128761314774e-16
2.461332671	4.431405830604542e-16
2.462485958	4.765689342743171e-16
2.463639245	5.21947812036863e-16
2.464792532	5.545037471682157e-16
2.465945819	5.544747589071327e-16
2.467099106	5.388631788703082e-16
2.468252393	5.321154116343239e-16
2.46940568	5.609767167244419e-16
2.470558967	6.265294545968091e-16
2.471712255	7.076901805021229e-16
2.472865542	7.806408438024433e-16
2.474018829	8.255388280226794e-16
2.475172116	8.059942426405574e-16
2.476325403	7.587721764073142e-16
2.47747869	7.322580357944572e-16
2.478631977	7.354319892150822e-16
2.479785264	7.764870018856349e-16
2.480938551	8.423843162784927e-16
2.482091838	9.006597273382853e-16
2.483245125	9.200721373438065e-16
2.484398412	9.11943115872271e-16
2.485551699	9.376973632266223e-16
2.486704987	9.98722102192421e-16
2.487858274	1.041176648692464e-15
2.489011561	1.0946500607680116e-15
2.490164848	1.179736901473562e-15
2.491318135	1.2895030449725735e-15
2.492471422	1.4184374444171835e-15
2.493624709	1.4753517461066073e-15