0.45	2.0144448452691562e-17
0.451153288	2.1025147762177896e-17
0.452306575	1.9230357547260885e-17
0.453459863	1.8092093341745377e-17
0.454613151	1.9268194212836552e-17
0.455766439	2.0694800918637928e-17
0.456919726	2.284114393798927e-17
0.458073014	2.2981042995964518e-17
0.459226302	2.40735696398871e-17
0.46037959	2.4901018824797313e-17
0.461532877	2.48285240510139e-17
0.462686165	2.38018643852176e-17
0.463839453	2.4905727514696438e-17
0.464992741	2.538968743362295e-17
0.466146028	2.7247817607567813e-17
0.467299316	2.891242297595991e-17
0.468452604	2.931684386734622e-17
0.469605892	2.89707805094143e-17
0.470759179	3.0304578332990803e-17
0.471912467	2.8345137815104986e-17
0.473065755	2.966383030492193e-17
0.474219043	3.207957331397421e-17
0.47537233	3.269261089433659e-17
0.476525618	3.203149241989173e-17
0.477678906	3.0090417353892956e-17
0.478832194	3.25628575346438e-17
0.479985481	3.314111605866581e-17
0.481138769	3.4869650539326435e-17
0.482292057	3.996911521777851e-17
0.483445345	4.568468452914963e-17
0.484598632	4.2830508696577136e-17
0.48575192	3.0190460907131105e-17
0.486905208	3.3363012172849646e-17
0.488058495	3.736883948970724e-17
0.489211783	4.09110386520289e-17
0.490365071	4.161890562398107e-17
0.491518359	4.349035385575335e-17
0.492671646	4.287401293799326e-17
0.493824934	4.519612076732473e-17
0.494978222	4.417795941190258e-17
0.49613151	4.153567631689495e-17
0.497284797	3.693423081072009e-17
0.498438085	3.798753764911997e-17
0.499591373	3.4240491904665836e-17
0.500744661	3.2819415998501e-17
0.501897948	3.4542733162170735e-17
0.503051236	3.7338279452454464e-17
0.504204524	3.884689263035535e-17
0.505357812	3.895319154523918e-17
0.506511099	4.0727673751179234e-17
0.507664387	4.1132630729970285e-17
0.508817675	3.8699414430086255e-17
0.509970963	3.9937202909587983e-17
0.51112425	4.15276384513981e-17
0.512277538	4.0372092477482535e-17
0.513430826	4.0329486412934943e-17
0.514584114	3.984175352049518e-17
0.515737401	3.596052276100962e-17
0.516890689	3.3813344489571535e-17
0.518043977	3.4807633665660206e-17
0.519197265	3.585508819555428e-17
0.520350552	3.65294123291519e-17
0.52150384	4.1632419789869826e-17
0.522657128	5.2302064399753345e-17
0.523810415	5.510070521726665e-17
0.524963703	5.408486336171976e-17
0.526116991	5.4026007019011794e-17
0.527270279	5.31558005118615e-17
0.528423566	5.857484912667062e-17
0.529576854	6.825711660110855e-17
0.530730142	7.203782589112809e-17
0.53188343	6.668378524794583e-17
0.533036717	6.248615678627614e-17
0.534190005	6.573061293849858e-17
0.535343293	7.066935725938583e-17
0.536496581	7.20348689288566e-17
0.537649868	7.081173858615657e-17
0.538803156	6.692721215412705e-17
0.539956444	6.846332377658878e-17
0.541109732	6.900537564208869e-17
0.542263019	6.817582868992461e-17
0.543416307	6.959972435742232e-17
0.544569595	7.129901958740918e-17
0.545722883	6.984239131504882e-17
0.54687617	6.908834191376712e-17
0.548029458	7.070273195870196e-17
0.549182746	7.065376328837361e-17
0.550336034	6.961640392089923e-17
0.551489321	7.201263325362241e-17
0.552642609	7.80076763487182e-17
0.553795897	8.096860539483577e-17
0.554949185	8.312396265253287e-17
0.556102472	8.4664152335741e-17
0.55725576	8.359962575762978e-17
0.558409048	8.371406622965176e-17
0.559562335	8.208857975428922e-17
0.560715623	8.081114232947734e-17
0.561868911	8.050933016931867e-17
0.563022199	7.885789502611531e-17
0.564175486	8.164254671587926e-17
0.565328774	8.457949454511916e-17
0.566482062	8.26322679726519e-17
0.56763535	8.364837702401644e-17
0.568788637	9.156578578742689e-17
0.569941925	8.62816255044884e-17
0.571095213	8.556938977163435e-17
0.572248501	9.128273745876003e-17
0.573401788	9.58505342910386e-17
0.574555076	9.264783812803022e-17
0.575708364	9.437516837639454e-17
0.576861652	9.479593471301516e-17
0.578014939	8.953344656604105e-17
0.579168227	8.948992230795198e-17
0.580321515	9.57082513882048e-17
0.581474803	1.0424519254840305e-16
0.58262809	1.0832569606469252e-16
0.583781378	1.0849485281020868e-16
0.584934666	1.04224305795911e-16
0.586087954	1.0760960094149431e-16
0.587241241	9.824453199122664e-17
0.588394529	7.606197840181744e-17
0.589547817	7.465141251071651e-17
0.590701105	8.750506299665548e-17
0.591854392	9.727271361193263e-17
0.59300768	9.746529748568579e-17
0.594160968	9.808064733495406e-17
0.595314256	1.0023196760583842e-16
0.596467543	1.0277051336797912e-16
0.597620831	1.0547278272002914e-16
0.598774119	1.0503712369176668e-16
0.599927406	1.0251794668610448e-16
0.601080694	1.038448516935101e-16
0.602233982	1.110184456632839e-16
0.60338727	1.145879935738639e-16
0.604540557	1.1677827901418578e-16
0.605693845	1.1860256113141885e-16
0.606847133	1.182148764558582e-16
0.608000421	1.151108824423652e-16
0.609153708	1.1303984327794436e-16
0.610306996	1.1646957109804007e-16
0.611460284	1.1239261759830216e-16
0.612613572	1.0551043082186986e-16
0.613766859	1.0489338505454874e-16
0.614920147	1.0463194402987589e-16
0.616073435	9.633168360665283e-17
0.617226723	8.765681234030558e-17
0.61838001	8.677606179009667e-17
0.619533298	9.027118129774399e-17
0.620686586	9.038524231605978e-17
0.621839874	8.818420242839151e-17
0.622993161	8.303404986211005e-17
0.624146449	8.323240809158476e-17
0.625299737	8.905988235099086e-17
0.626453025	9.597148274257544e-17
0.627606312	9.794310040152587e-17
0.6287596	1.0434630500481776e-16
0.629912888	1.13115699942889e-16
0.631066176	1.1427873178085365e-16
0.632219463	1.1807977903573886e-16
0.633372751	1.2199184033147144e-16
0.634526039	1.2088586666639457e-16
0.635679326	1.2354498541216858e-16
0.636832614	1.2163274995301852e-16
0.637985902	1.2433628750787704e-16
0.63913919	1.2927360398133597e-16
0.640292477	1.3063015610908616e-16
0.641445765	1.2812943840269662e-16
0.642599053	1.274016897030954e-16
0.643752341	1.290879082090599e-16
0.644905628	1.2942028976154992e-16
0.646058916	1.3205471215531357e-16
0.647212204	1.3483224586815366e-16
0.648365492	1.3018954469582271e-16
0.649518779	1.2747330378861548e-16
0.650672067	1.312991434550631e-16
0.651825355	1.3620641740715694e-16
0.652978643	1.4064220675032657e-16
0.65413193	1.4241585423968468e-16
0.655285218	1.3792486830281471e-16
0.656438506	1.3376954956261204e-16
0.657591794	1.376024091644814e-16
0.658745081	1.3639719345414526e-16
0.659898369	1.335533594852992e-16
0.661051657	1.3170404551040409e-16
0.662204945	1.312817815820066e-16
0.663358232	1.315325927017987e-16
0.66451152	1.272998417995276e-16
0.665664808	1.2246228086017603e-16
0.666818096	1.1979325291674876e-16
0.667971383	1.1862165296171638e-16
0.669124671	1.19213615050801e-16
0.670277959	1.181861459446991e-16
0.671431246	1.1858799195378799e-16
0.672584534	1.2110885443054206e-16
0.673737822	1.2273325312505315e-16
0.67489111	1.2447327117062115e-16
0.676044397	1.312094913959246e-16
0.677197685	1.3458232276284556e-16
0.678350973	1.3087038050513872e-16
0.679504261	1.2921498327950238e-16
0.680657548	1.3097625207452506e-16
0.681810836	1.3314932647353735e-16
0.682964124	1.344969884830233e-16
0.684117412	1.3505161883491528e-16
0.685270699	1.3673837105060136e-16
0.686423987	1.3251530708081299e-16
0.687577275	1.2642543840346385e-16
0.688730563	1.2879175319049382e-16
0.68988385	1.3776733483964285e-16
0.691037138	1.4210141214848752e-16
0.692190426	1.420154924835253e-16
0.693343714	1.4026410306151207e-16
0.694497001	1.3797981209515938e-16
0.695650289	1.3797908968962057e-16
0.696803577	1.409523379473831e-16
0.697956865	1.3904810025040354e-16
0.699110152	1.3080485622876292e-16
0.70026344	1.2545818807999919e-16
0.701416728	1.2503441315403509e-16
0.702570016	1.2601947306332416e-16
0.703723303	1.2749415967494668e-16
0.704876591	1.2727639617774106e-16
0.706029879	1.21848110237159e-16
0.707183166	1.153970971779317e-16
0.708336454	1.1468332801084346e-16
0.709489742	1.152772234135721e-16
0.71064303	1.1414423233647914e-16
0.711796317	1.089578787596774e-16
0.712949605	1.0429378252645184e-16
0.714102893	1.0393074335152265e-16
0.715256181	1.0624085215090163e-16
0.716409468	1.0275413120366135e-16
0.717562756	9.20790821957381e-17
0.718716044	8.344454702773103e-17
0.719869332	7.91071265218282e-17
0.721022619	8.462065963987369e-17
0.722175907	9.211865736040636e-17
0.723329195	8.782860438194953e-17
0.724482483	8.011755130919086e-17
0.72563577	7.62844422162874e-17
0.726789058	7.510433334992555e-17
0.727942346	7.568769223373169e-17
0.729095634	8.029277295481335e-17
0.730248921	8.621185568538532e-17
0.731402209	9.326919846757973e-17
0.732555497	1.0367062325773717e-16
0.733708785	1.0598174332587139e-16
0.734862072	1.093190404120029e-16
0.73601536	1.1682314224597123e-16
0.737168648	1.2499022364646996e-16
0.738321936	1.2929410753706697e-16
0.739475223	1.3433084449144736e-16
0.740628511	1.4210312377171195e-16
0.741781799	1.4854957804878975e-16
0.742935086	1.5060396833535242e-16
0.744088374	1.535831215150872e-16
0.745241662	1.5641612295127867e-16
0.74639495	1.5451253689632982e-16
0.747548237	1.5152014756953362e-16
0.748701525	1.4725802526169784e-16
0.749854813	1.4624087193538617e-16
0.751008101	1.4849118083384356e-16
0.752161388	1.4873670891001437e-16
0.753314676	1.483442956855368e-16
0.754467964	1.4652222954892564e-16
0.755621252	1.4474637968378601e-16
0.756774539	1.4725389884743846e-16
0.757927827	1.6428754991199453e-16
0.759081115	1.8452874612504968e-16
0.760234403	1.4731218891353338e-16
0.76138769	1.0430329836281464e-16
0.762540978	9.897237501625201e-17
0.763694266	1.0024581569740484e-16
0.764847554	1.0125926998392388e-16
0.766000841	1.0649568220401526e-16
0.767154129	1.1406787958719095e-16
0.768307417	1.2099354566667932e-16
0.769460705	1.22105539998727e-16
0.770613992	1.198102704723639e-16
0.77176728	1.1882897665271094e-16
0.772920568	1.1738831532409907e-16
0.774073856	1.1643397509041813e-16
0.775227143	1.1909071994653044e-16
0.776380431	1.1998304414229478e-16
0.777533719	1.1024693346525431e-16
0.778687006	1.111391062461609e-16
0.779840294	1.0660837556545493e-16
0.780993582	1.0358372438418014e-16
0.78214687	1.005128131019179e-16
0.783300157	9.697433109206853e-17
0.784453445	9.37657963546615e-17
0.785606733	9.485111473879807e-17
0.786760021	9.782858592162277e-17
0.787913308	9.607152041895701e-17
0.789066596	9.264092614335564e-17
0.790219884	8.97330062041615e-17
0.791373172	8.901674210848879e-17
0.792526459	8.923718679991766e-17
0.793679747	8.815613411725865e-17
0.794833035	8.614276593372733e-17
0.795986323	8.793753344231589e-17
0.79713961	8.955665571234139e-17
0.798292898	8.963930217861047e-17
0.799446186	9.068777941169747e-17
0.800599474	9.137960429518674e-17
0.801752761	9.153724876432148e-17
0.802906049	9.196923301869968e-17
0.804059337	9.320829508323607e-17
0.805212625	9.424169632817748e-17
0.806365912	9.317668688939804e-17
0.8075192	9.286236529709382e-17
0.808672488	9.392563852472519e-17
0.809825776	9.461009218433304e-17
0.810979063	9.582770294551924e-17
0.812132351	1.0175906069953055e-16
0.813285639	1.07851521816769e-16
0.814438926	1.1049917215224326e-16
0.815592214	1.0997019746427768e-16
0.816745502	1.0985324651568e-16
0.81789879	1.114433193795442e-16
0.819052077	1.1361992392995754e-16
0.820205365	1.1687183986992394e-16
0.821358653	1.2105402970862565e-16
0.822511941	1.2140933931785822e-16
0.823665228	1.2233065215563846e-16
0.824818516	1.2601556101092723e-16
0.825971804	1.307414371383814e-16
0.827125092	1.3122961347174145e-16
0.828278379	1.2718962096764318e-16
0.829431667	1.2241232963578018e-16
0.830584955	1.1805450546637126e-16
0.831738243	1.151690372914385e-16
0.83289153	1.132574670736555e-16
0.834044818	1.0572777586475707e-16
0.835198106	9.78239222371345e-17
0.836351394	9.024887075407885e-17
0.837504681	8.235124317980232e-17
0.838657969	7.836054342381838e-17
0.839811257	7.783824726490414e-17
0.840964545	7.995613214361931e-17
0.842117832	8.109588198091942e-17
0.84327112	8.325811430263462e-17
0.844424408	8.533128739902383e-17
0.845577696	9.341601608476767e-17
0.846730983	8.893883284250204e-17
0.847884271	9.57904786624248e-17
0.849037559	9.903933721980546e-17
0.850190847	9.10243549814521e-17
0.851344134	8.248499811119635e-17
0.852497422	8.436295659791649e-17
0.85365071	7.557189861079424e-17
0.854803997	6.203576643442489e-17
0.855957285	6.490629476383494e-17
0.857110573	7.177034073932783e-17
0.858263861	6.890451622389065e-17
0.859417148	5.941018706198598e-17
0.860570436	5.61304956627086e-17
0.861723724	5.851700030839353e-17
0.862877012	5.842965028452802e-17
0.864030299	6.022296856872748e-17
0.865183587	5.806179078218104e-17
0.866336875	5.25464821938584e-17
0.867490163	4.75419311491137e-17
0.86864345	5.583262897676938e-17
0.869796738	6.534682754556169e-17
0.870950026	6.935981271133525e-17
0.872103314	7.275135692707701e-17
0.873256601	7.653265659520703e-17
0.874409889	7.256231588337982e-17
0.875563177	6.754548677252923e-17
0.876716465	7.081064819492466e-17
0.877869752	6.97803622352932e-17
0.87902304	6.543511969025547e-17
0.880176328	5.815464721552123e-17
0.881329616	5.086719273742784e-17
0.882482903	4.6149538136452355e-17
0.883636191	4.465318065071693e-17
0.884789479	4.42844490208969e-17
0.885942767	3.834516972922306e-17
0.887096054	3.589691476399938e-17
0.888249342	3.7241527686414924e-17
0.88940263	3.8513253753693535e-17
0.890555917	3.952870375834166e-17
0.891709205	3.959592656587532e-17
0.892862493	3.882918863711847e-17
0.894015781	3.9049218858177956e-17
0.895169068	3.870677689479265e-17
0.896322356	3.929259767281054e-17
0.897475644	4.0467214933227026e-17
0.898628932	4.100090435083624e-17
0.899782219	4.1599282698903377e-17
0.900935507	3.987772601814405e-17
0.902088795	4.0189255754605044e-17
0.903242083	4.7395301959312627e-17
0.90439537	5.350059627610251e-17
0.905548658	5.857447785020591e-17
0.906701946	6.184732474846279e-17
0.907855234	6.328307889746736e-17
0.909008521	5.993121402719484e-17
0.910161809	5.72712157616997e-17
0.911315097	5.6764279497806e-17
0.912468385	5.86002103205387e-17
0.913621672	5.828669213231669e-17
0.91477496	5.796874454505265e-17
0.915928248	5.610915183774382e-17
0.917081536	5.518069447716707e-17
0.918234823	5.464479023418546e-17
0.919388111	5.704708480352328e-17
0.920541399	5.98454776511462e-17
0.921694687	6.139800696576511e-17
0.922847974	6.061274436275203e-17
0.924001262	6.244041015394364e-17
0.92515455	6.332234788074657e-17
0.926307837	6.171358769126113e-17
0.927461125	6.12575600442566e-17
0.928614413	6.099270535568851e-17
0.929767701	6.239232978455377e-17
0.930920988	6.149013371353159e-17
0.932074276	5.4891456920168936e-17
0.933227564	4.8822872057592184e-17
0.934380852	4.3550569406264286e-17
0.935534139	4.398708175303561e-17
0.936687427	4.6013184440195453e-17
0.937840715	4.583931369865354e-17
0.938994003	4.6150746437454025e-17
0.94014729	4.6915456262523726e-17
0.941300578	4.669525097966345e-17
0.942453866	4.495994577384167e-17
0.943607154	4.126415594953916e-17
0.944760441	3.959928049363276e-17
0.945913729	4.019442454888558e-17
0.947067017	4.145165427540953e-17
0.948220305	4.058527901094684e-17
0.949373592	4.1580782595666225e-17
0.95052688	4.614940517538056e-17
0.951680168	5.241161994808106e-17
0.952833456	5.335830100459976e-17
0.953986743	4.8463385298146075e-17
0.955140031	4.102875118116943e-17
0.956293319	3.890070879425353e-17
0.957446607	4.033489761094207e-17
0.958599894	4.094161476347395e-17
0.959753182	4.055134353066066e-17
0.96090647	3.9574915749156024e-17
0.962059757	3.9576833618738103e-17
0.963213045	3.9200282144030466e-17
0.964366333	3.700620102270595e-17
0.965519621	3.5598255572706887e-17
0.966672908	3.550815104401186e-17
0.967826196	3.7115249670662933e-17
0.968979484	3.7998561721750366e-17
0.970132772	0.
0.971286059	0.
0.972439347	0.
0.973592635	0.
0.974745923	0.
0.97589921	0.
0.977052498	0.
0.978205786	0.
0.979359074	0.
0.980512361	0.
0.981665649	0.
0.982818937	0.
0.983972225	0.
0.985125512	0.
0.9862788	0.
0.987432088	0.
0.988585376	0.
0.989738663	0.
0.990891951	0.
0.992045239	0.
0.993198527	0.
0.994351814	0.
0.995505102	0.
0.99665839	0.
0.997811677	4.7251229589306537e-17
0.998964965	4.705425376675014e-17
1.000118253	4.689127676119921e-17
1.001271541	4.593047219509495e-17
1.002424828	4.490736076463223e-17
1.003578116	4.308336359390098e-17
1.004731404	4.123396076170461e-17
1.005884692	4.1912856920673706e-17
1.007037979	4.323009479999849e-17
1.008191267	4.299429191994082e-17
1.009344555	4.327282830641078e-17
1.010497843	4.396780052562973e-17
1.01165113	4.566319483110348e-17
1.012804418	4.584110413722031e-17
1.013957706	4.6544759098935476e-17
1.015110994	4.7264731673856667e-17
1.016264281	4.7764788107759475e-17
1.017417569	4.6159563648985584e-17
1.018570857	4.603218984271973e-17
1.019724145	4.71314868342145e-17
1.020877432	4.8767244041354976e-17
1.02203072	5.0257551390931966e-17
1.023184008	5.125640483310435e-17
1.024337296	5.249903565121658e-17
1.025490583	5.454700963704874e-17
1.026643871	5.642674683185162e-17
1.027797159	5.799571478355977e-17
1.028950447	6.059519130977398e-17
1.030103734	6.317965777549794e-17
1.031257022	6.382750773341875e-17
1.03241031	6.456058506112124e-17
1.033563597	6.646464662808252e-17
1.034716885	6.802433804953727e-17
1.035870173	6.865394347325502e-17
1.037023461	7.000586793149598e-17
1.038176748	7.201179253188372e-17
1.039330036	7.377922760339885e-17
1.040483324	7.575343519376243e-17
1.041636612	7.78992683685367e-17
1.042789899	7.934659623791897e-17
1.043943187	8.052124510028944e-17
1.045096475	8.315137896579974e-17
1.046249763	8.570555964011422e-17
1.04740305	8.623341210739312e-17
1.048556338	8.775885941152011e-17
1.049709626	9.01365001539768e-17
1.050862914	9.030181627824104e-17
1.052016201	8.994668440926351e-17
1.053169489	9.188840230886667e-17
1.054322777	9.382866585993807e-17
1.055476065	9.370068732675308e-17
1.056629352	9.49790740227071e-17
1.05778264	9.848710664470133e-17
1.058935928	1.0067213466962942e-16
1.060089216	1.0165679065054983e-16
1.061242503	1.0329435943893744e-16
1.062395791	1.0472392337926736e-16
1.063549079	1.0473346740173625e-16
1.064702367	1.0404588288300434e-16
1.065855654	1.0300430532846924e-16
1.067008942	1.0210091058349225e-16
1.06816223	1.0239827014782191e-16
1.069315517	1.0420108204737663e-16
1.070468805	1.0600581332424426e-16
1.071622093	1.0655383896576283e-16
1.072775381	1.0772089154455672e-16
1.073928668	1.0988407196482602e-16
1.075081956	1.1134836718920118e-16
1.076235244	1.121779065633297e-16
1.077388532	1.1335208357304566e-16
1.078541819	1.134031264148013e-16
1.079695107	1.11439717503162e-16
1.080848395	1.1087344490125892e-16
1.082001683	1.1118205634827396e-16
1.08315497	1.079661449690517e-16
1.084308258	1.0258557897770632e-16
1.085461546	9.70289330956027e-17
1.086614834	9.348790695864492e-17
1.087768121	9.241665223991037e-17
1.088921409	8.861380074343522e-17
1.090074697	8.226117022613117e-17
1.091227985	7.726226692693844e-17
1.092381272	7.352490200654258e-17
1.09353456	7.088638556301528e-17
1.094687848	6.680677830055881e-17
1.095841136	6.074563341359499e-17
1.096994423	5.611412600990658e-17
1.098147711	5.310962332804068e-17
1.099300999	5.041342690397931e-17
1.100454287	4.868363583424242e-17
1.101607574	4.8421280048348345e-17
1.102760862	4.794929590426317e-17
1.10391415	4.657040095741882e-17
1.105067438	4.5064576906566566e-17
1.106220725	4.344705576651717e-17
1.107374013	4.151203107766623e-17
1.108527301	3.899898002457045e-17
1.109680588	3.6147201709305694e-17
1.110833876	3.3449733639907064e-17
1.111987164	3.1013905291922456e-17
1.113140452	2.880268059118942e-17
1.114293739	2.6796427568152955e-17
1.115447027	2.5010465648885338e-17
1.116600315	2.340861363305824e-17
1.117753603	2.1950095447011717e-17
1.11890689	2.0744432100709e-17
1.120060178	1.973106720287135e-17
1.121213466	1.855748170704035e-17
1.122366754	1.7518791036769275e-17
1.123520041	1.686148945000387e-17
1.124673329	1.6513676760938635e-17
1.125826617	1.636430147811308e-17
1.126979905	1.5964251429908888e-17
1.128133192	1.559891362606277e-17
1.12928648	1.571531356083077e-17
1.130439768	1.6159412532253612e-17
1.131593056	1.6755843861209934e-17
1.132746343	1.7454162186005073e-17
1.133899631	1.8109922557564063e-17
1.135052919	1.8432168238055495e-17
1.136206207	1.842994743600097e-17
1.137359494	1.8475548361456114e-17
1.138512782	1.8465667591079543e-17
1.13966607	1.8140423068519144e-17
1.140819358	1.7559442670663873e-17
1.141972645	1.686607741010124e-17
1.143125933	1.6216854217601006e-17
1.144279221	1.568334639627005e-17
1.145432508	1.5133656655446988e-17
1.146585796	1.4655137673482267e-17
1.147739084	1.43007653942593e-17
1.148892372	1.3863807790338865e-17
1.150045659	1.3352284047205028e-17
1.151198947	1.28603809702046e-17
1.152352235	1.2381210149148612e-17
1.153505523	1.1883431037036885e-17
1.15465881	1.146894241143068e-17
1.155812098	1.1170137548607872e-17
1.156965386	1.0886050669139646e-17
1.158118674	1.0609661022232537e-17
1.159271961	1.0509405247946282e-17
1.160425249	1.0552801894738093e-17
1.161578537	1.0689296271892665e-17
1.162731825	1.0929407699151638e-17
1.163885112	1.1229291429846704e-17
1.1650384	1.1682543584194889e-17
1.166191688	1.2266150124315542e-17
1.167344976	1.2864219882449404e-17
1.168498263	1.3583755690898092e-17
1.169651551	1.4476439423411756e-17
1.170804839	1.5254968612774913e-17
1.171958127	1.581806674595886e-17
1.173111414	1.6321115107159086e-17
1.174264702	1.681092276547983e-17
1.17541799	1.7432099668897435e-17
1.176571278	1.798148010801751e-17
1.177724565	1.8278687754150806e-17
1.178877853	1.8321441809635898e-17
1.180031141	1.8107849238869286e-17
1.181184428	1.8040177513667682e-17
1.182337716	1.8173216904737857e-17
1.183491004	1.8477908096681004e-17
1.184644292	1.863392485285547e-17
1.185797579	1.845757103304075e-17
1.186950867	1.882315285521973e-17
1.188104155	1.9767812684582606e-17
1.189257443	2.0427857173895573e-17
1.19041073	2.088197555796647e-17
1.191564018	2.1383321842082944e-17
1.192717306	2.1712725303394464e-17
1.193870594	2.156604570166148e-17
1.195023881	2.1333117220959988e-17
1.196177169	2.1290470355225405e-17
1.197330457	2.1848531725148034e-17
1.198483745	2.295311769271345e-17
1.199637032	2.3719947717112718e-17
1.20079032	2.462634091820768e-17
1.201943608	2.5898981586107628e-17
1.203096896	2.780258273244277e-17
1.204250183	2.988869041234285e-17
1.205403471	3.064826882700316e-17
1.206556759	3.131955374947017e-17
1.207710047	3.282871452975979e-17
1.208863334	3.370589613280514e-17
1.210016622	3.3635605000964486e-17
1.21116991	3.3811644618864295e-17
1.212323198	3.444420494076825e-17
1.213476485	3.527556228159245e-17
1.214629773	3.616711617632752e-17
1.215783061	3.6967626040039735e-17
1.216936348	3.7643671612111874e-17
1.218089636	3.8177220767321785e-17
1.219242924	3.843944084789343e-17
1.220396212	3.837518422091657e-17
1.221549499	3.7981277097901216e-17
1.222702787	3.7434974902771177e-17
1.223856075	3.6840457708919576e-17
1.225009363	3.6192173549310106e-17
1.22616265	3.56187618455364e-17
1.227315938	3.5413705945268625e-17
1.228469226	3.525028778123495e-17
1.229622514	3.4835984830377506e-17
1.230775801	3.468321234678934e-17
1.231929089	3.4857449431543563e-17
1.233082377	3.499779691775918e-17
1.234235665	3.494366422219559e-17
1.235388952	3.4849903304827284e-17
1.23654224	3.479289460977309e-17
1.237695528	3.4811460156793446e-17
1.238848816	3.5238858303908196e-17
1.240002103	3.6065554069367015e-17
1.241155391	3.689533039763676e-17
1.242308679	3.774029126876599e-17
1.243461967	3.8764514920171813e-17
1.244615254	3.979511426627651e-17
1.245768542	4.072553703967251e-17
1.24692183	4.1683287565935626e-17
1.248075118	4.2610811117204085e-17
1.249228405	4.335500058929029e-17
1.250381693	4.40916815307168e-17
1.251534981	4.5145976041179405e-17
1.252688268	4.605825813534967e-17
1.253841556	4.6505479697981506e-17
1.254994844	4.6888945389459626e-17
1.256148132	4.712262860202685e-17
1.257301419	4.6869241354049896e-17
1.258454707	4.6335886741697914e-17
1.259607995	4.563743371814276e-17
1.260761283	4.5155667769204343e-17
1.26191457	4.5080419965701593e-17
1.263067858	4.507357448093131e-17
1.264221146	4.5132041694248167e-17
1.265374434	4.5263520545127854e-17
1.266527721	4.563698674529984e-17
1.267681009	4.6578839575898125e-17
1.268834297	4.7510451807610034e-17
1.269987585	4.838485173583726e-17
1.271140872	4.998793523966518e-17
1.27229416	5.217000611292485e-17
1.273447448	5.4708266161056953e-17
1.274600736	5.716204073506121e-17
1.275754023	5.917886794201579e-17
1.276907311	6.110747058631456e-17
1.278060599	6.283477786498881e-17
1.279213887	6.392456765936958e-17
1.280367174	6.565645222482599e-17
1.281520462	7.110055121421855e-17
1.28267375	7.431292618287256e-17
1.283827038	7.2194257728616e-17
1.284980325	7.162350627276901e-17
1.286133613	7.309632365450701e-17
1.287286901	7.406141400251262e-17
1.288440188	7.36727485989123e-17
1.289593476	7.276642088728691e-17
1.290746764	7.099754409429582e-17
1.291900052	6.843798322746919e-17
1.293053339	6.642501464406344e-17
1.294206627	6.471566957204525e-17
1.295359915	6.230935257942402e-17
1.296513203	5.964421380515824e-17
1.29766649	5.704562687910997e-17
1.298819778	5.369070269845097e-17
1.299973066	4.9920381620000976e-17
1.301126354	4.654061818650313e-17
1.302279641	4.351164086073927e-17
1.303432929	4.0724017749922854e-17
1.304586217	3.804905049466672e-17
1.305739505	3.549675891645738e-17
1.306892792	3.341862110041063e-17
1.30804608	3.1686565935345983e-17
1.309199368	3.0046330593345425e-17
1.310352656	2.8603755974353856e-17
1.311505943	2.7567745896673184e-17
1.312659231	2.6321667515735523e-17
1.313812519	2.4678140131034277e-17
1.314965807	2.3382798875660648e-17
1.316119094	2.2412973117856918e-17
1.317272382	2.103100760888091e-17
1.31842567	1.9670715797828776e-17
1.319578958	1.8874427797018666e-17
1.320732245	1.837739167770724e-17
1.321885533	1.8014980885157386e-17
1.323038821	1.7557671784739135e-17
1.324192108	1.6892595017680628e-17
1.325345396	1.6239705818720934e-17
1.326498684	1.5568824538433884e-17
1.327651972	1.4844770125476452e-17
1.328805259	1.427356077281323e-17
1.329958547	1.3827702667055495e-17
1.331111835	1.3364422569195107e-17
1.332265123	1.2935362316752703e-17
1.33341841	1.2604307156487732e-17
1.334571698	1.2417819584105153e-17
1.335724986	1.2414319515946166e-17
1.336878274	1.2375031531154829e-17
1.338031561	1.2190504641240686e-17
1.339184849	1.1952414015028941e-17
1.340338137	1.1576481947552713e-17
1.341491425	1.0924398365306007e-17
1.342644712	1.0118469077029453e-17
1.343798	9.289060415071786e-18
1.344951288	8.472182186334478e-18
1.346104576	7.706847664374867e-18
1.347257863	6.972446769153808e-18
1.348411151	6.2883214613796675e-18
1.349564439	5.707010103130072e-18
1.350717727	5.1565573625373094e-18
1.351871014	4.62790745306166e-18
1.353024302	4.169333879167407e-18
1.35417759	3.792237086722822e-18
1.355330878	3.493482913497758e-18
1.356484165	3.2261391481786475e-18
1.357637453	2.980725207471959e-18
1.358790741	2.913989971046514e-18
1.359944028	3.0486104501675353e-18
1.361097316	3.4552389669119174e-18
1.362250604	4.411312306279141e-18
1.363403892	6.249442320860551e-18
1.364557179	9.434985845376653e-18
1.365710467	1.379519119258914e-17
1.366863755	1.788569655457285e-17
1.368017043	2.0062281451554185e-17
1.36917033	2.0656505159413582e-17
1.370323618	1.9588435895473108e-17
1.371476906	1.7356301709946744e-17
1.372630194	1.4624372236673132e-17
1.373783481	1.1787753604414693e-17
1.374936769	9.380265538717934e-18
1.376090057	7.480974709582685e-18
1.377243345	5.9688922725111815e-18
1.378396632	4.862343862474685e-18
1.37954992	4.253795895138772e-18
1.380703208	3.998963806543408e-18
1.381856496	4.0882185934158905e-18
1.383009783	4.5467370585461e-18
1.384163071	5.246205441219698e-18
1.385316359	6.1799354641519805e-18
1.386469647	6.908692539110005e-18
1.387622934	6.907097738615301e-18
1.388776222	6.440998151551717e-18
1.38992951	5.765297708276921e-18
1.391082798	4.945616434647418e-18
1.392236085	4.1819621739345364e-18
1.393389373	3.6680323430027434e-18
1.394542661	3.360452225755293e-18
1.395695949	3.306882301581358e-18
1.396849236	3.4291352626249664e-18
1.398002524	3.612587210017504e-18
1.399155812	3.837145510343547e-18
1.400309099	3.963450439570595e-18
1.401462387	3.9285083790586815e-18
1.402615675	3.830574154021466e-18
1.403768963	3.7235795957734585e-18
1.40492225	3.558202383036443e-18
1.406075538	3.437921654150995e-18
1.407228826	3.448538063437443e-18
1.408382114	3.644431164130963e-18
1.409535401	4.153861566103249e-18
1.410688689	4.812381381157496e-18
1.411841977	5.475930354039939e-18
1.412995265	5.8971275317980506e-18
1.414148552	5.894837314706759e-18
1.41530184	5.797386953131904e-18
1.416455128	5.738947331749411e-18
1.417608416	5.805478062629259e-18
1.418761703	6.0465587115070726e-18
1.419914991	6.35704064862354e-18
1.421068279	6.724006978547743e-18
1.422221567	7.06471773332462e-18
1.423374854	7.178505474864587e-18
1.424528142	7.21830627696765e-18
1.42568143	7.33366579798658e-18
1.426834718	7.41743603002832e-18
1.427988005	7.455973042761599e-18
1.429141293	7.486439692000531e-18
1.430294581	7.468207563961534e-18
1.431447869	7.441172848219653e-18
1.432601156	7.513112893229624e-18
1.433754444	7.574208790429962e-18
1.434907732	7.629400153360192e-18
1.436061019	7.735753753400503e-18
1.437214307	7.85743254307937e-18
1.438367595	8.059286268544543e-18
1.439520883	8.580996715816736e-18
1.44067417	9.126789546336093e-18
1.441827458	9.319957126113417e-18
1.442980746	9.495865714212231e-18
1.444134034	9.848161937604553e-18
1.445287321	1.0043774766964175e-17
1.446440609	1.008719287448978e-17
1.447593897	1.0271881729038138e-17
1.448747185	1.0501165467879319e-17
1.449900472	1.0944320340459078e-17
1.45105376	1.1039194617053023e-17
1.452207048	1.0934219910250595e-17
1.453360336	1.1352239492057345e-17
1.454513623	1.1999136506616396e-17
1.455666911	1.2141583148225412e-17
1.456820199	1.1937788568250483e-17
1.457973487	1.1919626614264408e-17
1.459126774	1.1977566034709471e-17
1.460280062	1.167696306654343e-17
1.46143335	1.1257907111259117e-17
1.462586638	1.1180843833677553e-17
1.463739925	1.1039315308823142e-17
1.464893213	1.0492228186520199e-17
1.466046501	9.993129558874979e-18
1.467199789	9.915075766476087e-18
1.468353076	9.91551392551328e-18
1.469506364	9.856444344919819e-18
1.470659652	9.90860280445419e-18
1.471812939	1.024675814509116e-17
1.472966227	1.0816846466344068e-17
1.474119515	1.1543323696598429e-17
1.475272803	1.2297891660582996e-17
1.47642609	1.2644586119573251e-17
1.477579378	1.2440594519482933e-17
1.478732666	1.2120910616708127e-17
1.479885954	1.2111885226322207e-17
1.481039241	1.2661586085886181e-17
1.482192529	1.335754557352363e-17
1.483345817	1.3894484938081995e-17
1.484499105	1.407258010380125e-17
1.485652392	1.391283512216853e-17
1.48680568	1.4987182603014215e-17
1.487958968	1.7434351542856263e-17
1.489112256	1.886638694928605e-17
1.490265543	1.851132775502736e-17
1.491418831	1.864505988475504e-17
1.492572119	1.9036573179620742e-17
1.493725407	1.88538480294015e-17
1.494878694	1.8631798798434352e-17
1.496031982	1.9056353356437928e-17
1.49718527	1.9712873506230768e-17
1.498338558	1.9809400706990972e-17
1.499491845	1.941191086468575e-17
1.500645133	1.9120468747941448e-17
1.501798421	1.8731903582510135e-17
1.502951709	1.8160762817935914e-17
1.504104996	1.8097997261364058e-17
1.505258284	1.8923131804524172e-17
1.506411572	1.962289871006316e-17
1.507564859	1.9699385438039283e-17
1.508718147	1.9493788899798507e-17
1.509871435	1.9432808877721165e-17
1.511024723	1.96390214558828e-17
1.51217801	1.9820951962330528e-17
1.513331298	1.994702483437955e-17
1.514484586	2.0482664813764626e-17
1.515637874	2.1082571360328374e-17
1.516791161	2.122064667638287e-17
1.517944449	2.1218488159557963e-17
1.519097737	2.1680686046828792e-17
1.520251025	2.239743988227129e-17
1.521404312	2.2777511141779203e-17
1.5225576	2.2781948320028915e-17
1.523710888	2.288202243513969e-17
1.524864176	2.326088762344187e-17
1.526017463	2.3216086156899444e-17
1.527170751	2.288774326868194e-17
1.528324039	2.322217604916681e-17
1.529477327	2.4630501925434424e-17
1.530630614	2.573258350918115e-17
1.531783902	2.5699873331435484e-17
1.53293719	2.6416555535456045e-17
1.534090478	2.816409855716098e-17
1.535243765	2.9084901833984744e-17
1.536397053	2.912726546323927e-17
1.537550341	2.960537201590855e-17
1.538703629	3.045838382544432e-17
1.539856916	3.079859311451015e-17
1.541010204	3.010051192792568e-17
1.542163492	2.947023501574188e-17
1.543316779	2.9857138858275834e-17
1.544470067	3.040963332957473e-17
1.545623355	3.008722542326623e-17
1.546776643	2.951981282307873e-17
1.54792993	2.989017276735177e-17
1.549083218	3.08197765917153e-17
1.550236506	3.1202646339496576e-17
1.551389794	3.0420798459901186e-17
1.552543081	2.9619325148399305e-17
1.553696369	3.0003126736589114e-17
1.554849657	3.056229142761148e-17
1.556002945	2.991432853210534e-17
1.557156232	2.860583973478886e-17
1.55830952	2.821787571131461e-17
1.559462808	2.8715164135956074e-17
1.560616096	2.913802479924458e-17
1.561769383	2.869060194541964e-17
1.562922671	2.789282952512965e-17
1.564075959	2.756066123381963e-17
1.565229247	2.7750476375483936e-17
1.566382534	2.777018389365071e-17
1.567535822	2.717069470648229e-17
1.56868911	2.6664449670328897e-17
1.569842398	2.6616030009658432e-17
1.570995685	2.728863122249779e-17
1.572148973	2.858553959402545e-17
1.573302261	2.951408019493582e-17
1.574455549	3.0557786092655266e-17
1.575608836	3.1621435334573065e-17
1.576762124	3.2046165592405825e-17
1.577915412	3.219033806460176e-17
1.579068699	3.2046756515551797e-17
1.580221987	3.218548361717179e-17
1.581375275	3.401995097222902e-17
1.582528563	3.579468981566661e-17
1.58368185	3.576550363525275e-17
1.584835138	3.561962509298535e-17
1.585988426	3.5702295181219043e-17
1.587141714	3.586440816187501e-17
1.588295001	3.5980909326524834e-17
1.589448289	3.681158039603552e-17
1.590601577	3.8066588122296715e-17
1.591754865	3.7764898964989934e-17
1.592908152	3.6435893472178936e-17
1.59406144	3.524766640111046e-17
1.595214728	3.5244864868104207e-17
1.596368016	3.511374819617371e-17
1.597521303	3.273152500704376e-17
1.598674591	3.082089485971853e-17
1.599827879	3.0789255940672696e-17
1.600981167	3.115353688078672e-17
1.602134454	3.0577281082045324e-17
1.603287742	2.914215046746286e-17
1.60444103	2.7754249229831592e-17
1.605594318	2.695694383395926e-17
1.606747605	2.5911056198934827e-17
1.607900893	2.4105633419195912e-17
1.609054181	2.277815014202121e-17
1.610207469	2.244853498036712e-17
1.611360756	2.2112965017440654e-17
1.612514044	2.1516441116480866e-17
1.613667332	2.070664601195025e-17
1.614820619	2.0207418340676173e-17
1.615973907	1.998957437521976e-17
1.617127195	1.925826104734263e-17
1.618280483	1.7956872776219904e-17
1.61943377	1.7038049247649505e-17
1.620587058	1.6022464543166227e-17
1.621740346	1.480044872412313e-17
1.622893634	1.40015742250082e-17
1.624046921	1.3491476873386242e-17
1.625200209	1.2965878324802892e-17
1.626353497	1.2332643348323338e-17
1.627506785	1.1570214222744971e-17
1.628660072	1.0998476806007311e-17
1.62981336	1.0673489448352435e-17
1.630966648	1.0326406254643571e-17
1.632119936	9.848234175427166e-18
1.633273223	9.407412279060977e-18
1.634426511	9.127774965707106e-18
1.635579799	8.90219668035555e-18
1.636733087	8.641614840143686e-18
1.637886374	8.412750126985735e-18
1.639039662	8.195858515243038e-18
1.64019295	8.033975777521614e-18
1.641346238	7.988021499376181e-18
1.642499525	7.959375553913936e-18
1.643652813	7.872585721590336e-18
1.644806101	7.640108815631845e-18
1.645959389	7.378757291158825e-18
1.647112676	7.106727269668433e-18
1.648265964	6.889696141481304e-18
1.649419252	6.6502534663883805e-18
1.65057254	6.4051891241400674e-18
1.651725827	6.226602180144675e-18
1.652879115	6.166673159056204e-18
1.654032403	6.186153474487202e-18
1.65518569	6.274043995592727e-18
1.656338978	6.408248849601632e-18
1.657492266	6.5794465618676755e-18
1.658645554	6.725471241068656e-18
1.659798841	6.793052255208282e-18
1.660952129	6.69323845346953e-18
1.662105417	6.5310162758727506e-18
1.663258705	6.3981781591841e-18
1.664411992	6.260007113539613e-18
1.66556528	6.1385653215928406e-18
1.666718568	6.04853476256402e-18
1.667871856	6.004486499224989e-18
1.669025143	5.944996632201254e-18
1.670178431	5.899007723753052e-18
1.671331719	6.0737270850153235e-18
1.672485007	6.33505657508122e-18
1.673638294	6.369666563142699e-18
1.674791582	6.4051655669039986e-18
1.67594487	6.498004292591237e-18
1.677098158	6.4837321986001974e-18
1.678251445	6.3977377745125676e-18
1.679404733	6.492224973322496e-18
1.680558021	6.680336779691735e-18
1.681711309	6.817732641657596e-18
1.682864596	6.855299815377974e-18
1.684017884	6.771183014338748e-18
1.685171172	6.7272023979014696e-18
1.68632446	6.708445702158856e-18
1.687477747	6.6024401210897924e-18
1.688631035	6.451307002000388e-18
1.689784323	6.339603599878672e-18
1.69093761	6.21323344980937e-18
1.692090898	6.018912393331735e-18
1.693244186	5.80063365049858e-18
1.694397474	5.547774189905624e-18
1.695550761	5.2712817095274364e-18
1.696704049	5.0241968774407414e-18
1.697857337	4.814984911127743e-18
1.699010625	4.618081823109446e-18
1.700163912	4.406787028633031e-18
1.7013172	4.173281659065807e-18
1.702470488	3.950712802186045e-18
1.703623776	3.760817053269861e-18
1.704777063	3.612504226612599e-18
1.705930351	3.510111165911931e-18
1.707083639	3.47814305891657e-18
1.708236927	3.508134244282771e-18
1.709390214	3.555108682521533e-18
1.710543502	3.7007083846358576e-18
1.71169679	3.921982523020898e-18
1.712850078	3.955625441718103e-18
1.714003365	3.6516590105887655e-18
1.715156653	3.2696007597313904e-18
1.716309941	3.036039085169238e-18
1.717463229	2.8945491358111253e-18
1.718616516	2.8836264915662168e-18
1.719769804	3.014766898231716e-18
1.720923092	3.185530160479884e-18
1.72207638	3.3998186218723662e-18
1.723229667	3.669830545835634e-18
1.724382955	3.8872185130416525e-18
1.725536243	3.938464301797738e-18
1.72668953	3.868872363609937e-18
1.727842818	3.773959646222329e-18
1.728996106	3.639120495130857e-18
1.730149394	3.515437905980129e-18
1.731302681	3.472443848238897e-18
1.732455969	3.518691181089247e-18
1.733609257	3.672409100887863e-18
1.734762545	3.884612791271733e-18
1.735915832	4.165623281289774e-18
1.73706912	4.479450271464387e-18
1.738222408	4.788829233613108e-18
1.739375696	5.0854630278510385e-18
1.740528983	5.314638446051742e-18
1.741682271	5.514170870898953e-18
1.742835559	5.5959167590492294e-18
1.743988847	5.6313490321561216e-18
1.745142134	5.785090034622638e-18
1.746295422	6.001916846952025e-18
1.74744871	6.085702231990595e-18
1.748601998	5.998866408368484e-18
1.749755285	5.8075969016245235e-18
1.750908573	5.623294369833389e-18
1.752061861	5.518102886127453e-18
1.753215149	5.434101104401721e-18
1.754368436	5.345624115522902e-18
1.755521724	5.28068230292512e-18
1.756675012	5.195868145960622e-18
1.7578283	5.097227603793714e-18
1.758981587	5.011571405400806e-18
1.760134875	4.9325431527621065e-18
1.761288163	4.902756826542417e-18
1.76244145	4.857867709409258e-18
1.763594738	4.730253217454357e-18
1.764748026	4.663258331190695e-18
1.765901314	4.682267669187998e-18
1.767054601	4.739238334451844e-18
1.768207889	4.7234260281787566e-18
1.769361177	4.568185293500099e-18
1.770514465	4.3219866740965045e-18
1.771667752	4.049212109407328e-18
1.77282104	3.823381218297116e-18
1.773974328	3.6609911599412024e-18
1.775127616	3.551393174092682e-18
1.776280903	3.477219282474944e-18
1.777434191	3.45659594648157e-18
1.778587479	3.507412304397458e-18
1.779740767	3.6316484298826564e-18
1.780894054	3.806200243157698e-18
1.782047342	3.930681802624098e-18
1.78320063	3.980051482218094e-18
1.784353918	3.9738155179537074e-18
1.785507205	3.965124689009068e-18
1.786660493	3.976230688230724e-18
1.787813781	3.960399519706325e-18
1.788967069	3.9479330687338925e-18
1.790120356	3.9518459119601855e-18
1.791273644	3.9613015699799325e-18
1.792426932	4.042976252091364e-18
1.79358022	4.230480854994308e-18
1.794733507	4.4789484304931686e-18
1.795886795	4.725060410949702e-18
1.797040083	4.9621714673797554e-18
1.79819337	5.222877445630942e-18
1.799346658	5.552195504153514e-18
1.800499946	5.992666101486465e-18
1.801653234	6.5886057902531634e-18
1.802806521	7.26797886350885e-18
1.803959809	7.984026055696134e-18
1.805113097	8.873057012969884e-18
1.806266385	9.95551586469596e-18
1.807419672	1.1079856420600886e-17
1.80857296	1.2141495673329055e-17
1.809726248	1.314316340920776e-17
1.810879536	1.4232180804330422e-17
1.812032823	1.55190919274938e-17
1.813186111	1.719536168913031e-17
1.814339399	1.9308932286598024e-17
1.815492687	2.176311005444336e-17
1.816645974	2.4604345078819046e-17
1.817799262	2.789970694965116e-17
1.81895255	2.9695658431783877e-17
1.820105838	2.938004126216086e-17
1.821259125	2.93979248417442e-17
1.822412413	2.9534822732489434e-17
1.823565701	2.870584235153489e-17
1.824718989	2.7768654416794536e-17
1.825872276	2.72804673620059e-17
1.827025564	2.7113598269598913e-17
1.828178852	2.7070783307648478e-17
1.82933214	2.681430365885586e-17
1.830485427	2.6500155729775996e-17
1.831638715	2.6476039472919544e-17
1.832792003	2.6526592982318528e-17
1.83394529	0.
1.835098578	0.
1.836251866	0.
1.837405154	0.
1.838558441	0.
1.839711729	0.
1.840865017	0.
1.842018305	0.
1.843171592	0.
1.84432488	0.
1.845478168	0.
1.846631456	0.
1.847784743	0.
1.848938031	0.
1.850091319	0.
1.851244607	0.
1.852397894	0.
1.853551182	0.
1.85470447	0.
1.855857758	0.
1.857011045	0.
1.858164333	0.
1.859317621	0.
1.860470909	0.
1.861624196	0.
1.862777484	0.
1.863930772	0.
1.86508406	0.
1.866237347	0.
1.867390635	0.
1.868543923	0.
1.86969721	0.
1.870850498	0.
1.872003786	-2.3724302616138664e-18
1.873157074	-2.1034299303031236e-18
1.874310361	-2.4484829220185326e-18
1.875463649	-8.831762010454727e-18
1.876616937	8.305922420266018e-18
1.877770225	8.957471314850435e-18
1.878923512	1.287946650347782e-17
1.8800768	1.987958831986741e-17
1.881230088	4.226348452353006e-17
1.882383376	-3.933121112342125e-17
1.883536663	-4.2399789398797764e-18
1.884689951	2.155898601386164e-18
1.885843239	6.625056493706452e-18
1.886996527	1.0584623665145236e-17
1.888149814	1.1705632763839125e-18
1.889303102	4.422880817194914e-15
1.89045639	-1.1593732367510471e-15
1.891609678	-7.939032771898846e-17
1.892762965	-5.72273840874114e-17
1.893916253	-2.771783606675824e-16
1.895069541	1.396650058878459e-17
1.896222829	1.872412281611853e-18
1.897376116	-1.7095463525981446e-19
1.898529404	-4.0079014694288365e-19
1.899682692	-6.555660830620669e-19
1.90083598	-3.2141132562405297e-18
1.901989267	1.6777160496037642e-18
1.903142555	-3.88247858488684e-18
1.904295843	-9.088505197148647e-18
1.905449131	-1.2993128939054246e-17
1.906602418	-1.2993639700590989e-17
1.907755706	-1.8312270609670544e-17
1.908908994	3.139659480755148e-17
1.910062281	5.694065164362161e-18
1.911215569	3.0504203731297635e-18
1.912368857	2.3105057639765068e-18
1.913522145	1.8943561639379387e-18
1.914675432	1.4761979200434118e-18
1.91582872	9.706676284685551e-19
1.916982008	7.72123373587092e-19
1.918135296	5.024857263588808e-18
1.919288583	1.003524311660138e-17
1.920441871	5.881885193315602e-18
1.921595159	2.8833928081697065e-18
1.922748447	1.4516301129092414e-18
1.923901734	6.0920106205971e-19
1.925055022	-3.1238998229405068e-19
1.92620831	-2.1433074343856535e-18
1.927361598	-6.896511419028086e-18
1.928514885	4.52670122685633e-18
1.929668173	3.1483423421597286e-18
1.930821461	2.7531243385494287e-18
1.931974749	2.5917865963225978e-18
1.933128036	2.573478143115253e-18
1.934281324	2.661646341416497e-18
1.935434612	2.7558613281618944e-18
1.9365879	2.305972635999276e-18
1.937741187	1.4778348964233938e-18
1.938894475	4.3044053673841586e-19
1.940047763	-1.3056467324471708e-19
1.941201051	3.8494883818111994e-19
1.942354338	1.2085753293771189e-18
1.943507626	1.6219828091837294e-18
1.944660914	1.8759345354092692e-18
1.945814201	2.0651994438781675e-18
1.946967489	2.175613387615662e-18
1.948120777	2.0480150484329232e-18
1.949274065	1.7911511436618944e-18
1.950427352	1.41436348401458e-18
1.95158064	1.0020578815916006e-18
1.952733928	7.567459542334065e-19
1.953887216	9.901786848878805e-19
1.955040503	1.4338093030763e-18
1.956193791	1.883377373012416e-18
1.957347079	2.10956691576028e-18
1.958500367	1.8702658249788834e-18
1.959653654	1.2239029718524841e-18
1.960806942	4.933999840424754e-19
1.96196023	8.648965074396565e-20
1.963113518	9.450832613725555e-20
1.964266805	3.9537687892869988e-19
1.965420093	7.211194034406981e-19
1.966573381	1.0147164763676489e-18
1.967726669	1.3366547615928377e-18
1.968879956	1.556892273942396e-18
1.970033244	1.4251856749105926e-18
1.971186532	1.009511682396463e-18
1.97233982	7.32183280548268e-19
1.973493107	9.515207543457097e-19
1.974646395	1.5748980218683128e-18
1.975799683	2.2122821617499487e-18
1.976952971	2.5391719291594257e-18
1.978106258	2.476002889027037e-18
1.979259546	2.0410831848586313e-18
1.980412834	1.5017340458284158e-18
1.981566121	1.083645496693576e-18
1.982719409	1.000555872658595e-18
1.983872697	1.3962330151130525e-18
1.985025985	2.1930409359729438e-18
1.986179272	2.794419410717071e-18
1.98733256	2.852479141779695e-18
1.988485848	2.523154444231838e-18
1.989639136	2.1285117510964503e-18
1.990792423	1.7170833540562176e-18
1.991945711	1.365834717509984e-18
1.993098999	1.1936194689505277e-18
1.994252287	1.2455243251133058e-18
1.995405574	1.2731838046886885e-18
1.996558862	1.0265206544026467e-18
1.99771215	7.234818709247575e-19
1.998865438	4.9729542368331e-19
2.000018725	3.64171551541221e-19
2.001172013	2.8809701984200876e-19
2.002325301	2.886916469940869e-19
2.003478589	4.2791535989583e-19
2.004631876	8.847523015603452e-19
2.005785164	1.505331653170062e-18
2.006938452	1.756562121249867e-18
2.00809174	1.641311811030734e-18
2.009245027	1.7332948653243637e-18
2.010398315	2.1200241683603258e-18
2.011551603	2.6132367975584266e-18
2.012704891	2.967931948707564e-18
2.013858178	3.2334771498504243e-18
2.015011466	3.2688511146935586e-18
2.016164754	2.7182780679609085e-18
2.017318041	1.7580847297557415e-18
2.018471329	1.3206794527263482e-18
2.019624617	1.7391606447087966e-18
2.020777905	2.274277138923475e-18
2.021931192	2.5826937882249447e-18
2.02308448	2.6238846502011057e-18
2.024237768	2.5302096172115785e-18
2.025391056	2.4339770857812725e-18
2.026544343	2.4636459192054304e-18
2.027697631	2.5938242263683143e-18
2.028850919	2.7554144592200722e-18
2.030004207	2.6886183271132986e-18
2.031157494	2.3688845177988248e-18
2.032310782	2.0442396484721914e-18
2.03346407	1.902044558703853e-18
2.034617358	1.8106205583597767e-18
2.035770645	1.7043091464493343e-18
2.036923933	1.6675870084114454e-18
2.038077221	1.7506120757107868e-18
2.039230509	1.860514101334258e-18
2.040383796	1.889107598266677e-18
2.041537084	1.8242452751454426e-18
2.042690372	1.6694856039706076e-18
2.04384366	1.4807864082096247e-18
2.044996947	1.3527012299193312e-18
2.046150235	1.3208029639380667e-18
2.047303523	1.4252882556324603e-18
2.048456811	1.6781987483977922e-18
2.049610098	1.922228155062179e-18
2.050763386	1.9885119004746275e-18
2.051916674	1.8314168181992956e-18
2.053069961	1.5542821563461089e-18
2.054223249	1.3358685944783135e-18
2.055376537	1.3007443362206316e-18
2.056529825	1.3755544810819194e-18
2.057683112	1.439657978311544e-18
2.0588364	1.4384718734481416e-18
2.059989688	1.4049153295241806e-18
2.061142976	1.3467796289137733e-18
2.062296263	1.2797652906331376e-18
2.063449551	1.246677503969054e-18
2.064602839	1.2194374425244355e-18
2.065756127	1.1541503052082706e-18
2.066909414	1.1099639888260866e-18
2.068062702	1.1011242153157766e-18
2.06921599	1.1093050001328593e-18
2.070369278	1.1172141068062014e-18
2.071522565	1.135194380745364e-18
2.072675853	1.2027147505675568e-18
2.073829141	1.3664697316152634e-18
2.074982429	1.6095390832826471e-18
2.076135716	1.872356019015053e-18
2.077289004	2.0448895345152923e-18
2.078442292	2.0305036329998866e-18
2.07959558	1.850746449020302e-18
2.080748867	1.534226404358873e-18
2.081902155	1.2152803517260002e-18
2.083055443	1.0548614364893002e-18
2.084208731	1.1014242706617276e-18
2.085362018	1.2218281309040537e-18
2.086515306	1.3557515142040957e-18
2.087668594	1.4729733019640512e-18
2.088821881	1.5080621640667321e-18
2.089975169	1.3789104498324918e-18
2.091128457	1.2088842012394911e-18
2.092281745	1.2617275290932108e-18
2.093435032	1.720099705343814e-18
2.09458832	2.2499757099343658e-18
2.095741608	2.4695153321369583e-18
2.096894896	2.254143920493696e-18
2.098048183	1.8153147501151652e-18
2.099201471	1.333615624341297e-18
2.100354759	9.46642781482356e-19
2.101508047	7.443364754170706e-19
2.102661334	7.280353406922867e-19
2.103814622	8.468641869772514e-19
2.10496791	1.00917996857033e-18
2.106121198	1.1391815784032904e-18
2.107274485	1.1782595215630276e-18
2.108427773	1.1324366127183229e-18
2.109581061	1.0374020043610965e-18
2.110734349	9.086804977036913e-19
2.111887636	7.836392928352776e-19
2.113040924	7.294737186875241e-19
2.114194212	7.4686082914379675e-19
2.1153475	7.926976563498298e-19
2.116500787	8.062920971683899e-19
2.117654075	7.75200915537554e-19
2.118807363	7.3354640761281e-19
2.119960651	7.055305124414036e-19
2.121113938	6.8610236979460815e-19
2.122267226	6.811738232699932e-19
2.123420514	6.916623035130285e-19
2.124573801	6.9419908385199095e-19
2.125727089	6.68642153848261e-19
2.126880377	6.57799022945149e-19
2.128033665	6.995408758371334e-19
2.129186952	8.406658148773786e-19
2.13034024	1.0944440086291332e-18
2.131493528	1.4121676596216637e-18
2.132646816	1.6401504095713174e-18
2.133800103	1.6584008772162078e-18
2.134953391	1.4431321777709933e-18
2.136106679	1.109244546824071e-18
2.137259967	7.949665831210913e-19
2.138413254	5.97867836749742e-19
2.139566542	5.839457538607259e-19
2.14071983	6.704431370599537e-19
2.141873118	7.575239012396425e-19
2.143026405	7.757969996347811e-19
2.144179693	7.252458269204999e-19
2.145332981	6.205391159831638e-19
2.146486269	5.099131873102002e-19
2.147639556	4.180516566864252e-19
2.148792844	3.654535894895975e-19
2.149946132	3.4279013301242653e-19
2.15109942	3.373585292255311e-19
2.152252707	3.419641749262379e-19
2.153405995	3.523750651081016e-19
2.154559283	3.623888681916616e-19
2.155712571	3.6501852339432684e-19
2.156865858	3.549762969732729e-19
2.158019146	3.35634436099745e-19
2.159172434	3.1454656987864003e-19
2.160325722	2.972973212174821e-19
2.161479009	2.8103337543352444e-19
2.162632297	2.6505081100658016e-19
2.163785585	2.477128810267935e-19
2.164938872	2.289240067635611e-19
2.16609216	1.986583717544722e-19
2.167245448	1.6368476482871807e-19
2.168398736	1.7568394273533455e-19
2.169552023	2.883296075970087e-19
2.170705311	4.940918673893133e-19
2.171858599	7.832610936857269e-19
2.173011887	1.0161038534298427e-18
2.174165174	1.0324218140151326e-18
2.175318462	8.017649775852503e-19
2.17647175	4.986798086431198e-19
2.177625038	2.764463451118114e-19
2.178778325	1.7388032081594188e-19
2.179931613	1.6901991552032433e-19
2.181084901	2.235552131596848e-19
2.182238189	2.883085482066875e-19
2.183391476	3.0466510700477734e-19
2.184544764	2.979058237878975e-19
2.185698052	3.1779536561015576e-19
2.18685134	3.8389346971353697e-19
2.188004627	4.550632447862838e-19
2.189157915	4.855282601567646e-19
2.190311203	4.664476507108113e-19
2.191464491	4.209183751262602e-19
2.192617778	3.675683672905713e-19
2.193771066	3.2777013612258737e-19
2.194924354	3.287379134868839e-19
2.196077642	3.5516107230478877e-19
2.197230929	3.805121216133242e-19
2.198384217	3.7881478040050973e-19
2.199537505	3.5704463166472456e-19
2.200690792	3.238915466575399e-19
2.20184408	3.119532927803549e-19
2.202997368	3.3630058182775504e-19
2.204150656	3.8320960501916774e-19
2.205303943	4.2227237895811038e-19
2.206457231	4.2174126918706824e-19
2.207610519	4.0633020075324575e-19
2.208763807	4.2597343525133437e-19
2.209917094	5.114955270750708e-19
2.211070382	6.155644078586994e-19
2.21222367	6.957962903754815e-19
2.213376958	7.363229313997692e-19
2.214530245	7.687150882611414e-19
2.215683533	8.194025000658534e-19
2.216836821	8.441823571281972e-19
2.217990109	7.860211582405231e-19
2.219143396	6.577283378704123e-19
2.220296684	5.371233569959385e-19
2.221449972	4.883869997634257e-19
2.22260326	4.637727772510187e-19
2.223756547	4.0822242098599346e-19
2.224909835	3.2986984114188844e-19
2.226063123	2.7639762227499395e-19
2.227216411	2.8839616987241227e-19
2.228369698	3.786152930190346e-19
2.229522986	5.707416521817888e-19
2.230676274	7.993303360502458e-19
2.231829562	9.400653563028364e-19
2.232982849	8.894065515862462e-19
2.234136137	7.061893214439163e-19
2.235289425	4.719577538858128e-19
2.236442712	2.5607927386377905e-19
2.237596	1.1137363694988473e-19
2.238749288	7.795787610752845e-20
2.239902576	1.7563405785309036e-19
2.241055863	4.2278421540172874e-19
2.242209151	7.586351286884267e-19
2.243362439	9.907340167163607e-19
2.244515727	9.175957459377602e-19
2.245669014	6.751871017154814e-19
2.246822302	4.146712920994849e-19
2.24797559	1.8098688474320226e-19
2.249128878	2.3842430615614566e-20
2.250282165	3.230041599976762e-20
2.251435453	3.8025080136023453e-19
2.252588741	1.1437169449911262e-18
2.253742029	2.2286023665334752e-18
2.254895316	3.0226299762142386e-18
2.256048604	2.941752289493105e-18
2.257201892	2.129941249176429e-18
2.25835518	1.0944676745369071e-18
2.259508467	3.6216071952487967e-19
2.260661755	-3.821635139506065e-20
2.261815043	-1.359453244103905e-19
2.262968331	-4.3015682745561256e-20
2.264121618	9.607773302277065e-20
2.265274906	1.2785905722967731e-19
2.266428194	9.167284233513512e-20
2.267581482	5.031340587773279e-20
2.268734769	3.22394273847029e-20
2.269888057	2.5163922427820192e-20
2.271041345	2.5359694715567318e-20
2.272194632	3.959791526974826e-20
2.27334792	8.663461323101199e-20
2.274501208	1.6980943775338242e-19
2.275654496	2.556453619372878e-19
2.276807783	2.930516614859715e-19
2.277961071	2.885493373246798e-19
2.279114359	2.710789221809586e-19
2.280267647	2.5446994483488634e-19
2.281420934	2.394782905431869e-19
2.282574222	2.2149927831964598e-19
2.28372751	2.1719030573861145e-19
2.284880798	2.637911981525139e-19
2.286034085	3.431872285072617e-19
2.287187373	3.9511465074949843e-19
2.288340661	3.756634405621868e-19
2.289493949	2.68737577965922e-19
2.290647236	1.3233026086062443e-19
2.291800524	5.121356907792561e-20
2.292953812	1.542074019092091e-20
2.2941071	1.9672946603558524e-21
2.295260387	-2.6007325277402006e-21
2.296413675	-3.528252825286989e-21
2.297566963	-3.768154656919435e-21
2.298720251	-3.089994448961241e-21
2.299873538	-4.621045941696109e-21
2.301026826	-7.489096536114233e-21
2.302180114	-5.860104845284377e-21
2.303333402	3.2651249188883786e-21
2.304486689	2.8602652109067564e-21
2.305639977	-2.1182859416326278e-20
2.306793265	-6.029981571535813e-20
2.307946552	-8.976123883782024e-20
2.30909984	-5.869119676845665e-20
2.310253128	1.5308430392525674e-19
2.311406416	6.723932942790852e-19
2.312559703	1.286721322556652e-18
2.313712991	1.635935185142578e-18
2.314866279	1.4847807888203792e-18
2.316019567	1.0737393967082486e-18
2.317172854	6.272685334654668e-19
2.318326142	2.800293152047895e-19
2.31947943	1.1499218698333528e-19
2.320632718	1.804703638242902e-19
2.321786005	3.1681988131104637e-19
2.322939293	3.7967879141439876e-19
2.324092581	3.501241579283104e-19
2.325245869	2.6988312268631826e-19
2.326399156	1.761016787268952e-19
2.327552444	9.117995527002593e-20
2.328705732	4.926820509093103e-20
2.32985902	4.5828294107693665e-20
2.331012307	5.504846442495103e-20
2.332165595	5.553450437674017e-20
2.333318883	5.2160119846423594e-20
2.334472171	4.9308310878061785e-20
2.335625458	4.992668891272092e-20
2.336778746	5.679694156925045e-20
2.337932034	7.438046550625488e-20
2.339085322	9.686841602517079e-20
2.340238609	1.1440874779198247e-19
2.341391897	1.1957499857853676e-19
2.342545185	1.1537608948547695e-19
2.343698472	1.0491456679245218e-19
2.34485176	9.4115765000902e-20
2.346005048	8.706253840822436e-20
2.347158336	8.850212483485913e-20
2.348311623	9.254140009663821e-20
2.349464911	9.197167000206293e-20
2.350618199	8.68985684456271e-20
2.351771487	8.681628777402322e-20
2.352924774	9.511548976694192e-20
2.354078062	9.89245635513452e-20
2.35523135	8.855060466788131e-20
2.356384638	7.590841622967593e-20
2.357537925	6.818860154619199e-20
2.358691213	6.500963294181693e-20
2.359844501	6.448396009962019e-20
2.360997789	6.906762960447445e-20
2.362151076	8.049298706591875e-20
2.363304364	9.751380600084855e-20
2.364457652	1.1597597158956413e-19
2.36561094	1.2901505913178102e-19
2.366764227	1.3322538407178635e-19
2.367917515	1.3094745728615305e-19
2.369070803	1.2771723932971494e-19
2.370224091	1.2702298984336755e-19
2.371377378	1.280668027142455e-19
2.372530666	1.3319403417299533e-19
2.373683954	1.4267254615042674e-19
2.374837242	1.4179050560100343e-19
2.375990529	1.1958698162747838e-19
2.377143817	8.171400861184171e-20
2.378297105	1.9704016729224976e-20
2.379450392	-1.605114227372786e-20
2.38060368	7.361240064758746e-20
2.381756968	3.692682656829479e-19
2.382910256	7.413302869306864e-19
2.384063543	1.0627437116975049e-18
2.385216831	1.1984989450265616e-18
2.386370119	1.1048006130137227e-18
2.387523407	7.605576635884903e-19
2.388676694	3.710218063903334e-19
2.389829982	1.5606450598422177e-19
2.39098327	1.2878215659270174e-19
2.392136558	1.4446667689272447e-19
2.393289845	1.0214661689998578e-19
2.394443133	4.5341309128117007e-20
2.395596421	2.8971916877630826e-20
2.396749709	6.540397964442015e-20
2.397902996	1.0432182175896404e-19
2.399056284	1.012596253867648e-19
2.400209572	7.484603632610793e-20
2.40136286	4.746704044722546e-20
2.402516147	3.093465042199445e-20
2.403669435	2.9510489473553283e-20
2.404822723	5.190034981606597e-20
2.405976011	8.2675287878337e-20
2.407129298	9.749557231451892e-20
2.408282586	8.52816109341176e-20
2.409435874	5.809845793022984e-20
2.410589162	2.2606109942197807e-20
2.411742449	-1.1580722363321314e-20
2.412895737	-3.4054435796982254e-20
2.414049025	-3.0917186493196814e-20
2.415202313	2.2726041783837032e-20
2.4163556	1.5957538162656003e-19
2.417508888	3.025086881502477e-19
2.418662176	3.456708675511662e-19
2.419815463	2.9336623737239806e-19
2.420968751	2.1900453682580687e-19
2.422122039	1.6332234484401156e-19
2.423275327	1.288090076961115e-19
2.424428614	1.0928446354459124e-19
2.425581902	1.0011468045502043e-19
2.42673519	8.013422243077896e-20
2.427888478	2.3485453915069168e-20
2.429041765	-5.808566770680213e-20
2.430195053	-1.2726412462274896e-19
2.431348341	-1.4203189733216587e-19
2.432501629	-9.163490312077542e-20
2.433654916	2.2438936174302476e-20
2.434808204	1.491516292657554e-19
2.435961492	2.342808815457703e-19
2.43711478	2.601006367540311e-19
2.438268067	2.2976845319446506e-19
2.439421355	1.5467150313545223e-19
2.440574643	5.331927101893439e-20
2.441727931	-2.545776894087337e-20
2.442881218	-4.880604370871503e-20
2.444034506	-4.8734452756258636e-20
2.445187794	-4.323549084067129e-20
2.446341082	-3.336686299576571e-20
2.447494369	-1.6396892926067244e-20
2.448647657	-2.5020911975348997e-20
2.449800945	-4.8315588385995063e-20
2.450954233	4.271224090857328e-21
2.45210752	1.66456897399851e-19
2.453260808	3.7089651951824362e-19
2.454414096	5.743081339826268e-19
2.455567383	6.831289977655636e-19
2.456720671	6.855388319911135e-19
2.457873959	5.625584776071125e-19
2.459027247	3.4032595274138003e-19
2.460180534	1.1079694232277666e-19
2.461333822	-5.606054728235795e-20
2.46248711	-1.1867816396937197e-19
2.463640398	-6.483272628249602e-20
2.464793685	6.685672081945206e-20
2.465946973	2.463984726148011e-19
2.467100261	4.505880101463895e-19
2.468253549	5.809450771514359e-19
2.469406836	4.916770896173176e-19
2.470560124	2.593457998360119e-19
2.471713412	7.469714080526289e-20
2.4728667	-1.2085465543969223e-20
2.474019987	-5.2302298462063637e-20
2.475173275	-8.161172516371548e-20
2.476326563	-1.2041658931773634e-19
2.477479851	-2.023127831442777e-19
2.478633138	-3.3167584713951602e-19
2.479786426	-5.215525178092639e-19
2.480939714	-8.69403874159353e-19
2.482093002	-2.5112997918437655e-18
2.483246289	1.2489714906821309e-18
2.484399577	1.262468132906998e-19
2.485552865	-1.9890183693330243e-19
2.486706153	-6.685809309816662e-19
2.48785944	-3.3333545188757e-19
2.489012728	-1.4802719217107304e-18
2.490166016	-8.451891995617187e-18
2.491319303	4.34536522100464e-18
2.492472591	8.361012644701631e-19
2.493625879	-4.920563764558e-19