0.45	4.25088158035893e-15
0.451155239	4.223447292710076e-15
0.452310479	4.237142140432995e-15
0.453465718	4.122264280124282e-15
0.454620957	4.085565344459635e-15
0.455776196	4.087001474081288e-15
0.456931436	4.1989952120204675e-15
0.458086675	4.013221467143097e-15
0.459241914	4.133866867822831e-15
0.460397153	4.300924371784098e-15
0.461552393	4.248119727902636e-15
0.462707632	3.965273476848451e-15
0.463862871	4.130117482371544e-15
0.46501811	4.2193661142149766e-15
0.46617335	4.3200441436555025e-15
0.467328589	4.302832998460249e-15
0.468483828	4.2681292251298405e-15
0.469639068	4.167991518418203e-15
0.470794307	4.238443735873217e-15
0.471949546	4.0282257819574995e-15
0.473104785	4.228727676517864e-15
0.474260025	4.317531170569213e-15
0.475415264	4.2744743823507994e-15
0.476570503	4.35772432903904e-15
0.477725742	4.1810716056808355e-15
0.478880982	4.412853991644176e-15
0.480036221	4.357103013690473e-15
0.48119146	4.392452369306552e-15
0.4823467	4.756943725346972e-15
0.483501939	5.132748510104724e-15
0.484657178	4.6164489803802165e-15
0.485812417	3.011318327969742e-15
0.486967657	3.092017629326439e-15
0.488122896	3.570801308433164e-15
0.489278135	4.0221618342593215e-15
0.490433374	3.986420172918909e-15
0.491588614	4.08515572977271e-15
0.492743853	3.9421593482191255e-15
0.493899092	4.028058518105504e-15
0.495054331	4.025548713745069e-15
0.496209571	4.121144357734041e-15
0.49736481	3.948451104407446e-15
0.498520049	3.968142457670157e-15
0.499675289	3.555611956290513e-15
0.500830528	3.566320936417681e-15
0.501985767	3.612987153242987e-15
0.503141006	3.681207313626726e-15
0.504296246	3.794101568835945e-15
0.505451485	3.7138938308354236e-15
0.506606724	3.781353636946149e-15
0.507761963	3.851576233074909e-15
0.508917203	3.779864153412022e-15
0.510072442	3.726008775902096e-15
0.511227681	3.642665698095101e-15
0.512382921	3.620776246058888e-15
0.51353816	3.6021890319612846e-15
0.514693399	3.5354943074562918e-15
0.515848638	3.4376543983349727e-15
0.517003878	3.5020082556632078e-15
0.518159117	3.565585448351849e-15
0.519314356	3.4426947490620194e-15
0.520469595	3.4741354466534423e-15
0.521624835	3.4348173915285578e-15
0.522780074	3.532703426159886e-15
0.523935313	3.4565718312078527e-15
0.525090552	3.3744192218010573e-15
0.526245792	3.4383026973411398e-15
0.527401031	3.2466129926957266e-15
0.52855627	3.363627422142203e-15
0.52971151	3.4775657731701604e-15
0.530866749	3.3463621162426293e-15
0.532021988	3.3238930537557142e-15
0.533177227	3.3443817283723447e-15
0.534332467	3.401170004245904e-15
0.535487706	3.381285553828104e-15
0.536642945	3.4996002238556463e-15
0.537798184	3.479361482357791e-15
0.538953424	3.4045465573707182e-15
0.540108663	3.442756696960432e-15
0.541263902	3.3217305457043616e-15
0.542419142	3.3350242137911053e-15
0.543574381	3.380332552403837e-15
0.54472962	3.4189255351355402e-15
0.545884859	3.3656292085005773e-15
0.547040099	3.3523691364265077e-15
0.548195338	3.3246591442133748e-15
0.549350577	3.25360568919918e-15
0.550505816	3.265349997774065e-15
0.551661056	3.2820792649936564e-15
0.552816295	3.2786224871741483e-15
0.553971534	3.254293230022177e-15
0.555126773	3.2651218819618136e-15
0.556282013	3.3076103964807484e-15
0.557437252	3.2334300542189904e-15
0.558592491	3.2721864229954684e-15
0.559747731	3.218969197603206e-15
0.56090297	3.2073614667193155e-15
0.562058209	3.227367483881961e-15
0.563213448	3.153096730929713e-15
0.564368688	3.130014767043916e-15
0.565523927	3.1622792545773133e-15
0.566679166	3.0605628009457307e-15
0.567834405	3.0305649782780318e-15
0.568989645	3.1239513223945616e-15
0.570144884	3.05291448235202e-15
0.571300123	3.0836233089941286e-15
0.572455362	3.053947025245755e-15
0.573610602	3.0897775784868164e-15
0.574765841	3.0393951654241403e-15
0.57592108	3.0870382437994406e-15
0.57707632	3.0222140583031806e-15
0.578231559	2.956822869887119e-15
0.579386798	2.936569290744993e-15
0.580542037	2.9422880021820653e-15
0.581697277	2.9840418771170103e-15
0.582852516	2.960956247464887e-15
0.584007755	2.9730077477867373e-15
0.585162994	3.012867505977506e-15
0.586318234	3.0499039232619598e-15
0.587473473	2.9308888688316816e-15
0.588628712	2.8004822264787774e-15
0.589783952	2.9291983346651576e-15
0.590939191	2.8130861163860468e-15
0.59209443	2.8638569066973925e-15
0.593249669	2.849014884167182e-15
0.594404909	2.8563132096132454e-15
0.595560148	2.861562550359968e-15
0.596715387	2.8176963800514443e-15
0.597870626	2.832995402652821e-15
0.599025866	2.797674022632642e-15
0.600181105	2.749423240911409e-15
0.601336344	2.741112626402446e-15
0.602491583	2.7879206317476247e-15
0.603646823	2.6789768095494577e-15
0.604802062	2.723248329862025e-15
0.605957301	2.74776277131133e-15
0.607112541	2.736751610439298e-15
0.60826778	2.6916810800157668e-15
0.609423019	2.6393200153893566e-15
0.610578258	2.6662880444763156e-15
0.611733498	2.5807113184128346e-15
0.612888737	2.578604951171163e-15
0.614043976	2.544529913662816e-15
0.615199215	2.5085987871442928e-15
0.616354455	2.588107291391687e-15
0.617509694	2.4953586613921804e-15
0.618664933	2.515289036265096e-15
0.619820173	2.5555109750972036e-15
0.620975412	2.497090851697047e-15
0.622130651	2.4346600587440545e-15
0.62328589	2.373563311939125e-15
0.62444113	2.336963878690316e-15
0.625596369	2.4103923271206878e-15
0.626751608	2.376130757297276e-15
0.627906847	2.301325943060671e-15
0.629062087	2.2757951269972062e-15
0.630217326	2.3009542952769612e-15
0.631372565	2.2958709108138207e-15
0.632527804	2.28151944773892e-15
0.633683044	2.2672472481017613e-15
0.634838283	2.2145031281183997e-15
0.635993522	2.252629395889262e-15
0.637148762	2.2031522430059e-15
0.638304001	2.2030945007693027e-15
0.63945924	2.172995307121646e-15
0.640614479	2.1721110472117513e-15
0.641769719	2.1939638910483914e-15
0.642924958	2.1936607834789757e-15
0.644080197	2.154183289861217e-15
0.645235436	2.1316678919582405e-15
0.646390676	2.1991656638487883e-15
0.647545915	2.204058407769759e-15
0.648701154	2.1445595869690528e-15
0.649856394	2.108253567291232e-15
0.651011633	2.121669483424589e-15
0.652166872	2.1585513954504144e-15
0.653322111	2.2117888358359703e-15
0.654477351	2.283650173746938e-15
0.65563259	2.1038102533720716e-15
0.656787829	2.0432731646000988e-15
0.657943068	2.073635562999876e-15
0.659098308	1.967979614646383e-15
0.660253547	1.8317200461402e-15
0.661408786	1.7449777157481015e-15
0.662564025	1.7354796967344657e-15
0.663719265	1.7327578362622366e-15
0.664874504	1.7042975429532487e-15
0.666029743	1.6867659598527782e-15
0.667184983	1.69378967879321e-15
0.668340222	1.6911716535261632e-15
0.669495461	1.7006225605182766e-15
0.6706507	1.6931316737450304e-15
0.67180594	1.6715762422503785e-15
0.672961179	1.6572581146616053e-15
0.674116418	1.6390738679980052e-15
0.675271657	1.6490171881991253e-15
0.676426897	1.6764431388730125e-15
0.677582136	1.6495664617249897e-15
0.678737375	1.633546691719202e-15
0.679892614	1.6328356659624067e-15
0.681047854	1.6345804966284615e-15
0.682203093	1.6247590389595437e-15
0.683358332	1.6135361142786538e-15
0.684513572	1.6361818266700873e-15
0.685668811	1.835776470229004e-15
0.68682405	2.0266881108655545e-15
0.687979289	2.0276627594750377e-15
0.689134529	1.9827740960010307e-15
0.690289768	1.8328852977743388e-15
0.691445007	1.6169681256748721e-15
0.692600246	1.5364056779583061e-15
0.693755486	1.566223326988085e-15
0.694910725	1.5624704958988141e-15
0.696065964	1.536572212757069e-15
0.697221204	1.5435086390586735e-15
0.698376443	1.555978645376746e-15
0.699531682	1.5445976381488512e-15
0.700686921	1.520964106067189e-15
0.701842161	1.5168414559843288e-15
0.7029974	1.5053515483817952e-15
0.704152639	1.497980803441458e-15
0.705307878	1.4922458414710009e-15
0.706463118	1.4893554613225299e-15
0.707618357	1.494517701336216e-15
0.708773596	1.5090307092718854e-15
0.709928835	1.4797545638557154e-15
0.711084075	1.4562007420235224e-15
0.712239314	1.462134589157072e-15
0.713394553	1.4800593185610622e-15
0.714549793	1.4791947509657961e-15
0.715705032	1.5009799599464618e-15
0.716860271	1.6020203675363417e-15
0.71801551	1.7247550431428135e-15
0.71917075	1.729466135591009e-15
0.720325989	1.6045962927947588e-15
0.721481228	1.4980778410021968e-15
0.722636467	1.4526195560857128e-15
0.723791707	1.5340983726965355e-15
0.724946946	1.617476668326603e-15
0.726102185	1.5798737105665008e-15
0.727257425	1.5826459018665235e-15
0.728412664	1.6089707232673036e-15
0.729567903	1.5249901838001488e-15
0.730723142	1.3855231215445083e-15
0.731878382	1.3524480705274725e-15
0.733033621	1.3645681715548832e-15
0.73418886	1.363043209936412e-15
0.735344099	1.3564521047713473e-15
0.736499339	1.3431159586821222e-15
0.737654578	1.327752152987939e-15
0.738809817	1.3349860026150391e-15
0.739965056	1.3573729763089424e-15
0.741120296	1.3473640682037727e-15
0.742275535	1.3086786226806486e-15
0.743430774	1.273982119319366e-15
0.744586014	1.2882274616640823e-15
0.745741253	1.311412717095027e-15
0.746896492	1.2840020008543496e-15
0.748051731	1.290821350237576e-15
0.749206971	1.2919907401505488e-15
0.75036221	1.2929291462426358e-15
0.751517449	1.2982496202108761e-15
0.752672688	1.3027622848449753e-15
0.753827928	1.2940979751195673e-15
0.754983167	1.2948224217072318e-15
0.756138406	1.3080600437942206e-15
0.757293646	1.3783221157068887e-15
0.758448885	1.6292487081437709e-15
0.759604124	1.888432158117655e-15
0.760759363	1.710294699306631e-15
0.761914603	1.3647921602037823e-15
0.763069842	1.3790721900192657e-15
0.764225081	1.3917324506281125e-15
0.76538032	1.3792446154949146e-15
0.76653556	1.426592865999223e-15
0.767690799	1.4911196206001781e-15
0.768846038	1.5315318349591265e-15
0.770001277	1.533687067458883e-15
0.771156517	1.5225039876440492e-15
0.772311756	1.5101756351555348e-15
0.773466995	1.5196393780912726e-15
0.774622235	1.5363290425991687e-15
0.775777474	1.5317486207748984e-15
0.776932713	1.4666219534048968e-15
0.778087952	1.4925175972365203e-15
0.779243192	1.5463204744655185e-15
0.780398431	1.5158828339896833e-15
0.78155367	1.4946482510156798e-15
0.782708909	1.4825156868769873e-15
0.783864149	1.450785466087822e-15
0.785019388	1.4127533976369178e-15
0.786174627	1.4200667882808895e-15
0.787329866	1.4237750324908425e-15
0.788485106	1.4154641540917055e-15
0.789640345	1.391053413587655e-15
0.790795584	1.3956195596820343e-15
0.791950824	1.3954067378234812e-15
0.793106063	1.4013658307651952e-15
0.794261302	1.4105507479685665e-15
0.795416541	1.4309676743100988e-15
0.796571781	1.4356417306063263e-15
0.79772702	1.4227359964365175e-15
0.798882259	1.4137590076041566e-15
0.800037498	1.4061663079681402e-15
0.801192738	1.3845623341863623e-15
0.802347977	1.3660690231656196e-15
0.803503216	1.3531540384865551e-15
0.804658456	1.3585449438964921e-15
0.805813695	1.3418503792930172e-15
0.806968934	1.3177326682040121e-15
0.808124173	1.3098662127173562e-15
0.809279413	1.3251826118693224e-15
0.810434652	1.3147345924259342e-15
0.811589891	1.3063625358439924e-15
0.81274513	1.311804795361791e-15
0.81390037	1.307182085236473e-15
0.815055609	1.2830580856633081e-15
0.816210848	1.241386247239474e-15
0.817366087	1.2278120826209887e-15
0.818521327	1.2176990882541313e-15
0.819676566	1.2176433260973933e-15
0.820831805	1.2384963048536856e-15
0.821987045	1.237865577678439e-15
0.823142284	1.2095563657917796e-15
0.824297523	1.2131586063402503e-15
0.825452762	1.2386654642831417e-15
0.826608002	1.2678576656161886e-15
0.827763241	1.2454713825296695e-15
0.82891848	1.2103469497820565e-15
0.830073719	1.1931783917069312e-15
0.831228959	1.187851254579743e-15
0.832384198	1.1785305811224323e-15
0.833539437	1.1693630680417194e-15
0.834694677	1.1683127783015453e-15
0.835849916	1.1573256940627845e-15
0.837005155	1.1394002641737876e-15
0.838160394	1.1387002079606428e-15
0.839315634	1.1298265133638134e-15
0.840470873	1.1687555296258323e-15
0.841626112	1.1557806390914633e-15
0.842781351	1.2310375037221e-15
0.843936591	1.1725175361695682e-15
0.84509183	1.224809752960468e-15
0.846247069	1.1893412883903712e-15
0.847402308	1.1702488272027963e-15
0.848557548	1.2300212284834753e-15
0.849712787	1.214798570106943e-15
0.850868026	1.014379931018314e-15
0.852023266	1.0876698610513928e-15
0.853178505	1.0977161402558981e-15
0.854333744	9.852041480290134e-16
0.855488983	9.108756337482818e-16
0.856644223	1.1336895827947525e-15
0.857799462	1.1994470834734326e-15
0.858954701	1.1300014118196743e-15
0.86010994	1.0279474436667718e-15
0.86126518	1.1285848490035452e-15
0.862420419	1.1864416110936625e-15
0.863575658	1.204576886709231e-15
0.864730898	1.1679999954018346e-15
0.865886137	1.0401188352318386e-15
0.867041376	8.448339812563239e-16
0.868196615	9.53648852974776e-16
0.869351855	1.132049518830418e-15
0.870507094	1.1890433961645509e-15
0.871662333	1.1865155500175764e-15
0.872817572	1.1954095152108185e-15
0.873972812	1.1218215662010856e-15
0.875128051	9.940720620695896e-16
0.87628329	1.1173919916302606e-15
0.877438529	1.1829485076473936e-15
0.878593769	1.1697283022739857e-15
0.879749008	1.159971857793567e-15
0.880904247	1.163903549820533e-15
0.882059487	1.1662764729574969e-15
0.883214726	1.1451231209146116e-15
0.884369965	1.130566976084011e-15
0.885525204	1.050315720925827e-15
0.886680444	9.484921564871099e-16
0.887835683	1.0445724083530441e-15
0.888990922	1.1132516605528292e-15
0.890146161	1.1025804197308213e-15
0.891301401	1.0828502170661316e-15
0.89245664	1.0736449493772814e-15
0.893611879	1.0826864805146245e-15
0.894767119	1.0887876116174152e-15
0.895922358	1.0809302845871247e-15
0.897077597	1.0556173308856984e-15
0.898232836	1.0293936220702192e-15
0.899388076	9.583836030065609e-16
0.900543315	8.920559459418972e-16
0.901698554	8.363456352558719e-16
0.902853793	9.497670868090093e-16
0.904009033	1.0057043600153668e-15
0.905164272	1.0234275727677526e-15
0.906319511	1.0043692144141845e-15
0.90747475	9.976705541725835e-16
0.90862999	9.661926574558987e-16
0.909785229	9.286431740178738e-16
0.910940468	9.050693682292797e-16
0.912095708	9.061743579195873e-16
0.913250947	9.146099949928573e-16
0.914406186	9.396536745218909e-16
0.915561425	9.248749814556009e-16
0.916716665	9.205893177439152e-16
0.917871904	8.762003791768344e-16
0.919027143	8.658758657458995e-16
0.920182382	8.71560103141744e-16
0.921337622	8.409418801233891e-16
0.922492861	7.591532686449738e-16
0.9236481	7.541109674705968e-16
0.924803339	8.114928308699707e-16
0.925958579	8.134110627634783e-16
0.927113818	7.920895402950164e-16
0.928269057	7.958406149102003e-16
0.929424297	8.087804741722465e-16
0.930579536	8.011083493111471e-16
0.931734775	7.580311870411726e-16
0.932890014	7.121622946537709e-16
0.934045254	6.5427002297757055e-16
0.935200493	6.418028850159353e-16
0.936355732	6.494701949476349e-16
0.937510971	6.573326170039812e-16
0.938666211	6.695683344616499e-16
0.93982145	6.76787874186095e-16
0.940976689	6.653363551929679e-16
0.942131929	6.633491517728793e-16
0.943287168	6.341317882917143e-16
0.944442407	6.195438977778267e-16
0.945597646	6.479734791190437e-16
0.946752886	6.643882573935322e-16
0.947908125	6.712514992376084e-16
0.949063364	6.927888121488919e-16
0.950218603	6.982609497375461e-16
0.951373843	7.789836489273918e-16
0.952529082	8.124425532545629e-16
0.953684321	8.016291308945271e-16
0.95483956	6.436308500722336e-16
0.9559948	6.111029989284867e-16
0.957150039	6.336179448880836e-16
0.958305278	6.378751970358474e-16
0.959460518	6.303969928734763e-16
0.960615757	6.124130105481909e-16
0.961770996	5.872219346807294e-16
0.962926235	5.7941945349213e-16
0.964081475	5.870420211452572e-16
0.965236714	5.864631866983874e-16
0.966391953	5.703931702714375e-16
0.967547192	5.688198229229727e-16
0.968702432	5.699479563439553e-16
0.969857671	5.706600820659635e-16
0.97101291	0.
0.97216815	0.
0.973323389	0.
0.974478628	0.
0.975633867	0.
0.976789107	0.
0.977944346	0.
0.979099585	0.
0.980254824	0.
0.981410064	0.
0.982565303	0.
0.983720542	0.
0.984875781	0.
0.986031021	0.
0.98718626	0.
0.988341499	0.
0.989496739	0.
0.990651978	0.
0.991807217	0.
0.992962456	0.
0.994117696	0.
0.995272935	0.
0.996428174	0.
0.997583413	1.028886282394035e-15
0.998738653	1.020562347088391e-15
0.999893892	1.0110212619018223e-15
1.001049131	9.909598884629835e-16
1.002204371	9.66041981194647e-16
1.00335961	9.219855391780028e-16
1.004514849	8.694841381983735e-16
1.005670088	8.592215792139555e-16
1.006825328	8.759160160612915e-16
1.007980567	8.586696886397385e-16
1.009135806	8.493550654007418e-16
1.010291045	8.456536605076421e-16
1.011446285	8.616964157322474e-16
1.012601524	8.558245362609641e-16
1.013756763	8.592760852867243e-16
1.014912002	8.584157663387065e-16
1.016067242	8.631142516275705e-16
1.017222481	8.304827802985656e-16
1.01837772	8.10574726674787e-16
1.01953296	8.14788659543671e-16
1.020688199	8.267145139048928e-16
1.021843438	8.326557071600732e-16
1.022998677	8.225225195447269e-16
1.024153917	8.071364573559732e-16
1.025309156	8.00697600686531e-16
1.026464395	7.923818726896565e-16
1.027619634	7.800540607253021e-16
1.028774874	7.818026994194775e-16
1.029930113	7.901071720615205e-16
1.031085352	7.749260314119328e-16
1.032240591	7.606427803028099e-16
1.033395831	7.625212686084902e-16
1.03455107	7.652836295007826e-16
1.035706309	7.57045892499024e-16
1.036861549	7.557579279926368e-16
1.038016788	7.622643540780706e-16
1.039172027	7.650331432614862e-16
1.040327266	7.660497416143505e-16
1.041482506	7.647174306105549e-16
1.042637745	7.547376028823039e-16
1.043792984	7.386239471667001e-16
1.044948223	7.357882131395645e-16
1.046103463	7.384869960133909e-16
1.047258702	7.263810438322065e-16
1.048413941	7.226789172391774e-16
1.049569181	7.308031022602897e-16
1.05072442	7.233214736771412e-16
1.051879659	7.08944285174592e-16
1.053034898	7.125708433923179e-16
1.054190138	7.191129580540453e-16
1.055345377	7.0849468936601265e-16
1.056500616	7.041425726165963e-16
1.057655855	7.17065596671135e-16
1.058811095	7.192034634921432e-16
1.059966334	7.099577027574778e-16
1.061121573	7.067610293638779e-16
1.062276812	7.071853529137658e-16
1.063432052	7.065017747806509e-16
1.064587291	7.075002201005812e-16
1.06574253	7.075653448830976e-16
1.06689777	7.072730788639501e-16
1.068053009	7.084161910718655e-16
1.069208248	7.144965994407604e-16
1.070363487	7.183499419294223e-16
1.071518727	7.103683056461547e-16
1.072673966	7.052485363094727e-16
1.073829205	7.072699006877041e-16
1.074984444	7.056844811724992e-16
1.076139684	7.005533008859511e-16
1.077294923	6.987651668273895e-16
1.078450162	6.941512031133481e-16
1.079605402	6.806051170425408e-16
1.080760641	6.796253465083716e-16
1.08191588	6.930031562493886e-16
1.083071119	6.930122089766303e-16
1.084226359	6.831105283671732e-16
1.085381598	6.747807410474219e-16
1.086536837	6.823895968906741e-16
1.087692076	7.119424067972841e-16
1.088847316	7.197671486352119e-16
1.090002555	7.030082315233811e-16
1.091157794	6.93340212099605e-16
1.092313033	6.941497919075896e-16
1.093468273	7.16140145625239e-16
1.094623512	7.252238287538645e-16
1.095778751	7.03439810160196e-16
1.096933991	6.86814575471749e-16
1.09808923	6.772166511820735e-16
1.099244469	6.604712824157829e-16
1.100399708	6.49175253142422e-16
1.101554948	6.547420472993844e-16
1.102710187	6.572851978362981e-16
1.103865426	6.485873441518499e-16
1.105020665	6.405970220210181e-16
1.106175905	6.34303488813027e-16
1.107331144	6.270011624010208e-16
1.108486383	6.165306321326569e-16
1.109641623	6.02865096465174e-16
1.110796862	5.916823202273431e-16
1.111952101	5.84265447490897e-16
1.11310734	5.774400073922046e-16
1.11426258	5.715916644385869e-16
1.115417819	5.687291344345085e-16
1.116573058	5.682546079020457e-16
1.117728297	5.683448811815136e-16
1.118883537	5.743246121385387e-16
1.120038776	5.843943421129975e-16
1.121194015	5.879784298120773e-16
1.122349254	5.935770800114805e-16
1.123504494	6.028825459883752e-16
1.124659733	6.123520701081829e-16
1.125814972	6.167826161468532e-16
1.126970212	5.996426933456633e-16
1.128125451	5.766413133073069e-16
1.12928069	5.678708524902773e-16
1.130435929	5.729076096036535e-16
1.131591169	5.870014661235905e-16
1.132746408	6.052692616927559e-16
1.133901647	6.241623567400099e-16
1.135056886	6.266246737525183e-16
1.136212126	6.145558956318551e-16
1.137367365	6.066405118917947e-16
1.138522604	5.963138062659061e-16
1.139677843	5.83703903036184e-16
1.140833083	5.715525856121092e-16
1.141988322	5.608751914289426e-16
1.143143561	5.580054890834629e-16
1.144298801	5.624158470171567e-16
1.14545404	5.66713768414467e-16
1.146609279	5.748045508360966e-16
1.147764518	5.87435671823546e-16
1.148919758	5.954890426787492e-16
1.150074997	5.985108031022816e-16
1.151230236	5.987182736758651e-16
1.152385475	5.947073908024768e-16
1.153540715	5.840131493141454e-16
1.154695954	5.734151203899454e-16
1.155851193	5.659254508388094e-16
1.157006433	5.577056434132659e-16
1.158161672	5.510717908194594e-16
1.159316911	5.510066233649506e-16
1.16047215	5.533016084025043e-16
1.16162739	5.536900080850244e-16
1.162782629	5.50033592979336e-16
1.163937868	5.427858074721925e-16
1.165093107	5.380760815292955e-16
1.166248347	5.353551386828712e-16
1.167403586	5.310477801850778e-16
1.168558825	5.308144064235977e-16
1.169714064	5.351178220912906e-16
1.170869304	5.329966241471641e-16
1.172024543	5.233697307499105e-16
1.173179782	5.134869862120145e-16
1.174335022	5.059999137461333e-16
1.175490261	5.060146727692501e-16
1.1766455	5.071362260937967e-16
1.177800739	5.05657861104405e-16
1.178955979	5.014952700336083e-16
1.180111218	4.964269399573456e-16
1.181266457	4.999229190352396e-16
1.182421696	5.086114638044402e-16
1.183576936	5.185375494976686e-16
1.184732175	5.158459761476652e-16
1.185887414	4.985439060590178e-16
1.187042654	4.93107874040214e-16
1.188197893	4.973636576400362e-16
1.189353132	4.901159884885556e-16
1.190508371	4.795625273196407e-16
1.191663611	4.727413777740127e-16
1.19281885	4.662721766916558e-16
1.193974089	4.585264930496383e-16
1.195129328	4.528652242460198e-16
1.196284568	4.513436032722362e-16
1.197439807	4.602309378464454e-16
1.198595046	4.696979884706461e-16
1.199750285	4.654693900289242e-16
1.200905525	4.590368591741104e-16
1.202060764	4.540486360804636e-16
1.203216003	4.563402914307779e-16
1.204371243	4.589209777375462e-16
1.205526482	4.438193455429944e-16
1.206681721	4.3903487822327754e-16
1.20783696	4.547982295065162e-16
1.2089922	4.6273671543638395e-16
1.210147439	4.5971371178609375e-16
1.211302678	4.566204283390829e-16
1.212457917	4.517755340052662e-16
1.213613157	4.4692133379875e-16
1.214768396	4.4152921312115375e-16
1.215923635	4.366421895015067e-16
1.217078875	4.33559327055433e-16
1.218234114	4.3108611622518315e-16
1.219389353	4.28343140695631e-16
1.220544592	4.2528804695121043e-16
1.221699832	4.2213510374759874e-16
1.222855071	4.199242475734584e-16
1.22401031	4.1886948380165484e-16
1.225165549	4.1820695007209637e-16
1.226320789	4.1810671111577695e-16
1.227476028	4.208445781626974e-16
1.228631267	4.201197773229127e-16
1.229786506	4.113822417762698e-16
1.230941746	4.0350128062325303e-16
1.232096985	3.986002716243586e-16
1.233252224	3.947398868845915e-16
1.234407464	3.951899435008512e-16
1.235562703	3.9814359803546196e-16
1.236717942	4.0136780512861337e-16
1.237873181	4.031508909516073e-16
1.239028421	4.038972490908438e-16
1.24018366	4.0440014738873003e-16
1.241338899	4.0146310781901787e-16
1.242494138	3.977118915990197e-16
1.243649378	3.955800546267192e-16
1.244804617	3.928630089369413e-16
1.245959856	3.8931117374041095e-16
1.247115095	3.863738692321086e-16
1.248270335	3.8364462502214536e-16
1.249425574	3.801491302822319e-16
1.250580813	3.7803313808962844e-16
1.251736053	3.788433915140075e-16
1.252891292	3.7778585225752953e-16
1.254046531	3.7408511276774454e-16
1.25520177	3.7187470556850475e-16
1.25635701	3.6987479190606826e-16
1.257512249	3.667641383214236e-16
1.258667488	3.636825843242813e-16
1.259822727	3.608080611995917e-16
1.260977967	3.6048416874246015e-16
1.262133206	3.623603245700831e-16
1.263288445	3.643047813059631e-16
1.264443685	3.6650982977696683e-16
1.265598924	3.6908273556141266e-16
1.266754163	3.7337508455331847e-16
1.267909402	3.790774203351371e-16
1.269064642	3.797460681863957e-16
1.270219881	3.7631285421558864e-16
1.27137512	3.7563743932445186e-16
1.272530359	3.764284058657676e-16
1.273685599	3.7841846385096663e-16
1.274840838	3.791426336434789e-16
1.275996077	3.7827492694954596e-16
1.277151316	3.7864393994948757e-16
1.278306556	3.786380114101835e-16
1.279461795	3.7809559299733654e-16
1.280617034	3.8688400092567444e-16
1.281772274	4.117599812023943e-16
1.282927513	4.1154767567533423e-16
1.284082752	3.8562922644759823e-16
1.285237991	3.735108133427369e-16
1.286393231	3.6961969541745625e-16
1.28754847	3.6611916025894194e-16
1.288703709	3.6251680849835047e-16
1.289858948	3.6043177031499827e-16
1.291014188	3.5602447559869134e-16
1.292169427	3.4932294748704798e-16
1.293324666	3.4533518205467425e-16
1.294479906	3.418922277520224e-16
1.295635145	3.3624545787230924e-16
1.296790384	3.325119849258398e-16
1.297945623	3.315099081189067e-16
1.299100863	3.2891440640449387e-16
1.300256102	3.260324431340863e-16
1.301411341	3.27214981429645e-16
1.30256658	3.298086210661896e-16
1.30372182	3.317934265238778e-16
1.304877059	3.317526255333564e-16
1.306032298	3.292249686008815e-16
1.307187537	3.2747634226978876e-16
1.308342777	3.260909166243251e-16
1.309498016	3.2367637217257867e-16
1.310653255	3.2312788712720645e-16
1.311808495	3.2571329736956665e-16
1.312963734	3.2390960207322827e-16
1.314118973	3.19430673806352e-16
1.315274212	3.2426744612748823e-16
1.316429452	3.313474946573617e-16
1.317584691	3.2966501719484824e-16
1.31873993	3.2812478524507573e-16
1.319895169	3.292946647253165e-16
1.321050409	3.311000513992625e-16
1.322205648	3.3222368238480233e-16
1.323360887	3.2946971811391094e-16
1.324516127	3.2476040794929474e-16
1.325671366	3.2112217160429023e-16
1.326826605	3.170236762330265e-16
1.327981844	3.13597625795064e-16
1.329137084	3.1438131648962183e-16
1.330292323	3.172678268335694e-16
1.331447562	3.1833116210249336e-16
1.332602801	3.178564539762239e-16
1.333758041	3.15647971357357e-16
1.33491328	3.152833950910202e-16
1.336068519	3.16874041140814e-16
1.337223758	3.167803875661668e-16
1.338378998	3.153120854593184e-16
1.339534237	3.140109445891381e-16
1.340689476	3.0977241157550236e-16
1.341844716	3.0093069919653537e-16
1.342999955	2.9145904651090207e-16
1.344155194	2.824126022514162e-16
1.345310433	2.7387063864816347e-16
1.346465673	2.65554872957701e-16
1.347620912	2.5563105990361e-16
1.348776151	2.465356396678767e-16
1.34993139	2.3864236393143425e-16
1.35108663	2.283085548851331e-16
1.352241869	2.1633416955594615e-16
1.353397108	2.053567565957263e-16
1.354552347	1.9595335061790693e-16
1.355707587	1.891819598042062e-16
1.356862826	1.813789312840873e-16
1.358018065	1.7409960271144355e-16
1.359173305	1.7147203897591086e-16
1.360328544	1.6393019230945538e-16
1.361483783	1.5135633508131443e-16
1.362639022	1.3951954399816773e-16
1.363794262	1.323695212829258e-16
1.364949501	1.2800732200138074e-16
1.36610474	1.324146492736457e-16
1.367259979	1.5793084948400604e-16
1.368415219	2.2170372517094601e-16
1.369570458	3.132576770528426e-16
1.370725697	3.7935610070109685e-16
1.371880937	3.910322686439399e-16
1.373036176	3.624507207255133e-16
1.374191415	3.344960251718681e-16
1.375346654	3.140836582663847e-16
1.376501894	2.95913361396505e-16
1.377657133	2.7160740204998815e-16
1.378812372	2.4683812042945393e-16
1.379967611	2.2597319806617303e-16
1.381122851	2.1242183027211187e-16
1.38227809	2.2117485538238952e-16
1.383433329	2.531997462133805e-16
1.384588568	3.081943032546333e-16
1.385743808	3.5254106496014523e-16
1.386899047	3.356441722846901e-16
1.388054286	3.0960651763069414e-16
1.389209526	2.9091244772689383e-16
1.390364765	2.7860496699315615e-16
1.391520004	2.6869006874749396e-16
1.392675243	2.6069438724288893e-16
1.393830483	2.558692988681377e-16
1.394985722	2.533800971466008e-16
1.396140961	2.534457574961563e-16
1.3972962	2.5312774801360583e-16
1.39845144	2.5322186739665765e-16
1.399606679	2.5570365365456916e-16
1.400761918	2.559807147871858e-16
1.401917158	2.543704018205269e-16
1.403072397	2.553927821910631e-16
1.404227636	2.6022066074103557e-16
1.405382875	2.6742387400777145e-16
1.406538115	2.7639982507037477e-16
1.407693354	2.856997405007431e-16
1.408848593	2.937384702009876e-16
1.410003832	2.9821737954046335e-16
1.411159072	3.0039802829517285e-16
1.412314311	2.9895432848163067e-16
1.41346955	2.872767921741366e-16
1.414624789	2.7341629663921977e-16
1.415780029	2.625575168371049e-16
1.416935268	2.5653164261569454e-16
1.418090507	2.583809025159677e-16
1.419245747	2.634513150458111e-16
1.420400986	2.691789273765683e-16
1.421556225	2.7491139297843434e-16
1.422711464	2.735984233015092e-16
1.423866704	2.660878639317286e-16
1.425021943	2.6059246016027604e-16
1.426177182	2.578494322711515e-16
1.427332421	2.5415038934879915e-16
1.428487661	2.5010572523454123e-16
1.4296429	2.463547986249062e-16
1.430798139	2.4161400187291343e-16
1.431953379	2.411679595932824e-16
1.433108618	2.4338099124071436e-16
1.434263857	2.443002636095382e-16
1.435419096	2.441502736352423e-16
1.436574336	2.4256744147123065e-16
1.437729575	2.394620902141236e-16
1.438884814	2.4083558048998098e-16
1.440040053	2.4801641662603016e-16
1.441195293	2.487958070062371e-16
1.442350532	2.4205326899666977e-16
1.443505771	2.4061675905660257e-16
1.44466101	2.4022577634463016e-16
1.44581625	2.3615017182230584e-16
1.446971489	2.3353364995092797e-16
1.448126728	2.356587528365708e-16
1.449281968	2.4276721962372435e-16
1.450437207	2.528958671665439e-16
1.451592446	2.492846530814326e-16
1.452747685	2.49776489610103e-16
1.453902925	2.571755724317148e-16
1.455058164	2.5955150964089086e-16
1.456213403	2.5018683165080786e-16
1.457368642	2.426971559383621e-16
1.458523882	2.4304085288210667e-16
1.459679121	2.4337284297297643e-16
1.46083436	2.3706212853712555e-16
1.461989599	2.3488815091479865e-16
1.463144839	2.373058307812056e-16
1.464300078	2.326711159971396e-16
1.465455317	2.222508496999986e-16
1.466610557	2.1885016877599466e-16
1.467765796	2.2209262556589913e-16
1.468921035	2.23852192608813e-16
1.470076274	2.2434002037726697e-16
1.471231514	2.273300960959807e-16
1.472386753	2.317677862400099e-16
1.473541992	2.36498213952169e-16
1.474697231	2.4185034093708414e-16
1.475852471	2.447947290127377e-16
1.47700771	2.4030682975297347e-16
1.478162949	2.314169970948697e-16
1.479318189	2.2502653330164574e-16
1.480473428	2.2669684026785185e-16
1.481628667	2.3359335074825562e-16
1.482783906	2.364943416537593e-16
1.483939146	2.3364364832051224e-16
1.485094385	2.2082271181658158e-16
1.486249624	2.1404452035672172e-16
1.487404863	2.321096617359063e-16
1.488560103	2.5350287556997735e-16
1.489715342	2.4628787240472123e-16
1.490870581	2.3484097609492603e-16
1.49202582	2.338409472878613e-16
1.49318106	2.3106485090787686e-16
1.494336299	2.245650109459736e-16
1.495491538	2.243361202274836e-16
1.496646778	2.3127935572656234e-16
1.497802017	2.3557361072745365e-16
1.498957256	2.3137969189808225e-16
1.500112495	2.267693218702974e-16
1.501267735	2.227996288803e-16
1.502422974	2.165534073249516e-16
1.503578213	2.1161263132243436e-16
1.504733452	2.165925793672222e-16
1.505888692	2.2641541840010836e-16
1.507043931	2.2921670402789677e-16
1.50819917	2.2634605046156246e-16
1.50935441	2.2295399304665386e-16
1.510509649	2.2195535422157462e-16
1.511664888	2.225811106967453e-16
1.512820127	2.2080087579979291e-16
1.513975367	2.206555576670351e-16
1.515130606	2.2385623680965366e-16
1.516285845	2.235683336502622e-16
1.517441084	2.1923170900741426e-16
1.518596324	2.1826911833719984e-16
1.519751563	2.2247706127175265e-16
1.520906802	2.258235168585159e-16
1.522062041	2.251617797774934e-16
1.523217281	2.232727126159894e-16
1.52437252	2.245861727208419e-16
1.525527759	2.241173876432791e-16
1.526682999	2.1816924433661466e-16
1.527838238	2.134833369082896e-16
1.528993477	2.1696885646859845e-16
1.530148716	2.219594992170338e-16
1.531303956	2.1507547761219792e-16
1.532459195	2.073260568011058e-16
1.533614434	2.121759278608186e-16
1.534769673	2.1750138427365416e-16
1.535924913	2.1522545279165956e-16
1.537080152	2.137494171403501e-16
1.538235391	2.1652734512994087e-16
1.539390631	2.1927175688096933e-16
1.54054587	2.1570702562605786e-16
1.541701109	2.0894051162220765e-16
1.542856348	2.0875881949195457e-16
1.544011588	2.1406189526851006e-16
1.545166827	2.1492611886846751e-16
1.546322066	2.1039320339482323e-16
1.547477305	2.1003771910545251e-16
1.548632545	2.1521074761929945e-16
1.549787784	2.192520413165828e-16
1.550943023	2.158429511851267e-16
1.552098262	2.084818581029822e-16
1.553253502	2.0840371992477276e-16
1.554408741	2.1451027589610466e-16
1.55556398	2.1472566940927675e-16
1.55671922	2.0695358352748251e-16
1.557874459	2.0260063378801335e-16
1.559029698	2.0560739956263224e-16
1.560184937	2.1164868530815349e-16
1.561340177	2.1310982929942972e-16
1.562495416	2.1055889276005058e-16
1.563650655	2.092126219278326e-16
1.564805894	2.1207752583535022e-16
1.565961134	2.1464897008980657e-16
1.567116373	2.1082919936943361e-16
1.568271612	2.026035272570313e-16
1.569426852	1.9530805307650238e-16
1.570582091	1.9129787597188966e-16
1.57173733	1.923358868135431e-16
1.572892569	1.9401432529292898e-16
1.574047809	1.9849539842513817e-16
1.575203048	2.0609903868507461e-16
1.576358287	2.1172010892819978e-16
1.577513526	2.1340007797325488e-16
1.578668766	2.1018873955890337e-16
1.579824005	2.0303325844079793e-16
1.580979244	2.0372362423873865e-16
1.582134483	2.0840808822052092e-16
1.583289723	2.0383783005615476e-16
1.584444962	1.965726135574752e-16
1.585600201	1.9205223286738596e-16
1.586755441	1.8949785395792583e-16
1.58791068	1.8891657985086552e-16
1.589065919	1.929654258834175e-16
1.590221158	2.0235575858834374e-16
1.591376398	2.06824916838552e-16
1.592531637	2.0407909514986757e-16
1.593686876	1.9936581326668863e-16
1.594842115	2.0005031030031043e-16
1.595997355	2.0427464022264462e-16
1.597152594	1.9781926027053222e-16
1.598307833	1.8680532616436133e-16
1.599463072	1.870409336007523e-16
1.600618312	1.9403348836438895e-16
1.601773551	1.9820012085837336e-16
1.60292879	1.9745139208057952e-16
1.60408403	1.9559727529138837e-16
1.605239269	1.9757892253017013e-16
1.606394508	1.9959104279056953e-16
1.607549747	1.9412564788540293e-16
1.608704987	1.8772510430378974e-16
1.609860226	1.8959181323181037e-16
1.611015465	1.9434049749255212e-16
1.612170704	1.9638805613033552e-16
1.613325944	1.9556756330456095e-16
1.614481183	1.9465640516235886e-16
1.615636422	1.9885563801116553e-16
1.616791662	2.0150623261747034e-16
1.617946901	1.961896787462168e-16
1.61910214	1.9289211839832976e-16
1.620257379	1.9141923509853048e-16
1.621412619	1.8632568631508642e-16
1.622567858	1.84540263568953e-16
1.623723097	1.8759807579901365e-16
1.624878336	1.9067916317973248e-16
1.626033576	1.9052450030842498e-16
1.627188815	1.8715217962770136e-16
1.628344054	1.8491108581879224e-16
1.629499293	1.873640142180824e-16
1.630654533	1.905147695773616e-16
1.631809772	1.9021822249704637e-16
1.632965011	1.8801461278733036e-16
1.634120251	1.8665579089613285e-16
1.63527549	1.8663157570991745e-16
1.636430729	1.8578466214340616e-16
1.637585968	1.8509339667515515e-16
1.638741208	1.8419914731977005e-16
1.639896447	1.8343954435229586e-16
1.641051686	1.8505434275435965e-16
1.642206925	1.8780812937378703e-16
1.643362165	1.8979220847639182e-16
1.644517404	1.8956036103288152e-16
1.645672643	1.8657448597280562e-16
1.646827883	1.840601136818314e-16
1.647983122	1.8403943561150578e-16
1.649138361	1.8396138208691955e-16
1.6502936	1.827533337870002e-16
1.65144884	1.8078316914647602e-16
1.652604079	1.7951120866644492e-16
1.653759318	1.7843197339788963e-16
1.654914557	1.7733873474543315e-16
1.656069797	1.7661386894631363e-16
1.657225036	1.7641549882324767e-16
1.658380275	1.761920027229046e-16
1.659535514	1.7573282916805137e-16
1.660690754	1.741623929169794e-16
1.661845993	1.7254822335121e-16
1.663001232	1.7316664316243517e-16
1.664156472	1.7519354615412904e-16
1.665311711	1.7705672096483646e-16
1.66646695	1.7827215900360334e-16
1.667622189	1.7988097355190675e-16
1.668777429	1.8006525065009308e-16
1.669932668	1.7742913571830542e-16
1.671087907	1.7855646958691427e-16
1.672243146	1.8256105505521206e-16
1.673398386	1.802197584539103e-16
1.674553625	1.7567192183973607e-16
1.675708864	1.7496364461873068e-16
1.676864104	1.7291433037373278e-16
1.678019343	1.6957532675946983e-16
1.679174582	1.7077997459179985e-16
1.680329821	1.7619131362777936e-16
1.681485061	1.8085924490242694e-16
1.6826403	1.8275450545788427e-16
1.683795539	1.8037871180272308e-16
1.684950778	1.786445879700489e-16
1.686106018	1.7805830784885856e-16
1.687261257	1.7655714405171356e-16
1.688416496	1.742297371911476e-16
1.689571735	1.7350751234428368e-16
1.690726975	1.73506221332862e-16
1.691882214	1.718223554034234e-16
1.693037453	1.6963161426806499e-16
1.694192693	1.6710447565001118e-16
1.695347932	1.6453445353479608e-16
1.696503171	1.6377065839656796e-16
1.69765841	1.6504815066114366e-16
1.69881365	1.6715498433789177e-16
1.699968889	1.6871825613833773e-16
1.701124128	1.682914627136198e-16
1.702279367	1.666271026434524e-16
1.703434607	1.646786254956941e-16
1.704589846	1.6303426897728488e-16
1.705745085	1.6200677418176136e-16
1.706900324	1.6228990191819503e-16
1.708055564	1.6382403518168959e-16
1.709210803	1.6351938594834963e-16
1.710366042	1.6280580605841763e-16
1.711521282	1.6707359506808596e-16
1.712676521	1.7013850598616967e-16
1.71383176	1.6723424129698656e-16
1.714986999	1.6668614685520403e-16
1.716142239	1.696915019408563e-16
1.717297478	1.721718135894598e-16
1.718452717	1.725989451388445e-16
1.719607956	1.7174129181492806e-16
1.720763196	1.6790724865223073e-16
1.721918435	1.617953718150853e-16
1.723073674	1.6016261063689323e-16
1.724228914	1.6309390815154642e-16
1.725384153	1.6408726406117823e-16
1.726539392	1.630946719905886e-16
1.727694631	1.6172042041731027e-16
1.728849871	1.5839638287508914e-16
1.73000511	1.5451993479774312e-16
1.731160349	1.529722719604706e-16
1.732315588	1.53414478861233e-16
1.733470828	1.5605976919676968e-16
1.734626067	1.590928309573235e-16
1.735781306	1.622062784780598e-16
1.736936545	1.6479023108120139e-16
1.738091785	1.6581247828506444e-16
1.739247024	1.659111672238656e-16
1.740402263	1.6391702301034013e-16
1.741557503	1.6202733089986362e-16
1.742712742	1.5850551800620463e-16
1.743867981	1.5466353186554236e-16
1.74502322	1.556943521863683e-16
1.74617846	1.6048720977941103e-16
1.747333699	1.6302304326259347e-16
1.748488938	1.6154625172942444e-16
1.749644177	1.5699674429386073e-16
1.750799417	1.5262672069422062e-16
1.751954656	1.508534004967768e-16
1.753109895	1.5025762017698167e-16
1.754265135	1.5023198668312212e-16
1.755420374	1.5065708156978328e-16
1.756575613	1.5027171478085867e-16
1.757730852	1.491718213235804e-16
1.758886092	1.4797593598250216e-16
1.760041331	1.4714223144274954e-16
1.76119657	1.4761350645825194e-16
1.762351809	1.4775098062022999e-16
1.763507049	1.4518412679641283e-16
1.764662288	1.4322985642790804e-16
1.765817527	1.4426002828948196e-16
1.766972766	1.4697047046746119e-16
1.768128006	1.4859039651761743e-16
1.769283245	1.4743853373482621e-16
1.770438484	1.4410408456242033e-16
1.771593724	1.402392560939891e-16
1.772748963	1.3815583664899408e-16
1.773904202	1.3793597608225976e-16
1.775059441	1.3854753593762122e-16
1.776214681	1.3856518158800134e-16
1.77736992	1.3710872075499063e-16
1.778525159	1.3579315140369462e-16
1.779680398	1.361579866426149e-16
1.780835638	1.3827522654177808e-16
1.781990877	1.4072377365076944e-16
1.783146116	1.4178363847777102e-16
1.784301356	1.4126110072741155e-16
1.785456595	1.4023349106483428e-16
1.786611834	1.3861115547974644e-16
1.787767073	1.35522073203588e-16
1.788922313	1.3236625756684477e-16
1.790077552	1.303538885066836e-16
1.791232791	1.2895570249801097e-16
1.79238803	1.2905287702611325e-16
1.79354327	1.3089510569012585e-16
1.794698509	1.3115554893053507e-16
1.795853748	1.2833766476570294e-16
1.797008987	1.238862971692788e-16
1.798164227	1.1972181289429116e-16
1.799319466	1.1889539885934496e-16
1.800474705	1.2117493278868533e-16
1.801629945	1.256961600754473e-16
1.802785184	1.29464951798654e-16
1.803940423	1.2888841074530311e-16
1.805095662	1.2735965730506037e-16
1.806250902	1.2572739340082433e-16
1.807406141	1.2359368745048466e-16
1.80856138	1.219623536550567e-16
1.809716619	1.207541389712281e-16
1.810871859	1.202872402686171e-16
1.812027098	1.2075171089696335e-16
1.813182337	1.217179220314192e-16
1.814337576	1.231421263539272e-16
1.815492816	1.2529289721303588e-16
1.816648055	1.2918729257568362e-16
1.817803294	1.3618337021330906e-16
1.818958534	1.3652422230512905e-16
1.820113773	1.282530456039612e-16
1.821269012	1.2168052052012799e-16
1.822424251	1.156391685597867e-16
1.823579491	1.0708153297365749e-16
1.82473473	9.959646774518839e-17
1.825889969	9.544204328894714e-17
1.827045208	9.357687435600817e-17
1.828200448	9.279061499010952e-17
1.829355687	9.176790402560048e-17
1.830510926	9.058908694372397e-17
1.831666166	9.047333241661461e-17
1.832821405	0.
1.833976644	0.
1.835131883	0.
1.836287123	0.
1.837442362	0.
1.838597601	0.
1.83975284	0.
1.84090808	0.
1.842063319	0.
1.843218558	0.
1.844373797	0.
1.845529037	0.
1.846684276	0.
1.847839515	0.
1.848994755	0.
1.850149994	0.
1.851305233	0.
1.852460472	0.
1.853615712	0.
1.854770951	0.
1.85592619	0.
1.857081429	0.
1.858236669	0.
1.859391908	0.
1.860547147	0.
1.861702387	0.
1.862857626	0.
1.864012865	0.
1.865168104	0.
1.866323344	0.
1.867478583	0.
1.868633822	0.
1.869789061	0.
1.870944301	0.
1.87209954	1.0781040805534035e-16
1.873254779	9.968243231495266e-17
1.874410018	7.810709009735292e-17
1.875565258	5.306742034249043e-17
1.876720497	2.2968412661439703e-17
1.877875736	-9.628359811086687e-18
1.879030976	-4.112367176816478e-17
1.880186215	-4.769596469824312e-17
1.881341454	-3.124080472521355e-17
1.882496693	1.3227838064925142e-18
1.883651933	2.5093988216500212e-17
1.884807172	4.39100761019429e-17
1.885962411	6.238462147423521e-17
1.88711765	7.387519838623054e-17
1.88827289	7.033908529252509e-17
1.889428129	5.479921441833723e-17
1.890583368	3.9930766875453385e-17
1.891738608	5.161957043502024e-17
1.892893847	7.188842149875088e-17
1.894049086	7.356959143706104e-17
1.895204325	6.271523735536449e-17
1.896359565	4.9895149480682314e-17
1.897514804	3.369870393839392e-17
1.898670043	1.7942576412798032e-17
1.899825282	5.744175212907133e-18
1.900980522	-2.0286031541724972e-18
1.902135761	-3.3198328352483362e-18
1.903291	1.578217310162633e-17
1.904446239	5.67348629209943e-17
1.905601479	9.463742886675103e-17
1.906756718	1.165722320386912e-16
1.907911957	1.1061912448895082e-16
1.909067197	8.121198505408292e-17
1.910222436	6.569914312832227e-17
1.911377675	8.056885428267347e-17
1.912532914	1.353826282676153e-16
1.913688154	2.0663536438453347e-16
1.914843393	2.363357778291276e-16
1.915998632	2.295369366154137e-16
1.917153871	2.090200183834041e-16
1.918309111	1.8539966347173467e-16
1.91946435	1.6804435125973821e-16
1.920619589	1.648839223224041e-16
1.921774828	1.6025077324479849e-16
1.922930068	1.4555230308199059e-16
1.924085307	1.2387103403404851e-16
1.925240546	1.0653934347908007e-16
1.926395786	9.809778079910684e-17
1.927551025	9.98768736726251e-17
1.928706264	1.1328324471004993e-16
1.929861503	1.3197084613536692e-16
1.931016743	1.4275189757033386e-16
1.932171982	1.4138275116770812e-16
1.933327221	1.3250949649635825e-16
1.93448246	1.2130930876274175e-16
1.9356377	1.1075429952985346e-16
1.936792939	1.0750719011101655e-16
1.937948178	1.2503632955678028e-16
1.939103418	1.600692300765037e-16
1.940258657	1.821945296636075e-16
1.941413896	1.645368994408904e-16
1.942569135	1.4844774327209782e-16
1.943724375	1.5880962508064713e-16
1.944879614	1.880184296698206e-16
1.946034853	2.1642066190434553e-16
1.947190092	2.1066982950331223e-16
1.948345332	1.793914072399772e-16
1.949500571	1.4682078032228268e-16
1.95065581	1.2215000825491957e-16
1.951811049	1.0902798819902162e-16
1.952966289	1.0100401133499623e-16
1.954121528	9.397458362352611e-17
1.955276767	9.358676105698261e-17
1.956432007	1.0053757018210245e-16
1.957587246	1.1055275105539837e-16
1.958742485	1.170444730073779e-16
1.959897724	1.1899425245191978e-16
1.961052964	1.1714566086144154e-16
1.962208203	1.136646138542987e-16
1.963363442	1.1273959895893066e-16
1.964518681	1.1639005859084398e-16
1.965673921	1.192349888637848e-16
1.96682916	1.1941455865906437e-16
1.967984399	1.1683983976971054e-16
1.969139639	1.1434025595659756e-16
1.970294878	1.1382954398417062e-16
1.971450117	1.1579977514807562e-16
1.972605356	1.1882729135945403e-16
1.973760596	1.1959298574535692e-16
1.974915835	1.1891156709750752e-16
1.976071074	1.166105889956024e-16
1.977226313	1.1403318501045595e-16
1.978381553	1.1131307395174954e-16
1.979536792	1.0643319886730685e-16
1.980692031	1.0097543606787264e-16
1.98184727	9.60195680303152e-17
1.98300251	9.169155310911351e-17
1.984157749	8.844690744008912e-17
1.985312988	8.781920361365732e-17
1.986468228	8.962980254477174e-17
1.987623467	9.236032439884919e-17
1.988778706	9.6568598998204e-17
1.989933945	1.0029352284745262e-16
1.991089185	9.952632237402133e-17
1.992244424	9.693508933710321e-17
1.993399663	9.523331105288212e-17
1.994554902	9.435082413651903e-17
1.995710142	9.288136069983734e-17
1.996865381	9.257201480177326e-17
1.99802062	9.265056227734798e-17
1.99917586	8.836748680699943e-17
2.000331099	7.963037503147535e-17
2.001486338	7.13736716272393e-17
2.002641577	7.071525647143022e-17
2.003796817	8.519088539542501e-17
2.004952056	1.1178421459956986e-16
2.006107295	1.2917764093871516e-16
2.007262534	1.2948142307421294e-16
2.008417774	1.1728062117184126e-16
2.009573013	1.0337169917164367e-16
2.010728252	9.306763795317473e-17
2.011883491	8.838469676851123e-17
2.013038731	9.16026817273531e-17
2.01419397	1.0277152900025099e-16
2.015349209	1.154743955413858e-16
2.016504449	1.2221927950457028e-16
2.017659688	1.246200503334704e-16
2.018814927	1.2963476238112931e-16
2.019970166	1.435598503547212e-16
2.021125406	1.574211676735086e-16
2.022280645	1.5640167312680803e-16
2.023435884	1.3916368926829619e-16
2.024591123	1.2073473027056361e-16
2.025746363	1.0795831636519329e-16
2.026901602	9.838290244278199e-17
2.028056841	9.103934269031398e-17
2.02921208	8.611535628182221e-17
2.03036732	8.359620498433789e-17
2.031522559	8.152518741879735e-17
2.032677798	8.001553665945838e-17
2.033833038	7.941743034944693e-17
2.034988277	7.74683706111888e-17
2.036143516	7.464913336885207e-17
2.037298755	7.323754784470154e-17
2.038453995	7.341025895509282e-17
2.039609234	7.326727393346946e-17
2.040764473	7.442389821346396e-17
2.041919712	7.726873102232085e-17
2.043074952	7.935048131665369e-17
2.044230191	7.943904555731622e-17
2.04538543	7.759782088501872e-17
2.04654067	7.44093447377181e-17
2.047695909	7.277041077998164e-17
2.048851148	7.529190531448185e-17
2.050006387	8.085154573628301e-17
2.051161627	8.694205822509616e-17
2.052316866	9.067526518817173e-17
2.053472105	9.220725409251717e-17
2.054627344	9.344811766994019e-17
2.055782584	9.454690473425763e-17
2.056937823	9.421712635395272e-17
2.058093062	9.209379001173283e-17
2.059248301	9.013001982532213e-17
2.060403541	8.887102852626548e-17
2.06155878	8.694046455732568e-17
2.062714019	8.696926380147735e-17
2.063869259	9.180227858233496e-17
2.065024498	9.600993368417644e-17
2.066179737	9.629372686517711e-17
2.067334976	9.629265080410145e-17
2.068490216	9.693828726694283e-17
2.069645455	9.801913586262706e-17
2.070800694	9.733510597567631e-17
2.071955933	9.344896259026387e-17
2.073111173	8.805759379872565e-17
2.074266412	8.249848524608745e-17
2.075421651	7.730554353685315e-17
2.076576891	7.334568000272624e-17
2.07773213	7.119028507022182e-17
2.078887369	7.101363230055674e-17
2.080042608	7.155686842870372e-17
2.081197848	7.036979758926866e-17
2.082353087	6.844704136687391e-17
2.083508326	6.848971700457026e-17
2.084663565	6.997068250514687e-17
2.085818805	7.115112180713456e-17
2.086974044	7.274477507805858e-17
2.088129283	7.429262482284228e-17
2.089284522	7.417115033269506e-17
2.090439762	7.266776219425261e-17
2.091595001	7.189722597308189e-17
2.09275024	7.153360172628594e-17
2.09390548	7.056732613619954e-17
2.095060719	7.037523740447086e-17
2.096215958	7.084324302503063e-17
2.097371197	7.071555631237694e-17
2.098526437	6.980918791884087e-17
2.099681676	6.853576126522074e-17
2.100836915	6.7188259273493e-17
2.101992154	6.616850906581831e-17
2.103147394	6.539826974571104e-17
2.104302633	6.485498352361567e-17
2.105457872	6.509333071296513e-17
2.106613112	6.676542338199875e-17
2.107768351	6.988747214754184e-17
2.10892359	7.288855285351215e-17
2.110078829	7.440098011517067e-17
2.111234069	7.32745269134026e-17
2.112389308	7.031014955038318e-17
2.113544547	6.708590818552368e-17
2.114699786	6.437535547081046e-17
2.115855026	6.344618336460503e-17
2.117010265	6.314186840338709e-17
2.118165504	6.241327739259755e-17
2.119320743	6.206500780154142e-17
2.120475983	6.23749627651341e-17
2.121631222	6.25051554537171e-17
2.122786461	6.313163191290329e-17
2.123941701	6.463691301605753e-17
2.12509694	6.579989130207781e-17
2.126252179	6.585842726707756e-17
2.127407418	6.510209055631369e-17
2.128562658	6.390367562221782e-17
2.129717897	6.295141285596392e-17
2.130873136	6.214275328583097e-17
2.132028375	6.14709529773068e-17
2.133183615	6.12552158743716e-17
2.134338854	6.138921298697135e-17
2.135494093	6.189325224032893e-17
2.136649332	6.188048424797459e-17
2.137804572	6.039116210188075e-17
2.138959811	5.908491687424932e-17
2.14011505	5.872318497224502e-17
2.14127029	5.878787780924371e-17
2.142425529	5.932782025116034e-17
2.143580768	6.083341312263282e-17
2.144736007	6.3536599739503e-17
2.145891247	6.723703005628815e-17
2.147046486	7.063431137401718e-17
2.148201725	7.282392508596956e-17
2.149356964	7.445587603642748e-17
2.150512204	7.567448444866822e-17
2.151667443	7.638885415782958e-17
2.152822682	7.642762339282985e-17
2.153977922	7.576566443175179e-17
2.155133161	7.465910398366085e-17
2.1562884	7.335238188299708e-17
2.157443639	7.208447482215057e-17
2.158598879	7.098880620372792e-17
2.159754118	7.028565707642825e-17
2.160909357	7.014145113289796e-17
2.162064596	7.083259575026964e-17
2.163219836	7.238265594117627e-17
2.164375075	7.482716066010291e-17
2.165530314	8.062964228259518e-17
2.166685553	8.538313735424377e-17
2.167840793	8.117728849415079e-17
2.168996032	7.640020765903632e-17
2.170151271	7.412197358704435e-17
2.171306511	7.292531342979594e-17
2.17246175	7.245201659777933e-17
2.173616989	7.208180037788781e-17
2.174772228	7.169328016204088e-17
2.175927468	7.141519760349793e-17
2.177082707	7.144533556172983e-17
2.178237946	7.143903669063291e-17
2.179393185	6.988463967901731e-17
2.180548425	6.777577029815826e-17
2.181703664	6.794686945836111e-17
2.182858903	6.910660698893966e-17
2.184014143	6.999488132779288e-17
2.185169382	7.120520639685185e-17
2.186324621	7.252205918841798e-17
2.18747986	7.43537295919901e-17
2.1886351	7.551131577681672e-17
2.189790339	7.406755299872314e-17
2.190945578	7.231689730687953e-17
2.192100817	7.137112355974483e-17
2.193256057	7.098948177227376e-17
2.194411296	7.094324080484601e-17
2.195566535	7.062021199372109e-17
2.196721774	6.960118919789153e-17
2.197877014	6.788909422119825e-17
2.199032253	6.63248803531422e-17
2.200187492	6.568519778183145e-17
2.201342732	6.621402663142672e-17
2.202497971	6.759791584126784e-17
2.20365321	6.895179273038844e-17
2.204808449	7.091981688921727e-17
2.205963689	7.397646299535747e-17
2.207118928	7.461926789420288e-17
2.208274167	7.245218873517559e-17
2.209429406	7.039258336034065e-17
2.210584646	6.884088652713233e-17
2.211739885	6.766713471928112e-17
2.212895124	6.658272859237335e-17
2.214050364	6.611841721537532e-17
2.215205603	6.688382996663265e-17
2.216360842	6.800938768857231e-17
2.217516081	6.817955158331453e-17
2.218671321	6.713872467188874e-17
2.21982656	6.569353700539616e-17
2.220981799	6.503568799108488e-17
2.222137038	6.533929317283798e-17
2.223292278	6.598877492776452e-17
2.224447517	6.679919575178918e-17
2.225602756	6.834261280937679e-17
2.226757995	6.967573630300714e-17
2.227913235	6.953327606398788e-17
2.229068474	6.894432909371737e-17
2.230223713	6.836652558346346e-17
2.231378953	6.759767901578233e-17
2.232534192	6.674488513169584e-17
2.233689431	6.607996740761715e-17
2.23484467	6.58305591561302e-17
2.23599991	6.603605916544369e-17
2.237155149	6.656893844754486e-17
2.238310388	6.692040594485058e-17
2.239465627	6.620066625378039e-17
2.240620867	6.513404048202328e-17
2.241776106	6.479120652920723e-17
2.242931345	6.493098961487917e-17
2.244086585	6.547691338896072e-17
2.245241824	6.620643924570007e-17
2.246397063	6.675745120068685e-17
2.247552302	6.724741902002385e-17
2.248707542	6.728140124511192e-17
2.249862781	6.644465900831997e-17
2.25101802	6.585243049451004e-17
2.252173259	6.567158871012778e-17
2.253328499	6.562408522467696e-17
2.254483738	6.544692734409152e-17
2.255638977	6.43833042496673e-17
2.256794216	6.304029911879909e-17
2.257949456	6.193317213243064e-17
2.259104695	6.106207880008903e-17
2.260259934	6.063694218749977e-17
2.261415174	6.127165003721441e-17
2.262570413	6.238861811665978e-17
2.263725652	6.235231319003497e-17
2.264880891	6.201423517028568e-17
2.266036131	6.193951058131254e-17
2.26719137	6.126251101776461e-17
2.268346609	6.01116391629414e-17
2.269501848	5.939558539188032e-17
2.270657088	5.958532169831394e-17
2.271812327	6.037804272568692e-17
2.272967566	6.125793733255993e-17
2.274122805	6.183742468138355e-17
2.275278045	6.186701392909296e-17
2.276433284	6.143295909949947e-17
2.277588523	6.087958050620521e-17
2.278743763	6.010739438472099e-17
2.279899002	5.915865641477476e-17
2.281054241	5.938683437720741e-17
2.28220948	6.126765477494045e-17
2.28336472	6.183265150903243e-17
2.284519959	6.107558038188952e-17
2.285675198	6.102653004527689e-17
2.286830437	6.089307385277209e-17
2.287985677	6.031281448132341e-17
2.289140916	5.961904638830902e-17
2.290296155	5.865228609070064e-17
2.291451395	5.71462747646954e-17
2.292606634	5.607595722234197e-17
2.293761873	5.692846488509681e-17
2.294917112	5.822628423412647e-17
2.296072352	5.858315170831046e-17
2.297227591	5.875531507394039e-17
2.29838283	5.873615615381465e-17
2.299538069	5.793340696215792e-17
2.300693309	5.684867497191693e-17
2.301848548	5.618043151038793e-17
2.303003787	5.620196483623997e-17
2.304159026	5.688781266742872e-17
2.305314266	5.78973284473821e-17
2.306469505	5.88190460362139e-17
2.307624744	5.921821222559225e-17
2.308779984	5.888048864423808e-17
2.309935223	5.79200971708975e-17
2.311090462	5.632077044746715e-17
2.312245701	5.4416696786640955e-17
2.313400941	5.273028571999991e-17
2.31455618	5.1731247419819754e-17
2.315711419	5.162720546375157e-17
2.316866658	5.2028030959677556e-17
2.318021898	5.272077205119025e-17
2.319177137	5.348311419785401e-17
2.320332376	5.450185729369403e-17
2.321487616	5.61389563291033e-17
2.322642855	5.740529362536326e-17
2.323798094	5.751101081766255e-17
2.324953333	5.664638537892839e-17
2.326108573	5.4947348041441e-17
2.327263812	5.292163988302418e-17
2.328419051	5.130783936248892e-17
2.32957429	5.081324087083666e-17
2.33072953	5.110551409882997e-17
2.331884769	5.1883021177811594e-17
2.333040008	5.260724022845113e-17
2.334195247	5.2792619198340763e-17
2.335350487	5.30372725552647e-17
2.336505726	5.3496897011665965e-17
2.337660965	5.391563705353018e-17
2.338816205	5.399437285727301e-17
2.339971444	5.344408425456334e-17
2.341126683	5.27787452456339e-17
2.342281922	5.2295958069339744e-17
2.343437162	5.1833235351720986e-17
2.344592401	5.1708518171913424e-17
2.34574764	5.2248398676039603e-17
2.346902879	5.334595616545475e-17
2.348058119	5.4681330772029796e-17
2.349213358	5.607481386360989e-17
2.350368597	5.699910432266675e-17
2.351523837	5.745523115185341e-17
2.352679076	5.64360273405377e-17
2.353834315	5.387438504406759e-17
2.354989554	5.135185540352286e-17
2.356144794	4.9498417848319275e-17
2.357300033	4.920064978779083e-17
2.358455272	5.0159160429811137e-17
2.359610511	5.074569191772714e-17
2.360765751	5.078424658049583e-17
2.36192099	5.049821531285676e-17
2.363076229	4.9686007905191234e-17
2.364231468	4.8509156574272734e-17
2.365386708	4.6980200693134744e-17
2.366541947	4.532336813934552e-17
2.367697186	4.400200528562429e-17
2.368852426	4.3751114557937194e-17
2.370007665	4.519825795152771e-17
2.371162904	4.723122102343365e-17
2.372318143	4.888531410120207e-17
2.373473383	5.0787100538487066e-17
2.374628622	5.2105226035354196e-17
2.375783861	5.0850175349841565e-17
2.3769391	4.89879718927516e-17
2.37809434	4.765849530963273e-17
2.379249579	4.6540318072634265e-17
2.380404818	4.5508700835382484e-17
2.381560057	4.4376741556788457e-17
2.382715297	4.3898948067592306e-17
2.383870536	4.521954567092384e-17
2.385025775	4.7094761236024575e-17
2.386181015	4.8008478461372946e-17
2.387336254	4.754281277296729e-17
2.388491493	4.6599791995304446e-17
2.389646732	4.66424190566292e-17
2.390801972	4.7568437387617945e-17
2.391957211	4.886991915545063e-17
2.39311245	5.030951458060051e-17
2.394267689	5.117223185937272e-17
2.395422929	5.082103924954831e-17
2.396578168	4.918832341840028e-17
2.397733407	4.7279385595763047e-17
2.398888647	4.6413918487143684e-17
2.400043886	4.6501678420864844e-17
2.401199125	4.6281764778910515e-17
2.402354364	4.54244510345746e-17
2.403509604	4.4822683802876457e-17
2.404664843	4.4697840704763105e-17
2.405820082	4.4740164610772093e-17
2.406975321	4.4643933732588524e-17
2.408130561	4.4178709629114385e-17
2.4092858	4.3455990076251223e-17
2.410441039	4.250118459643324e-17
2.411596278	4.1356249464188496e-17
2.412751518	4.058621608009008e-17
2.413906757	4.090780787846804e-17
2.415061996	4.198267478430469e-17
2.416217236	4.387442222222917e-17
2.417372475	4.528985758830956e-17
2.418527714	4.609830404440724e-17
2.419682953	4.7668368061826217e-17
2.420838193	4.857299852689562e-17
2.421993432	4.7573415711292136e-17
2.423148671	4.596335952594976e-17
2.42430391	4.4986940866702804e-17
2.42545915	4.5101454717317234e-17
2.426614389	4.5179737197843014e-17
2.427769628	4.438776217884935e-17
2.428924868	4.264898019394045e-17
2.430080107	4.039774222197018e-17
2.431235346	3.8003661379930736e-17
2.432390585	3.657804949461001e-17
2.433545825	3.8166954884923016e-17
2.434701064	4.335076166590863e-17
2.435856303	4.879428653923483e-17
2.437011542	4.993992816922438e-17
2.438166782	4.875987426925461e-17
2.439322021	4.680535096308932e-17
2.44047726	4.6176989452908075e-17
2.441632499	5.169937739382221e-17
2.442787739	9.248454729551906e-17
2.443942978	-3.2069736240570997e-16
2.445098217	-8.396301580159886e-17
2.446253457	-2.638975932461585e-16
2.447408696	1.073310901461916e-16
2.448563935	5.775158835092936e-17
2.449719174	4.6777561870768193e-17
2.450874414	4.383128752571824e-17
2.452029653	4.386308675393934e-17
2.453184892	4.4286129561986395e-17
2.454340131	4.3522018015676084e-17
2.455495371	4.248907195974063e-17
2.45665061	4.141078732114648e-17
2.457805849	4.0204476602290847e-17
2.458961089	3.899801178329529e-17
2.460116328	3.810405924941462e-17
2.461271567	3.824723997467129e-17
2.462426806	3.9121046352747596e-17
2.463582046	3.967577687563512e-17
2.464737285	3.964886491100286e-17
2.465892524	3.898490485198893e-17
2.467047763	3.784708496857697e-17
2.468203003	3.6635247655588794e-17
2.469358242	3.613996372738044e-17
2.470513481	3.595874740879729e-17
2.47166872	3.504928988518302e-17
2.47282396	3.414214846536893e-17
2.473979199	3.3570384442191715e-17
2.475134438	3.2013718521303064e-17
2.476289678	3.0726836834044503e-17
2.477444917	3.212995473208752e-17
2.478600156	3.820634107922973e-17
2.479755395	5.3702123290076524e-17
2.480910635	7.378495010004785e-17
2.482065874	7.39902655092868e-17
2.483221113	5.252096764657587e-17
2.484376352	3.784546989235296e-17
2.485531592	3.279933541399734e-17
2.486686831	3.360671835762984e-17
2.48784207	3.616157471858978e-17
2.488997309	3.97910551515663e-17
2.490152549	4.371815372517066e-17
2.491307788	4.780817048314729e-17
2.492463027	5.261987822694488e-17
2.493618267	5.503327051135107e-17
2.494773506	5.083108006287767e-17
2.495928745	4.5656444073512996e-17
2.497083984	4.2806557883211276e-17