0.45	7.428485992156857e-11
0.4511533	7.405592698427439e-11
0.4523066	7.214770431355001e-11
0.4534599	7.019813043771325e-11
0.4546131	7.040772896345755e-11
0.4557664	7.10171977371532e-11
0.4569197	7.548838659041837e-11
0.458073	7.26976341592056e-11
0.4592263	7.298666818481218e-11
0.4603796	7.569522473484327e-11
0.4615329	7.815595707100298e-11
0.4626862	7.606767513443762e-11
0.4638394	7.950352977170115e-11
0.4649927	8.191251315375649e-11
0.466146	8.542988963779085e-11
0.4672993	8.371825110720304e-11
0.4684526	8.334125837967139e-11
0.4696059	8.078622174706583e-11
0.4707592	8.188664681070112e-11
0.4719125	8.019594421679134e-11
0.4730658	8.265506193999302e-11
0.4742191	8.68266081868059e-11
0.4753723	8.671181981627235e-11
0.4765256	8.763537939541487e-11
0.4776789	8.52730848105327e-11
0.4788322	8.88569262462274e-11
0.4799855	8.781206651842843e-11
0.4811388	8.644380209614785e-11
0.4822921	8.296077323055615e-11
0.4834453	7.644711988332947e-11
0.4845986	8.322839316089657e-11
0.4857519	8.679127212976219e-11
0.4869052	9.729905590868333e-11
0.4880585	9.471054150271189e-11
0.4892118	9.47199011769861e-11
0.4903651	9.30348344711274e-11
0.4915183	9.159688068519274e-11
0.4926716	8.980016736626796e-11
0.4938249	9.164700552217068e-11
0.4949782	9.126191048014042e-11
0.4961315	9.312007760145808e-11
0.4972848	8.882959915977924e-11
0.4984381	8.873981586736321e-11
0.4995914	8.198827797647503e-11
0.5007446	8.08908869445285e-11
0.5018979	8.265308500590061e-11
0.5030512	8.571824581378242e-11
0.5042045	8.599253445573107e-11
0.5053578	8.596668784752433e-11
0.5065111	8.600103249595105e-11
0.5076644	8.680382625708709e-11
0.5088177	8.745329560189755e-11
0.509971	8.572509735191419e-11
0.5111243	8.347989936429987e-11
0.5122775	8.1495170240506e-11
0.5134308	8.015666671709688e-11
0.5145841	7.916289507536236e-11
0.5157374	7.782677731621339e-11
0.5168907	7.500511088364161e-11
0.518044	7.806271667850226e-11
0.5191973	7.958843877341704e-11
0.5203506	7.941496952820146e-11
0.5215039	7.776172570687531e-11
0.5226572	7.911489103955859e-11
0.5238104	7.966427969993514e-11
0.5249637	7.821036724929408e-11
0.526117	7.667265295479623e-11
0.5272703	7.425080395919894e-11
0.5284235	7.866935517141627e-11
0.5295768	7.922534569670608e-11
0.5307301	7.735909808671686e-11
0.5318834	7.586898816919083e-11
0.5330367	7.720273896174432e-11
0.53419	7.793596060075251e-11
0.5353433	7.988521397203188e-11
0.5364966	8.109768331786503e-11
0.5376499	8.161506162376232e-11
0.5388032	7.970878755630753e-11
0.5399565	7.981994814360847e-11
0.5411097	7.921476889920194e-11
0.542263	7.928765728618882e-11
0.5434163	8.076269584358513e-11
0.5445696	8.181416935504485e-11
0.5457229	8.013965179443423e-11
0.5468762	7.953002844482603e-11
0.5480295	7.884387752428654e-11
0.5491828	7.741721162975183e-11
0.5503361	7.661994194887363e-11
0.5514894	7.717460119160711e-11
0.5526426	7.712043913266958e-11
0.5537959	7.669733267124417e-11
0.5549492	7.746145982464766e-11
0.5561025	7.633749721573228e-11
0.5572557	7.521947033734915e-11
0.558409	7.61044874279656e-11
0.5595623	7.532173113266788e-11
0.5607156	7.631031643276216e-11
0.5618689	7.628948451464889e-11
0.5630222	7.496156253252188e-11
0.5641755	7.347733641457972e-11
0.5653288	7.390048030931588e-11
0.5664821	7.202815290487764e-11
0.5676354	7.123892911263221e-11
0.5687886	7.395285202401215e-11
0.5699419	7.136232264860988e-11
0.5710952	7.16640956519653e-11
0.5722485	7.22990709055024e-11
0.5734018	7.215620450653517e-11
0.5745551	7.044071794863877e-11
0.5757084	7.110823594448977e-11
0.5768617	7.077207611892713e-11
0.578015	6.887602494816603e-11
0.5791683	6.928147128269044e-11
0.5803216	6.903754832231087e-11
0.5814748	6.984320679949772e-11
0.5826281	6.977530162914486e-11
0.5837814	6.991555426176182e-11
0.5849347	6.88824969645886e-11
0.5860879	6.99241602994222e-11
0.5872412	6.780587028547442e-11
0.5883945	6.392841568391337e-11
0.5895478	6.612724255613833e-11
0.5907011	6.643675819545846e-11
0.5918544	6.663218281813899e-11
0.5930077	6.456357907126311e-11
0.594161	6.416194608864917e-11
0.5953143	6.33380030758425e-11
0.5964676	6.285814885215809e-11
0.5976208	6.166479410677891e-11
0.5987741	6.000191319212284e-11
0.5999274	5.870077130769414e-11
0.6010807	5.80884001107844e-11
0.602234	5.850503833500351e-11
0.6033873	5.7950421769082046e-11
0.6045406	5.729608566797781e-11
0.6056939	5.7761782486314963e-11
0.6068472	5.801528867984637e-11
0.6080005	5.693722993966815e-11
0.6091537	5.512491527148607e-11
0.610307	5.520524463247812e-11
0.6114603	5.398205257994066e-11
0.6126136	5.333846303081889e-11
0.6137668	5.2730166314052484e-11
0.6149201	5.263485417932614e-11
0.6160734	5.255374896735186e-11
0.6172267	5.309861297682014e-11
0.61838	5.283289890812919e-11
0.6195333	5.37708023929495e-11
0.6206866	5.309022485757142e-11
0.6218399	5.22344380059527e-11
0.6229932	5.030729903882048e-11
0.6241465	4.968607231915701e-11
0.6252998	4.9572176254954796e-11
0.626453	4.917608761729802e-11
0.6276063	4.8965191800861357e-11
0.6287596	4.91326704086862e-11
0.6299129	4.92679186762991e-11
0.6310662	4.870492994576925e-11
0.6322195	4.8733157130358336e-11
0.6333728	4.897872496904357e-11
0.6345261	4.8116823968434393e-11
0.6356794	4.7914977054506436e-11
0.6368327	4.716820078749398e-11
0.6379859	4.736655268150841e-11
0.6391392	4.7247616452206114e-11
0.6402925	4.6272499444915145e-11
0.6414458	4.570984612915462e-11
0.642599	4.6220809829544874e-11
0.6437523	4.567935062780429e-11
0.6449056	4.447818537594357e-11
0.6460589	4.4754078735093376e-11
0.6472122	4.600725927093606e-11
0.6483655	4.6117533322389445e-11
0.6495188	4.4969253391191654e-11
0.6506721	4.552471325379617e-11
0.6518254	4.487165306218676e-11
0.6529787	4.337584356181428e-11
0.6541319	4.0422710703810174e-11
0.6552852	3.833104603189217e-11
0.6564385	4.383712927252581e-11
0.6575918	5.0052792625566686e-11
0.6587451	4.921562834202191e-11
0.6598984	4.219092160980951e-11
0.6610517	3.416689586650099e-11
0.662205	3.199717827840076e-11
0.6633583	3.229544608702523e-11
0.6645116	3.19691813646385e-11
0.6656649	3.150740377265175e-11
0.6668181	3.132693232306033e-11
0.6679714	3.108331990846066e-11
0.6691247	3.1079610824638834e-11
0.670278	3.083266760384181e-11
0.6714312	3.061443332880084e-11
0.6725845	3.0493196975456336e-11
0.6737378	3.0154428953129864e-11
0.6748911	2.965411740356595e-11
0.6760444	2.9951346329134376e-11
0.6771977	2.976924975887713e-11
0.678351	2.934718283329276e-11
0.6795043	2.8798008277401022e-11
0.6806576	2.8520993547237484e-11
0.6818109	2.8238727992262847e-11
0.6829641	2.8244005853246372e-11
0.6841174	2.987678952330277e-11
0.6852707	3.296750353143891e-11
0.686424	3.398883449503e-11
0.6875773	3.5694619529452576e-11
0.6887306	3.733357750945736e-11
0.6898839	3.767825942122186e-11
0.6910372	3.735061642061234e-11
0.6921905	3.633489590809607e-11
0.6933438	3.5704369701600655e-11
0.694497	3.291476499452118e-11
0.6956503	2.820398622030578e-11
0.6968036	2.87050303929786e-11
0.6979569	3.1253322281584824e-11
0.6991102	2.803535631034998e-11
0.7002634	2.7507876667880996e-11
0.7014167	3.242632175410782e-11
0.70257	3.2550260524605035e-11
0.7037233	2.7754328650887992e-11
0.7048766	2.5487443891687098e-11
0.7060299	2.509977634836494e-11
0.7071832	2.6888056852303932e-11
0.7083365	2.962558317953052e-11
0.7094898	2.701765796163234e-11
0.7106431	2.4521441490367234e-11
0.7117963	2.5960929507256578e-11
0.7129496	2.8777837974407154e-11
0.7141029	2.7650524152810543e-11
0.7152562	2.919752541278801e-11
0.7164095	2.96507517252126e-11
0.7175628	2.8764528028792134e-11
0.7187161	2.863086316963809e-11
0.7198694	3.0102398807875606e-11
0.7210227	3.0931141219888165e-11
0.722176	2.983568281820668e-11
0.7233292	2.868509263990682e-11
0.7244825	2.8413421654890468e-11
0.7256358	2.8449974615652617e-11
0.7267891	2.8297373519749885e-11
0.7279423	2.8017042249403303e-11
0.7290956	2.7935549574559277e-11
0.7302489	2.7756723999306686e-11
0.7314022	2.7919459568566785e-11
0.7325555	2.8963218942240407e-11
0.7337088	2.847791087171792e-11
0.7348621	2.809721477376691e-11
0.7360154	2.8168612058860733e-11
0.7371687	2.830573974315381e-11
0.738322	2.773567636378356e-11
0.7394753	2.7773436068427383e-11
0.7406285	2.7888145162618806e-11
0.7417818	2.7275905609744572e-11
0.7429351	2.681912058610074e-11
0.7440884	2.6889839559833904e-11
0.7452417	2.730168594508518e-11
0.746395	2.7259171281658405e-11
0.7475483	2.727236258947639e-11
0.7487016	2.7461268632129605e-11
0.7498549	2.730052152539585e-11
0.7510082	2.7258091442063247e-11
0.7521614	2.738046990644037e-11
0.7533147	2.7418146891363298e-11
0.754468	2.7124746735767412e-11
0.7556213	2.662940950958473e-11
0.7567745	2.5352720063717983e-11
0.7579278	1.9904223759346108e-11
0.7590811	1.5279468333949212e-11
0.7602344	1.825232860567248e-11
0.7613877	2.5257652032595476e-11
0.762541	2.6893777305232198e-11
0.7636943	2.8937934108216516e-11
0.7648476	3.124492298355926e-11
0.7660009	3.009521770610204e-11
0.7671542	2.8073456310176724e-11
0.7683074	2.6776635564390443e-11
0.7694607	2.622926075760246e-11
0.770614	2.556768748691529e-11
0.7717673	2.46658996805902e-11
0.7729206	2.437867126675158e-11
0.7740739	2.444489575113421e-11
0.7752272	2.424737474290421e-11
0.7763805	2.4228370513676045e-11
0.7775338	2.349463900583113e-11
0.7786871	2.4565331291308786e-11
0.7798404	2.4484749129595272e-11
0.7809936	2.4072319690855698e-11
0.7821469	2.3780631531330846e-11
0.7833002	2.3291435284192565e-11
0.7844535	2.2933486798401705e-11
0.7856067	2.262742783092072e-11
0.78676	2.24081020995018e-11
0.7879133	2.225272465601272e-11
0.7890666	2.228661602798288e-11
0.7902199	2.198342977792511e-11
0.7913732	2.1805463360200617e-11
0.7925265	2.1725065342942458e-11
0.7936798	2.1573393309124772e-11
0.7948331	2.154739096346638e-11
0.7959864	2.197251571682352e-11
0.7971396	2.201577738498245e-11
0.7982929	2.179420385520906e-11
0.7994462	2.1196615715004187e-11
0.8005995	2.0997353829633095e-11
0.8017528	2.1511663044583486e-11
0.8029061	2.1349076020357483e-11
0.8040594	2.105443864627496e-11
0.8052127	2.0969671217388823e-11
0.806366	2.1006598153370363e-11
0.8075193	2.0511753720729857e-11
0.8086725	1.9999236099853396e-11
0.8098258	1.9786472214267414e-11
0.8109791	1.9787406158198042e-11
0.8121324	1.9441697613164024e-11
0.8132856	1.8809415935190984e-11
0.8144389	1.8236914466544876e-11
0.8155922	1.8414552950095188e-11
0.8167455	1.8689024431220864e-11
0.8178988	1.8541459511471897e-11
0.8190521	1.847193480565478e-11
0.8202054	1.831827487376196e-11
0.8213587	1.7877312439389905e-11
0.822512	1.781207284541967e-11
0.8236653	1.8579533782451387e-11
0.8248186	1.8549276444993173e-11
0.8259718	1.847445826606666e-11
0.8271251	1.8410054725507284e-11
0.8282784	1.8083839758553466e-11
0.8294317	1.7884602778972217e-11
0.830585	1.7907573045697177e-11
0.8317383	1.805459936671794e-11
0.8328916	1.8182074669761835e-11
0.8340449	1.8018609689080158e-11
0.8351982	1.818781853566815e-11
0.8363515	1.8090068456305092e-11
0.8375047	1.7839008579966422e-11
0.838658	1.768439381882533e-11
0.8398113	1.7637970642690127e-11
0.8409646	1.7887121251689868e-11
0.8421178	1.8280036318258505e-11
0.8432711	1.8285576260118974e-11
0.8444244	1.752112458588782e-11
0.8455777	1.809872053537902e-11
0.846731	1.8124815094943696e-11
0.8478843	1.8485446771697825e-11
0.8490376	1.8277502846426672e-11
0.8501909	1.755504850222649e-11
0.8513442	1.5995704382788577e-11
0.8524975	1.6112271819924803e-11
0.8536507	1.5483326864721205e-11
0.854804	1.4259784178797118e-11
0.8559573	1.5938339608248357e-11
0.8571106	1.729147151989497e-11
0.8582639	1.7126205026647833e-11
0.8594172	1.778577712377136e-11
0.8605705	1.822424837082727e-11
0.8617238	1.8127315651177733e-11
0.8628771	1.7720687095827653e-11
0.8640304	1.709228267961164e-11
0.8651837	1.6461648699076268e-11
0.8663369	1.627312076379086e-11
0.8674902	1.5358954760985225e-11
0.8686435	1.6953070566051696e-11
0.8697968	1.7921504403305702e-11
0.87095	1.7975570226180232e-11
0.8721033	1.7832240629147547e-11
0.8732566	1.7445151428289168e-11
0.8744099	1.709481924742831e-11
0.8755632	1.7931184285349108e-11
0.8767165	1.9553733811701352e-11
0.8778698	2.0267545725178967e-11
0.8790231	2.0152702343183887e-11
0.8801764	1.9131251687669663e-11
0.8813297	1.8239961921378907e-11
0.8824829	1.8090788162434903e-11
0.8836362	1.780739073921787e-11
0.8847895	1.8103293815636866e-11
0.8859428	1.8124812185328227e-11
0.8870961	1.775796901574295e-11
0.8882494	1.8627131763718113e-11
0.8894027	1.979319149719233e-11
0.890556	2.0151548976154262e-11
0.8917093	1.942866947686322e-11
0.8928626	1.8067854194502077e-11
0.8940158	1.7247130256409055e-11
0.8951691	1.667087957644787e-11
0.8963224	1.7313734115517475e-11
0.8974757	1.8218341781635575e-11
0.898629	1.8076337246926227e-11
0.8997822	1.689148261966102e-11
0.9009355	1.6078534272506524e-11
0.9020888	1.7643304188502236e-11
0.9032421	2.0084396845465735e-11
0.9043954	2.039531013229438e-11
0.9055487	1.916366925039639e-11
0.906702	1.744150019053984e-11
0.9078553	1.70521268252555e-11
0.9090086	1.721728709485881e-11
0.9101619	1.837703295346606e-11
0.9113151	1.8846566112492527e-11
0.9124684	1.8496543999871156e-11
0.9136217	1.7742437947168055e-11
0.914775	1.7413122812134042e-11
0.9159283	1.7486569544845483e-11
0.9170816	1.800329763154616e-11
0.9182349	1.884488469495299e-11
0.9193882	1.9888859443131045e-11
0.9205415	1.9386973794572078e-11
0.9216948	1.8132564502594126e-11
0.922848	1.804553370356197e-11
0.9240013	1.814843675508765e-11
0.9251546	1.8590458854834566e-11
0.9263079	1.893406316380784e-11
0.9274611	1.967139343955684e-11
0.9286144	2.0156125830855925e-11
0.9297677	1.9983795541102972e-11
0.930921	1.9259635557366303e-11
0.9320743	1.9029886972130024e-11
0.9332276	2.057286398914044e-11
0.9343809	2.1915922174172347e-11
0.9355342	2.2764981106015003e-11
0.9366875	2.2689174862581625e-11
0.9378408	2.266949496053379e-11
0.9389941	2.3207100533016995e-11
0.9401473	2.2579715943659486e-11
0.9413006	2.2271246855445044e-11
0.9424539	2.3847451213302475e-11
0.9436072	2.441425752077459e-11
0.9447605	2.47629612272617e-11
0.9459138	2.5250180920414402e-11
0.9470671	2.687595909275122e-11
0.9482204	2.7135557823738262e-11
0.9493737	2.6759381703219527e-11
0.950527	2.559260205284789e-11
0.9516802	2.370959478742406e-11
0.9528335	2.403568863043568e-11
0.9539868	2.8408966330337256e-11
0.9551401	3.176486214223935e-11
0.9562933	3.2908086203219225e-11
0.9574466	3.296843844946571e-11
0.9585999	3.162803550870931e-11
0.9597532	3.134013427980694e-11
0.9609065	3.095006863918052e-11
0.9620598	3.032919464319199e-11
0.9632131	2.953592706148323e-11
0.9643664	2.92713339001051e-11
0.9655197	2.92589366235582e-11
0.966673	2.992527169523296e-11
0.9678262	3.6068826504542575e-11
0.9689795	2.1970671507208565e-11
0.9978117	1.5280783935307766e-11
0.998965	1.4055413828213543e-11
1.000118	1.421908329534762e-11
1.001272	1.403316289980119e-11
1.002425	1.3899508646540942e-11
1.003578	1.3268471902929077e-11
1.004731	1.258534346499982e-11
1.005885	1.2665201119405923e-11
1.007038	1.2474207443886163e-11
1.008191	1.220600986620418e-11
1.009345	1.1848158862694917e-11
1.010498	1.2009945314874195e-11
1.011651	1.2523505549864436e-11
1.012805	1.24140596738979e-11
1.013958	1.2489068809755569e-11
1.015111	1.2818355923744977e-11
1.016264	1.2941221920688304e-11
1.017418	1.2394103396629317e-11
1.018571	1.2479617600389283e-11
1.019724	1.284514853097078e-11
1.020877	1.2972983064552312e-11
1.022031	1.3009738245112348e-11
1.023184	1.2948534870307923e-11
1.024337	1.2730795499302677e-11
1.025491	1.2477158147262799e-11
1.026644	1.2405529212956175e-11
1.027797	1.2577467001987762e-11
1.02895	1.2908501592221423e-11
1.030104	1.310086400293612e-11
1.031257	1.2859581968847319e-11
1.03241	1.2542599970210326e-11
1.033564	1.246836421726496e-11
1.034717	1.2580093765172332e-11
1.03587	1.2628627425720159e-11
1.037024	1.2634045053650813e-11
1.038177	1.2867284605565408e-11
1.03933	1.3338993353306124e-11
1.040483	1.3533603788270169e-11
1.041637	1.3281392065343723e-11
1.04279	1.3010857618564298e-11
1.043943	1.2775678037901876e-11
1.045097	1.2585601328525777e-11
1.04625	1.255879985038113e-11
1.047403	1.2624236019336179e-11
1.048556	1.2779819427399533e-11
1.04971	1.2834326452592713e-11
1.050863	1.2625510136560963e-11
1.052016	1.247760073998111e-11
1.053169	1.256846359097302e-11
1.054323	1.263563482774844e-11
1.055476	1.2443424674713081e-11
1.056629	1.2343005532257151e-11
1.057783	1.244791314922075e-11
1.058936	1.2436211991605421e-11
1.060089	1.2344915520653798e-11
1.061243	1.229870509472072e-11
1.062396	1.2129565197606783e-11
1.063549	1.1974229386503051e-11
1.064702	1.1906767011884902e-11
1.065856	1.1823323774291054e-11
1.067009	1.1734244071980186e-11
1.068162	1.1689006030717551e-11
1.069316	1.1744887862290644e-11
1.070469	1.1767556816304669e-11
1.071622	1.1643358674201201e-11
1.072775	1.1623720018072755e-11
1.073929	1.1737364309928728e-11
1.075082	1.1796527522918274e-11
1.076235	1.181053588889609e-11
1.077389	1.1868111588339218e-11
1.078542	1.1854923764649335e-11
1.079695	1.1713310751186691e-11
1.080848	1.1830432486966508e-11
1.082002	1.2203854151695534e-11
1.083155	1.2313764524206711e-11
1.084308	1.2240003370312313e-11
1.085462	1.2146810192711292e-11
1.086615	1.2283307307560158e-11
1.087768	1.269487726905262e-11
1.088921	1.2597350885234842e-11
1.090075	1.2034045153540138e-11
1.091228	1.1564074848254282e-11
1.092381	1.1289331883355969e-11
1.093535	1.1408721751771896e-11
1.094688	1.1419629292315284e-11
1.095841	1.1143415695457215e-11
1.096995	1.1065820261927458e-11
1.098148	1.114102600729472e-11
1.099301	1.1084344244081438e-11
1.100454	1.1107187870001999e-11
1.101608	1.1409817686329474e-11
1.102761	1.1656207689762344e-11
1.103914	1.172797940041521e-11
1.105067	1.184338731424156e-11
1.106221	1.2029256107277677e-11
1.107374	1.2259641100841716e-11
1.108527	1.254052467710056e-11
1.109681	1.2832509172534179e-11
1.110834	1.31796611999876e-11
1.111987	1.353038205860639e-11
1.11314	1.3659691820740983e-11
1.114294	1.3580202397206647e-11
1.115447	1.3360075376553098e-11
1.1166	1.3009938404486669e-11
1.117754	1.2581935318492372e-11
1.118907	1.216054343060522e-11
1.12006	1.169938896604075e-11
1.121214	1.1001969935606362e-11
1.122367	1.02440894492972e-11
1.12352	9.661458337281641e-12
1.124673	9.292115213857005e-12
1.125827	9.170654913281106e-12
1.12698	9.15665417883851e-12
1.128133	9.152157230249863e-12
1.129287	9.284797434716778e-12
1.13044	9.297878597791534e-12
1.131593	8.982764625440262e-12
1.132746	8.6658527491733e-12
1.1339	8.473955784494099e-12
1.135053	8.393856992914376e-12
1.136206	8.504885811417843e-12
1.13736	8.850698762974415e-12
1.138513	9.266875137367619e-12
1.139666	9.669161078916553e-12
1.140819	1.0041275901487439e-11
1.141973	1.0320116765202128e-11
1.143126	1.0522461264225609e-11
1.144279	1.0481959931502675e-11
1.145433	1.0104068143072353e-11
1.146586	9.649956054138179e-12
1.147739	9.270136978529125e-12
1.148892	8.971495187632619e-12
1.150046	8.766835733731697e-12
1.151199	8.658194630340864e-12
1.152352	8.612854600743146e-12
1.153506	8.576847530194132e-12
1.154659	8.600998534662643e-12
1.155812	8.700353054204116e-12
1.156965	8.787515540001453e-12
1.158119	8.861593486756696e-12
1.159272	9.018393859666208e-12
1.160425	9.20661241831344e-12
1.161579	9.355790880988146e-12
1.162732	9.430945435829184e-12
1.163885	9.435706959509333e-12
1.165038	9.480596162414384e-12
1.166192	9.57042732470072e-12
1.167345	9.647225247395665e-12
1.168498	9.795673542693079e-12
1.169652	1.0039374027502483e-11
1.170805	1.0171084007354905e-11
1.171958	1.0136030045886401e-11
1.173111	1.0071942208813355e-11
1.174265	1.0028534206545254e-11
1.175418	1.0110650060107775e-11
1.176571	1.0206851738406828e-11
1.177725	1.0215243275020183e-11
1.178878	1.0138550094411455e-11
1.180031	9.976843210122144e-12
1.181185	9.935629885789941e-12
1.182338	9.997668106348032e-12
1.183491	1.0118085265261771e-11
1.184644	1.0076482381137181e-11
1.185798	9.77667761587445e-12
1.186951	9.718281141767026e-12
1.188104	9.913972752432868e-12
1.189258	9.93600942046018e-12
1.190411	9.875000318669555e-12
1.191564	9.888169690113989e-12
1.192717	9.896369339786861e-12
1.193871	9.828432282939508e-12
1.195024	9.770787593027909e-12
1.196177	9.784221854568422e-12
1.19733	1.0018042393594244e-11
1.198484	1.0329277799541023e-11
1.199637	1.0346445661542406e-11
1.20079	1.029280098987147e-11
1.201944	1.0255598936092717e-11
1.203097	1.0348959168959836e-11
1.20425	1.043774359326352e-11
1.205404	1.0068639344349496e-11
1.206557	9.767650127000025e-12
1.20771	9.874552902665816e-12
1.208863	9.864818393144358e-12
1.210017	9.64249821082785e-12
1.21117	9.524535681751742e-12
1.212323	9.522530432931236e-12
1.213477	9.594968017737327e-12
1.21463	9.695853371766104e-12
1.215783	9.788287441356912e-12
1.216936	9.874782161486645e-12
1.21809	9.946641896000899e-12
1.219243	9.978184930568695e-12
1.220396	9.966749786416559e-12
1.22155	9.913147763550416e-12
1.222703	9.849896579989178e-12
1.223856	9.797746628481144e-12
1.225009	9.749604123320544e-12
1.226163	9.71735506617168e-12
1.227316	9.742274427702543e-12
1.228469	9.709307096958267e-12
1.229623	9.469004625305327e-12
1.230776	9.202198647205686e-12
1.231929	9.008732116997605e-12
1.233082	8.844338621242716e-12
1.234236	8.76348325973133e-12
1.235389	8.791005458724211e-12
1.236542	8.902036285387624e-12
1.237696	9.082670850775318e-12
1.238849	9.434427354167245e-12
1.240002	9.830357782843891e-12
1.241156	1.0051041576037205e-11
1.242309	9.98419577084638e-12
1.243462	9.44968785189457e-12
1.244615	8.687671357467179e-12
1.245769	7.896559681832606e-12
1.246922	7.315871428050333e-12
1.248075	7.216729297478823e-12
1.249228	7.383735391013761e-12
1.250382	7.750737940657628e-12
1.251535	8.273236774933843e-12
1.252688	8.734828946402247e-12
1.253842	9.09428803652121e-12
1.254995	9.419049217434528e-12
1.256148	9.67077641197606e-12
1.257301	9.767672192194686e-12
1.258455	9.769787801907321e-12
1.259608	9.698093917830894e-12
1.260761	9.651095399100681e-12
1.261915	9.675743414259648e-12
1.263068	9.672116349774686e-12
1.264221	9.622458832229266e-12
1.265375	9.504974230063926e-12
1.266528	9.348847476002161e-12
1.267681	9.226453625624186e-12
1.268834	9.027171270825353e-12
1.269988	8.7644086111327e-12
1.271141	8.616641356083529e-12
1.272294	8.588729165485522e-12
1.273448	8.667780182646007e-12
1.274601	8.832192323043458e-12
1.275754	9.006816966788816e-12
1.276907	9.19538441446462e-12
1.278061	9.325021820406944e-12
1.279214	9.267974767176655e-12
1.280367	9.224928773569187e-12
1.28152	9.623856061923818e-12
1.282674	9.65743661162135e-12
1.283827	9.007561320317932e-12
1.28498	8.600670008094386e-12
1.286134	8.517577243602668e-12
1.287287	8.49816483922766e-12
1.28844	8.511623467840158e-12
1.289594	8.598493828642514e-12
1.290747	8.672200435525462e-12
1.2919	8.68268574973779e-12
1.293053	8.722544053067541e-12
1.294207	8.794209752993408e-12
1.29536	8.79472425486878e-12
1.296513	8.795827082416179e-12
1.297667	8.867439850153408e-12
1.29882	8.892920671026581e-12
1.299973	8.85630649036785e-12
1.301126	8.874484808688657e-12
1.30228	8.93330746922643e-12
1.303433	8.971580552448028e-12
1.304586	8.969350859558407e-12
1.30574	8.907751907290714e-12
1.306893	8.86306830731642e-12
1.308046	8.849353686666788e-12
1.309199	8.815183914058817e-12
1.310353	8.794389293408332e-12
1.311506	8.879124187460534e-12
1.312659	8.884031591347681e-12
1.313813	8.723798420200079e-12
1.314966	8.716410623308013e-12
1.316119	8.837027403683515e-12
1.317272	8.745149784930527e-12
1.318426	8.571087114432819e-12
1.319579	8.474795268578376e-12
1.320732	8.416259598364907e-12
1.321886	8.400224502320503e-12
1.323039	8.38874850143681e-12
1.324192	8.42333987894168e-12
1.325346	8.544642493362063e-12
1.326499	8.684512073093853e-12
1.327652	8.771558458149413e-12
1.328805	8.853767616064982e-12
1.329959	8.928108281856344e-12
1.331112	8.872663970417185e-12
1.332265	8.667069795079588e-12
1.333418	8.313972852112473e-12
1.334572	7.971276734741524e-12
1.335725	7.754486061029292e-12
1.336878	7.624520092084554e-12
1.338032	7.602533287725084e-12
1.339185	7.720353806164947e-12
1.340338	7.946979611244012e-12
1.341491	8.211023215854016e-12
1.342645	8.599998311063373e-12
1.343798	9.143165966777606e-12
1.344951	9.818840596041796e-12
1.346105	1.0584404518307236e-11
1.347258	1.1349542569271744e-11
1.348411	1.219396234645807e-11
1.349565	1.3261026938472222e-11
1.350718	1.4355397541807203e-11
1.351871	1.5341190063077156e-11
1.353024	1.636327509359012e-11
1.354178	1.7401181215447946e-11
1.355331	1.8357497980594716e-11
1.356484	1.866439658411169e-11
1.357638	1.7680463895686648e-11
1.358791	1.588123097400268e-11
1.359944	1.360038871292449e-11
1.361097	1.082260725386718e-11
1.362251	8.079616781043846e-12
1.363404	5.9601247469428186e-12
1.364557	4.713232590714627e-12
1.36571	4.050924430085399e-12
1.366864	3.775910806844225e-12
1.368017	3.499470458745125e-12
1.36917	2.821427655690381e-12
1.370324	2.2709924200452087e-12
1.371477	1.978690164622269e-12
1.37263	1.9156658032101317e-12
1.373784	2.0441751407419558e-12
1.374937	2.3238767930172157e-12
1.37609	2.748299264549141e-12
1.377243	3.3828399480827736e-12
1.378397	4.454674301957602e-12
1.37955	5.876857213817127e-12
1.380703	7.469826867484087e-12
1.381857	8.517126369447304e-12
1.38301	8.003200978274889e-12
1.384163	6.588266208809941e-12
1.385316	5.024394765216189e-12
1.38647	3.793242965012456e-12
1.387623	3.0268062557189054e-12
1.388776	2.6490955494971165e-12
1.38993	2.5650458849096297e-12
1.391083	2.7261982184151653e-12
1.392236	3.0919121743706003e-12
1.393389	3.5650757572012898e-12
1.394543	4.032241983387475e-12
1.395696	4.262359060106966e-12
1.396849	4.227380099460096e-12
1.398003	4.078584975734169e-12
1.399156	3.955275947681855e-12
1.400309	3.927425783077436e-12
1.401462	3.920661334665888e-12
1.402616	3.9555306311046626e-12
1.403769	4.0615382637985474e-12
1.404922	4.214454947472329e-12
1.406076	4.3493554244600015e-12
1.407229	4.415288313595986e-12
1.408382	4.366059230174662e-12
1.409536	4.157454915917979e-12
1.410689	3.9638780386436135e-12
1.411842	3.881785187638675e-12
1.412995	3.897746592971167e-12
1.414149	4.059646211873871e-12
1.415302	4.279972193164863e-12
1.416455	4.495129814081128e-12
1.417608	4.65567069147553e-12
1.418762	4.7002457470139106e-12
1.419915	4.694673318553588e-12
1.421068	4.690550709251081e-12
1.422222	4.6822136096292775e-12
1.423375	4.599362281618041e-12
1.424528	4.543702397242116e-12
1.425681	4.6100380957181675e-12
1.426835	4.741449333734709e-12
1.427988	4.9169167503629535e-12
1.429141	5.1127680748543305e-12
1.430295	5.332148841213284e-12
1.431448	5.622356345752263e-12
1.432601	5.7999129518267195e-12
1.433755	5.764446556748263e-12
1.434908	5.688742662185779e-12
1.436061	5.584929386339471e-12
1.437214	5.3201155057940395e-12
1.438368	5.019536226576849e-12
1.439521	4.957901410751602e-12
1.440674	4.98569206307883e-12
1.441828	4.860866237634292e-12
1.442981	4.750752454719311e-12
1.444134	4.785947928563018e-12
1.445287	4.855194879724008e-12
1.446441	4.896450188498569e-12
1.447594	4.976958489189208e-12
1.448747	5.0663940936174495e-12
1.449901	5.197970700464445e-12
1.451054	5.024697779294745e-12
1.452207	4.623974938185869e-12
1.45336	4.458204737329755e-12
1.454514	4.508916653144689e-12
1.455667	4.516788069373156e-12
1.45682	4.4901792998258726e-12
1.457974	4.625140114390237e-12
1.459127	4.9610382497772604e-12
1.46028	5.3074978490248305e-12
1.461433	5.6668409547318344e-12
1.462587	6.1031780502510925e-12
1.46374	6.302110801096287e-12
1.464893	6.1886669656450505e-12
1.466047	6.188503057911571e-12
1.4672	6.493281620556034e-12
1.468353	6.6561904713786946e-12
1.469507	6.4629284198371644e-12
1.47066	6.12710264191583e-12
1.471813	5.77873740470437e-12
1.472966	5.398063462534013e-12
1.47412	5.219313246420152e-12
1.475273	5.214558089724206e-12
1.476426	4.981142019982635e-12
1.477579	4.677971366436019e-12
1.478733	4.449372148339754e-12
1.479886	4.534374405972807e-12
1.481039	4.757818506475975e-12
1.482193	4.944856927921013e-12
1.483346	5.056083848877891e-12
1.484499	4.89962902893611e-12
1.485652	4.491543109960912e-12
1.486806	4.279480141412087e-12
1.487959	4.46202257163452e-12
1.489112	4.721750428227117e-12
1.490266	4.720248983790574e-12
1.491419	4.786218221810279e-12
1.492572	4.778256405851737e-12
1.493726	4.653725197337523e-12
1.494879	4.600649490246414e-12
1.496032	4.701738458330512e-12
1.497185	4.8625542529813966e-12
1.498339	4.999474954864295e-12
1.499492	5.143082258576215e-12
1.500645	5.211689081817289e-12
1.501799	5.128081427502469e-12
1.502952	4.879747815885016e-12
1.504105	4.7520722574986625e-12
1.505258	5.0608524223975056e-12
1.506412	5.508451763489326e-12
1.507565	5.695560228114869e-12
1.508718	5.501881860009218e-12
1.509871	5.2263165706876424e-12
1.511025	5.154496195130154e-12
1.512178	5.23047376098319e-12
1.513331	5.242515270449912e-12
1.514485	5.205591322069211e-12
1.515638	5.192263438774784e-12
1.516791	5.187035914517527e-12
1.517945	5.1837023179675535e-12
1.519098	5.206565564479205e-12
1.520251	5.211832704013361e-12
1.521404	5.1994580356154546e-12
1.522558	5.17736825114917e-12
1.523711	5.219509077126648e-12
1.524864	5.3777338846009446e-12
1.526018	5.4363641984920805e-12
1.527171	5.247826680878266e-12
1.528324	4.991292448339183e-12
1.529477	4.9517254359446994e-12
1.530631	5.012382011816339e-12
1.531784	4.971308003136487e-12
1.532937	5.02712157577014e-12
1.534091	5.21443731148357e-12
1.535244	5.308797137701777e-12
1.536397	5.313164684896686e-12
1.53755	5.3135586852455405e-12
1.538704	5.242938151031274e-12
1.539857	5.165979652185614e-12
1.54101	5.13028444844316e-12
1.542164	5.19932492405409e-12
1.543317	5.3235301592378486e-12
1.54447	5.2727041606092274e-12
1.545623	5.065798112019692e-12
1.546777	4.949970776760027e-12
1.54793	5.051757086358913e-12
1.549083	5.209304418875358e-12
1.550237	5.218571802292512e-12
1.55139	5.0615629351266195e-12
1.552543	4.981523023387028e-12
1.553697	5.132484932328885e-12
1.55485	5.318284065494306e-12
1.556003	5.319942258278428e-12
1.557156	5.194957684593306e-12
1.55831	5.0368587620369615e-12
1.559463	4.986890829686688e-12
1.560616	4.99035770334261e-12
1.561769	5.010723041957656e-12
1.562923	5.0622988699641564e-12
1.564076	5.1881565468065505e-12
1.565229	5.3825184861447675e-12
1.566383	5.435741333498793e-12
1.567536	5.281503807378243e-12
1.568689	5.150193932538685e-12
1.569842	5.088940565441906e-12
1.570996	5.003194069896474e-12
1.572149	4.919149932269813e-12
1.573302	4.843926529396473e-12
1.574456	4.7898837300264546e-12
1.575609	4.784734292180231e-12
1.576762	4.822780422966545e-12
1.577916	4.956989420025158e-12
1.579069	4.961496193278236e-12
1.580222	4.870391040972076e-12
1.581375	4.875104978489779e-12
1.582529	4.84575605896958e-12
1.583682	4.716448230335903e-12
1.584835	4.734702636575176e-12
1.585989	4.790480013931843e-12
1.587142	4.762441621356601e-12
1.588295	4.668682261422324e-12
1.589448	4.713616697516227e-12
1.590602	4.903441842357653e-12
1.591755	4.920746570175716e-12
1.592908	4.8113453054427065e-12
1.594061	4.6859101502945464e-12
1.595215	4.692909556443653e-12
1.596368	4.756873713520315e-12
1.597521	4.630285113867479e-12
1.598675	4.6082793082081215e-12
1.599828	4.786941118670649e-12
1.600981	4.915160803017728e-12
1.602135	4.867007984649086e-12
1.603288	4.7578331332624595e-12
1.604441	4.75884567838022e-12
1.605594	4.840057239553763e-12
1.606748	4.807227233366752e-12
1.607901	4.600931872809488e-12
1.609054	4.516529644335535e-12
1.610208	4.666927902366584e-12
1.611361	4.713244841806244e-12
1.612514	4.601452188198226e-12
1.613667	4.39629504782254e-12
1.614821	4.211344396467076e-12
1.615974	4.212306829726029e-12
1.617127	4.201720273173633e-12
1.618281	4.087175947071018e-12
1.619434	4.134668291602855e-12
1.620587	4.2641971229780785e-12
1.62174	4.296708492144886e-12
1.622894	4.3632084652511796e-12
1.624047	4.408909007380321e-12
1.6252	4.402920049256507e-12
1.626354	4.378821877229656e-12
1.627507	4.341176659992039e-12
1.62866	4.289834491876153e-12
1.629813	4.254173524121579e-12
1.630967	4.214911749585485e-12
1.63212	4.242403358519926e-12
1.633273	4.3654724331256906e-12
1.634427	4.490490004270914e-12
1.63558	4.483195434133646e-12
1.636733	4.330355582746869e-12
1.637887	4.226434541351837e-12
1.63904	4.234444582417898e-12
1.640193	4.3919708130311045e-12
1.641346	4.577959135800148e-12
1.6425	4.572176443296551e-12
1.643653	4.372647649526326e-12
1.644806	4.137437728115205e-12
1.645959	3.991045598726193e-12
1.647113	3.932960688579406e-12
1.648266	3.9262894759969545e-12
1.649419	3.920503764538388e-12
1.650573	3.962389533629038e-12
1.651726	4.018982295612978e-12
1.652879	4.029040209193763e-12
1.654032	3.9180219342414805e-12
1.655186	3.777434593082288e-12
1.656339	3.735036029485031e-12
1.657492	3.797613583524197e-12
1.658646	3.898418949359372e-12
1.659799	3.962927924692077e-12
1.660952	3.9589718640811314e-12
1.662106	3.96699120409622e-12
1.663259	4.0325683499867295e-12
1.664412	4.1000813862255276e-12
1.665565	4.079566224665834e-12
1.666719	4.020345084471593e-12
1.667872	4.033055985753414e-12
1.669025	4.049399071862388e-12
1.670179	3.9892635921476435e-12
1.671332	4.04445176012992e-12
1.672485	4.117168614754289e-12
1.673638	3.99145222702695e-12
1.674792	3.856400046483171e-12
1.675945	3.830377534474148e-12
1.677098	3.811079544493569e-12
1.678252	3.7929873160681e-12
1.679405	3.86834545394322e-12
1.680558	3.944948305456851e-12
1.681711	3.932329151637213e-12
1.682865	3.8831167624430944e-12
1.684018	3.79074523624051e-12
1.685171	3.710002251682969e-12
1.686325	3.6129158297966236e-12
1.687478	3.5309886551301387e-12
1.688631	3.5443598504800818e-12
1.689784	3.6202240853414492e-12
1.690938	3.5993313078285804e-12
1.692091	3.5070815064979748e-12
1.693244	3.4025296886526595e-12
1.694398	3.3534775288763692e-12
1.695551	3.362789843834236e-12
1.696704	3.4371451463198825e-12
1.697857	3.5135444438955324e-12
1.699011	3.5200866100322014e-12
1.700164	3.4956971304577644e-12
1.701317	3.502581685071039e-12
1.702471	3.5560660674260887e-12
1.703624	3.5910741481484987e-12
1.704777	3.5466868441455916e-12
1.70593	3.426314453070279e-12
1.707084	3.3410679374334823e-12
1.708237	3.3493693709494875e-12
1.70939	3.3918128605916894e-12
1.710544	3.446857155741506e-12
1.711697	3.528444418854447e-12
1.71285	3.445319035721445e-12
1.714003	3.2403044675577054e-12
1.715157	3.1402236612284746e-12
1.71631	3.1562997040378333e-12
1.717463	3.1821387586833064e-12
1.718617	3.2172036115705464e-12
1.71977	3.2529020213202155e-12
1.720923	3.231367436885067e-12
1.722077	3.1894736164723663e-12
1.72323	3.2003202170274717e-12
1.724383	3.2567970051762623e-12
1.725536	3.2566465152522507e-12
1.72669	3.25720123298901e-12
1.727843	3.268641110904244e-12
1.728996	3.221853795419862e-12
1.73015	3.1768528278523104e-12
1.731303	3.1702489129901876e-12
1.732456	3.1851065696014812e-12
1.733609	3.25446035985384e-12
1.734763	3.3114736618242903e-12
1.735916	3.3592071053841745e-12
1.737069	3.3211478136010103e-12
1.738222	3.160750277203253e-12
1.739376	3.010150266822865e-12
1.740529	2.893264581460203e-12
1.741682	2.862182964807829e-12
1.742836	2.8394658748518396e-12
1.743989	2.8435188768597304e-12
1.745142	2.9256384452366626e-12
1.746296	3.0264261269039507e-12
1.747449	3.066623448175574e-12
1.748602	3.0266366158517045e-12
1.749755	2.9379471414854604e-12
1.750909	2.8736662868461728e-12
1.752062	2.8555620569885933e-12
1.753215	2.8420157557268267e-12
1.754369	2.83207029403967e-12
1.755522	2.8267627608537445e-12
1.756675	2.8011612405025784e-12
1.757828	2.7769422375049273e-12
1.758982	2.779417696905708e-12
1.760135	2.8063757106039703e-12
1.761288	2.866619418323624e-12
1.762442	2.9176183649279137e-12
1.763595	2.9017717449541985e-12
1.764748	2.900580925132195e-12
1.765901	2.950275664634083e-12
1.767055	3.0041343481713154e-12
1.768208	3.0043650804548543e-12
1.769361	2.9379914220700593e-12
1.770515	2.856012623665246e-12
1.771668	2.804658197758954e-12
1.772821	2.8150702335205324e-12
1.773974	2.846393908284974e-12
1.775128	2.8463762508270725e-12
1.776281	2.7990022025270494e-12
1.777434	2.7131026355284725e-12
1.778588	2.65171846950984e-12
1.779741	2.6320319158897534e-12
1.780894	2.630087131770277e-12
1.782048	2.6321014299189483e-12
1.783201	2.6205428090066277e-12
1.784354	2.6264892651655782e-12
1.785507	2.679587909964175e-12
1.786661	2.7303020166791795e-12
1.787814	2.7176577224124396e-12
1.788967	2.6557142097892587e-12
1.79012	2.5844414998584587e-12
1.791274	2.54277833370036e-12
1.792427	2.5837654582246534e-12
1.79358	2.707358804359358e-12
1.794734	2.8563071676539826e-12
1.795887	2.9768420130177105e-12
1.79704	3.057515300489277e-12
1.798193	3.136460810166982e-12
1.799347	3.218895604728875e-12
1.8005	3.253263962242444e-12
1.801653	3.216498239421064e-12
1.802807	3.071408906026287e-12
1.80396	2.8537727903803995e-12
1.805113	2.6827968360630116e-12
1.806267	2.595753767288493e-12
1.80742	2.57293963246822e-12
1.808573	2.620554512655309e-12
1.809726	2.7208954420290934e-12
1.81088	2.8428609764550923e-12
1.812033	2.979505691487142e-12
1.813186	3.0677658139889804e-12
1.81434	3.0858824849211384e-12
1.815493	3.0493298971281087e-12
1.816646	2.9950378350840236e-12
1.817799	3.0000616343380966e-12
1.818953	2.9237030783403463e-12
1.820106	2.7525087227386352e-12
1.821259	2.7160975682276024e-12
1.822412	2.7951153869929214e-12
1.823566	2.846516046335125e-12
1.824719	2.945245822334031e-12
1.825872	3.1522077345435295e-12
1.827026	3.4160919343795457e-12
1.828179	3.660693313494889e-12
1.829332	3.771211771135178e-12
1.830486	3.753477508804413e-12
1.831638979	0.
1.832792267	0.
1.833945555	0.
1.835098843	0.
1.836252131	0.
1.837405418	0.
1.838558706	0.
1.839711994	0.
1.840865282	0.
1.84201857	0.
1.843171858	0.
1.844325146	0.
1.845478434	0.
1.846631722	0.
1.84778501	0.
1.848938298	0.
1.850091586	0.
1.851244874	0.
1.852398162	0.
1.85355145	0.
1.854704738	0.
1.855858026	0.
1.857011314	0.
1.858164602	0.
1.85931789	0.
1.860471178	0.
1.861624466	0.
1.862777754	0.
1.863931042	0.
1.86508433	0.
1.866237618	0.
1.867390905	0.
1.868544193	0.
1.869697481	0.
1.870850769	0.
1.872004	1.0080316800356654e-10
1.873157	5.4237771501471486e-12
1.874311	4.676492048087642e-12
1.875464	4.053296389756326e-12
1.876617	1.2661398586191055e-12
1.877771	1.1213204058831645e-12
1.878924	1.2250071877432517e-12
1.880077	1.4719708221483927e-12
1.88123	1.5858974476573919e-12
1.882384	1.4274260259389342e-12
1.883537	9.929475572249617e-13
1.88469	5.705916378518728e-13
1.885844	4.29458998695352e-13
1.886997	6.009570001411587e-13
1.88815	9.773171718340422e-13
1.889303	1.2816203212046117e-12
1.890457	1.3502051876594625e-12
1.89161	1.1923683483644817e-12
1.892763	1.0337908919999874e-12
1.893916	1.0710565566623305e-12
1.89507	1.521546277598437e-12
1.896223	2.3625467681035117e-12
1.897376	3.671482595005446e-12
1.89853	9.555930462675645e-12
1.899683	-4.488932618625388e-12
1.900836	-1.4104218019140822e-12
1.90199	-1.3772521580193178e-12
1.903143	9.02363007300154e-12
1.904296	1.4075967655688677e-12
1.905449	1.2141137770754098e-12
1.906603	1.3896440998277759e-12
1.907756	1.7358100413472817e-12
1.908909	2.2382520290318795e-12
1.910063	3.0087461214117756e-12
1.911216	3.8637581538966086e-12
1.912369	3.2825974501485107e-12
1.913522	2.524709029503044e-12
1.914676	2.1791224567781998e-12
1.915829	2.093555968717469e-12
1.916982	2.1355616460038064e-12
1.918136	2.2658720714009447e-12
1.919289	2.3919248205764664e-12
1.920442	2.4253606873456824e-12
1.921595	2.3596866156035716e-12
1.922749	2.3291066152449104e-12
1.923902	2.480506863182308e-12
1.925055	2.700329790628135e-12
1.926209	2.8372110618415024e-12
1.927362	2.7655542214009865e-12
1.928515	2.4397172319329493e-12
1.929668	1.962552683439651e-12
1.930822	1.6668300798664097e-12
1.931975	1.6417029612908706e-12
1.933128	1.8471975166619995e-12
1.934282	2.1416702002248786e-12
1.935435	2.472099928408825e-12
1.936588	2.724966775018212e-12
1.937742	2.657889321121235e-12
1.938895	2.239663380076353e-12
1.940048	1.886935984906484e-12
1.941201	1.8022115125451693e-12
1.942355	1.9353725654896003e-12
1.943508	2.189285879485317e-12
1.944661	2.30870283902582e-12
1.945814	2.252518440332315e-12
1.946968	2.1039551486655867e-12
1.948121	1.9501371445080684e-12
1.949274	1.9199911826810154e-12
1.950428	2.0173827293466427e-12
1.951581	2.2315001414608013e-12
1.952734	2.4933763743022856e-12
1.953887	2.625145008668438e-12
1.955041	2.5367989590250616e-12
1.956194	2.1376398521877648e-12
1.957347	1.7087134792569684e-12
1.958501	1.4853484765939004e-12
1.959654	1.4637799770884938e-12
1.960807	1.5422870571600394e-12
1.961961	1.6550490695696295e-12
1.963114	1.7500215827241364e-12
1.964267	1.7633191954685361e-12
1.96542	1.67679557618829e-12
1.966574	1.6063605694361449e-12
1.967727	1.6259694758000891e-12
1.96888	1.6806794883432086e-12
1.970034	1.7173463727827253e-12
1.971187	1.7167364071313809e-12
1.97234	1.6832901862278482e-12
1.973493	1.5793671507542277e-12
1.974647	1.4622016155854708e-12
1.9758	1.3875390475730182e-12
1.976953	1.3752179809485396e-12
1.978106	1.4073084675264366e-12
1.97926	1.4410640170952208e-12
1.980413	1.4722688547932704e-12
1.981566	1.5103952150676898e-12
1.98272	1.5332136599189123e-12
1.983873	1.5470611880088449e-12
1.985026	1.5882915100500356e-12
1.98618	1.6438120863089421e-12
1.987333	1.6318485719663106e-12
1.988486	1.5671282961412354e-12
1.989639	1.5377291640672858e-12
1.990793	1.5465381796701234e-12
1.991946	1.5913525080818671e-12
1.993099	1.682756190590945e-12
1.994253	1.836795118321508e-12
1.995406	2.0292374412566412e-12
1.996559	2.2596392646146063e-12
1.997712	2.5527034599979877e-12
1.998866	2.8153929644182374e-12
2.000019	2.8950152008615356e-12
2.001172	2.6811402231898854e-12
2.002326	2.202311600748287e-12
2.003479	1.823268581705801e-12
2.004632	1.7107467955547275e-12
2.005785	1.6766822148859824e-12
2.006939	1.6942136473040815e-12
2.008092	1.805441203101684e-12
2.009245	1.9801388012047916e-12
2.010399	2.1392903638680797e-12
2.011552	2.274585007826096e-12
2.012705	2.3908306097421146e-12
2.013859	2.3360223560020117e-12
2.015012	2.118986060015982e-12
2.016165	1.8128429395625252e-12
2.017318	1.5674794013262094e-12
2.018472	1.4902455139506236e-12
2.019625	1.605619842799141e-12
2.020778	1.845010540326005e-12
2.021931	1.9801852712304737e-12
2.023085	1.8421616379710313e-12
2.024238	1.5675332193789646e-12
2.025391	1.3437059999547216e-12
2.026545	1.2012851645931245e-12
2.027698	1.1172183416663046e-12
2.028851	1.098234555306188e-12
2.030005	1.132301383413764e-12
2.031158	1.1716101096168411e-12
2.032311	1.1734918348032322e-12
2.033464	1.1699399556250933e-12
2.034618	1.1656925503919363e-12
2.035771	1.1402933710475546e-12
2.036924	1.1011526290916577e-12
2.038078	1.0519252763614297e-12
2.039231	9.986222545279202e-13
2.040384	9.641475563350175e-13
2.041537	1.0006118454901672e-12
2.042691	1.1140023405353314e-12
2.043844	1.293901064549727e-12
2.044997	1.4872247610800364e-12
2.04615	1.6446890211064156e-12
2.047304	1.7401651094438928e-12
2.048457	1.7869831082435583e-12
2.04961	1.778623077924647e-12
2.050764	1.7221228395848416e-12
2.051917	1.636772164526424e-12
2.05307	1.5196117465477632e-12
2.054224	1.3642650897471211e-12
2.055377	1.2257602999401956e-12
2.05653	1.1618132752748673e-12
2.057683	1.1876712726102456e-12
2.058837	1.2932024872557386e-12
2.05999	1.4264186012874843e-12
2.061143	1.5492062687998193e-12
2.062297	1.6480501813589842e-12
2.06345	1.6761416379604527e-12
2.064603	1.677077894003593e-12
2.065756	1.5700609241892778e-12
2.06691	1.4713789735625006e-12
2.068063	1.3901521372633293e-12
2.069216	1.2898499660020955e-12
2.070369	1.1579146444859392e-12
2.071523	1.068949492215304e-12
2.072676	1.0325636399713322e-12
2.073829	1.0601079999820224e-12
2.074983	1.1566445251942788e-12
2.076136	1.2889281074921924e-12
2.077289	1.3999070346297765e-12
2.078443	1.4562894512497567e-12
2.079596	1.501347224680198e-12
2.080749	1.5539205554581624e-12
2.081903	1.6515768095027834e-12
2.083056	1.7632033196722223e-12
2.084209	1.835486324625829e-12
2.085362	1.8021153424946667e-12
2.086516	1.6651176575658159e-12
2.087669	1.4764878195179835e-12
2.088822	1.321262793279207e-12
2.089976	1.262974247077529e-12
2.091129	1.291368513765832e-12
2.092282	1.3493126520162828e-12
2.093435	1.4226754066212473e-12
2.094589	1.4799227994495034e-12
2.095742	1.5508202441144908e-12
2.096895	1.6112233000551505e-12
2.098048	1.6265921860193995e-12
2.099202	1.6017211050493508e-12
2.100355	1.5496109080713148e-12
2.101508	1.4950990583950373e-12
2.102662	1.4446349074789978e-12
2.103815	1.4128971851436885e-12
2.104968	1.3795064486539524e-12
2.106122	1.3274359860727034e-12
2.107275	1.3012593866841615e-12
2.108428	1.2801267642293225e-12
2.109581	1.2514494064658991e-12
2.110735	1.2612221445502966e-12
2.111888	1.2681437205731966e-12
2.113041	1.274360447078515e-12
2.114195	1.293189082877954e-12
2.115348	1.3252795424381212e-12
2.116501	1.338398504287569e-12
2.117654	1.3339564115188508e-12
2.118808	1.3300980142888179e-12
2.119961	1.3210085257408614e-12
2.121114	1.3220230375439636e-12
2.122267	1.3216054233861993e-12
2.123421	1.3359421144860456e-12
2.124574	1.3603560932019083e-12
2.125727	1.389526611379308e-12
2.126881	1.4066105279962656e-12
2.128034	1.4181795935241614e-12
2.129187	1.4256831734204383e-12
2.130341	1.4403970468185944e-12
2.131494	1.461236419290475e-12
2.132647	1.4861191325083782e-12
2.133801	1.5257138496518407e-12
2.134954	1.556679275754135e-12
2.136107	1.5794288189013708e-12
2.13726	1.5998268307534358e-12
2.138414	1.6032839455378231e-12
2.139567	1.6547494754376774e-12
2.14072	1.7272206272291859e-12
2.141873	1.7775817361336737e-12
2.143027	1.7789588645718044e-12
2.14418	1.743293296679545e-12
2.145333	1.6554969350464826e-12
2.146487	1.532996793373165e-12
2.14764	1.3745293991288278e-12
2.148793	1.1947791812743106e-12
2.149946	1.051933121819393e-12
2.1511	9.795319340849556e-13
2.152253	9.784679343485348e-13
2.153406	1.059530680775532e-12
2.15456	1.2141112234359033e-12
2.155713	1.383841874200178e-12
2.156866	1.5050092139996124e-12
2.15802	1.5605017595015643e-12
2.159173	1.58206820074095e-12
2.160326	1.6097201838193004e-12
2.161479	1.610135105184816e-12
2.162633	1.6249013282029841e-12
2.163786	1.6585197861203794e-12
2.164939	1.660626795160906e-12
2.166092	1.652931676469125e-12
2.167246	1.5905478440170369e-12
2.168399	1.4926879945970923e-12
2.169552	1.4508168711067875e-12
2.170706	1.447891256913167e-12
2.171859	1.486362604247834e-12
2.173012	1.531158791249467e-12
2.174165	1.5590927676155825e-12
2.175319	1.550826475870233e-12
2.176472	1.4979203102971152e-12
2.177625	1.4253248499401467e-12
2.178779	1.3282685626629763e-12
2.179932	1.2693143206909373e-12
2.181085	1.2562641700165492e-12
2.182239	1.2728428945666679e-12
2.183392	1.2994803853350323e-12
2.184545	1.3260700683622816e-12
2.185698	1.3412461362204249e-12
2.186852	1.3602929137294302e-12
2.188005	1.3960729878499859e-12
2.189158	1.474456601984262e-12
2.190311	1.5394724597462985e-12
2.191465	1.5717011650806392e-12
2.192618	1.5165794692555278e-12
2.193771	1.4343101021415714e-12
2.194925	1.3750392825338917e-12
2.196078	1.3385088205293663e-12
2.197231	1.348699495479542e-12
2.198385	1.4029255244567544e-12
2.199538	1.467356605429006e-12
2.200691	1.4866951576251582e-12
2.201844	1.476686902037867e-12
2.202998	1.4636780322225971e-12
2.204151	1.4562740584208543e-12
2.205304	1.4830581567465007e-12
2.206458	1.53005947145468e-12
2.207611	1.5656334953672129e-12
2.208764	1.5242146294362571e-12
2.209918	1.4455498860205953e-12
2.211071	1.3638754583145996e-12
2.212224	1.3298357542243767e-12
2.213377	1.3516644528112723e-12
2.21453	1.4282634507766903e-12
2.215684	1.5499326052859621e-12
2.216837	1.6745046785865441e-12
2.21799	1.7387227140928835e-12
2.219144	1.74393296164023e-12
2.220297	1.7129817203340582e-12
2.22145	1.6722664828093692e-12
2.222604	1.6325902472349012e-12
2.223757	1.5789403227094292e-12
2.22491	1.5233974003212297e-12
2.226063	1.4823207348296753e-12
2.227217	1.4544946062341588e-12
2.22837	1.416459940326227e-12
2.229523	1.3685619239712524e-12
2.230677	1.3214692515914652e-12
2.23183	1.299240278746078e-12
2.232983	1.3399697745633848e-12
2.234137	1.417954146851399e-12
2.23529	1.5143936285438128e-12
2.236443	1.6046831243049481e-12
2.237596	1.6988944630409735e-12
2.23875	1.7555144593949106e-12
2.239903	1.7911134841140143e-12
2.241056	1.787255985829123e-12
2.242209	1.7552318570655892e-12
2.243363	1.728299265912163e-12
2.244516	1.717358954036488e-12
2.245669	1.7068842236632124e-12
2.246823	1.6820309023804713e-12
2.247976	1.6363409212853419e-12
2.249129	1.5955579018888259e-12
2.250283	1.5134045335681423e-12
2.251436	1.4429018417984282e-12
2.252589	1.4032799135511361e-12
2.253742	1.4005277118855668e-12
2.254896	1.409673468161256e-12
2.256049	1.411981655715281e-12
2.257202	1.4239536574481038e-12
2.258356	1.4423467981171473e-12
2.259509	1.455779486593157e-12
2.260662	1.4628239753503537e-12
2.261815	1.4685242442549093e-12
2.262969	1.4592850794275243e-12
2.264122	1.4620026497636644e-12
2.265275	1.4498720882685436e-12
2.266428	1.4451894881999864e-12
2.267582	1.4160662375822652e-12
2.268735	1.3783349000991739e-12
2.269888	1.361715468473051e-12
2.271042	1.3728298634205222e-12
2.272195	1.4042315077937147e-12
2.273348	1.4308962684785747e-12
2.274502	1.4381593375468355e-12
2.275655	1.4406022505526409e-12
2.276808	1.4426064812718436e-12
2.277961	1.4504156979036738e-12
2.279115	1.4660081943661862e-12
2.280268	1.469223580744743e-12
2.281421	1.460334182211735e-12
2.282575	1.4783286813422812e-12
2.283728	1.4202431632570946e-12
2.284881	1.3854075036127534e-12
2.286034	1.407497412555744e-12
2.287188	1.4308585900801217e-12
2.288341	1.4243237771365743e-12
2.289494	1.3991717471198898e-12
2.290648	1.3691410760705288e-12
2.291801	1.3494062356446293e-12
2.292954	1.3327477756539114e-12
2.294107	1.3238609418939288e-12
2.295261	1.321521184963797e-12
2.296414	1.3043467410980231e-12
2.297567	1.3088349161674747e-12
2.298721	1.3045660988615179e-12
2.299874	1.3037147473101339e-12
2.301027	1.2999958650547196e-12
2.302181	1.2940864840306983e-12
2.303334	1.285160158132172e-12
2.304487	1.2748383905106375e-12
2.30564	1.2545640405966287e-12
2.306794	1.2307145478338197e-12
2.307947	1.221845237451808e-12
2.3091	1.2381421016726224e-12
2.310253	1.2678648851746796e-12
2.311407	1.299031419072102e-12
2.31256	1.323041447087103e-12
2.313713	1.3178753190670919e-12
2.314867	1.2645325925751375e-12
2.31602	1.2036743224514579e-12
2.317173	1.1290712496106175e-12
2.318326	1.0734136183156167e-12
2.31948	1.0409103755483564e-12
2.320633	1.0279009036215248e-12
2.321786	1.0361591950407453e-12
2.32294	1.0408886318365882e-12
2.324093	1.064560415005152e-12
2.325246	1.092770008812435e-12
2.3264	1.1248230214532191e-12
2.327553	1.143683592344092e-12
2.328706	1.1536190064139588e-12
2.329859	1.1669581858606707e-12
2.331013	1.1799503290832883e-12
2.332166	1.1892063420971825e-12
2.333319	1.1936237275647747e-12
2.334472	1.206138816569317e-12
2.335626	1.2249021246259952e-12
2.336779	1.2424693801548408e-12
2.337932	1.2078613289154465e-12
2.339086	1.1467183697396e-12
2.340239	1.081076390869964e-12
2.341392	1.0186316710272862e-12
2.342546	9.769204320310506e-13
2.343699	9.497891143947445e-13
2.344852	9.396766566921001e-13
2.346005	9.491491097564553e-13
2.347159	9.585641997195649e-13
2.348312	9.463861714165936e-13
2.349465	9.0642488618338e-13
2.350619	8.535384617850882e-13
2.351772	8.322419467779185e-13
2.352925	8.267147925478154e-13
2.354079	8.383851357761737e-13
2.355232	8.588049609268318e-13
2.356385	8.823301952333622e-13
2.357538	9.265545669457183e-13
2.358692	9.761189040856618e-13
2.359845	1.0127067850098428e-12
2.360998	1.038162390858481e-12
2.362151	1.0531313243795042e-12
2.363305	1.0627579318047373e-12
2.364458	1.0772490922265074e-12
2.365611	1.0753708468577004e-12
2.366765	1.0480991777532318e-12
2.367918	9.890771841623984e-13
2.369071	9.064594795881877e-13
2.370224	8.169735485668181e-13
2.371378	7.519119463750717e-13
2.372531	7.444229147333504e-13
2.373684	7.979569742067349e-13
2.374838	8.413426714748523e-13
2.375991	8.200851398235394e-13
2.377144	7.754921344396134e-13
2.378298	7.341300891042188e-13
2.379451	6.977576208936879e-13
2.380604	6.745017110781664e-13
2.381757	6.667109401978816e-13
2.382911	6.556172249210131e-13
2.384064	6.395850569075853e-13
2.385217	6.052648700008242e-13
2.38637	5.899394911153225e-13
2.387524	6.096856165226915e-13
2.388677	6.520629037417832e-13
2.38983	7.180815403852405e-13
2.390984	8.044962232343735e-13
2.392137	8.919742722889998e-13
2.39329	9.514851707912593e-13
2.394444	9.74632967267616e-13
2.395597	9.45509528307397e-13
2.39675	8.904222587290476e-13
2.397903	8.481936742157175e-13
2.399057	8.379786292629257e-13
2.40021	8.334271338656869e-13
2.401363	8.10520600108128e-13
2.402517	7.466943890877789e-13
2.40367	6.636214538747241e-13
2.404823	5.768380226296856e-13
2.405976	4.993257999366018e-13
2.40713	4.468896878653793e-13
2.408283	4.110083087086385e-13
2.409436	4.036634661803816e-13
2.410589	4.12977026051765e-13
2.411743	4.209341605308084e-13
2.412896	4.194020579207156e-13
2.414049	3.97850793989188e-13
2.415203	3.578256835299221e-13
2.416356	3.178846876929761e-13
2.417509	2.894423762321368e-13
2.418663	2.849864431168956e-13
2.419816	3.1342481122361704e-13
2.420969	3.5741743882177675e-13
2.422122	4.077652060781556e-13
2.423276	4.569898781137398e-13
2.424429	4.776413473983756e-13
2.425582	4.5264806225877395e-13
2.426736	4.260438136599961e-13
2.427889	4.3013753799925077e-13
2.429042	4.5094244844502924e-13
2.430195	4.600887498689731e-13
2.431349	4.2959867381752214e-13
2.432502	3.5096270070604843e-13
2.433655	2.2930548923215935e-13
2.434808	1.285039943976651e-13
2.435962	1.0807977624550362e-13
2.437115	1.6729794858115433e-13
2.438268	2.4123331381215606e-13
2.439422	3.078840527876934e-13
2.440575	3.675819023053591e-13
2.441728	4.1858831532878616e-13
2.442882	4.417379640915652e-13
2.444035	3.9175663274545456e-13
2.445188	2.1746429462151689e-13
2.446342	-1.6522784143831228e-14
2.447495	-2.079290571425875e-13
2.448648	-3.4848851377532884e-13
2.449801	-4.252265423113935e-13
2.450955	-4.1545345285930123e-13
2.452108	-3.336472306357671e-13
2.453261	-2.214599697248749e-13
2.454414	-9.985738486123298e-14
2.455568	3.220377508298247e-15
2.456721	7.318394596513678e-14
2.457874	1.0068286857727614e-13
2.459028	8.478909350248294e-14
2.460181	2.282034286995391e-14
2.461334	-5.192036498429357e-14
2.462487	-9.59353319640628e-14
2.463641	-9.15973683385208e-14
2.464794	-7.624759181981783e-14
2.465947	-7.841465896513687e-14
2.467101	-1.0045630186579761e-13
2.468254	-1.4230469966212905e-13
2.469407	-2.0687486306603755e-13
2.470561	-2.8434311306394104e-13
2.471714	-3.347121712294345e-13
2.472867	-3.587845869062459e-13
2.47402	-3.828065508173414e-13
2.475174	-4.143773689810351e-13
2.476327	-4.682276771673577e-13
2.47748	-5.858804702620679e-13
2.478634	-8.143988888452366e-13
2.479787	-1.1971129655404407e-12
2.48094	-1.6095310808747772e-12
2.482093	-1.8396978647863748e-12
2.483247	-1.8167115069025123e-12
2.4844	-1.6554594126923116e-12
2.485553	-1.5203968602841405e-12
2.486706	-1.4376670927598093e-12
2.48786	-1.4449079166001602e-12
2.489013	-1.8252785819239077e-12
2.490166	-3.3918645436102804e-12
2.49132	-1.1046377159317591e-11
2.492473	-1.683827423132873e-11
2.493626	-6.07968253452868e-12
2.49478	-2.6851676045745776e-12
2.495933	-1.6058969213661765e-12
2.497086	-1.2196375800721017e-12