0.45	9.597762502165243e-11
0.451155427	9.501344070739558e-11
0.452310855	9.111996160339451e-11
0.453466282	8.865085681901621e-11
0.454621709	8.558175980578023e-11
0.455777137	8.646685488785704e-11
0.456932564	9.011335311727541e-11
0.458087992	8.619552168288449e-11
0.459243419	8.678841432468112e-11
0.460398846	9.045822145215961e-11
0.461554274	9.090615480149725e-11
0.462709701	8.47557477693265e-11
0.463865128	8.815774126653965e-11
0.465020556	9.023640953258433e-11
0.466175983	9.010743167906423e-11
0.46733141	8.791966602439337e-11
0.468486838	8.985976668910591e-11
0.469642265	8.659519108212709e-11
0.470797693	8.738010725528962e-11
0.47195312	8.50105235982021e-11
0.473108547	8.70642107750206e-11
0.474263975	9.073889236314681e-11
0.475419402	9.00371764936081e-11
0.476574829	9.067404512264759e-11
0.477730257	8.827368933177554e-11
0.478885684	9.01308752299567e-11
0.480041111	8.796155343300113e-11
0.481196539	8.489524917493721e-11
0.482351966	8.75197188759968e-11
0.483507394	8.815867439233507e-11
0.484662821	8.406807913084327e-11
0.485818248	6.39758614994448e-11
0.486973676	7.200506945834095e-11
0.488129103	7.646596719179297e-11
0.48928453	8.247969979035551e-11
0.490439958	8.27874112365475e-11
0.491595385	8.09909794503404e-11
0.492750812	8.112920545753859e-11
0.49390624	8.188297603380645e-11
0.495061667	8.148397611612431e-11
0.496217095	8.35375497969248e-11
0.497372522	7.911031920976991e-11
0.498527949	7.962125652254705e-11
0.499683377	7.286600205591057e-11
0.500838804	7.152611231003817e-11
0.501994231	7.395568753255685e-11
0.503149659	7.67547103268555e-11
0.504305086	7.607597837875565e-11
0.505460514	7.592280584139348e-11
0.506615941	7.713902420547807e-11
0.507771368	7.591928375999488e-11
0.508926796	7.638121130226987e-11
0.510082223	7.497693028834838e-11
0.51123765	7.332308579133447e-11
0.512393078	7.250716696520819e-11
0.513548505	7.07056124282571e-11
0.514703932	6.88785441022667e-11
0.51585936	6.784040883033077e-11
0.517014787	6.845166280180193e-11
0.518170215	7.241116998885191e-11
0.519325642	6.71919208169264e-11
0.520481069	6.914092221364987e-11
0.521636497	7.006791739515097e-11
0.522791924	6.944766559361864e-11
0.523947351	6.956893701899051e-11
0.525102779	6.822613399192687e-11
0.526258206	6.86307369867166e-11
0.527413633	6.546328861971544e-11
0.528569061	7.032669476337982e-11
0.529724488	7.227948679469923e-11
0.530879916	6.922687244508832e-11
0.532035343	6.81705112841269e-11
0.53319077	6.72185571109249e-11
0.534346198	7.040408948755632e-11
0.535501625	6.97150870678098e-11
0.536657052	7.088547775524349e-11
0.53781248	6.967379581794898e-11
0.538967907	6.798688558899226e-11
0.540123334	6.66025200397607e-11
0.541278762	6.393711186102716e-11
0.542434189	6.457669337757978e-11
0.543589617	6.618062706575258e-11
0.544745044	6.711437379555041e-11
0.545900471	6.641738387766868e-11
0.547055899	6.795542877033018e-11
0.548211326	6.684712509238258e-11
0.549366753	6.638772413092254e-11
0.550522181	6.58522643559129e-11
0.551677608	6.590785551710315e-11
0.552833035	6.58762957770675e-11
0.553988463	6.634509994275695e-11
0.55514389	6.659525137519194e-11
0.556299318	6.781609975773058e-11
0.557454745	6.709037396922634e-11
0.558610172	6.707838808676197e-11
0.5597656	6.54074787004874e-11
0.560921027	6.832425425174957e-11
0.562076454	6.770132331418802e-11
0.563231882	6.727062470917252e-11
0.564387309	6.672940176506796e-11
0.565542736	6.627886940164521e-11
0.566698164	6.450249093067805e-11
0.567853591	6.407902953622487e-11
0.569009019	6.585572944383935e-11
0.570164446	6.503230998894011e-11
0.571319873	6.429636600436496e-11
0.572475301	6.609780726181539e-11
0.573630728	6.586835473284368e-11
0.574786155	6.449825173093785e-11
0.575941583	6.572403881122736e-11
0.57709701	6.425419924526372e-11
0.578252437	6.39861814289969e-11
0.579407865	6.442943395491898e-11
0.580563292	6.446642194819385e-11
0.58171872	6.449319617835689e-11
0.582874147	6.506194874793944e-11
0.584029574	6.513879451834765e-11
0.585185002	6.412189681487608e-11
0.586340429	6.40094853361407e-11
0.587495856	6.216415550923707e-11
0.588651284	6.028089951705237e-11
0.589806711	6.494899448351142e-11
0.590962138	6.132581673682557e-11
0.592117566	6.214763656657269e-11
0.593272993	6.178345201517646e-11
0.594428421	6.260846780597766e-11
0.595583848	6.197699291111141e-11
0.596739275	6.151950179241469e-11
0.597894703	6.162295472074822e-11
0.59905013	6.141358890796779e-11
0.600205557	5.980786941612483e-11
0.601360985	5.875213376008048e-11
0.602516412	6.003521974058884e-11
0.60367184	5.87039567467801e-11
0.604827267	5.894828072845711e-11
0.605982694	5.917132213037734e-11
0.607138122	5.922674832521825e-11
0.608293549	5.790959387807287e-11
0.609448976	5.658227820646899e-11
0.610604404	5.682265808733584e-11
0.611759831	5.433301465861925e-11
0.612915258	5.3917505421451385e-11
0.614070686	5.0409038230131544e-11
0.615226113	4.857174885803877e-11
0.616381541	4.893512812049634e-11
0.617536968	4.684500516989418e-11
0.618692395	4.581099572173978e-11
0.619847823	4.637885656294432e-11
0.62100325	4.6821795942292865e-11
0.622158677	4.717150058394602e-11
0.623314105	4.748245114582922e-11
0.624469532	4.759196229716802e-11
0.625624959	5.058059222207227e-11
0.626780387	5.267282687449438e-11
0.627935814	5.251279386292768e-11
0.629091242	5.376084292322576e-11
0.630246669	5.278078029112696e-11
0.631402096	5.3025882174204526e-11
0.632557524	5.323726936587826e-11
0.633712951	5.3191615100250524e-11
0.634868378	5.256979522141986e-11
0.636023806	5.248826010016985e-11
0.637179233	5.1859992182808483e-11
0.63833466	5.2348879169901073e-11
0.639490088	5.175351538505061e-11
0.640645515	5.079104432710541e-11
0.641800943	4.9654457244333765e-11
0.64295637	4.950503787001487e-11
0.644111797	4.79499181361063e-11
0.645267225	4.663987490377518e-11
0.646422652	4.666894604878683e-11
0.647578079	4.766632748886637e-11
0.648733507	4.687646493689125e-11
0.649888934	4.570507597029666e-11
0.651044361	4.791453166166329e-11
0.652199789	4.7910580863072204e-11
0.653355216	4.85275120761799e-11
0.654510644	4.777124051796869e-11
0.655666071	3.889383334618403e-11
0.656821498	3.6537375159345495e-11
0.657976926	4.62092157375097e-11
0.659132353	4.818210001856316e-11
0.66028778	4.796400748513605e-11
0.661443208	4.819108757817835e-11
0.662598635	4.8151254115059986e-11
0.663754062	4.6940224703451474e-11
0.66490949	4.6155651111016216e-11
0.666064917	4.5899432175574384e-11
0.667220345	4.605379104503611e-11
0.668375772	4.592287396571884e-11
0.669531199	4.6410245089384656e-11
0.670686627	4.6400819807913816e-11
0.671842054	4.6406140539348745e-11
0.672997481	4.711594653438311e-11
0.674152909	4.677624264692713e-11
0.675308336	4.6614373126922127e-11
0.676463763	4.740795350662738e-11
0.677619191	4.732084248024019e-11
0.678774618	4.6664107936673867e-11
0.679930046	4.640398467530267e-11
0.681085473	4.67282801650139e-11
0.6822409	4.644907263761192e-11
0.683396328	4.575251409764375e-11
0.684551755	4.5574964284587063e-11
0.685707182	4.548243882167644e-11
0.68686261	4.611346587955811e-11
0.688018037	4.688727094603053e-11
0.689173464	4.698407509256861e-11
0.690328892	4.700639834467167e-11
0.691484319	4.656413597623924e-11
0.692639747	4.561300623845765e-11
0.693795174	4.475416093596798e-11
0.694950601	4.409467051533406e-11
0.696106029	4.3822148189652187e-11
0.697261456	4.321814389658642e-11
0.698416883	4.134864375177381e-11
0.699572311	3.984048837119391e-11
0.700727738	3.870117167977799e-11
0.701883166	3.799093041432872e-11
0.703038593	3.809411214503042e-11
0.70419402	3.792661671689406e-11
0.705349448	3.788002294676747e-11
0.706504875	3.786695888397946e-11
0.707660302	3.857339486736472e-11
0.70881573	3.8839869744906696e-11
0.709971157	3.8921363739504397e-11
0.711126584	3.852073877388433e-11
0.712282012	3.869050052394461e-11
0.713437439	3.891226467726943e-11
0.714592867	3.825395590706285e-11
0.715748294	3.827920664480383e-11
0.716903721	3.6237597694659226e-11
0.718059149	3.339521787498494e-11
0.719214576	2.9937567355704304e-11
0.720370003	2.8234992583384823e-11
0.721525431	2.7104527570730355e-11
0.722680858	2.5063754614074098e-11
0.723836285	2.2765769716902725e-11
0.724991713	2.0527892911439124e-11
0.72614714	1.8608809452478085e-11
0.727302568	1.762992831130743e-11
0.728457995	1.767001286932344e-11
0.729613422	1.9025438625084557e-11
0.73076885	2.0903609852642175e-11
0.731924277	2.3233159849550815e-11
0.733079704	2.5415183541148926e-11
0.734235132	2.7150867431157507e-11
0.735390559	2.8053393634900537e-11
0.736545986	2.9790752345090985e-11
0.737701414	3.123490909854328e-11
0.738856841	3.1953267423326205e-11
0.740012269	3.352191124576021e-11
0.741167696	3.365247968526263e-11
0.742323123	3.415367340280119e-11
0.743478551	3.5554067274412804e-11
0.744633978	3.524168878593103e-11
0.745789405	3.5055321645099206e-11
0.746944833	3.5496836416574815e-11
0.74810026	3.4963102625694746e-11
0.749255687	3.482102722704894e-11
0.750411115	3.491546294466391e-11
0.751566542	3.435843165093339e-11
0.75272197	3.489318554956503e-11
0.753877397	3.568452107457453e-11
0.755032824	3.560312289067386e-11
0.756188252	3.4858657862943175e-11
0.757343679	3.462218908398336e-11
0.758499106	3.580237438319594e-11
0.759654534	3.800645539203669e-11
0.760809961	3.81537030892152e-11
0.761965388	3.5901094598772314e-11
0.763120816	3.5248079008062145e-11
0.764276243	3.407900508164952e-11
0.765431671	3.237345751313097e-11
0.766587098	3.1722544398733506e-11
0.767742525	3.22987451841975e-11
0.768897953	3.263046906066124e-11
0.77005338	3.2278408876465005e-11
0.771208807	3.176310264768548e-11
0.772364235	3.119488756115313e-11
0.773519662	3.118405407083043e-11
0.774675089	3.064561527557827e-11
0.775830517	3.047734307710142e-11
0.776985944	2.938275282579068e-11
0.778141372	2.8874105680930745e-11
0.779296799	2.9106730934942074e-11
0.780452226	2.7302758901792722e-11
0.781607654	2.6181185141662738e-11
0.782763081	2.4859738585303446e-11
0.783918508	2.3592983072237398e-11
0.785073936	2.260464444258385e-11
0.786229363	2.236788899637922e-11
0.78738479	2.2173999930217998e-11
0.788540218	2.2160119238478602e-11
0.789695645	2.186586586624903e-11
0.790851073	2.1870038700873323e-11
0.7920065	2.1526108391001533e-11
0.793161927	2.1367733276248882e-11
0.794317355	2.167389547750546e-11
0.795472782	2.2070387893470626e-11
0.796628209	2.2360494593503216e-11
0.797783637	2.250543719644598e-11
0.798939064	2.27038764414381e-11
0.800094492	2.2548064220013253e-11
0.801249919	2.3078988756561108e-11
0.802405346	2.353224016711713e-11
0.803560774	2.4030818522534963e-11
0.804716201	2.4570914198861366e-11
0.805871628	2.5559531492892452e-11
0.807027056	2.6138371749930822e-11
0.808182483	2.6367126849254932e-11
0.80933791	2.627494737854136e-11
0.810493338	2.643855863409299e-11
0.811648765	2.6824876225908087e-11
0.812804193	2.7048615236847085e-11
0.81395962	2.6922585476824046e-11
0.815115047	2.6553670387214583e-11
0.816270475	2.6297255717759424e-11
0.817425902	2.6367951779133935e-11
0.818581329	2.6139715009225048e-11
0.819736757	2.6122703587274327e-11
0.820892184	2.784739820515747e-11
0.822047611	2.704047138058017e-11
0.823203039	2.539962555020492e-11
0.824358466	2.7438797493382896e-11
0.825513894	2.711461090021895e-11
0.826669321	2.7929041534006574e-11
0.827824748	2.7150156959306686e-11
0.828980176	2.679731723245737e-11
0.830135603	2.6844746836257845e-11
0.83129103	2.6581745542258185e-11
0.832446458	2.631879293470148e-11
0.833601885	2.56778001634024e-11
0.834757312	2.543589455722763e-11
0.83591274	2.4414228972733595e-11
0.837068167	2.330847793789075e-11
0.838223595	2.2264527648736143e-11
0.839379022	2.184793603692658e-11
0.840534449	2.1940422907725233e-11
0.841689877	2.185980013236974e-11
0.842845304	2.2939845758270976e-11
0.844000731	2.2371473449562624e-11
0.845156159	2.302348540547334e-11
0.846311586	2.3401498224266416e-11
0.847467013	2.3162939335025904e-11
0.848622441	2.532453733423418e-11
0.849777868	2.1353893343917866e-11
0.850933296	1.9933784848461953e-11
0.852088723	2.116853954213891e-11
0.85324415	2.0062169333855105e-11
0.854399578	1.3758950383846012e-11
0.855555005	1.4701680680557242e-11
0.856710432	1.7663189778527005e-11
0.85786586	1.6784135862284266e-11
0.859021287	1.4489230965362869e-11
0.860176714	1.2249168131288846e-11
0.861332142	1.2559648909535075e-11
0.862487569	1.208153613495755e-11
0.863642997	1.1995408814745465e-11
0.864798424	1.1731407945415364e-11
0.865953851	9.999610026318652e-12
0.867109279	9.147501569151599e-12
0.868264706	1.2928236969373002e-11
0.869420133	1.5320415667044878e-11
0.870575561	1.721652632564182e-11
0.871730988	1.7946983928633975e-11
0.872886415	1.8399515015723324e-11
0.874041843	1.7373242173302052e-11
0.87519727	1.5581421661420897e-11
0.876352698	1.6698583176597132e-11
0.877508125	1.7039715774024843e-11
0.878663552	1.4937552259756285e-11
0.87981898	1.2411989999674835e-11
0.880974407	9.51774741838394e-12
0.882129834	7.0653973252269216e-12
0.883285262	5.507528963772816e-12
0.884440689	4.9668715477072285e-12
0.885596116	4.5168447794549495e-12
0.886751544	3.941675862665743e-12
0.887906971	4.264780415520045e-12
0.889062399	4.6038227359766056e-12
0.890217826	4.893483974939732e-12
0.891373253	5.0196931751619665e-12
0.892528681	5.0496720112789915e-12
0.893684108	5.197312736059101e-12
0.894839535	5.408124638450064e-12
0.895994963	5.882016845165177e-12
0.89715039	6.56828327974135e-12
0.898305817	7.190315467877922e-12
0.899461245	7.40238742621797e-12
0.900616672	7.520074165489596e-12
0.9017721	7.832106624068899e-12
0.902927527	1.0476671863665564e-11
0.904082954	1.294965951001336e-11
0.905238382	1.4523973015917971e-11
0.906393809	1.5040383364965068e-11
0.907549236	1.638506906768103e-11
0.908704664	1.7249032465004566e-11
0.909860091	1.7950842561788917e-11
0.911015519	1.869347076891145e-11
0.912170946	1.899572962003514e-11
0.913326373	1.8951046850269717e-11
0.914481801	1.9987127432599614e-11
0.915637228	1.9709606241141095e-11
0.916792655	2.0610752009481278e-11
0.917948083	2.069321330793236e-11
0.91910351	2.144129471151366e-11
0.920258937	2.1800484944789766e-11
0.921414365	2.0194968387507093e-11
0.922569792	1.8396038770583357e-11
0.92372522	1.8900905557062602e-11
0.924880647	2.0851787660480767e-11
0.926036074	2.1197095173997402e-11
0.927191502	2.244009554840679e-11
0.928346929	2.2930868276425975e-11
0.929502356	2.2833848674540074e-11
0.930657784	2.1609646053506988e-11
0.931813211	1.9668540839638094e-11
0.932968638	1.937728430999584e-11
0.934124066	1.837707450468041e-11
0.935279493	1.990307877678553e-11
0.936434921	2.083000848301928e-11
0.937590348	2.097656164524311e-11
0.938745775	2.3045011537345017e-11
0.939901203	2.40978524137258e-11
0.94105663	2.200040697313887e-11
0.942212057	2.159647655813751e-11
0.943367485	2.0151538942765334e-11
0.944522912	1.9052216893714224e-11
0.945678339	1.9923799060729513e-11
0.946833767	2.1112087865962948e-11
0.947989194	2.0667474939042015e-11
0.949144622	2.091106260723633e-11
0.950300049	2.0370925581386747e-11
0.951455476	2.197909530197484e-11
0.952610904	2.058384371955124e-11
0.953766331	2.074540784652581e-11
0.954921758	1.8230812665951975e-11
0.956077186	1.9496647986041205e-11
0.957232613	2.08906948045328e-11
0.95838804	2.043152211397073e-11
0.959543468	1.980561466962099e-11
0.960698895	1.9956739259632558e-11
0.961854323	1.893935307708246e-11
0.96300975	1.8264380393979846e-11
0.964165177	1.8193799400228512e-11
0.965320605	1.7859538827952002e-11
0.966476032	1.7349388292859408e-11
0.967631459	1.8027814089500835e-11
0.968786887	1.7976362075659512e-11
0.969942314	1.819177808548076e-11
0.971097741	0.
0.972253169	0.
0.973408596	0.
0.974564024	0.
0.975719451	0.
0.976874878	0.
0.978030306	0.
0.979185733	0.
0.98034116	0.
0.981496588	0.
0.982652015	0.
0.983807442	0.
0.98496287	0.
0.986118297	0.
0.987273725	0.
0.988429152	0.
0.989584579	0.
0.990740007	0.
0.991895434	0.
0.993050861	0.
0.994206289	0.
0.995361716	0.
0.996517143	0.
0.997672571	4.67376056887076e-12
0.998827998	4.7171546533773686e-12
0.999983426	4.5344327866362115e-12
1.001138853	4.3384021364436615e-12
1.00229428	3.995621570018495e-12
1.003449708	3.76633569785433e-12
1.004605135	3.529875789590226e-12
1.005760562	3.47561331573792e-12
1.00691599	3.443535801862113e-12
1.008071417	3.4912627499195137e-12
1.009226845	3.670011471353599e-12
1.010382272	3.8629782491529335e-12
1.011537699	4.0744423308698666e-12
1.012693127	4.4125072024612845e-12
1.013848554	4.75924388286736e-12
1.015003981	5.01943400482978e-12
1.016159409	5.231015163959137e-12
1.017314836	5.469019101092334e-12
1.018470263	5.689506833390757e-12
1.019625691	5.892245538866012e-12
1.020781118	6.0797148673675675e-12
1.021936546	6.249993699369001e-12
1.023091973	6.383377218693267e-12
1.0242474	6.50967477810671e-12
1.025402828	6.686670858781621e-12
1.026558255	6.878771532449169e-12
1.027713682	7.061984195994763e-12
1.02886911	7.286652782633396e-12
1.030024537	7.566187280056293e-12
1.031179964	7.81273285989314e-12
1.032335392	8.130440302730584e-12
1.033490819	8.658376255748353e-12
1.034646247	9.160482736612356e-12
1.035801674	9.517484296044955e-12
1.036957101	9.961592777083406e-12
1.038112529	1.0513507201483223e-11
1.039267956	1.1010268113476117e-11
1.040423383	1.1486011951787163e-11
1.041578811	1.1993695225117542e-11
1.042734238	1.2455207760920774e-11
1.043889665	1.2836136359515303e-11
1.045045093	1.3294395634748568e-11
1.04620052	1.3723884647326546e-11
1.047355948	1.3894242497921398e-11
1.048511375	1.401774133086006e-11
1.049666802	1.4175441418972827e-11
1.05082223	1.4350760750958714e-11
1.051977657	1.4536826941680033e-11
1.053133084	1.4727407430715268e-11
1.054288512	1.4882108180072166e-11
1.055443939	1.489867518766192e-11
1.056599366	1.5003619191273647e-11
1.057754794	1.530430585865404e-11
1.058910221	1.5493044238182734e-11
1.060065649	1.550674037441456e-11
1.061221076	1.5441602451397932e-11
1.062376503	1.5276891169321477e-11
1.063531931	1.5197253848011377e-11
1.064687358	1.514063989858161e-11
1.065842785	1.5023307406132258e-11
1.066998213	1.4862037673005527e-11
1.06815364	1.4707171549875158e-11
1.069309067	1.463878166585542e-11
1.070464495	1.449971117892056e-11
1.071619922	1.4161036520605395e-11
1.07277535	1.3948342465672605e-11
1.073930777	1.389554664969245e-11
1.075086204	1.3781788734356779e-11
1.076241632	1.362603485031313e-11
1.077397059	1.354114362745579e-11
1.078552486	1.3377772415459337e-11
1.079707914	1.3067320693919619e-11
1.080863341	1.3033395876781147e-11
1.082018768	1.3234547036932056e-11
1.083174196	1.3115155298119499e-11
1.084329623	1.2790524270420512e-11
1.085485051	1.2444078212710153e-11
1.086640478	1.2332425983389498e-11
1.087795905	1.24969892351741e-11
1.088951333	1.218755753591192e-11
1.09010676	1.152632930883015e-11
1.091262187	1.1066157379521327e-11
1.092417615	1.0838886206845937e-11
1.093573042	1.0992483891884982e-11
1.094728469	1.0998043037249286e-11
1.095883897	1.0686271580550595e-11
1.097039324	1.0524786044189633e-11
1.098194752	1.0437692063317368e-11
1.099350179	1.0160377137302718e-11
1.100505606	9.904968552848154e-12
1.101661034	9.802173106957227e-12
1.102816461	9.537151483797036e-12
1.103971888	9.026147453873869e-12
1.105127316	8.470879455479406e-12
1.106282743	7.890398886371946e-12
1.107438171	7.266551581838783e-12
1.108593598	6.5771942369347515e-12
1.109749025	5.846254899521484e-12
1.110904453	5.143933724307736e-12
1.11205988	4.489647265781893e-12
1.113215307	3.929255662057675e-12
1.114370735	3.439812491210967e-12
1.115526162	3.0195818778552274e-12
1.116681589	2.653716986236457e-12
1.117837017	2.3142744725834457e-12
1.118992444	2.038516974835442e-12
1.120147872	1.8071462349898024e-12
1.121303299	1.5596051169237777e-12
1.122458726	1.2821415081195715e-12
1.123614154	1.0235607152678626e-12
1.124769581	7.986050003617878e-13
1.125925008	6.231776487156121e-13
1.127080436	5.013618698335709e-13
1.128235863	4.311347611896797e-13
1.12939129	4.107929250201545e-13
1.130546718	4.267840873640314e-13
1.131702145	4.66977527098187e-13
1.132857573	5.209660942544395e-13
1.134013	5.776335580630725e-13
1.135168427	6.08979676733601e-13
1.136323855	6.185893514080478e-13
1.137479282	6.290858103612467e-13
1.138634709	6.344380090062863e-13
1.139790137	6.421507796580653e-13
1.140945564	6.49933129116329e-13
1.142100991	6.523972483083532e-13
1.143256419	6.505852450628437e-13
1.144411846	6.30813898241023e-13
1.145567274	5.855954133132447e-13
1.146722701	5.236182660322094e-13
1.147878128	4.489594097946991e-13
1.149033556	3.599899198856453e-13
1.150188983	2.7216146071347427e-13
1.15134441	1.96699718311685e-13
1.152499838	1.3854924045984392e-13
1.153655265	1.0130082995415524e-13
1.154810692	7.820055062002788e-14
1.15596612	6.436184342128373e-14
1.157121547	5.551574042420772e-14
1.158276975	4.907251034187425e-14
1.159432402	4.5347762630406015e-14
1.160587829	4.3491797778816596e-14
1.161743257	4.26396550346324e-14
1.162898684	4.272526335213953e-14
1.164054111	4.680401288005491e-14
1.165209539	5.686945976122494e-14
1.166364966	7.397980044337157e-14
1.167520393	9.888634747420373e-14
1.168675821	1.3434683355623008e-13
1.169831248	1.816677939726092e-13
1.170986676	2.40809498993197e-13
1.172142103	3.0663461066085137e-13
1.17329753	3.712571535524684e-13
1.174452958	4.3045069070416624e-13
1.175608385	4.78871202874371e-13
1.176763812	5.098069130030736e-13
1.17791924	5.232776570950514e-13
1.179074667	5.200096641339403e-13
1.180230094	5.054469437272149e-13
1.181385522	4.943945744202728e-13
1.182540949	4.878421897322912e-13
1.183696377	4.8665630700089e-13
1.184851804	4.842129093284899e-13
1.186007231	4.836145630024891e-13
1.187162659	5.105044460527697e-13
1.188318086	5.615871194865243e-13
1.189473513	6.142371897958336e-13
1.190628941	6.747179692471591e-13
1.191784368	7.463982802319148e-13
1.192939795	8.213429871551624e-13
1.194095223	8.948357108093118e-13
1.19525065	9.748847177700332e-13
1.196406078	1.0704501223984942e-12
1.197561505	1.2010803844761744e-12
1.198716932	1.3444146700731574e-12
1.19987236	1.4690407882341341e-12
1.201027787	1.6044450344238929e-12
1.202183214	1.7601639681013805e-12
1.203338642	1.9619420968852248e-12
1.204494069	2.152506476608448e-12
1.205649497	2.2496947925238308e-12
1.206804924	2.374659874802441e-12
1.207960351	2.564310809357202e-12
1.209115779	2.6920424247871364e-12
1.210271206	2.7722886308074825e-12
1.211426633	2.8978418440731374e-12
1.212582061	3.0540529533963882e-12
1.213737488	3.219375712995293e-12
1.214892915	3.3682404367892435e-12
1.216048343	3.4557057431576625e-12
1.21720377	3.5020539286846024e-12
1.218359198	3.5275561791355014e-12
1.219514625	3.544136371033763e-12
1.220670052	3.5909225356201243e-12
1.22182548	3.648177973810883e-12
1.222980907	3.704575472709699e-12
1.224136334	3.7459145231026815e-12
1.225291762	3.7334434461910605e-12
1.226447189	3.703538965946184e-12
1.227602616	3.692589181518785e-12
1.228758044	3.6623105550837295e-12
1.229913471	3.6179716411142133e-12
1.231068899	3.6185655827322108e-12
1.232224326	3.664300751015696e-12
1.233379753	3.727303987156242e-12
1.234535181	3.81664157796215e-12
1.235690608	3.943244895052136e-12
1.236846035	4.1024869791458536e-12
1.238001463	4.306395840685029e-12
1.23915689	4.591263350458232e-12
1.240312317	4.916837602862061e-12
1.241467745	5.2183480836652084e-12
1.242623172	5.486501115009977e-12
1.2437786	5.7109345295793724e-12
1.244934027	5.881445458604578e-12
1.246089454	5.999754259418605e-12
1.247244882	6.102786281653169e-12
1.248400309	6.18283299251458e-12
1.249555736	6.214239960711669e-12
1.250711164	6.234643310717533e-12
1.251866591	6.245689112743681e-12
1.253022018	6.17450560967778e-12
1.254177446	6.044162821442045e-12
1.255332873	5.932551820053133e-12
1.256488301	5.832924120911426e-12
1.257643728	5.727477115437818e-12
1.258799155	5.622716692471508e-12
1.259954583	5.521001318000254e-12
1.26111001	5.444246321722143e-12
1.262265437	5.3957678613473276e-12
1.263420865	5.358771321257422e-12
1.264576292	5.3521440517522704e-12
1.265731719	5.397818540317203e-12
1.266887147	5.500926105771683e-12
1.268042574	5.633755023734046e-12
1.269198002	5.67994015746715e-12
1.270353429	5.650223918237244e-12
1.271508856	5.661035249985315e-12
1.272664284	5.68896948719933e-12
1.273819711	5.7406821005530136e-12
1.274975138	5.784586583333183e-12
1.276130566	5.802834533486793e-12
1.277285993	5.827232969998173e-12
1.27844142	5.809589749376609e-12
1.279596848	5.758911241423181e-12
1.280752275	5.859683115774988e-12
1.281907703	6.13383532061469e-12
1.28306313	5.952149599651219e-12
1.284218557	5.473913183313997e-12
1.285373985	5.232555961139797e-12
1.286529412	5.069406515973847e-12
1.287684839	4.901415088201806e-12
1.288840267	4.723729144406628e-12
1.289995694	4.555330540038072e-12
1.291151121	4.3514056837587314e-12
1.292306549	4.131326092745584e-12
1.293461976	3.961694779102335e-12
1.294617404	3.801862010760725e-12
1.295772831	3.6342831687918245e-12
1.296928258	3.5053834054097124e-12
1.298083686	3.4057738482905034e-12
1.299239113	3.2853440519750837e-12
1.30039454	3.161671248763692e-12
1.301549968	3.0604830149633907e-12
1.302705395	2.9579957945486828e-12
1.303860823	2.8455413668944834e-12
1.30501625	2.7193994316032087e-12
1.306171677	2.595983402359588e-12
1.307327105	2.4873932491340904e-12
1.308482532	2.3767178171460485e-12
1.309637959	2.248509869613155e-12
1.310793387	2.1152668845080586e-12
1.311948814	1.9851413796935906e-12
1.313104241	1.8163310370175045e-12
1.314259669	1.6421395246675593e-12
1.315415096	1.5260620353644049e-12
1.316570524	1.4219185991368514e-12
1.317725951	1.3052600563166307e-12
1.318881378	1.2256943220966278e-12
1.320036806	1.1884554060624046e-12
1.321192233	1.173931482929326e-12
1.32234766	1.1700820183263544e-12
1.323503088	1.153970558798051e-12
1.324658515	1.131331779128466e-12
1.325813942	1.1093132025436984e-12
1.32696937	1.0791886730291657e-12
1.328124797	1.0416622254620934e-12
1.329280225	1.0055237028110787e-12
1.330435652	9.622217315538504e-13
1.331591079	9.041674783757955e-13
1.332746507	8.478564891659012e-13
1.333901934	7.92424498542576e-13
1.335057361	7.426192554177083e-13
1.336212789	6.920087292125668e-13
1.337368216	6.220707231182083e-13
1.338523643	5.461604185304526e-13
1.339679071	4.722459638707338e-13
1.340834498	3.9896769605307817e-13
1.341989926	3.302834700182097e-13
1.343145353	2.6999130915738874e-13
1.34430078	2.1811029477667125e-13
1.345456208	1.764840480445349e-13
1.346611635	1.495443406008973e-13
1.347767062	1.32410882793469e-13
1.34892249	1.2656967533858228e-13
1.350077917	1.298616354105824e-13
1.351233344	1.3342477098706612e-13
1.352388772	1.4660674402541132e-13
1.353544199	1.7962899631307447e-13
1.354699627	2.5530023770430227e-13
1.355855054	4.37741859862407e-13
1.357010481	9.176476591571736e-13
1.358165909	2.2576225694465247e-12
1.359321336	-4.71548664604822e-10
1.360476763	-2.0669454341100814e-12
1.361632191	-1.1287693065889272e-12
1.362787618	-7.900912442455377e-13
1.363943045	-7.29938250463397e-13
1.365098473	-7.836577410985758e-13
1.3662539	-7.521058771246072e-13
1.367409328	-5.397486717759061e-13
1.368564755	-1.604302819206341e-13
1.369720182	6.819878038787126e-14
1.37087561	1.5456467729914167e-13
1.372031037	1.5618363736771346e-13
1.373186464	5.74487358843891e-14
1.374341892	-7.998824704850042e-14
1.375497319	-2.245916615013007e-13
1.376652746	-3.3647179633757525e-13
1.377808174	-2.9418792916811347e-13
1.378963601	-1.2117353314255476e-13
1.380119029	1.8686623747197829e-13
1.381274456	5.744841212960285e-13
1.382429883	7.859154919042746e-13
1.383585311	8.490100553576341e-13
1.384740738	8.360018088032066e-13
1.385896165	8.215599000113754e-13
1.387051593	9.786692577401565e-13
1.38820702	2.71738825045162e-13
1.389362447	5.24637338581765e-13
1.390517875	5.089377660686245e-13
1.391673302	4.100117866526723e-13
1.39282873	2.955399285493692e-13
1.393984157	1.7694056978163786e-13
1.395139584	2.2149106454522853e-13
1.396295012	7.053848468119159e-13
1.397450439	1.3890820397514743e-12
1.398605866	1.442576957102135e-12
1.399761294	8.613576531425331e-13
1.400916721	5.132129634446544e-13
1.402072149	3.3832930455888804e-13
1.403227576	2.294473076818956e-13
1.404383003	1.4494065289327748e-13
1.405538431	4.982756512954384e-14
1.406693858	-5.910011998382063e-14
1.407849285	-1.4811861014398243e-13
1.409004713	-1.3733089692699199e-13
1.41016014	-7.416932448236587e-14
1.411315567	-1.3794419750143478e-14
1.412470995	2.8671202609444354e-14
1.413626422	4.91954372337183e-14
1.41478185	6.43823586021025e-14
1.415937277	8.101331723526973e-14
1.417092704	1.0331805073559662e-13
1.418248132	1.3844390417821834e-13
1.419403559	1.8091157530253094e-13
1.420558986	2.2483701323748296e-13
1.421714414	2.604698818460353e-13
1.422869841	2.7425815417348493e-13
1.424025268	2.77380950894721e-13
1.425180696	2.8219441879895275e-13
1.426336123	2.909906903417007e-13
1.427491551	3.0136133236788275e-13
1.428646978	3.1518768282925103e-13
1.429802405	3.338517652704677e-13
1.430957833	3.5933315285750274e-13
1.43211326	3.939573431880705e-13
1.433268687	4.400802926677556e-13
1.434424115	4.977682460629383e-13
1.435579542	5.656672106810208e-13
1.436734969	6.408492055453164e-13
1.437890397	7.161849647341498e-13
1.439045824	7.967235208245929e-13
1.440201252	8.729621147692373e-13
1.441356679	9.031399309045889e-13
1.442512106	9.030446166114868e-13
1.443667534	9.055565669123753e-13
1.444822961	8.789308075871284e-13
1.445978388	8.36806214876594e-13
1.447133816	8.095968126493687e-13
1.448289243	7.973338002922822e-13
1.44944467	8.027045249248143e-13
1.450600098	8.205078731204736e-13
1.451755525	8.459292687007985e-13
1.452910953	8.701243329047854e-13
1.45406638	8.878312277162807e-13
1.455221807	9.041990065777725e-13
1.456377235	9.166449063533627e-13
1.457532662	9.140759955767213e-13
1.458688089	9.092585873704795e-13
1.459843517	9.161190529583028e-13
1.460998944	9.304106879676e-13
1.462154371	9.536333716781155e-13
1.463309799	9.867515592097056e-13
1.464465226	1.0231264808856719e-12
1.465620654	1.0647510038129598e-12
1.466776081	1.1004151160670127e-12
1.467931508	1.1225052376713131e-12
1.469086936	1.138007726481492e-12
1.470242363	1.1427159562437046e-12
1.47139779	1.1259345007336504e-12
1.472553218	1.0904005663304085e-12
1.473708645	1.0450800956931891e-12
1.474864072	9.867107002586118e-13
1.4760195	9.15796818011645e-13
1.477174927	8.541549119742209e-13
1.478330355	8.085440635556756e-13
1.479485782	7.705640817492578e-13
1.480641209	7.58426477689833e-13
1.481796637	7.75438667600142e-13
1.482952064	8.100797883174392e-13
1.484107491	8.551956915091142e-13
1.485262919	8.962292875786125e-13
1.486418346	9.42343396999505e-13
1.487573773	1.0355665052672765e-12
1.488729201	1.0915032993284182e-12
1.489884628	1.0521714664687187e-12
1.491040056	1.0285106350643132e-12
1.492195483	1.0306221592233412e-12
1.49335091	1.0166726891799268e-12
1.494506338	1.004339129146757e-12
1.495661765	1.0088614018016897e-12
1.496817192	1.0008315968700392e-12
1.49797262	9.700572969982983e-13
1.499128047	9.374101669223158e-13
1.500283475	9.160293324756136e-13
1.501438902	9.168891498751208e-13
1.502594329	9.296123546079815e-13
1.503749757	9.429792407523329e-13
1.504905184	9.605967189959999e-13
1.506060611	9.790791943504736e-13
1.507216039	9.780080444948974e-13
1.508371466	9.618931449371355e-13
1.509526893	9.446901670685205e-13
1.510682321	9.3554087858929e-13
1.511837748	9.404801348402285e-13
1.512993176	9.427137485554889e-13
1.514148603	9.396292354213249e-13
1.51530403	9.35274150774851e-13
1.516459458	9.366770367625092e-13
1.517614885	9.46137048422074e-13
1.518770312	9.619166770620366e-13
1.51992574	9.817992154915735e-13
1.521081167	1.0090422170969122e-12
1.522236594	1.0396027461230674e-12
1.523392022	1.052130301645133e-12
1.524547449	1.0560273313906865e-12
1.525702877	1.0621547155419549e-12
1.526858304	1.0718583360765719e-12
1.528013731	1.0895396550478935e-12
1.529169159	1.1312604867767251e-12
1.530324586	1.1789243633057774e-12
1.531480013	1.1812452002625288e-12
1.532635441	1.1831516869532237e-12
1.533790868	1.2203130114350415e-12
1.534946295	1.2486502321984507e-12
1.536101723	1.2616803164844732e-12
1.53725715	1.287173298723394e-12
1.538412578	1.3159808760147427e-12
1.539568005	1.3503254225056435e-12
1.540723432	1.381717734392942e-12
1.54187886	1.4033673917669938e-12
1.543034287	1.4369963468778471e-12
1.544189714	1.4908400580877114e-12
1.545345142	1.5582994678103406e-12
1.546500569	1.6388540442506136e-12
1.547655996	1.7311013835931195e-12
1.548811424	1.802771838758889e-12
1.549966851	1.8499875331059145e-12
1.551122279	1.879959740920132e-12
1.552277706	1.917895006821995e-12
1.553433133	1.997096182449536e-12
1.554588561	2.077173181262658e-12
1.555743988	2.1127522600088228e-12
1.556899415	2.1362206998382736e-12
1.558054843	2.1729935034559893e-12
1.55921027	2.2240467817361075e-12
1.560365697	2.268323526081913e-12
1.561521125	2.283116624067461e-12
1.562676552	2.289126807342967e-12
1.56383198	2.2934555104742735e-12
1.564987407	2.3046824452910312e-12
1.566142834	2.3273261273181593e-12
1.567298262	2.3534501798888866e-12
1.568453689	2.380892063447142e-12
1.569609116	2.4131727258951717e-12
1.570764544	2.46108113181079e-12
1.571919971	2.5160637260136155e-12
1.573075398	2.594887463993815e-12
1.574230826	2.6794703132238443e-12
1.575386253	2.7304025680995895e-12
1.576541681	2.7526030686454624e-12
1.577697108	2.738833354899337e-12
1.578852535	2.6601062013263577e-12
1.580007963	2.544738068342985e-12
1.58116339	2.536901128450268e-12
1.582318817	2.6028334358107014e-12
1.583474245	2.5862190787609533e-12
1.584629672	2.556141493386576e-12
1.585785099	2.5575389189625075e-12
1.586940527	2.616000439671495e-12
1.588095954	2.76683716431968e-12
1.589251382	2.9940420880260643e-12
1.590406809	3.2063548211901357e-12
1.591562236	3.2411063074739315e-12
1.592717664	3.214486101102597e-12
1.593873091	3.194120772289218e-12
1.595028518	3.2448010297275903e-12
1.596183946	3.3402961387818266e-12
1.597339373	3.3042502430912368e-12
1.5984948	3.242980593053714e-12
1.599650228	3.304629910884011e-12
1.600805655	3.3584663672168208e-12
1.601961083	3.349870259155304e-12
1.60311651	3.331373784363951e-12
1.604271937	3.3097844030431504e-12
1.605427365	3.2823162652257568e-12
1.606582792	3.227324961011047e-12
1.607738219	3.1318503755770264e-12
1.608893647	3.0834509673291995e-12
1.610049074	3.0919132954159434e-12
1.611204502	3.0163840266991336e-12
1.612359929	2.8635641349485573e-12
1.613515356	2.7024863405956714e-12
1.614670784	2.5485954154723964e-12
1.615826211	2.4209932843300384e-12
1.616981638	2.199052663407842e-12
1.618137066	1.9106210487869873e-12
1.619292493	1.7111693566116388e-12
1.62044792	1.548078519737922e-12
1.621603348	1.3426138476373644e-12
1.622758775	1.1489428261544341e-12
1.623914203	9.840771654945186e-13
1.62506963	8.445791510684753e-13
1.626225057	7.219392910273719e-13
1.627380485	6.088786740595459e-13
1.628535912	5.101546904367367e-13
1.629691339	4.3029068750975584e-13
1.630846767	3.6182621096737056e-13
1.632002194	3.03019323032687e-13
1.633157621	2.550007158007821e-13
1.634313049	2.176978109279487e-13
1.635468476	1.9031344956324724e-13
1.636623904	1.7361682545933857e-13
1.637779331	1.699268881506409e-13
1.638934758	1.7254006722802219e-13
1.640090186	1.7674376343087423e-13
1.641245613	1.801113285366208e-13
1.64240104	1.7754871886098872e-13
1.643556468	1.6978612634535672e-13
1.644711895	1.555193023284106e-13
1.645867322	1.3504194865511402e-13
1.64702275	1.1158423008568289e-13
1.648178177	8.898067603325301e-14
1.649333605	6.93294920452511e-14
1.650489032	5.466684653403709e-14
1.651644459	4.6858934924628706e-14
1.652799887	4.5112158943239564e-14
1.653955314	4.914139562459444e-14
1.655110741	5.903559177569225e-14
1.656266169	7.347309864414074e-14
1.657421596	8.846008256832222e-14
1.658577023	1.0164725309872527e-13
1.659732451	1.0945137427849902e-13
1.660887878	1.1011322567539189e-13
1.662043306	1.0626914736719157e-13
1.663198733	1.0016668312733798e-13
1.66435416	9.414594432099003e-14
1.665509588	8.910061302398854e-14
1.666665015	8.522744644483301e-14
1.667820442	8.323695987997331e-14
1.66897587	8.323291708469363e-14
1.670131297	8.510219488455012e-14
1.671286724	9.142969776614173e-14
1.672442152	1.0020539989036201e-13
1.673597579	1.0540225956609153e-13
1.674753007	1.1138722603904921e-13
1.675908434	1.2055315747385176e-13
1.677063861	1.2819619640490388e-13
1.678219289	1.3490564316592472e-13
1.679374716	1.446442476185592e-13
1.680530143	1.5394016416206163e-13
1.681685571	1.5711912255285706e-13
1.682840998	1.5055777562140022e-13
1.683996425	1.371245108863302e-13
1.685151853	1.2375434330001767e-13
1.68630728	1.1205263811333872e-13
1.687462708	1.0117582707194153e-13
1.688618135	9.105635748935555e-14
1.689773562	8.204420731767329e-14
1.69092899	7.346794626575831e-14
1.692084417	6.553379487811601e-14
1.693239844	5.909708822065063e-14
1.694395272	5.363162855986111e-14
1.695550699	4.821735031662426e-14
1.696706126	4.275504992485227e-14
1.697861554	3.730718549254799e-14
1.699016981	3.1927439694494274e-14
1.700172409	2.629315792670842e-14
1.701327836	2.0478108465697994e-14
1.702483263	1.5086234764673336e-14
1.703638691	1.0504007994384316e-14
1.704794118	7.30505520442627e-15
1.705949545	5.447803276501904e-15
1.707104973	4.746480625157924e-15
1.7082604	5.0761081819928534e-15
1.709415828	6.1703171562398205e-15
1.710571255	7.90296222899044e-15
1.711726682	1.0289939198445473e-14
1.71288211	1.2691074502166276e-14
1.714037537	1.4646266176421338e-14
1.715192964	1.6421664339860045e-14
1.716348392	1.777576397117709e-14
1.717503819	1.803126638911814e-14
1.718659246	1.6862929276148686e-14
1.719814674	1.4905179010858907e-14
1.720970101	1.2380956154601309e-14
1.722125529	9.776173631360977e-15
1.723280956	7.802072030597903e-15
1.724436383	6.350280828946302e-15
1.725591811	5.451083211532484e-15
1.726747238	5.506470141101194e-15
1.727902665	6.693121443430398e-15
1.729058093	8.747556371986275e-15
1.73021352	1.1558181320611799e-14
1.731368947	1.517737368828108e-14
1.732524375	1.977071180015991e-14
1.733679802	2.573469512901365e-14
1.73483523	3.290778839462085e-14
1.735990657	4.081342307573789e-14
1.737146084	4.8443437656969735e-14
1.738301512	5.5529982617119374e-14
1.739456939	6.270966398753943e-14
1.740612366	7.046772146350573e-14
1.741767794	7.924574696848141e-14
1.742923221	8.708154036003672e-14
1.744078648	9.313969618193212e-14
1.745234076	9.936048497633788e-14
1.746389503	1.0523331152587058e-13
1.747544931	1.0892673365543414e-13
1.748700358	1.1069964689544699e-13
1.749855785	1.1049776571847283e-13
1.751011213	1.0932516831975988e-13
1.75216664	1.075980726216593e-13
1.753322067	1.0473039915857058e-13
1.754477495	1.0189507865035263e-13
1.755632922	9.967149674144065e-14
1.756788349	9.701257241862764e-14
1.757943777	9.333997434930506e-14
1.759099204	8.847197268737833e-14
1.760254632	8.30412474995302e-14
1.761410059	7.803000135529167e-14
1.762565486	7.232877639388947e-14
1.763720914	6.469381201557824e-14
1.764876341	5.669980672101181e-14
1.766031768	4.898094022828027e-14
1.767187196	4.157702587343389e-14
1.768342623	3.465857469573793e-14
1.76949805	2.85831284370399e-14
1.770653478	2.3670020719343543e-14
1.771808905	2.0228342995995368e-14
1.772964333	1.851461283180078e-14
1.77411976	1.8544067081503063e-14
1.775275187	2.0461789191994332e-14
1.776430615	2.4523233327136557e-14
1.777586042	3.020348488398794e-14
1.778741469	3.673261626802276e-14
1.779896897	4.341772598101885e-14
1.781052324	4.913157090753256e-14
1.782207751	5.399372677518429e-14
1.783363179	5.832663262311646e-14
1.784518606	6.252140809677251e-14
1.785674034	6.718182512631152e-14
1.786829461	7.255392357251752e-14
1.787984888	7.923844767260576e-14
1.789140316	8.939897230011145e-14
1.790295743	1.0583520592335326e-13
1.79145117	1.2809578924733107e-13
1.792606598	1.5670369790545936e-13
1.793762025	1.9144495542093829e-13
1.794917452	2.276943018513139e-13
1.79607288	2.6789170406094194e-13
1.797228307	3.1565348119415386e-13
1.798383735	3.7707063485890953e-13
1.799539162	4.63796323808637e-13
1.800694589	5.797537080453618e-13
1.801850017	7.300617023604638e-13
1.803005444	8.923106075159986e-13
1.804160871	1.0339404102706305e-12
1.805316299	1.1711473788736109e-12
1.806471726	1.30134072340474e-12
1.807627154	1.425933721041031e-12
1.808782581	1.5576788191562426e-12
1.809938008	1.6913170214436494e-12
1.811093436	1.8309566517278096e-12
1.812248863	1.975575167707627e-12
1.81340429	2.114092693190535e-12
1.814559718	2.2449528957672014e-12
1.815715145	2.3708693215419516e-12
1.816870572	2.5118087677919256e-12
1.818026	2.6701340610955212e-12
1.819181427	2.6658616674511617e-12
1.820336855	2.5478409541506444e-12
1.821492282	2.5255059311007667e-12
1.822647709	2.5191587656820944e-12
1.823803137	2.4568717407021272e-12
1.824958564	2.4144855304804355e-12
1.826113991	2.414257466933747e-12
1.827269419	2.438187065893636e-12
1.828424846	2.468068627045057e-12
1.829580273	2.468167600438497e-12
1.831203559	0.
1.832409851	0.
1.833616142	0.
1.834822433	0.
1.836028725	0.
1.837235016	0.
1.838441307	0.
1.839647599	0.
1.84085389	0.
1.842060181	0.
1.843266473	0.
1.844472764	0.
1.845679055	0.
1.846885347	0.
1.848091638	0.
1.849297929	0.
1.850504221	0.
1.851710512	0.
1.852916803	0.
1.854123095	0.
1.855329386	0.
1.856535677	0.
1.857741968	0.
1.85894826	0.
1.860154551	0.
1.861360842	0.
1.862567134	0.
1.863773425	0.
1.864979716	0.
1.866186008	0.
1.867392299	0.
1.86859859	0.
1.869804882	0.
1.871011173	-1.0685406508999368e-11
1.872217464	-5.6792924950418895e-12
1.873423756	-2.6289153865579267e-12
1.874630047	-1.9261068615681455e-12
1.875836338	-2.1462580137446542e-12
1.87704263	-3.0181489260290266e-12
1.878248921	-5.423242587112539e-12
1.879455212	-2.8012748134147126e-11
1.880661504	3.3623034293905603e-12
1.881867795	7.567586811473898e-13
1.883074086	3.203096287288616e-13
1.884280377	2.586929017260506e-13
1.885486669	3.275473741836495e-13
1.88669296	4.564623831984802e-13
1.887899251	5.805894337930466e-13
1.889105543	6.533304184682099e-13
1.890311834	5.954498031157373e-13
1.891518125	5.074153552232938e-13
1.892724417	5.263628954744698e-13
1.893930708	7.316335646023368e-13
1.895136999	1.3246697176837465e-12
1.896343291	4.725847933971189e-12
1.897549582	-3.885629781339982e-12
1.898755873	-1.9426318222990744e-12
1.899962165	-3.038780374022591e-12
1.901168456	4.0829263357481205e-12
1.902374747	1.0205539689923118e-12
1.903581039	6.596362298450384e-13
1.90478733	5.804557586363673e-13
1.905993621	5.953539692234807e-13
1.907199913	6.398420085188049e-13
1.908406204	6.763004787585992e-13
1.909612495	6.553144792423256e-13
1.910818786	5.59006313489927e-13
1.912025078	4.760372801671092e-13
1.913231369	4.426732041789998e-13
1.91443766	4.559248876132391e-13
1.915643952	4.790489969248693e-13
1.916850243	4.742233928448549e-13
1.918056534	4.280021570248664e-13
1.919262826	3.544503078290118e-13
1.920469117	2.9266895835753746e-13
1.921675408	2.727912665231315e-13
1.9228817	3.0184136823335077e-13
1.924087991	3.6017771914541574e-13
1.925294282	4.197905609878584e-13
1.926500574	4.598510356739225e-13
1.927706865	4.2724268658768344e-13
1.928913156	3.3563952222615927e-13
1.930119448	2.948284697320635e-13
1.931325739	3.070249778621138e-13
1.93253203	3.331018198685128e-13
1.933738322	3.4752396863973354e-13
1.934944613	3.6304980330390804e-13
1.936150904	3.3199184866883854e-13
1.937357195	2.451906426772363e-13
1.938563487	1.9842308446108168e-13
1.939769778	2.0334571195615158e-13
1.940976069	2.2936023286047514e-13
1.942182361	2.4782556961039e-13
1.943388652	2.673802857955868e-13
1.944594943	2.8212213561003794e-13
1.945801235	2.694771275955672e-13
1.947007526	2.450016754025102e-13
1.948213817	2.384554606330996e-13
1.949420109	2.603733478880086e-13
1.9506264	2.9339091992789696e-13
1.951832691	3.3154694807826107e-13
1.953038983	3.602387063384933e-13
1.954245274	3.4032609091854106e-13
1.955451565	2.831127043728958e-13
1.956657857	2.50261765202343e-13
1.957864148	2.464741228724288e-13
1.959070439	2.4783146733873996e-13
1.960276731	2.4503389947019475e-13
1.961483022	2.448948239344543e-13
1.962689313	2.4662543632505226e-13
1.963895604	2.472569122286697e-13
1.965101896	2.4816820065054965e-13
1.966308187	2.533914501813308e-13
1.967514478	2.5909328570287746e-13
1.96872077	2.5689690898069534e-13
1.969927061	2.526172384831408e-13
1.971133352	2.555124940966462e-13
1.972339644	2.6776217394587686e-13
1.973545935	2.808688787340252e-13
1.974752226	2.989931513227838e-13
1.975958518	3.1681308375285093e-13
1.977164809	3.2269253233961447e-13
1.9783711	3.130042351019364e-13
1.979577392	2.95762332636106e-13
1.980783683	2.8866997707133473e-13
1.981989974	2.9396383597723474e-13
1.983196266	3.086366209470511e-13
1.984402557	3.318821270889204e-13
1.985608848	3.5705516305447044e-13
1.98681514	3.590454353033765e-13
1.988021431	3.3753268353697184e-13
1.989227722	3.229882486312555e-13
1.990434013	3.2038276434994034e-13
1.991640305	3.255978242707408e-13
1.992846596	3.41453213482624e-13
1.994052887	3.6413001360003903e-13
1.995259179	3.7830656439413027e-13
1.99646547	3.835758713391669e-13
1.997671761	3.9669635199811644e-13
1.998878053	4.160609961694674e-13
2.000084344	4.2638106990051474e-13
2.001290635	4.087075950197344e-13
2.002496927	3.493411281720552e-13
2.003703218	2.7910905496737797e-13
2.004909509	2.3069081035114493e-13
2.006115801	2.1408478292000323e-13
2.007322092	2.2208385314398734e-13
2.008528383	2.4101367838271397e-13
2.009734675	2.58920388230734e-13
2.010940966	2.707825239623034e-13
2.012147257	2.7146682432317283e-13
2.013353549	2.5454599945966196e-13
2.01455984	2.305737675972082e-13
2.015766131	2.1328199954858142e-13
2.016972422	2.037136874881912e-13
2.018178714	1.9749421890528565e-13
2.019385005	1.9366883663594415e-13
2.020591296	1.9540543132999644e-13
2.021797588	2.0427015347911278e-13
2.023003879	2.1564059152438988e-13
2.02421017	2.259056491222502e-13
2.025416462	2.3609990401719766e-13
2.026622753	2.435152067982854e-13
2.027829044	2.457256588689301e-13
2.029035336	2.462697451804622e-13
2.030241627	2.4661833465895025e-13
2.031447918	2.411456304978839e-13
2.03265421	2.355144957338219e-13
2.033860501	2.3694936111455926e-13
2.035066792	2.381455865553362e-13
2.036273084	2.367316650688445e-13
2.037479375	2.377970232400123e-13
2.038685666	2.36940246242512e-13
2.039891958	2.271624789176681e-13
2.041098249	2.1804966504863734e-13
2.04230454	2.1147707671055228e-13
2.043510831	2.0412629215033964e-13
2.044717123	1.986606358438103e-13
2.045923414	1.9734607654832673e-13
2.047129705	1.9828036908694143e-13
2.048335997	1.993040714447794e-13
2.049542288	1.979005534637205e-13
2.050748579	1.9336878348219236e-13
2.051954871	1.8592198048355432e-13
2.053161162	1.7446578891009627e-13
2.054367453	1.6029102879918712e-13
2.055573745	1.4875737308344185e-13
2.056780036	1.421098254419657e-13
2.057986327	1.3943362339444017e-13
2.059192619	1.3915726694203541e-13
2.06039891	1.3979448308578506e-13
2.061605201	1.360210663466997e-13
2.062811493	1.295805699424126e-13
2.064017784	1.250183983771744e-13
2.065224075	1.1853154579441557e-13
2.066430367	1.1214865115688824e-13
2.067636658	1.0979769810388316e-13
2.068842949	1.0878646908611176e-13
2.070049241	1.0789852774201297e-13
2.071255532	1.0578650916558373e-13
2.072461823	1.0175978486101096e-13
2.073668114	9.572676397638767e-14
2.074874406	8.821383725244783e-14
2.076080697	8.144075262853232e-14
2.077286988	7.647289891550424e-14
2.07849328	7.317463663994598e-14
2.079699571	7.205052635941309e-14
2.080905862	7.151773683442447e-14
2.082112154	7.00230240810289e-14
2.083318445	6.872893616617984e-14
2.084524736	6.749613270970824e-14
2.085731028	6.505062153081033e-14
2.086937319	6.285251409089532e-14
2.08814361	6.131302093084026e-14
2.089349902	5.951138312929246e-14
2.090556193	5.73641600640145e-14
2.091762484	5.544043290024521e-14
2.092968776	5.2665174806835356e-14
2.094175067	4.930382612472853e-14
2.095381358	4.704020137348665e-14
2.09658765	4.556890379920387e-14
2.097793941	4.423228931914607e-14
2.099000232	4.329537087152847e-14
2.100206523	4.28030448070109e-14
2.101412815	4.2537999642362785e-14
2.102619106	4.242546654647637e-14
2.103825397	4.239853339350632e-14
2.105031689	4.256215404568708e-14
2.10623798	4.2925547176534903e-14
2.107444271	4.340375630313207e-14
2.108650563	4.3859157319759393e-14
2.109856854	4.430714457637376e-14
2.111063145	4.420421294905681e-14
2.112269437	4.3659094412132074e-14
2.113475728	4.377766649042313e-14
2.114682019	4.486313490233178e-14
2.115888311	4.681125363427417e-14
2.117094602	4.822529524971507e-14
2.118300893	4.841203544531282e-14
2.119507185	4.892430972231961e-14
2.120713476	5.002955584174544e-14
2.121919767	5.1165542704588446e-14
2.123126059	5.2722093820333303e-14
2.12433235	5.4445303549709585e-14
2.125538641	5.513205952089455e-14
2.126744932	5.472527343403198e-14
2.127951224	5.412822785354075e-14
2.129157515	5.443515393522519e-14
2.130363806	5.5968086435124705e-14
2.131570098	5.762579981344874e-14
2.132776389	5.899076013745016e-14
2.13398268	6.02711384738933e-14
2.135188972	6.179428318677542e-14
2.136395263	6.328673035860785e-14
2.137601554	6.353956493218483e-14
2.138807846	6.388242102351071e-14
2.140014137	6.499862358351552e-14
2.141220428	6.565967341393503e-14
2.14242672	6.600737837766331e-14
2.143633011	6.679555189277211e-14
2.144839302	6.835756887926574e-14
2.146045594	7.1249448682739e-14
2.147251885	7.558877971430651e-14
2.148458176	8.029070426025183e-14
2.149664468	8.424304619086893e-14
2.150870759	8.588581505399315e-14
2.15207705	8.480054600591928e-14
2.153283341	8.07532502732996e-14
2.154489633	7.54517641790799e-14
2.155695924	7.091055416107901e-14
2.156902215	6.777019421513089e-14
2.158108507	6.560545540406474e-14
2.159314798	6.409039462731943e-14
2.160521089	6.27285817304444e-14
2.161727381	6.069012071777712e-14
2.162933672	5.79196053381704e-14
2.164139963	5.5301122566209656e-14
2.165346255	5.5460911861949194e-14
2.166552546	5.680065596217443e-14
2.167758837	5.310036413645159e-14
2.168965129	4.9820864144425846e-14
2.17017142	4.866614389438194e-14
2.171377711	4.803807941073266e-14
2.172584003	4.7705080192058406e-14
2.173790294	4.747898515465428e-14
2.174996585	4.8374500348343454e-14
2.176202877	5.1316818513633856e-14
2.177409168	5.5914249888904993e-14
2.178615459	6.041503747821585e-14
2.17982175	6.266883296973913e-14
2.181028042	6.453426666424126e-14
2.182234333	6.614656184008934e-14
2.183440624	6.5424391601037e-14
2.184646916	6.375335043132104e-14
2.185853207	6.269094265281588e-14
2.187059498	6.217798942047877e-14
2.18826579	6.175378101820634e-14
2.189472081	6.037502617539926e-14
2.190678372	5.983983195422925e-14
2.191884664	6.140319848017235e-14
2.193090955	6.368827987914599e-14
2.194297246	6.563609676827371e-14
2.195503538	6.594320613188197e-14
2.196709829	6.337203372107368e-14
2.19791612	5.873822830407183e-14
2.199122412	5.4253330232605933e-14
2.200328703	5.1448677574075484e-14
2.201534994	5.022122656512328e-14
2.202741286	5.044277949335011e-14
2.203947577	5.122990698368769e-14
2.205153868	5.2953050223182316e-14
2.206360159	5.530201611517173e-14
2.207566451	5.61318645784897e-14
2.208772742	5.690390469195994e-14
2.209979033	5.815505954664969e-14
2.211185325	5.904682216767116e-14
2.212391616	5.911297058718224e-14
2.213597907	5.802715592141908e-14
2.214804199	5.6096530374183115e-14
2.21601049	5.403977001649243e-14
2.217216781	5.213928604977748e-14
2.218423073	5.056632540269107e-14
2.219629364	4.972929419038214e-14
2.220835655	4.9921787916994084e-14
2.222041947	5.085631660133978e-14
2.223248238	5.176018024594794e-14
2.224454529	5.268380502801397e-14
2.225660821	5.4153398059414134e-14
2.226867112	5.5373813659794675e-14
2.228073403	5.5849604680043695e-14
2.229279695	5.6782470496012244e-14
2.230485986	5.782260163569752e-14
2.231692277	5.804146240478908e-14
2.232898568	5.740573931984687e-14
2.23410486	5.6185842552410813e-14
2.235311151	5.469156489577743e-14
2.236517442	5.3530298986869186e-14
2.237723734	5.356262583161048e-14
2.238930025	5.4180144578800564e-14
2.240136316	5.478666745103157e-14
2.241342608	5.5963572189073194e-14
2.242548899	5.729434453008419e-14
2.24375519	5.794900181775654e-14
2.244961482	5.809255307755289e-14
2.246167773	5.817183836584353e-14
2.247374064	5.901628645218739e-14
2.248580356	6.04071889860469e-14
2.249786647	6.13368758235825e-14
2.250992938	6.238873400033334e-14
2.25219923	6.359187836757578e-14
2.253405521	6.47787910806859e-14
2.254611812	6.577215914635971e-14
2.255818104	6.58611547120049e-14
2.257024395	6.5656283354311e-14
2.258230686	6.537288620156294e-14
2.259436977	6.490569623889627e-14
2.260643269	6.45688467717694e-14
2.26184956	6.502354320577142e-14
2.263055851	6.523820798100467e-14
2.264262143	6.517146270409778e-14
2.265468434	6.611095382074526e-14
2.266674725	6.722259169741779e-14
2.267881017	6.735081276094409e-14
2.269087308	6.731337433323614e-14
2.270293599	6.756578345676933e-14
2.271499891	6.797225446631746e-14
2.272706182	6.835300306056469e-14
2.273912473	6.855043810805863e-14
2.275118765	6.82856691097305e-14
2.276325056	6.755349356188558e-14
2.277531347	6.718675709748496e-14
2.278737639	6.761502812007193e-14
2.27994393	6.847262852744692e-14
2.281150221	7.011385953837188e-14
2.282356513	7.171074093292296e-14
2.283562804	7.041651527927208e-14
2.284769095	6.872062037155602e-14
2.285975386	6.924041845392234e-14
2.287181678	7.05180495157713e-14
2.288387969	7.219976793822904e-14
2.28959426	7.421322672814768e-14
2.290800552	7.583067491430801e-14
2.292006843	7.704691546280316e-14
2.293213134	7.921084640063559e-14
2.294419426	8.213458652502484e-14
2.295625717	8.311261885378105e-14
2.296832008	8.304940999961417e-14
2.2980383	8.324984528703866e-14
2.299244591	8.302231967547745e-14
2.300450882	8.240665153820764e-14
2.301657174	8.18395319404785e-14
2.302863465	8.136308205931909e-14
2.304069756	8.094876511666737e-14
2.305276048	8.057675358792942e-14
2.306482339	7.995652960513453e-14
2.30768863	7.875443370513422e-14
2.308894922	7.732492308357374e-14
2.310101213	7.704473932857761e-14
2.311307504	7.873754416906723e-14
2.312513795	8.230221645394185e-14
2.313720087	8.762315205478509e-14
2.314926378	9.41468490213416e-14
2.316132669	1.0019201633255829e-13
2.317338961	1.0299017584810609e-13
2.318545252	1.0304555424402051e-13
2.319751543	1.0108313718011181e-13
2.320957835	9.930145850396179e-14
2.322164126	9.867306404505233e-14
2.323370417	9.806867905821849e-14
2.324576709	9.7227919803874e-14
2.325783	9.582457221314445e-14
2.326989291	9.4293915218611e-14
2.328195583	9.324415550481024e-14
2.329401874	9.356956367865948e-14
2.330608165	9.46931732164614e-14
2.331814457	9.608651315752534e-14
2.333020748	9.743931663099102e-14
2.334227039	9.912488525719528e-14
2.335433331	1.0296779066309517e-13
2.336639622	1.0865121640267912e-13
2.337845913	1.1463988300364212e-13
2.339052204	1.1912914302876222e-13
2.340258496	1.2044841942056451e-13
2.341464787	1.2016897698912403e-13
2.342671078	1.190739644940067e-13
2.34387737	1.180491990923717e-13
2.345083661	1.1965696676843695e-13
2.346289952	1.261746598049701e-13
2.347496244	1.3565081690318622e-13
2.348702535	1.449634031988914e-13
2.349908826	1.5061685009943774e-13
2.351115118	1.529280871112262e-13
2.352321409	1.5142178070166606e-13
2.3535277	1.4475874143303842e-13
2.354733992	1.3641778334863322e-13
2.355940283	1.2835534571427035e-13
2.357146574	1.2288217217855238e-13
2.358352866	1.2011596953405533e-13
2.359559157	1.1715462583096637e-13
2.360765448	1.1484768338763232e-13
2.36197174	1.1521884098880518e-13
2.363178031	1.18725211972188e-13
2.364384322	1.2603142943963782e-13
2.365590613	1.3782742637252632e-13
2.366796905	1.559164137444964e-13
2.368003196	1.7668359282326705e-13
2.369209487	1.9190159541369294e-13
2.370415779	1.9555434126436267e-13
2.37162207	1.877695664704949e-13
2.372828361	1.7663085439257658e-13
2.374034653	1.717551522933637e-13
2.375240944	1.7140546746196587e-13
2.376447235	1.7307585955016376e-13
2.377653527	1.774381638494894e-13
2.378859818	1.8044484882292376e-13
2.380066109	1.8566630297095906e-13
2.381272401	1.97373762487941e-13
2.382478692	2.1260204105528943e-13
2.383684983	2.2723486585019978e-13
2.384891275	2.312193042644889e-13
2.386097566	2.2286906335198382e-13
2.387303857	2.0883597216704047e-13
2.388510149	1.9481393543283827e-13
2.38971644	1.874009736522378e-13
2.390922731	1.8447084648197506e-13
2.392129022	1.8346394867324225e-13
2.393335314	1.8268494204923508e-13
2.394541605	1.8126235156031635e-13
2.395747896	1.7905909041698458e-13
2.396954188	1.7576313703546987e-13
2.398160479	1.7181515202745477e-13
2.39936677	1.7102485202784426e-13
2.400573062	1.7609969867782621e-13
2.401779353	1.8758910010739332e-13
2.402985644	2.0526302145270231e-13
2.404191936	2.2564863629836958e-13
2.405398227	2.418360056971678e-13
2.406604518	2.4973924446288224e-13
2.40781081	2.4775517797995187e-13
2.409017101	2.4510814911602806e-13
2.410223392	2.5113905738632653e-13
2.411429684	2.68598882634082e-13
2.412635975	3.0062579400136233e-13
2.413842266	3.5330549211820233e-13
2.415048558	4.0853406032637105e-13
2.416254849	4.3441573553151405e-13
2.41746114	4.1037450780716016e-13
2.418667431	3.5696374782721915e-13
2.419873723	3.105990396848344e-13
2.421080014	2.77064316607298e-13
2.422286305	2.611678885191746e-13
2.423492597	2.524612410464356e-13
2.424698888	2.379300514054961e-13
2.425905179	2.183684898060841e-13
2.427111471	2.0435907660111907e-13
2.428317762	2.007671001215508e-13
2.429524053	2.1345720824474803e-13
2.430730345	2.582052337211493e-13
2.431936636	3.4145650771843885e-13
2.433142927	4.311683802352731e-13
2.434349219	4.511432818533889e-13
2.43555551	4.0266298265645673e-13
2.436761801	3.247260695568461e-13
2.437968093	2.6217651726804066e-13
2.439174384	2.3023116461544695e-13
2.440380675	2.288193991177581e-13
2.441586967	2.589366657826528e-13
2.442793258	3.339578889429917e-13
2.443999549	4.641424115033489e-13
2.44520584	6.271452633066479e-13
2.446412132	7.606399591231479e-13
2.447618423	8.285512062386135e-13
2.448824714	8.391177256567288e-13
2.450031006	7.768623591909914e-13
2.451237297	6.661800285058606e-13
2.452443588	5.444208122057231e-13
2.45364988	4.306213365900291e-13
2.454856171	3.4496101239560354e-13
2.456062462	3.012659379546817e-13
2.457268754	2.9562368514679895e-13
2.458475045	3.1557873280010464e-13
2.459681336	3.498357011155464e-13
2.460887628	3.9321627114263954e-13
2.462093919	4.3393863087412445e-13
2.46330021	4.444463580316939e-13
2.464506502	4.431042466439554e-13
2.465712793	4.568116913169966e-13
2.466919084	4.961502823109108e-13
2.468125376	5.700961707721615e-13
2.469331667	6.979371772438647e-13
2.470537958	8.246583095963511e-13
2.47174425	8.07272516888422e-13
2.472950541	7.28985445939595e-13
2.474156832	6.948495663611305e-13
2.475363123	7.108669514197191e-13
2.476569415	7.84443682074326e-13
2.477775706	9.768819556090353e-13
2.478981997	1.3417935563135575e-12
2.480188289	1.8477763767886278e-12
2.48139458	2.274712299089098e-12
2.482600871	2.548804586765029e-12
2.483807163	2.742086712805715e-12
2.485013454	2.9168791055686424e-12
2.486219745	3.110182287894111e-12
2.487426037	3.2193029444184436e-12
2.488632328	3.365608625649852e-12
2.489838619	3.707629661659124e-12
2.491044911	3.8754314334576356e-12
2.492251202	3.5122757326892153e-12
2.493457493	2.8418310990779356e-12
2.494663785	2.158267487566533e-12
2.495870076	1.6497009556791588e-12
2.497076367	1.38239738164851e-12