0.45	9.261239157026686e-15
0.451153288	9.011986992388735e-15
0.452306575	8.88383465864666e-15
0.453459863	8.663707358052715e-15
0.454613151	8.490153466254247e-15
0.455766439	8.438752882318873e-15
0.456919726	8.496411192705164e-15
0.458073014	8.161936185811221e-15
0.459226302	8.332760291870676e-15
0.46037959	8.960847856416245e-15
0.461532877	9.29666274609655e-15
0.462686165	8.768557028991649e-15
0.463839453	9.072290579635903e-15
0.464992741	9.291505068976921e-15
0.466146028	9.389206614232639e-15
0.467299316	9.329461770263182e-15
0.468452604	9.211079427959609e-15
0.469605892	9.028964934669879e-15
0.470759179	9.291634280273085e-15
0.471912467	8.829810654724472e-15
0.473065755	9.143020580417454e-15
0.474219043	9.163120396958326e-15
0.47537233	9.11028432265127e-15
0.476525618	9.178844476800427e-15
0.477678906	8.491638879591304e-15
0.478832194	8.549845761269234e-15
0.479985481	8.058505257872657e-15
0.481138769	7.679607383381561e-15
0.482292057	7.530001619753977e-15
0.483445345	7.369179106367365e-15
0.484598632	6.7238510546911716e-15
0.48575192	5.282944638851486e-15
0.486905208	6.1632870682150655e-15
0.488058495	7.446021996891493e-15
0.489211783	8.522362505706846e-15
0.490365071	8.54038874728208e-15
0.491518359	8.716297462516651e-15
0.492671646	8.39072703299336e-15
0.493824934	8.480186132940738e-15
0.494978222	8.431191170151362e-15
0.49613151	8.742684002201012e-15
0.497284797	8.302012259630429e-15
0.498438085	8.298607247435587e-15
0.499591373	7.467199524101715e-15
0.500744661	7.445395576404471e-15
0.501897948	7.393839643557772e-15
0.503051236	7.261750665019152e-15
0.504204524	7.308053831690688e-15
0.505357812	6.925949890181702e-15
0.506511099	6.768907020987321e-15
0.507664387	6.579323856949941e-15
0.508817675	6.177380113017359e-15
0.509970963	6.047469549153498e-15
0.51112425	6.0464613387907865e-15
0.512277538	6.3810099195496306e-15
0.513430826	6.861319676521241e-15
0.514584114	7.0693563656932226e-15
0.515737401	7.000915901003474e-15
0.516890689	7.367187959535232e-15
0.518043977	7.063799351191681e-15
0.519197265	6.694988764860505e-15
0.520350552	6.4207861027708075e-15
0.52150384	6.278052672541543e-15
0.522657128	6.525293507960582e-15
0.523810415	6.409362298196059e-15
0.524963703	6.344415852015913e-15
0.526116991	6.544303467607809e-15
0.527270279	6.4547767251358286e-15
0.528423566	6.47604690961817e-15
0.529576854	6.717550644401895e-15
0.530730142	6.37252600791038e-15
0.53188343	6.01834516572457e-15
0.533036717	5.8594175990067694e-15
0.534190005	5.479045657083407e-15
0.535343293	5.1147810208597634e-15
0.536496581	4.831946853088194e-15
0.537649868	4.402810514070793e-15
0.538803156	3.854808944061943e-15
0.539956444	3.548065357920215e-15
0.541109732	3.1558446315610606e-15
0.542263019	2.8503259660744193e-15
0.543416307	2.7555935115847123e-15
0.544569595	2.9612878723962696e-15
0.545722883	3.39643196978777e-15
0.54687617	4.1621247335414015e-15
0.548029458	5.009771383343109e-15
0.549182746	5.586769211091926e-15
0.550336034	6.012754054138953e-15
0.551489321	6.1732732931947735e-15
0.552642609	6.194657051853136e-15
0.553795897	5.9843057606014106e-15
0.554949185	5.829590795663003e-15
0.556102472	5.824313663596031e-15
0.55725576	5.701676928442008e-15
0.558409048	5.667376830832854e-15
0.559562335	5.626552589945582e-15
0.560715623	5.64186228876756e-15
0.561868911	5.699275194113342e-15
0.563022199	5.589593110776261e-15
0.564175486	5.480543113568647e-15
0.565328774	5.332288256589452e-15
0.566482062	4.952198977314003e-15
0.56763535	4.533203436113589e-15
0.568788637	4.490425494694005e-15
0.569941925	4.179443198545704e-15
0.571095213	4.058421531724546e-15
0.572248501	3.812036715390298e-15
0.573401788	3.629367431842179e-15
0.574555076	3.3727319235702487e-15
0.575708364	3.221156129296911e-15
0.576861652	3.103895411595094e-15
0.578014939	3.07620874112492e-15
0.579168227	3.289982076487806e-15
0.580321515	3.5504450886278708e-15
0.581474803	3.94967872683038e-15
0.58262809	4.308764420669744e-15
0.583781378	4.669096918870189e-15
0.584934666	4.899773525625187e-15
0.586087954	5.155089672561338e-15
0.587241241	5.0033144202348625e-15
0.588394529	4.87610744143828e-15
0.589547817	5.025411905092021e-15
0.590701105	4.5129990276856375e-15
0.591854392	4.29947754146299e-15
0.59300768	3.920020378868803e-15
0.594160968	3.627353770034598e-15
0.595314256	3.3167212954028146e-15
0.596467543	3.073211887252149e-15
0.597620831	3.0197588898630654e-15
0.598774119	3.048064945408712e-15
0.599927406	3.077308791188192e-15
0.601080694	3.2404465911745207e-15
0.602233982	3.475146733435893e-15
0.60338727	3.5915704311166855e-15
0.604540557	3.693986720173956e-15
0.605693845	3.694415661192631e-15
0.606847133	3.4926004681662592e-15
0.608000421	3.1092531607154507e-15
0.609153708	2.7531632432898684e-15
0.610306996	2.484242933187973e-15
0.611460284	2.19588897047177e-15
0.612613572	1.9373225787071785e-15
0.613766859	1.6446717026177829e-15
0.614920147	1.3470456125055394e-15
0.616073435	1.21445531295996e-15
0.617226723	1.1275254371260153e-15
0.61838001	1.0315569039021144e-15
0.619533298	1.0000549009206692e-15
0.620686586	9.652663862149113e-16
0.621839874	1.0060730571984128e-15
0.622993161	1.0663383556216e-15
0.624146449	1.2193697466453506e-15
0.625299737	1.4866391655484847e-15
0.626453025	1.8256762588138597e-15
0.627606312	2.161485470791513e-15
0.6287596	2.542642263436657e-15
0.629912888	2.876517652464903e-15
0.631066176	3.1009351990050274e-15
0.632219463	3.2750093164508742e-15
0.633372751	3.3632900506114392e-15
0.634526039	3.3313411110306038e-15
0.635679326	3.3124443128789777e-15
0.636832614	3.1930986612344573e-15
0.637985902	3.098766864792969e-15
0.63913919	2.9838465154997544e-15
0.640292477	2.826522684744512e-15
0.641445765	2.6523354250569006e-15
0.642599053	2.5332270469414984e-15
0.643752341	2.4443619399777405e-15
0.644905628	2.3870914318116223e-15
0.646058916	2.4057090298932785e-15
0.647212204	2.4157469005339216e-15
0.648365492	2.314339439021091e-15
0.649518779	2.1962389356375398e-15
0.650672067	2.117796656123521e-15
0.651825355	2.0575716739227123e-15
0.652978643	2.0285131405981724e-15
0.65413193	1.9490651363475105e-15
0.655285218	1.665072014157614e-15
0.656438506	1.2987188623517213e-15
0.657591794	1.581771075179928e-15
0.658745081	1.6489872028636723e-15
0.659898369	1.5342079275844721e-15
0.661051657	1.4208054653950412e-15
0.662204945	1.3586502590818204e-15
0.663358232	1.2867036378674866e-15
0.66451152	1.205021591273533e-15
0.665664808	1.1383650696134654e-15
0.666818096	1.09547628401661e-15
0.667971383	1.0693767632336292e-15
0.669124671	1.0842440094768654e-15
0.670277959	1.1432848645115074e-15
0.671431246	1.2473727833154965e-15
0.672584534	1.3937344939354889e-15
0.673737822	1.5604145217417333e-15
0.67489111	1.7597866293219143e-15
0.676044397	1.9812070864710527e-15
0.677197685	2.166559080067318e-15
0.678350973	2.2232363078659913e-15
0.679504261	2.159030023140154e-15
0.680657548	1.9606414493748025e-15
0.681810836	1.7221129527321047e-15
0.682964124	1.5305612159052372e-15
0.684117412	1.4515468838880872e-15
0.685270699	1.4625905024307065e-15
0.686423987	1.5190774000642873e-15
0.687577275	1.5837188476510624e-15
0.688730563	1.6545835700185975e-15
0.68988385	1.7169178184375396e-15
0.691037138	1.7622067899654056e-15
0.692190426	1.7790323259214972e-15
0.693343714	1.7422957710103213e-15
0.694497001	1.6536575496956032e-15
0.695650289	1.5095703755140323e-15
0.696803577	1.3192391448916946e-15
0.697956865	1.1194545795329833e-15
0.699110152	9.506043739754834e-16
0.70026344	8.206542648786205e-16
0.701416728	7.259725891202885e-16
0.702570016	6.674219356674346e-16
0.703723303	6.454082525678638e-16
0.704876591	6.586806011470166e-16
0.706029879	7.011383053689514e-16
0.707183166	7.694283636732342e-16
0.708336454	8.448211292796097e-16
0.709489742	9.054057790493301e-16
0.71064303	9.513292433188352e-16
0.711796317	9.9981789080657e-16
0.712949605	1.0387396099478571e-15
0.714102893	1.0205663151646321e-15
0.715256181	9.411395167933877e-16
0.716409468	7.926868995677778e-16
0.717562756	6.037372546070598e-16
0.718716044	4.613592770997953e-16
0.719869332	3.9607134792143306e-16
0.721022619	3.768388403250804e-16
0.722175907	3.6593973615729147e-16
0.723329195	3.44023095765696e-16
0.724482483	3.2438750369525605e-16
0.72563577	3.0220538195780883e-16
0.726789058	2.8514091716095056e-16
0.727942346	2.762603629706641e-16
0.729095634	2.8089215965958825e-16
0.730248921	2.9212621190557286e-16
0.731402209	3.062100516195048e-16
0.732555497	3.239666483778872e-16
0.733708785	3.4364901075115464e-16
0.734862072	3.640862309157474e-16
0.73601536	3.9235662955621338e-16
0.737168648	4.284163220244883e-16
0.738321936	4.878495747271824e-16
0.739475223	5.726751735882432e-16
0.740628511	6.906205687820524e-16
0.741781799	8.263051319563705e-16
0.742935086	9.692503257990584e-16
0.744088374	1.0906177423264875e-15
0.745241662	1.1904899160774185e-15
0.74639495	1.2210328397940307e-15
0.747548237	1.2328268866848015e-15
0.748701525	1.2404555453725893e-15
0.749854813	1.2411588306926464e-15
0.751008101	1.2438448456320725e-15
0.752161388	1.2626412792110148e-15
0.753314676	1.277890224606633e-15
0.754467964	1.2845979186489173e-15
0.755621252	1.2421467873276452e-15
0.756774539	1.1570821733645112e-15
0.757927827	1.0993753059361943e-15
0.759081115	1.0605746842376063e-15
0.760234403	9.664020831009636e-16
0.76138769	8.010139836265773e-16
0.762540978	6.627143345551661e-16
0.763694266	6.10172808226715e-16
0.764847554	5.754885062402979e-16
0.766000841	5.624280022563596e-16
0.767154129	5.679646912249383e-16
0.768307417	5.744759791480238e-16
0.769460705	5.72584456244165e-16
0.770613992	5.622329041261454e-16
0.77176728	5.443388020607877e-16
0.772920568	5.085332759332676e-16
0.774073856	4.729139174238239e-16
0.775227143	4.463148563928755e-16
0.776380431	4.1473721735116036e-16
0.777533719	3.737722010643409e-16
0.778687006	3.6979544283873357e-16
0.779840294	3.425496042311116e-16
0.780993582	3.127858447760667e-16
0.78214687	2.926634271759478e-16
0.783300157	2.841248862972412e-16
0.784453445	2.8448797416232323e-16
0.785606733	2.9281874996175994e-16
0.786760021	3.0223054215193804e-16
0.787913308	3.0497686908218075e-16
0.789066596	3.0748393231330783e-16
0.790219884	3.070554003539537e-16
0.791373172	3.0328023118701476e-16
0.792526459	2.9051534887849704e-16
0.793679747	2.7766823877062655e-16
0.794833035	2.638913342076692e-16
0.795986323	2.5485863942458303e-16
0.79713961	2.501616625213539e-16
0.798292898	2.476001262904196e-16
0.799446186	2.468491360351704e-16
0.800599474	2.4632400923494598e-16
0.801752761	2.4708632724392866e-16
0.802906049	2.539036529279805e-16
0.804059337	2.669214599913057e-16
0.805212625	2.8205757639972485e-16
0.806365912	2.956979609736037e-16
0.8075192	3.102903504200657e-16
0.808672488	3.249547084957814e-16
0.809825776	3.362089400338302e-16
0.810979063	3.4729240978032376e-16
0.812132351	3.658074529151727e-16
0.813285639	3.861227174029959e-16
0.814438926	4.058407122460501e-16
0.815592214	4.2587443963931297e-16
0.816745502	4.545795588953805e-16
0.81789879	5.016997290967189e-16
0.819052077	5.522699390851724e-16
0.820205365	6.068437184239133e-16
0.821358653	6.48260470379304e-16
0.822511941	6.4533044848337e-16
0.823665228	6.542841814674744e-16
0.824818516	6.607183143508727e-16
0.825971804	6.520008401365759e-16
0.827125092	6.615742774572901e-16
0.828278379	6.893417956434077e-16
0.829431667	7.421302105864703e-16
0.830584955	7.940698780711005e-16
0.831738243	8.096411090550431e-16
0.83289153	7.629122195029424e-16
0.834044818	6.462680109103754e-16
0.835198106	5.035869225597858e-16
0.836351394	3.835347239181969e-16
0.837504681	3.091957854050054e-16
0.838657969	2.7520202588227845e-16
0.839811257	2.61050340319195e-16
0.840964545	2.639402116761132e-16
0.842117832	2.8470352759967093e-16
0.84327112	2.99708942992342e-16
0.844424408	3.0261479476310993e-16
0.845577696	3.3309582497617925e-16
0.846730983	3.266438596452474e-16
0.847884271	3.625646824226935e-16
0.849037559	3.7211384331569134e-16
0.850190847	3.106359630689104e-16
0.851344134	3.094392502881639e-16
0.852497422	3.151571391846356e-16
0.85365071	2.515997977014643e-16
0.854803997	1.890092098954844e-16
0.855957285	2.338861283352715e-16
0.857110573	2.6793021960765387e-16
0.858263861	2.5950881944579905e-16
0.859417148	2.262672098243494e-16
0.860570436	2.272541753596255e-16
0.861723724	2.5735875169931775e-16
0.862877012	2.7198073646283088e-16
0.864030299	2.761693651882636e-16
0.865183587	2.578987826385115e-16
0.866336875	1.9837121177572083e-16
0.867490163	2.2508765163389906e-16
0.86864345	2.889733119609315e-16
0.869796738	3.2798640797066423e-16
0.870950026	3.357080137084715e-16
0.872103314	3.443244165937187e-16
0.873256601	3.371142370691061e-16
0.874409889	2.9288881753458453e-16
0.875563177	2.891958843875673e-16
0.876716465	3.5476684548554026e-16
0.877869752	3.6497388323404926e-16
0.87902304	3.459330796135589e-16
0.880176328	3.328298210242019e-16
0.881329616	3.247621094661081e-16
0.882482903	3.128689021592694e-16
0.883636191	2.971321063055904e-16
0.884789479	2.778286830464336e-16
0.885942767	2.329981677848731e-16
0.887096054	2.461234250613609e-16
0.888249342	2.997709174635991e-16
0.88940263	3.234872085700307e-16
0.890555917	3.222920992709051e-16
0.891709205	3.178259685336178e-16
0.892862493	3.1106999285559177e-16
0.894015781	3.1482360784766446e-16
0.895169068	3.196649323294736e-16
0.896322356	3.249058015078655e-16
0.897475644	3.3281932857641034e-16
0.898628932	3.2820918046343765e-16
0.899782219	3.1759955155016217e-16
0.900935507	2.877717795509943e-16
0.902088795	3.1513510684339056e-16
0.903242083	4.0905201002251586e-16
0.90439537	4.468228964473976e-16
0.905548658	4.363248812043737e-16
0.906701946	4.167636072861767e-16
0.907855234	4.181427998806103e-16
0.909008521	4.2633639323786425e-16
0.910161809	4.4354793666409415e-16
0.911315097	4.592777325339534e-16
0.912468385	4.580685902380264e-16
0.913621672	4.488589445586402e-16
0.91477496	4.642122676993467e-16
0.915928248	4.727390761657347e-16
0.917081536	5.076568805853159e-16
0.918234823	5.331414704455498e-16
0.919388111	5.494469668786296e-16
0.920541399	5.481281895039758e-16
0.921694687	5.030899882306727e-16
0.922847974	4.536798161104759e-16
0.924001262	5.380843880600541e-16
0.92515455	6.484052400826723e-16
0.926307837	6.948706140044466e-16
0.927461125	7.417868233479476e-16
0.928614413	7.67903947341049e-16
0.929767701	7.827560045854173e-16
0.930920988	8.019829475742416e-16
0.932074276	8.118417325388996e-16
0.933227564	8.541018695388356e-16
0.934380852	8.620102597634624e-16
0.935534139	9.263738918544818e-16
0.936687427	9.627742667080666e-16
0.937840715	9.661191867216516e-16
0.938994003	1.0342571391189874e-15
0.94014729	1.0176333148429866e-15
0.941300578	9.656872193307433e-16
0.942453866	9.221500258720122e-16
0.943607154	8.679845831013117e-16
0.944760441	8.575954485173312e-16
0.945913729	8.619344687202866e-16
0.947067017	9.005046440156425e-16
0.948220305	8.940657339606175e-16
0.949373592	8.753999636751234e-16
0.95052688	8.508353025211138e-16
0.951680168	8.291742701908296e-16
0.952833456	7.960076821174296e-16
0.953986743	7.8302757727144e-16
0.955140031	7.841315192042029e-16
0.956293319	9.13970944921767e-16
0.957446607	1.0104277234702663e-15
0.958599894	9.94437829616202e-16
0.959753182	1.0011790894095692e-15
0.96090647	1.0314337831346183e-15
0.962059757	1.0237099987101795e-15
0.963213045	1.0379019186620537e-15
0.964366333	1.0316967742456415e-15
0.965519621	1.024701236178572e-15
0.966672908	1.0052405208155558e-15
0.967826196	1.0168055779791571e-15
0.968979484	1.013793393950186e-15
0.970132772	0.
0.971286059	0.
0.972439347	0.
0.973592635	0.
0.974745923	0.
0.97589921	0.
0.977052498	0.
0.978205786	0.
0.979359074	0.
0.980512361	0.
0.981665649	0.
0.982818937	0.
0.983972225	0.
0.985125512	0.
0.9862788	0.
0.987432088	0.
0.988585376	0.
0.989738663	0.
0.990891951	0.
0.992045239	0.
0.993198527	0.
0.994351814	0.
0.995505102	0.
0.99665839	0.
0.997811677	5.532414207253277e-17
0.998964965	5.388660606947768e-17
1.000118253	5.218141949349837e-17
1.001271541	4.785292476902457e-17
1.002424828	4.41578051183059e-17
1.003578116	4.0189984751161854e-17
1.004731404	3.711465906431072e-17
1.005884692	3.698395942062478e-17
1.007037979	3.820844802251259e-17
1.008191267	3.832756566936802e-17
1.009344555	4.017488484038861e-17
1.010497843	4.2260111639531503e-17
1.01165113	4.387806742821696e-17
1.012804418	4.5813438055463387e-17
1.013957706	4.805455530057657e-17
1.015110994	4.9625474173211507e-17
1.016264281	5.0854474992807824e-17
1.017417569	5.144066904335126e-17
1.018570857	5.129714710078291e-17
1.019724145	5.1715171837845144e-17
1.020877432	5.245131414380832e-17
1.02203072	5.270688428529145e-17
1.023184008	5.3257226514292416e-17
1.024337296	5.4028605061571455e-17
1.025490583	5.5005926074758444e-17
1.026643871	5.570119708278598e-17
1.027797159	5.616966791430216e-17
1.028950447	5.725507584394267e-17
1.030103734	5.880853395788756e-17
1.031257022	5.984303593340376e-17
1.03241031	6.143924147273625e-17
1.033563597	6.463093091571233e-17
1.034716885	6.731042338388565e-17
1.035870173	6.924045475538564e-17
1.037023461	7.29840736578855e-17
1.038176748	7.77830091490627e-17
1.039330036	8.171447028601177e-17
1.040483324	8.580114853452691e-17
1.041636612	9.06929489941585e-17
1.042789899	9.544615428474428e-17
1.043943187	9.956651272239713e-17
1.045096475	1.0431108879262587e-16
1.046249763	1.0915516787528799e-16
1.04740305	1.1231521359919498e-16
1.048556338	1.154304796207441e-16
1.049709626	1.1884199728464495e-16
1.050862914	1.228701660247925e-16
1.052016201	1.2700143945210157e-16
1.053169489	1.3208388352161359e-16
1.054322777	1.3733902168947738e-16
1.055476065	1.4156311997258882e-16
1.056629352	1.472855320844861e-16
1.05778264	1.5529181727485338e-16
1.058935928	1.6131432342226223e-16
1.060089216	1.6509220389608154e-16
1.061242503	1.6860067899545421e-16
1.062395791	1.7603922315736525e-16
1.063549079	1.8374151928503517e-16
1.064702367	1.899678049966763e-16
1.065855654	1.9567428212295242e-16
1.067008942	2.0082677534058198e-16
1.06816223	2.059447554483228e-16
1.069315517	2.117545075435274e-16
1.070468805	2.1555156658242723e-16
1.071622093	2.1489218187846902e-16
1.072775381	2.13929310592049e-16
1.073928668	2.135980786227653e-16
1.075081956	2.1085251635812325e-16
1.076235244	2.0629200951248636e-16
1.077388532	2.021906413139525e-16
1.078541819	1.9615102080187648e-16
1.079695107	1.871234837255366e-16
1.080848395	1.8111643110401673e-16
1.082001683	1.7724053495210643e-16
1.08315497	1.6823356449345165e-16
1.084308258	1.560302830758602e-16
1.085461546	1.4320770235952848e-16
1.086614834	1.325273245613428e-16
1.087768121	1.2419773364335729e-16
1.088921409	1.108461133942272e-16
1.090074697	9.484331276096674e-17
1.091227985	8.172543498676256e-17
1.092381272	7.135982043974527e-17
1.09353456	6.442676972251375e-17
1.094687848	5.776372341467983e-17
1.095841136	5.094071358698354e-17
1.096994423	4.639935054307694e-17
1.098147711	4.357866661967946e-17
1.099300999	4.1006911016342076e-17
1.100454287	3.9257897372830247e-17
1.101607574	3.883239619516943e-17
1.102760862	3.836528975388384e-17
1.10391415	3.7341769642294556e-17
1.105067438	3.6382064049317515e-17
1.106220725	3.547484476601422e-17
1.107374013	3.4442409833514076e-17
1.108527301	3.315506512389425e-17
1.109680588	3.159273121393122e-17
1.110833876	3.0030829482595694e-17
1.111987164	2.8492342790808604e-17
1.113140452	2.6825697132857665e-17
1.114293739	2.511012622781392e-17
1.115447027	2.348042380881548e-17
1.116600315	2.1990532730152678e-17
1.117753603	2.0763967058371507e-17
1.11890689	1.9883243971941098e-17
1.120060178	1.917973586655739e-17
1.121213466	1.8207394537460614e-17
1.122366754	1.7086233794896204e-17
1.123520041	1.6137527362607532e-17
1.124673329	1.5369177629389774e-17
1.125826617	1.4753870858099016e-17
1.126979905	1.3991269048749683e-17
1.128133192	1.3226162761261452e-17
1.12928648	1.2820978494238718e-17
1.130439768	1.2615838074050608e-17
1.131593056	1.2457049969018187e-17
1.132746343	1.2466675678186147e-17
1.133899631	1.2652527383903277e-17
1.135052919	1.2804692171426877e-17
1.136206207	1.2945970515242694e-17
1.137359494	1.3289664121082022e-17
1.138512782	1.3635247559341264e-17
1.13966607	1.392568533469502e-17
1.140819358	1.418144332318039e-17
1.141972645	1.4320138204360363e-17
1.143125933	1.440103847894872e-17
1.144279221	1.4236373632433422e-17
1.145432508	1.3642339282934775e-17
1.146585796	1.2843465585422728e-17
1.147739084	1.1962942693227077e-17
1.148892372	1.0933146474244986e-17
1.150045659	9.871464298692536e-18
1.151198947	8.904764923679865e-18
1.152352235	8.063639710038274e-18
1.153505523	7.367809074894652e-18
1.15465881	6.844188317058823e-18
1.155812098	6.48004353091165e-18
1.156965386	6.197418644827932e-18
1.158118674	5.966334851729677e-18
1.159271961	5.8967952634923546e-18
1.160425249	5.9809009505772786e-18
1.161578537	6.193122043183838e-18
1.162731825	6.53199588229556e-18
1.163885112	6.965825179755627e-18
1.1650384	7.548519937280372e-18
1.166191688	8.271302159265264e-18
1.167344976	9.072349212017976e-18
1.168498263	9.971832198014195e-18
1.169651551	1.0965567689643987e-17
1.170804839	1.1793240107933416e-17
1.171958127	1.2326559213840911e-17
1.173111414	1.2656072235521366e-17
1.174264702	1.2803686749250763e-17
1.17541799	1.2849546232432533e-17
1.176571278	1.2631708202284e-17
1.177724565	1.2143041365929524e-17
1.178877853	1.1472757202473829e-17
1.180031141	1.0728157321484769e-17
1.181184428	1.0189260133591822e-17
1.182337716	9.821822745832065e-18
1.183491004	9.598401200261062e-18
1.184644292	9.33458730073528e-18
1.185797579	8.96577698235838e-18
1.186950867	8.95011140512235e-18
1.188104155	9.294719799722212e-18
1.189257443	9.59150073067309e-18
1.19041073	9.906091211467605e-18
1.191564018	1.0380778066149772e-17
1.192717306	1.092860937597704e-17
1.193870594	1.1507757317102759e-17
1.195023881	1.2108459905980914e-17
1.196177169	1.270495884614546e-17
1.197330457	1.3417835566998157e-17
1.198483745	1.3878411036197672e-17
1.199637032	1.3778418081635229e-17
1.20079032	1.3612583297798361e-17
1.201943608	1.3662003257572136e-17
1.203096896	1.4291913136509238e-17
1.204250183	1.5245973986139283e-17
1.205403471	1.5753359963239445e-17
1.206556759	1.6475848760873104e-17
1.207710047	1.7974838857371238e-17
1.208863334	1.9242087817706743e-17
1.210016622	1.9918661275085243e-17
1.21116991	2.0496936950062285e-17
1.212323198	2.0936529100095906e-17
1.213476485	2.1291355483215755e-17
1.214629773	2.1537933431998694e-17
1.215783061	2.1681463396584675e-17
1.216936348	2.1796990388645533e-17
1.218089636	2.1842806852221658e-17
1.219242924	2.1764903681144303e-17
1.220396212	2.158326868069262e-17
1.221549499	2.1292035330965333e-17
1.222702787	2.089197903610168e-17
1.223856075	2.0390039018205268e-17
1.225009363	1.967198641240792e-17
1.22616265	1.8818014387699912e-17
1.227315938	1.8082354859296514e-17
1.228469226	1.7348326925365268e-17
1.229622514	1.6542561823113433e-17
1.230775801	1.5946975004537397e-17
1.231929089	1.5602566240108853e-17
1.233082377	1.5362469165235932e-17
1.234235665	1.5219674026287215e-17
1.235388952	1.5222251389436322e-17
1.23654224	1.535759552666835e-17
1.237695528	1.5611796997731084e-17
1.238848816	1.6071480224274265e-17
1.240002103	1.675098942930479e-17
1.241155391	1.749815360380554e-17
1.242308679	1.833576015921647e-17
1.243461967	1.9363199558287954e-17
1.244615254	2.051041929757242e-17
1.245768542	2.1731836590645263e-17
1.24692183	2.3103791479773538e-17
1.248075118	2.462327240711705e-17
1.249228405	2.6206556175132095e-17
1.250381693	2.7919814962621455e-17
1.251534981	2.996685443872659e-17
1.252688268	3.2028693607870925e-17
1.253841556	3.367876969682802e-17
1.254994844	3.5139390847200135e-17
1.256148132	3.6238833304312655e-17
1.257301419	3.664634111488302e-17
1.258454707	3.669703857575341e-17
1.259607995	3.652134571827379e-17
1.260761283	3.6526149277780525e-17
1.26191457	3.693897009452675e-17
1.263067858	3.747086408327861e-17
1.264221146	3.812863983919769e-17
1.265374434	3.8906273229106805e-17
1.266527721	3.99416150999989e-17
1.267681009	4.147154255561525e-17
1.268834297	4.2895694923333034e-17
1.269987585	4.4075282926500556e-17
1.271140872	4.566525149320616e-17
1.27229416	4.756697810783154e-17
1.273447448	4.962047509411179e-17
1.274600736	5.1541662851150743e-17
1.275754023	5.30155350982075e-17
1.276907311	5.4326051193579665e-17
1.278060599	5.5308764493233166e-17
1.279213887	5.562571865462385e-17
1.280367174	5.635866708840429e-17
1.281520462	5.995978380717838e-17
1.28267375	6.12334731175332e-17
1.283827038	5.767288632015567e-17
1.284980325	5.5183320816407476e-17
1.286133613	5.432907773735479e-17
1.287286901	5.341180965112686e-17
1.288440188	5.223388777345147e-17
1.289593476	5.115731949492992e-17
1.290746764	4.977410562272421e-17
1.291900052	4.7962010840495835e-17
1.293053339	4.637824622125983e-17
1.294206627	4.4847844277545145e-17
1.295359915	4.275714300498718e-17
1.296513203	4.0386710863284233e-17
1.29766649	3.7986237350192037e-17
1.298819778	3.5226625116355854e-17
1.299973066	3.21992951029033e-17
1.301126354	2.945953795169068e-17
1.302279641	2.6983679294951396e-17
1.303432929	2.4601413556915748e-17
1.304586217	2.234232888254343e-17
1.305739505	2.0287094558753917e-17
1.306892792	1.866439550000294e-17
1.30804608	1.742074832344303e-17
1.309199368	1.6398531214278814e-17
1.310352656	1.5588291060677697e-17
1.311505943	1.5081524955399154e-17
1.312659231	1.4514299168949347e-17
1.313812519	1.3721145689376048e-17
1.314965807	1.3135746364714088e-17
1.316119094	1.270814088470918e-17
1.317272382	1.1982571182060053e-17
1.31842567	1.1198175670794407e-17
1.319578958	1.062445687618049e-17
1.320732245	1.0164768602570278e-17
1.321885533	9.782553628706938e-18
1.323038821	9.404160312234968e-18
1.324192108	9.032882157035018e-18
1.325345396	8.754685307954742e-18
1.326498684	8.534451982977053e-18
1.327651972	8.336321890650096e-18
1.328805259	8.25080220616979e-18
1.329958547	8.26440875291306e-18
1.331111835	8.263068758680658e-18
1.332265123	8.226722893465659e-18
1.33341841	8.140373236435815e-18
1.334571698	8.070437213196427e-18
1.335724986	8.069364198196976e-18
1.336878274	8.03628891023448e-18
1.338031561	7.940383420152089e-18
1.339184849	7.845844100771538e-18
1.340338137	7.724353605668085e-18
1.341491425	7.505936357909735e-18
1.342644712	7.277495093807395e-18
1.343798	7.078110877786974e-18
1.344951288	6.894188277225069e-18
1.346104576	6.712289669927301e-18
1.347257863	6.487630992892357e-18
1.348411151	6.254514170325504e-18
1.349564439	6.077019140922505e-18
1.350717727	5.8811061032046566e-18
1.351871014	5.650912585736493e-18
1.353024302	5.4652545814663524e-18
1.35417759	5.3643572886164525e-18
1.355330878	5.403737860926361e-18
1.356484165	5.573021896686808e-18
1.357637453	5.903982683780978e-18
1.358790741	6.786615108134438e-18
1.359944028	8.54542857196986e-18
1.361097316	1.138869431190947e-17
1.362250604	1.5003107498069668e-17
1.363403892	1.8179541020577188e-17
1.364557179	2.1179903881921e-17
1.365710467	2.3052339393850886e-17
1.366863755	2.3570932882117886e-17
1.368017043	2.3019005685376834e-17
1.36917033	2.1912412569634513e-17
1.370323618	1.9317258685305322e-17
1.371476906	1.5884812082989462e-17
1.372630194	1.2567952038514323e-17
1.373783481	9.869284699725817e-18
1.374936769	8.288252167321319e-18
1.376090057	7.295865565192426e-18
1.377243345	6.5272388380257445e-18
1.378396632	5.846266745465527e-18
1.37954992	5.301902706090128e-18
1.380703208	4.8957455506757615e-18
1.381856496	4.8165973177852765e-18
1.383009783	5.3296837234225104e-18
1.384163071	6.1768460358262875e-18
1.385316359	6.941258426239457e-18
1.386469647	6.531493951257822e-18
1.387622934	5.452529305875191e-18
1.388776222	4.7610094769563356e-18
1.38992951	4.378413441209727e-18
1.391082798	4.247125305259546e-18
1.392236085	4.2615960117860404e-18
1.393389373	4.306763650553617e-18
1.394542661	4.2995971913653294e-18
1.395695949	4.0762026961981144e-18
1.396849236	3.681822499629352e-18
1.398002524	3.2561690793812477e-18
1.399155812	2.9152586993359452e-18
1.400309099	2.734477357377455e-18
1.401462387	2.6097912937248265e-18
1.402615675	2.5133719069294738e-18
1.403768963	2.436521539192871e-18
1.40492225	2.3062028992946645e-18
1.406075538	2.15915632493005e-18
1.407228826	2.0516577891844767e-18
1.408382114	2.027395838695083e-18
1.409535401	2.0869717081886615e-18
1.410688689	2.3118110730220517e-18
1.411841977	2.706528817578918e-18
1.412995265	3.2147817941819277e-18
1.414148552	3.833199319164084e-18
1.41530184	4.376499778060748e-18
1.416455128	4.804772559824053e-18
1.417608416	5.104813965815671e-18
1.418761703	5.245385314265616e-18
1.419914991	5.342499666484331e-18
1.421068279	5.4582052742066114e-18
1.422221567	5.604554231711693e-18
1.423374854	5.692889251166172e-18
1.424528142	5.753681549805648e-18
1.42568143	5.8783715518971725e-18
1.426834718	5.94232593320938e-18
1.427988005	5.918196060761314e-18
1.429141293	5.896325650033459e-18
1.430294581	5.905217347563483e-18
1.431447869	6.0036474243889126e-18
1.432601156	6.1972597677427684e-18
1.433754444	6.441575777929841e-18
1.434907732	6.669256870728085e-18
1.436061019	6.809431902708833e-18
1.437214307	6.87023853408102e-18
1.438367595	6.896658909614656e-18
1.439520883	7.01605944896593e-18
1.44067417	7.02799910688153e-18
1.441827458	6.789275833619247e-18
1.442980746	6.5949986988713095e-18
1.444134034	6.464656306373516e-18
1.445287321	6.140082305964488e-18
1.446440609	5.770113502298649e-18
1.447593897	5.541961557920028e-18
1.448747185	5.398443024074489e-18
1.449900472	5.414371600034924e-18
1.45105376	5.592798321327596e-18
1.452207048	5.863851418872462e-18
1.453360336	6.120982037553969e-18
1.454513623	6.314359702455704e-18
1.455666911	6.519890147176106e-18
1.456820199	6.680789289030059e-18
1.457973487	6.716320811395458e-18
1.459126774	6.748020264833384e-18
1.460280062	6.81293261817501e-18
1.46143335	6.9195510987483245e-18
1.462586638	7.017310892283333e-18
1.463739925	7.045075953402525e-18
1.464893213	7.070367141657994e-18
1.466046501	7.09979469307421e-18
1.467199789	7.080457082610883e-18
1.468353076	7.049587422135918e-18
1.469506364	7.049395881889529e-18
1.470659652	7.034581774373456e-18
1.471812939	6.937031249002696e-18
1.472966227	6.780102188476167e-18
1.474119515	6.55081480647326e-18
1.475272803	6.181900106647875e-18
1.47642609	6.232883916175473e-18
1.477579378	6.3211260836884676e-18
1.478732666	6.367868353147468e-18
1.479885954	6.306583729957819e-18
1.481039241	6.450281842320854e-18
1.482192529	6.738787752954828e-18
1.483345817	6.87258487208872e-18
1.484499105	7.155118779535154e-18
1.485652392	7.335902239100613e-18
1.48680568	7.95345734307432e-18
1.487958968	8.994915680367677e-18
1.489112256	9.174003389198323e-18
1.490265543	9.037642667358578e-18
1.491418831	9.274812784171199e-18
1.492572119	9.612348539933035e-18
1.493725407	9.690889405411337e-18
1.494878694	9.732325322537046e-18
1.496031982	9.875588335779558e-18
1.49718527	9.707417565938687e-18
1.498338558	9.23230961262202e-18
1.499491845	8.598705980150576e-18
1.500645133	8.200944302064665e-18
1.501798421	7.949479623279989e-18
1.502951709	7.899644066696462e-18
1.504104996	8.389324094883118e-18
1.505258284	9.108468050723865e-18
1.506411572	9.757728694863924e-18
1.507564859	9.9744021422794e-18
1.508718147	9.944911672876216e-18
1.509871435	9.784909548838767e-18
1.511024723	9.69431109105399e-18
1.51217801	9.743945180046412e-18
1.513331298	9.8178524759089e-18
1.514484586	9.921291300573452e-18
1.515637874	9.995824867676474e-18
1.516791161	1.0197995254411894e-17
1.517944449	1.056485162754411e-17
1.519097737	1.0994520521886711e-17
1.520251025	1.1438311258413192e-17
1.521404312	1.1917018555019264e-17
1.5225576	1.2354678274806352e-17
1.523710888	1.2501412077141769e-17
1.524864176	1.2441210182016551e-17
1.526017463	1.2304165322621355e-17
1.527170751	1.2356547268249415e-17
1.528324039	1.272373553905995e-17
1.529477327	1.3513238754113556e-17
1.530630614	1.4391789744430347e-17
1.531783902	1.489299741117522e-17
1.53293719	1.5626217091358915e-17
1.534090478	1.660100023800065e-17
1.535243765	1.7006159665846297e-17
1.536397053	1.7081557491062383e-17
1.537550341	1.7279768329745698e-17
1.538703629	1.7329040261910325e-17
1.539856916	1.7222135343877097e-17
1.541010204	1.6836924395649092e-17
1.542163492	1.638935598194277e-17
1.543316779	1.6166380748337217e-17
1.544470067	1.6223141052069788e-17
1.545623355	1.6451462630109932e-17
1.546776643	1.6910839750593564e-17
1.54792993	1.7655550784960327e-17
1.549083218	1.828344781006293e-17
1.550236506	1.866680657518351e-17
1.551389794	1.878977549157156e-17
1.552543081	1.878736981923932e-17
1.553696369	1.8794804186820257e-17
1.554849657	1.844432186870921e-17
1.556002945	1.7816938121537393e-17
1.557156232	1.7350961163314957e-17
1.55830952	1.7137774405602598e-17
1.559462808	1.692772436208514e-17
1.560616096	1.662452145455537e-17
1.561769383	1.5962559864097902e-17
1.562922671	1.5272315902662588e-17
1.564075959	1.4706248751330993e-17
1.565229247	1.4209279580071968e-17
1.566382534	1.4018967285160554e-17
1.567535822	1.406716019498374e-17
1.56868911	1.425091514614583e-17
1.569842398	1.4616158590977356e-17
1.570995685	1.547328120762688e-17
1.572148973	1.6865333807884033e-17
1.573302261	1.8637630144742874e-17
1.574455549	2.0384657612967098e-17
1.575608836	2.1813346315857145e-17
1.576762124	2.3045012913451428e-17
1.577915412	2.3686961496192695e-17
1.579068699	2.360377953278952e-17
1.580221987	2.2999740081965577e-17
1.581375275	2.3405638001626512e-17
1.582528563	2.3887232437751094e-17
1.58368185	2.3139434467205263e-17
1.584835138	2.2291369315862242e-17
1.585988426	2.1599173373541937e-17
1.587141714	2.131049576629081e-17
1.588295001	2.185627421104343e-17
1.589448289	2.277371306031194e-17
1.590601577	2.3271022464438466e-17
1.591754865	2.2390104980828124e-17
1.592908152	2.1439724536770646e-17
1.59406144	2.0932230829950748e-17
1.595214728	2.0978767425665083e-17
1.596368016	2.0959198439178082e-17
1.597521303	1.988712709938698e-17
1.598674591	1.8864155880604554e-17
1.599827879	1.8597193049124196e-17
1.600981167	1.8182294557312787e-17
1.602134454	1.7509208218437617e-17
1.603287742	1.698316362965672e-17
1.60444103	1.6460978739205384e-17
1.605594318	1.597245449639953e-17
1.606747605	1.5227901987575953e-17
1.607900893	1.4224997325398103e-17
1.609054181	1.3451290568815256e-17
1.610207469	1.2836032382695046e-17
1.611360756	1.2144130269608593e-17
1.612514044	1.1441845132789682e-17
1.613667332	1.0696285580036193e-17
1.614820619	1.0033295623979975e-17
1.615973907	9.381282438861917e-18
1.617127195	8.266845131343382e-18
1.618280483	7.134605760170408e-18
1.61943377	6.528594546230504e-18
1.620587058	6.284832655284923e-18
1.621740346	6.145732403218746e-18
1.622893634	6.085576896505744e-18
1.624046921	6.0834288609641945e-18
1.625200209	6.011412566362202e-18
1.626353497	5.870554156227574e-18
1.627506785	5.594636109270807e-18
1.628660072	5.2977373150719026e-18
1.62981336	5.007448245691275e-18
1.630966648	4.692261186471962e-18
1.632119936	4.349166013082583e-18
1.633273223	4.118755847766136e-18
1.634426511	4.0314208131784904e-18
1.635579799	3.981413403481485e-18
1.636733087	3.98693356511938e-18
1.637886374	3.951432030893439e-18
1.639039662	3.832718589479178e-18
1.64019295	3.679032357955922e-18
1.641346238	3.565154398180435e-18
1.642499525	3.528449667756616e-18
1.643652813	3.489198197122756e-18
1.644806101	3.3491442293011085e-18
1.645959389	3.1668215363009794e-18
1.647112676	3.0216206620716654e-18
1.648265964	2.934822808592683e-18
1.649419252	2.902062283240451e-18
1.65057254	2.8806704374322555e-18
1.651725827	2.8386301225824477e-18
1.652879115	2.797113473977235e-18
1.654032403	2.7718947901488914e-18
1.65518569	2.754350783874747e-18
1.656338978	2.7387642301672597e-18
1.657492266	2.72045848150706e-18
1.658645554	2.68582581451005e-18
1.659798841	2.604612208143757e-18
1.660952129	2.41442755526359e-18
1.662105417	2.160284123159967e-18
1.663258705	1.9158462713219446e-18
1.664411992	1.7096611019010171e-18
1.66556528	1.6004273174938576e-18
1.666718568	1.6098756799552796e-18
1.667871856	1.7503820537373422e-18
1.669025143	2.0392604486368836e-18
1.670178431	2.5065570958868785e-18
1.671331719	3.06138165366527e-18
1.672485007	3.576783581061963e-18
1.673638294	3.763278009913436e-18
1.674791582	3.718427470654336e-18
1.67594487	3.632458493347514e-18
1.677098158	3.427088908166442e-18
1.678251445	3.2400096570306376e-18
1.679404733	3.2652974273395273e-18
1.680558021	3.3781627276106872e-18
1.681711309	3.534182123118134e-18
1.682864596	3.5419698440840165e-18
1.684017884	3.3654110742187894e-18
1.685171172	3.1800130905639204e-18
1.68632446	3.035579931536942e-18
1.687477747	2.9344733689307863e-18
1.688631035	2.8659934608092124e-18
1.689784323	2.834495083671444e-18
1.69093761	2.798346200624457e-18
1.692090898	2.6980488648004726e-18
1.693244186	2.6271284703296464e-18
1.694397474	2.574800805909579e-18
1.695550761	2.5573193216468612e-18
1.696704049	2.6135677435753077e-18
1.697857337	2.6898934977844336e-18
1.699010625	2.7817889512439372e-18
1.700163912	2.839312299926523e-18
1.7013172	2.796050899251247e-18
1.702470488	2.6669935554061655e-18
1.703623776	2.4554557128103896e-18
1.704777063	2.1479259257815324e-18
1.705930351	1.7447595753177548e-18
1.707083639	1.324260033212858e-18
1.708236927	9.574956531939753e-19
1.709390214	7.077405245661232e-19
1.710543502	6.627685570888028e-19
1.71169679	9.087153596922491e-19
1.712850078	1.462845863078905e-18
1.714003365	2.3971908078380013e-18
1.715156653	3.874052526909162e-18
1.716309941	5.4949386531001666e-18
1.717463229	6.830092703861072e-18
1.718616516	7.10417342345532e-18
1.719769804	6.133124861572463e-18
1.720923092	4.7022313022181346e-18
1.72207638	3.207425471156828e-18
1.723229667	2.2805865227525566e-18
1.724382955	1.9092427628775393e-18
1.725536243	1.7519891634332687e-18
1.72668953	1.7658111809915983e-18
1.727842818	1.8126995752157717e-18
1.728996106	1.8614091953617812e-18
1.730149394	1.9400025911020207e-18
1.731302681	2.0715986050514024e-18
1.732455969	2.2756277981525742e-18
1.733609257	2.526119333208212e-18
1.734762545	2.7893183911245156e-18
1.735915832	3.002421505365456e-18
1.73706912	3.122124721039525e-18
1.738222408	3.2176101920710284e-18
1.739375696	3.255765964671963e-18
1.740528983	3.2359508070317165e-18
1.741682271	3.163959636094961e-18
1.742835559	3.061923755250746e-18
1.743988847	2.9261994723137183e-18
1.745142134	2.852062446158907e-18
1.746295422	2.867527316329618e-18
1.74744871	2.8783351325058096e-18
1.748601998	2.890766528204863e-18
1.749755285	2.902088377327536e-18
1.750908573	2.8954765083984744e-18
1.752061861	2.8845605211904903e-18
1.753215149	2.8487163709452222e-18
1.754368436	2.7747251731087353e-18
1.755521724	2.6787530901693466e-18
1.756675012	2.5692165299102916e-18
1.7578283	2.4204735954357535e-18
1.758981587	2.23232652006173e-18
1.760134875	2.026580098992009e-18
1.761288163	1.8866291696997985e-18
1.76244145	1.8335118738541835e-18
1.763594738	1.920181312218923e-18
1.764748026	2.1528644943907956e-18
1.765901314	2.4089492449579264e-18
1.767054601	2.6168339739378905e-18
1.768207889	2.6299658449789397e-18
1.769361177	2.4590857956460175e-18
1.770514465	2.2034993288411153e-18
1.771667752	1.9144271970720926e-18
1.77282104	1.7068638589573967e-18
1.773974328	1.5775463773707182e-18
1.775127616	1.5059751007781314e-18
1.776280903	1.4790639329043378e-18
1.777434191	1.4704701391440747e-18
1.778587479	1.4758925408060191e-18
1.779740767	1.4922955575043142e-18
1.780894054	1.5153598655530719e-18
1.782047342	1.499967991579871e-18
1.78320063	1.4973136519644708e-18
1.784353918	1.5479796408930301e-18
1.785507205	1.7044922217111163e-18
1.786660493	2.0404259960378113e-18
1.787813781	2.3733564724271066e-18
1.788967069	2.6390829473383245e-18
1.790120356	2.7539687563975733e-18
1.791273644	2.57442860018819e-18
1.792426932	2.2648706016552747e-18
1.79358022	1.9207777423989176e-18
1.794733507	1.6879627513951767e-18
1.795886795	1.728638847526835e-18
1.797040083	1.925477288164265e-18
1.79819337	2.2412634095140387e-18
1.799346658	2.6139205961795024e-18
1.800499946	3.012430106495148e-18
1.801653234	3.486719960697448e-18
1.802806521	3.971479277491465e-18
1.803959809	4.360235153310546e-18
1.805113097	4.708089279277676e-18
1.806266385	5.102333120442677e-18
1.807419672	5.557169002442486e-18
1.80857296	6.1981155119707535e-18
1.809726248	7.050993467900434e-18
1.810879536	8.08093056277329e-18
1.812032823	9.28951069592573e-18
1.813186111	1.0588988804620171e-17
1.814339399	1.1975907008500604e-17
1.815492687	1.3472596609276029e-17
1.816645974	1.516012194404153e-17
1.817799262	1.7158402908005762e-17
1.81895255	1.8389856062472207e-17
1.820105838	1.8542449401370715e-17
1.821259125	1.917639370910334e-17
1.822412413	2.0228604456451284e-17
1.823565701	2.0904746420496523e-17
1.824718989	2.1712438718850176e-17
1.825872276	2.3051329184751698e-17
1.827025564	2.5022533336776472e-17
1.828178852	2.7283754904007675e-17
1.82933214	2.925393199116161e-17
1.830485427	3.0673099718530636e-17
1.831638715	3.140165499596441e-17
1.832792003	3.1598408905404385e-17
1.83394529	0.
1.835098578	0.
1.836251866	0.
1.837405154	0.
1.838558441	0.
1.839711729	0.
1.840865017	0.
1.842018305	0.
1.843171592	0.
1.84432488	0.
1.845478168	0.
1.846631456	0.
1.847784743	0.
1.848938031	0.
1.850091319	0.
1.851244607	0.
1.852397894	0.
1.853551182	0.
1.85470447	0.
1.855857758	0.
1.857011045	0.
1.858164333	0.
1.859317621	0.
1.860470909	0.
1.861624196	0.
1.862777484	0.
1.863930772	0.
1.86508406	0.
1.866237347	0.
1.867390635	0.
1.868543923	0.
1.86969721	0.
1.870850498	0.
1.872003786	4.152681966040561e-18
1.873157074	4.245121310992102e-18
1.874310361	4.679846393632349e-18
1.875463649	5.5457869708925005e-18
1.876616937	5.656245480624572e-18
1.877770225	-2.455999983923972e-17
1.878923512	8.87188147073718e-18
1.8800768	6.111649800545686e-18
1.881230088	3.728134154549285e-18
1.882383376	1.768105077329499e-18
1.883536663	9.929747343486648e-19
1.884689951	6.213588138575148e-20
1.885843239	1.8672326828153757e-16
1.886996527	9.650588013304102e-18
1.888149814	9.010671292488688e-18
1.889303102	1.0700619712573754e-17
1.89045639	1.6999153215874712e-17
1.891609678	7.340795101834086e-17
1.892762965	-9.710331817391286e-18
1.893916253	1.9543351775121733e-18
1.895069541	4.1356042835775105e-18
1.896222829	4.395380258780717e-18
1.897376116	4.154946090757433e-18
1.898529404	3.6841072042097516e-18
1.899682692	2.8937238510648346e-18
1.90083598	3.97679842900283e-18
1.901989267	6.4989247462548705e-18
1.903142555	8.3324036516134e-18
1.904295843	9.481321288432921e-18
1.905449131	9.446941396232829e-18
1.906602418	8.334074184697138e-18
1.907755706	7.119651049589165e-18
1.908908994	6.03457405286427e-18
1.910062281	5.141423979808429e-18
1.911215569	5.020049800085736e-18
1.912368857	1.6931782354712684e-17
1.913522145	-1.1645831011677995e-17
1.914675432	2.67121691149316e-18
1.91582872	-2.429403685104476e-17
1.916982008	-1.0542371460921809e-17
1.918135296	-5.14818638649565e-18
1.919288583	-1.300352241507966e-18
1.920441871	1.1160065506570487e-18
1.921595159	2.312017864028537e-18
1.922748447	2.830390585974031e-18
1.923901734	3.0025906427157628e-18
1.925055022	2.936204805648045e-18
1.92620831	2.683576945617181e-18
1.927361598	2.252970940207829e-18
1.928514885	1.6713437384163208e-18
1.929668173	1.3027980961264202e-18
1.930821461	1.3326165612967846e-18
1.931974749	1.540299709862541e-18
1.933128036	1.6905878650384793e-18
1.934281324	1.7027017349890442e-18
1.935434612	1.543927426264512e-18
1.9365879	1.2330770548608864e-18
1.937741187	9.304759838536545e-19
1.938894475	9.234294784930764e-19
1.940047763	1.0943334317423947e-18
1.941201051	1.2517415993257896e-18
1.942354338	1.3545703800155562e-18
1.943507626	1.5121316389027604e-18
1.944660914	1.7025383378530848e-18
1.945814201	1.779663092764206e-18
1.946967489	1.5843964614874988e-18
1.948120777	1.281719209837984e-18
1.949274065	1.1081698657999394e-18
1.950427352	1.0650561155554403e-18
1.95158064	1.0847821435781277e-18
1.952733928	1.1156672531804235e-18
1.953887216	1.1156357916569494e-18
1.955040503	1.127683712004495e-18
1.956193791	1.1309005945110805e-18
1.957347079	1.1028231679473072e-18
1.958500367	1.0641941479944238e-18
1.959653654	1.0349126593709003e-18
1.960806942	1.0057365639269732e-18
1.96196023	9.693150131364643e-19
1.963113518	9.059130739799902e-19
1.964266805	7.829178967936696e-19
1.965420093	6.248628452709084e-19
1.966573381	5.504191998473186e-19
1.967726669	6.270825386539563e-19
1.968879956	7.31694990609084e-19
1.970033244	7.7202518738920245e-19
1.971186532	7.409032342186848e-19
1.97233982	7.363432029167307e-19
1.973493107	8.165124184819643e-19
1.974646395	9.16022393562143e-19
1.975799683	9.890651173798809e-19
1.976952971	1.0243988456644258e-18
1.978106258	1.0261524318962988e-18
1.979259546	9.556154872823703e-19
1.980412834	8.468864905835002e-19
1.981566121	7.647490117739199e-19
1.982719409	7.382745765229857e-19
1.983872697	7.387615944102847e-19
1.985025985	7.52235090005613e-19
1.986179272	7.674145411360206e-19
1.98733256	7.50782915199162e-19
1.988485848	7.092442543793522e-19
1.989639136	6.741783445825109e-19
1.990792423	6.450090734442846e-19
1.991945711	6.149825382026539e-19
1.993098999	5.735337801514024e-19
1.994252287	5.046310496070374e-19
1.995405574	3.925722560732011e-19
1.996558862	2.1322188826276146e-19
1.99771215	-9.772681000206928e-21
1.998865438	-1.3752144434406166e-19
2.000018725	1.5218971167319944e-19
2.001172013	8.042944678235942e-19
2.002325301	1.432922120339227e-18
2.003478589	1.6620242977619976e-18
2.004631876	1.4039469052288401e-18
2.005785164	9.22836356570348e-19
2.006938452	5.54437537438159e-19
2.00809174	3.980172543467233e-19
2.009245027	3.869293037179967e-19
2.010398315	4.1946988870697306e-19
2.011551603	4.2358320527601183e-19
2.012704891	4.2261402743251614e-19
2.013858178	4.450661731580021e-19
2.015011466	4.989835483676499e-19
2.016164754	5.668276421846199e-19
2.017318041	6.408583755253923e-19
2.018471329	6.917320133312779e-19
2.019624617	7.070675903414542e-19
2.020777905	6.976713530685588e-19
2.021931192	7.010291516963655e-19
2.02308448	7.271158000525675e-19
2.024237768	7.694761152633965e-19
2.025391056	8.366981564301047e-19
2.026544343	9.031573577102614e-19
2.027697631	9.09609350215216e-19
2.028850919	8.133461662094131e-19
2.030004207	6.839227430406504e-19
2.031157494	6.093748892441033e-19
2.032310782	6.380502225497773e-19
2.03346407	6.764530170510068e-19
2.034617358	6.107554185696139e-19
2.035770645	4.958333849323591e-19
2.036923933	4.931077242285139e-19
2.038077221	6.78277332279266e-19
2.039230509	8.668552457064504e-19
2.040383796	9.723899633223717e-19
2.041537084	9.906050930573768e-19
2.042690372	8.646937526366595e-19
2.04384366	5.479704372399177e-19
2.044996947	2.0351742664503737e-19
2.046150235	7.932978274026368e-20
2.047303523	1.7990007564309285e-19
2.048456811	3.410893887265179e-19
2.049610098	4.1953559443097644e-19
2.050763386	4.571144593331178e-19
2.051916674	4.836727281232187e-19
2.053069961	5.226959148677131e-19
2.054223249	6.033693600854803e-19
2.055376537	7.390559556115649e-19
2.056529825	8.217985208388325e-19
2.057683112	7.742350969452963e-19
2.0588364	6.404741502726758e-19
2.059989688	5.193848286922171e-19
2.061142976	4.745489342280356e-19
2.062296263	4.679099919235023e-19
2.063449551	4.754657839546443e-19
2.064602839	4.646063362333639e-19
2.065756127	4.157828510203285e-19
2.066909414	3.492803610866244e-19
2.068062702	3.207151930663439e-19
2.06921599	3.747337315455891e-19
2.070369278	4.901265192269432e-19
2.071522565	5.829674103267231e-19
2.072675853	6.0964699197464e-19
2.073829141	5.8159727215145895e-19
2.074982429	5.03789542449687e-19
2.076135716	3.954476233424814e-19
2.077289004	3.004157573612433e-19
2.078442292	2.6515524770462843e-19
2.07959558	2.6947397710350677e-19
2.080748867	2.753512557925205e-19
2.081902155	2.658413363961058e-19
2.083055443	2.718361244791137e-19
2.084208731	3.1588266428160524e-19
2.085362018	3.715737997519979e-19
2.086515306	4.0812959768121843e-19
2.087668594	4.1461228750207793e-19
2.088821881	4.068643515789961e-19
2.089975169	4.017643647187489e-19
2.091128457	4.0261144777198514e-19
2.092281745	4.0080407060487515e-19
2.093435032	3.8127882945964995e-19
2.09458832	3.513588819660062e-19
2.095741608	3.206082893052334e-19
2.096894896	2.8919658846804126e-19
2.098048183	2.609213055554849e-19
2.099201471	2.427727294217409e-19
2.100354759	2.4318738852630104e-19
2.101508047	2.6889536418203804e-19
2.102661334	3.0784831129870584e-19
2.103814622	3.40765260831461e-19
2.10496791	3.5212814520089047e-19
2.106121198	3.1708480860959314e-19
2.107274485	2.0730546106017453e-19
2.108427773	4.854011878087638e-20
2.109581061	-9.904059201277899e-20
2.110734349	-1.786701315725102e-19
2.111887636	-1.6607152661839296e-19
2.113040924	-4.481382661710486e-20
2.114194212	1.3776544743007127e-19
2.1153475	2.9741048229940774e-19
2.116500787	3.6606345749644514e-19
2.117654075	3.642649731295864e-19
2.118807363	3.281470259063174e-19
2.119960651	2.904248935953782e-19
2.121113938	2.753632321986175e-19
2.122267226	3.141743296153919e-19
2.123420514	3.7239492250933357e-19
2.124573801	4.006363715995133e-19
2.125727089	3.7959364759519545e-19
2.126880377	3.458273697633043e-19
2.128033665	3.2897983452909083e-19
2.129186952	3.325205466163592e-19
2.13034024	3.5694747142857426e-19
2.131493528	3.9300960934744823e-19
2.132646816	4.2223379950498035e-19
2.133800103	4.2696350743703676e-19
2.134953391	4.167381685644974e-19
2.136106679	4.041912476233732e-19
2.137259967	3.900951694467275e-19
2.138413254	3.7732289742513953e-19
2.139566542	3.780862106276767e-19
2.14071983	3.76564441814922e-19
2.141873118	3.529154315893053e-19
2.143026405	3.0306498889917216e-19
2.144179693	2.5055505674204303e-19
2.145332981	2.1436792493565667e-19
2.146486269	2.1801888996929656e-19
2.147639556	2.8430613837623587e-19
2.148792844	4.1188609469240606e-19
2.149946132	5.275497309922217e-19
2.15109942	5.615805583407259e-19
2.152252707	5.199552380409717e-19
2.153405995	4.375783115782491e-19
2.154559283	3.4967356998248186e-19
2.155712571	2.7573734446030894e-19
2.156865858	2.413887269730906e-19
2.158019146	2.4219086815619097e-19
2.159172434	2.5682097918487407e-19
2.160325722	2.653109753384326e-19
2.161479009	2.668934693559811e-19
2.162632297	2.601010917931042e-19
2.163785585	2.472725475428831e-19
2.164938872	2.4131572797737033e-19
2.16609216	2.5103921343003734e-19
2.167245448	2.5440123134043474e-19
2.168398736	2.577607768765584e-19
2.169552023	2.691667336547686e-19
2.170705311	2.618501053904983e-19
2.171858599	2.15634342887286e-19
2.173011887	1.5399405678913055e-19
2.174165174	1.02468412176988e-19
2.175318462	8.701181167915144e-20
2.17647175	1.2933919462833958e-19
2.177625038	2.449381866189714e-19
2.178778325	3.494436812573943e-19
2.179931613	3.5740067414804695e-19
2.181084901	2.729232249833767e-19
2.182238189	1.7085434809339952e-19
2.183391476	1.1840882272250548e-19
2.184544764	1.1008222598037655e-19
2.185698052	1.2896907538177847e-19
2.18685134	1.504320551064968e-19
2.188004627	1.3659229328607754e-19
2.189157915	3.283269908961208e-20
2.190311203	-8.056032179552113e-20
2.191464491	-8.698140915998062e-20
2.192617778	4.292961742937549e-20
2.193771066	1.8571877619667527e-19
2.194924354	2.580144606903496e-19
2.196077642	2.587429618109291e-19
2.197230929	1.946535014507598e-19
2.198384217	8.234870623916053e-20
2.199537505	-1.937849712129414e-20
2.200690792	-3.789409289197664e-20
2.20184408	1.0805733631538597e-20
2.202997368	7.700689194806654e-20
2.204150656	1.2075355559026112e-19
2.205303943	1.25861497137968e-19
2.206457231	5.45841560990497e-20
2.207610519	-3.9256546190004686e-20
2.208763807	-4.183547869522767e-20
2.209917094	1.020635193878344e-19
2.211070382	2.519490094511461e-19
2.21222367	2.972485803578511e-19
2.213376958	2.4556125853453135e-19
2.214530245	1.558319668385147e-19
2.215683533	7.778211338871651e-20
2.216836821	2.4942655104665753e-20
2.217990109	1.8346269817408025e-20
2.219143396	5.3566605708551675e-20
2.220296684	1.0492216663624292e-19
2.221449972	1.4620386289656503e-19
2.22260326	1.5781114682382782e-19
2.223756547	1.1356508494288683e-19
2.224909835	3.812076584973131e-20
2.226063123	1.5847550854815433e-20
2.227216411	1.293116733848133e-19
2.228369698	2.7927112345708554e-19
2.229522986	3.772602567056817e-19
2.230676274	4.0158357796789375e-19
2.231829562	3.7645813916939166e-19
2.232982849	3.171307816479781e-19
2.234136137	2.433495294668561e-19
2.235289425	1.8207480252206157e-19
2.236442712	1.5053501673357795e-19
2.237596	1.4563688316677323e-19
2.238749288	1.606559934169365e-19
2.239902576	1.8229259827012172e-19
2.241055863	2.009805374691721e-19
2.242209151	2.095140610569346e-19
2.243362439	2.0168769209211785e-19
2.244515727	1.712969465424783e-19
2.245669014	1.3908150142071694e-19
2.246822302	1.3104943626528904e-19
2.24797559	1.5962800174966598e-19
2.249128878	2.051404015962488e-19
2.250282165	2.49422609399156e-19
2.251435453	2.839469569495973e-19
2.252588741	2.9958690434796773e-19
2.253742029	2.924014290552736e-19
2.254895316	2.716969600958224e-19
2.256048604	2.5039910541113497e-19
2.257201892	2.36279366582586e-19
2.25835518	2.3061778013180174e-19
2.259508467	2.322312674953744e-19
2.260661755	2.361983181009932e-19
2.261815043	2.3637195726730254e-19
2.262968331	2.289040934737069e-19
2.264121618	2.178058268948521e-19
2.265274906	2.0983273272022608e-19
2.266428194	1.7939718900639236e-19
2.267581482	8.089888905739259e-20
2.268734769	-7.858209550426662e-20
2.269888057	-1.9487374288021388e-19
2.271041345	-1.2095728162236238e-19
2.272194632	2.256972969245266e-20
2.27334792	1.3141381382616655e-19
2.274501208	1.925599332022308e-19
2.275654496	2.186730811480816e-19
2.276807783	2.154607796744494e-19
2.277961071	1.9516815794334212e-19
2.279114359	1.700089683886364e-19
2.280267647	1.4963021975347418e-19
2.281420934	1.401987440470775e-19
2.282574222	1.4218679187677042e-19
2.28372751	1.5636677368564302e-19
2.284880798	1.8936442930462344e-19
2.286034085	2.3305530311799015e-19
2.287187373	2.632364557151664e-19
2.288340661	2.7321723332307127e-19
2.289493949	1.553261826272714e-19
2.290647236	-2.4997589712125296e-19
2.291800524	-9.226526175571087e-19
2.292953812	-1.4610413903113905e-18
2.2941071	-1.3814042737328205e-18
2.295260387	-8.801879783119379e-19
2.296413675	-3.5587792631920886e-19
2.297566963	-2.1383793998519284e-20
2.298720251	1.626983795521374e-19
2.299873538	1.8720414554324783e-19
2.301026826	1.1741545964431216e-19
2.302180114	4.562854469075483e-20
2.303333402	3.0210971597402735e-20
2.304486689	3.1729297060514163e-20
2.305639977	1.7599454927906128e-20
2.306793265	-2.5219089674821716e-21
2.307946552	-1.1982605093314774e-20
2.30909984	-2.9361017868683063e-21
2.310253128	2.0230555548275635e-20
2.311406416	5.669066570496181e-20
2.312559703	8.88980198935826e-20
2.313712991	9.458804392891499e-20
2.314866279	5.813515210137003e-20
2.316019567	4.639713699198333e-21
2.317172854	-2.4438229291000605e-20
2.318326142	-2.4751678661645364e-20
2.31947943	-2.0208065166828357e-20
2.320632718	-2.983278680797744e-20
2.321786005	-5.183820199445634e-20
2.322939293	-8.560154722117481e-20
2.324092581	-1.1617242238598185e-19
2.325245869	-1.255650564182488e-19
2.326399156	-1.0543112277563271e-19
2.327552444	-7.823408931917142e-20
2.328705732	-6.614728342919478e-20
2.32985902	-6.913294328868197e-20
2.331012307	-7.135114467457389e-20
2.332165595	-5.966083882634578e-20
2.333318883	-6.890070490045538e-20
2.334472171	-1.411169159177633e-19
2.335625458	-2.616620650656184e-19
2.336778746	-3.545630893405856e-19
2.337932034	-3.4645923421977066e-19
2.339085322	-2.6013056568022396e-19
2.340238609	-1.3230865469594722e-19
2.341391897	-9.76080380967709e-21
2.342545185	6.308380539753676e-20
2.343698472	4.491828148376862e-20
2.34485176	-2.534580791531486e-20
2.346005048	-9.806003981381581e-20
2.347158336	-1.4055580604697954e-19
2.348311623	-1.5086093366639962e-19
2.349464911	-1.2308607626707284e-19
2.350618199	-7.304521930242345e-20
2.351771487	-2.2498695348477514e-20
2.352924774	5.042227752647853e-21
2.354078062	-2.2269705947279278e-20
2.35523135	-1.2752613266980726e-19
2.356384638	-2.728595813441845e-19
2.357537925	-4.1700289623221035e-19
2.358691213	-5.153134022746856e-19
2.359844501	-5.288166446445288e-19
2.360997789	-4.3022237677890247e-19
2.362151076	-3.034812555584039e-19
2.363304364	-2.5024963365345786e-19
2.364457652	-3.249027544772096e-19
2.36561094	-4.426974586190123e-19
2.366764227	-5.1627504005515575e-19
2.367917515	-5.10155927461403e-19
2.369070803	-4.0939141967954804e-19
2.370224091	-2.2756882441979965e-19
2.371377378	-7.237990403506272e-20
2.372530666	-5.16470450974677e-20
2.373683954	-1.3239925896723497e-19
2.374837242	-2.236782229114326e-19
2.375990529	-2.486280551411044e-19
2.377143817	-2.330624738438903e-19
2.378297105	-1.9499808044253094e-19
2.379450392	-1.4370599146945008e-19
2.38060368	-8.717887909317127e-20
2.381756968	-3.3384419337921404e-20
2.382910256	1.1454628501818104e-20
2.384063543	4.2695097526892683e-20
2.385216831	5.670113135398726e-20
2.386370119	5.2797940624182465e-20
2.387523407	3.392821630951384e-20
2.388676694	8.594313089486635e-21
2.389829982	-1.6267764604994644e-20
2.39098327	-3.536977844570754e-20
2.392136558	-4.319376265923179e-20
2.393289845	-3.554019764823248e-20
2.394443133	-1.8015363443642274e-20
2.395596421	4.5171277154502435e-21
2.396749709	1.727455697947055e-20
2.397902996	-4.5720272782235904e-21
2.399056284	-8.375753853974083e-20
2.400209572	-1.7539780633686787e-19
2.40136286	-2.1589136710924357e-19
2.402516147	-1.7701284964009845e-19
2.403669435	-1.0155155936835386e-19
2.404822723	-2.542220578267631e-20
2.405976011	1.8424966948255307e-20
2.407129298	-3.6987371230332644e-22
2.408282586	-9.62417092434232e-20
2.409435874	-2.538281444827696e-19
2.410589162	-4.70044352302486e-19
2.411742449	-6.887177712682048e-19
2.412895737	-7.929956361330855e-19
2.414049025	-6.86480933075373e-19
2.415202313	-4.3251364228997575e-19
2.4163556	-1.1671047893788746e-19
2.417508888	1.337611182412051e-19
2.418662176	2.28436570624541e-19
2.419815463	1.6663048834884166e-19
2.420968751	4.3429485536308094e-20
2.422122039	-4.954638768859478e-20
2.423275327	-1.0764977561857181e-19
2.424428614	-1.59761700990977e-19
2.425581902	-2.2132186662922393e-19
2.42673519	-2.9024251348421714e-19
2.427888478	-3.754405122340511e-19
2.429041765	-4.534661112069808e-19
2.430195053	-4.888520790783744e-19
2.431348341	-4.530856920243779e-19
2.432501629	-3.1118187565723093e-19
2.433654916	-1.8820929782285205e-20
2.434808204	2.570591466624548e-19
2.435961492	3.020887390786297e-19
2.43711478	-2.0172192074264104e-20
2.438268067	-4.586446165434661e-19
2.439421355	-6.302225818912475e-19
2.440574643	-4.797480634637053e-19
2.441727931	-2.5078225106271177e-19
2.442881218	-1.4455562887604392e-21
2.444034506	-1.1086762451561652e-18
2.445187794	-1.0735265368001793e-18
2.446341082	1.898987488203662e-18
2.447494369	4.696768556936162e-19
2.448647657	3.3418871790923633e-19
2.449800945	2.851065611790079e-19
2.450954233	2.7472602089862775e-19
2.45210752	1.9363606109348644e-19
2.453260808	-1.74939782524137e-19
2.454414096	-1.1049700639184874e-18
2.455567383	-2.2366949558580177e-18
2.456720671	-2.714609673270064e-18
2.457873959	-2.0723534094126215e-18
2.459027247	-1.124309248952194e-18
2.460180534	-4.1920115791826557e-19
2.461333822	-1.877571470517499e-20
2.46248711	7.661081222865555e-20
2.463640398	-1.170549621600573e-19
2.464793685	-4.2867414279159195e-19
2.465946973	-6.483479266780855e-19
2.467100261	-6.670281355669645e-19
2.468253549	-4.552992813334733e-19
2.469406836	-1.2181905993330195e-19
2.470560124	1.469939270204585e-19
2.471713412	2.592957605464478e-19
2.4728667	2.6733643040984803e-19
2.474019987	2.271193027049325e-19
2.475173275	1.6444615975276108e-19
2.476326563	1.3527720883156047e-19
2.477479851	5.646103982322087e-19
2.478633138	-1.1644955801904999e-18
2.479786426	-2.2823962142697223e-19
2.480939714	4.592163888246823e-19
2.482093002	1.338397876685468e-18
2.483246289	3.5064281738297994e-18
2.484399577	-2.920456726323662e-18
2.485552865	-1.0267777856655764e-18
2.486706153	-1.808778681367567e-18
2.48785944	-3.5240578141987206e-18
2.489012728	-3.731804731019033e-18
2.490166016	-2.4101461037508844e-18
2.491319303	-2.1237238468463164e-18
2.492472591	2.3123243765831555e-18
2.493625879	8.06899836105446e-19
2.494779167	9.924918858872735e-19
2.495932454	1.4689482367257282e-18
2.497085742	1.9415012369375914e-18