0.45	2.915258852814285e-14
0.451209142	1.7911492230616685e-14
0.452418284	5.167994414464633e-15
0.453627426	1.9164677818892313e-15
0.454836568	5.476260727922258e-15
0.45604571	5.558850814981046e-15
0.457254852	5.254865323490805e-15
0.458463995	5.187918104966002e-15
0.459673137	5.807763381012389e-15
0.460882279	6.326037998498357e-15
0.462091421	6.41179460921646e-15
0.463300563	6.9352377291104014e-15
0.464509705	7.44620846532474e-15
0.465718847	6.843785808186453e-15
0.466927989	7.463184593594334e-15
0.468137131	7.42171124992751e-15
0.469346273	6.7394037148639025e-15
0.470555415	6.521673420261434e-15
0.471764557	5.977082593942594e-15
0.472973699	6.126660029890677e-15
0.474182842	6.3108606715925524e-15
0.475391984	6.191836888909958e-15
0.476601126	5.901802616764158e-15
0.477810268	5.405758065361668e-15
0.47901941	5.669827481359339e-15
0.480228552	5.984072578655189e-15
0.481437694	6.197143190985156e-15
0.482646836	6.542186009941618e-15
0.483855978	6.5575583888912034e-15
0.48506512	5.6371233291518094e-15
0.486274262	4.024531822895296e-15
0.487483404	5.0781667727378254e-15
0.488692547	6.706511354729221e-15
0.489901689	7.2014340445431e-15
0.491110831	7.277299325461355e-15
0.492319973	7.379181051946516e-15
0.493529115	7.427237369727641e-15
0.494738257	6.978267891350717e-15
0.495947399	7.374148040088552e-15
0.497156541	6.8776963682243715e-15
0.498365683	6.9330049270590425e-15
0.499574825	6.218183807968675e-15
0.500783967	6.176828455437149e-15
0.501993109	6.326679095939445e-15
0.503202251	6.1222984287200436e-15
0.504411394	5.820608624602264e-15
0.505620536	5.34437162193006e-15
0.506829678	5.624813697845926e-15
0.50803882	6.139854770104449e-15
0.509247962	6.530351806385443e-15
0.510457104	6.7822284047666495e-15
0.511666246	6.772425723109704e-15
0.512875388	7.0802559019967935e-15
0.51408453	6.616233696029908e-15
0.515293672	6.11878803299813e-15
0.516502814	6.730521785606434e-15
0.517711956	6.5547041174984e-15
0.518921098	6.586473427484986e-15
0.520130241	6.0662699159131545e-15
0.521339383	6.093181173772237e-15
0.522548525	6.446145967543635e-15
0.523757667	6.259529430294409e-15
0.524966809	6.054147313453139e-15
0.526175951	6.402411096783044e-15
0.527385093	6.415539977000918e-15
0.528594235	6.443997231682741e-15
0.529803377	6.32102597925799e-15
0.531012519	5.674641526297071e-15
0.532221661	5.534844090601584e-15
0.533430803	5.047961876362958e-15
0.534639946	4.92832656288022e-15
0.535849088	4.3237484290447916e-15
0.53705823	4.162210569261461e-15
0.538267372	3.695928826964192e-15
0.539476514	3.357154800547903e-15
0.540685656	3.087571212210698e-15
0.541894798	2.736160384184613e-15
0.54310394	2.877467920865104e-15
0.544313082	3.2732673208699248e-15
0.545522224	3.924500443229123e-15
0.546731366	4.767057322271656e-15
0.547940508	5.6012578350876024e-15
0.54914965	6.0054492318883925e-15
0.550358793	6.254879156695319e-15
0.551567935	6.265111606807732e-15
0.552777077	6.2604567693750184e-15
0.553986219	6.036188640543787e-15
0.555195361	5.824281582773153e-15
0.556404503	5.8499433293140215e-15
0.557613645	5.710063243003908e-15
0.558822787	5.865080770333839e-15
0.560031929	5.791723759450843e-15
0.561241071	5.846396638579112e-15
0.562450213	5.800965729538608e-15
0.563659355	5.645754879627994e-15
0.564868497	5.477887672906125e-15
0.56607764	5.2709886440638275e-15
0.567286782	4.764433433660252e-15
0.568495924	4.762297204186221e-15
0.569705066	4.354618134227702e-15
0.570914208	4.267781220027623e-15
0.57212335	4.012692223709084e-15
0.573332492	3.820884298549865e-15
0.574541634	3.562993792045483e-15
0.575750776	3.4323727092031678e-15
0.576959918	3.3067769800170936e-15
0.57816906	3.3134886023148654e-15
0.579378202	3.5109881941001205e-15
0.580587344	3.888397260758465e-15
0.581796487	4.360285745845768e-15
0.583005629	4.745942455649856e-15
0.584214771	5.1880056030335856e-15
0.585423913	5.526797625337387e-15
0.586633055	5.456196639903472e-15
0.587842197	5.328651753245456e-15
0.589051339	5.2504026492904265e-15
0.590260481	5.03841377631693e-15
0.591469623	4.767519920513977e-15
0.592678765	4.441525751678582e-15
0.593887907	4.124260546403449e-15
0.595097049	3.7739549161359735e-15
0.596306192	3.4414499845341543e-15
0.597515334	3.3312330448497253e-15
0.598724476	3.3866912977575745e-15
0.599933618	3.3881712697269683e-15
0.60114276	3.5519121360526566e-15
0.602351902	3.8590073303742365e-15
0.603561044	3.97108954973428e-15
0.604770186	4.115810994581238e-15
0.605979328	4.1006771474033846e-15
0.60718847	3.786502646235916e-15
0.608397612	3.3637525047684033e-15
0.609606754	2.9690179089554557e-15
0.610815896	2.7342822963014603e-15
0.612025039	2.358852795805043e-15
0.613234181	2.0389775507098536e-15
0.614443323	1.6670970942211296e-15
0.615652465	1.4194808274484972e-15
0.616861607	1.3543123886441235e-15
0.618070749	1.1995424488786663e-15
0.619279891	1.1499367116865017e-15
0.620489033	1.1134263511349165e-15
0.621698175	1.1544750473150623e-15
0.622907317	1.2259023987946119e-15
0.624116459	1.4189587388555682e-15
0.625325601	1.743928852109572e-15
0.626534743	2.1070548551545833e-15
0.627743886	2.5005700702314067e-15
0.628953028	2.9689508991467587e-15
0.63016217	3.350148766130932e-15
0.631371312	3.594616743325622e-15
0.632580454	3.792654861627979e-15
0.633789596	3.8620911464397794e-15
0.634998738	3.7903154216797764e-15
0.63620788	3.729740022347001e-15
0.637417022	3.574188565206756e-15
0.638626164	3.4555165549864604e-15
0.639835306	3.284357919559914e-15
0.641044448	3.073102839978749e-15
0.64225359	2.9134660744129983e-15
0.643462733	2.8229428215416046e-15
0.644671875	2.7561053016362784e-15
0.645881017	2.7613266444866114e-15
0.647090159	2.7683042955662996e-15
0.648299301	2.6555747469091193e-15
0.649508443	2.5392923568019084e-15
0.650717585	2.464614557578798e-15
0.651926727	2.398230915454693e-15
0.653135869	2.3103211382329502e-15
0.654345011	2.1200017866912324e-15
0.655554153	1.633861802846338e-15
0.656763295	1.4345942365907831e-15
0.657972438	1.7491216587986585e-15
0.65918158	1.776338014288714e-15
0.660390722	1.6843291113549761e-15
0.661599864	1.6017284251638898e-15
0.662809006	1.5295604875149182e-15
0.664018148	1.4352242425979608e-15
0.66522729	1.3496852852462093e-15
0.666436432	1.3061652821391217e-15
0.667645574	1.292833397958379e-15
0.668854716	1.3366341546028924e-15
0.670063858	1.4306246175503567e-15
0.671273	1.5864644771341335e-15
0.672482142	1.7864440778910766e-15
0.673691285	2.0200800733560055e-15
0.674900427	2.2700839596188355e-15
0.676109569	2.5458756371725808e-15
0.677318711	2.7224455686168585e-15
0.678527853	2.6713016992985137e-15
0.679736995	2.470802437941531e-15
0.680946137	2.1780170745853443e-15
0.682155279	1.91448270042495e-15
0.683364421	1.7814204700148842e-15
0.684573563	1.786445282873603e-15
0.685782705	1.848124340142617e-15
0.686991847	1.92530601614726e-15
0.688200989	2.0067264249160786e-15
0.689410132	2.095877025610177e-15
0.690619274	2.164121760696162e-15
0.691828416	2.1773496469694073e-15
0.693037558	2.1165880879592376e-15
0.6942467	1.974041635251617e-15
0.695455842	1.7561235504221605e-15
0.696664984	1.5199467792373083e-15
0.697874126	1.302702056769541e-15
0.699083268	1.1091333744207088e-15
0.70029241	9.634461597614364e-16
0.701501552	8.693258814751084e-16
0.702710694	8.259861629779951e-16
0.703919837	8.370820922780929e-16
0.705128979	8.809316000988232e-16
0.706338121	9.53359062399667e-16
0.707547263	1.0469747151576303e-15
0.708756405	1.147287409021588e-15
0.709965547	1.2165461787882374e-15
0.711174689	1.2584926629900228e-15
0.712383831	1.3060401239195516e-15
0.713592973	1.2768582113853982e-15
0.714802115	1.1486278487268088e-15
0.716011257	9.517022664079588e-16
0.717220399	7.204779463043065e-16
0.718429541	5.551110816220217e-16
0.719638684	4.901228747796553e-16
0.720847826	4.803964106234695e-16
0.722056968	4.702556818532478e-16
0.72326611	4.2897575637810445e-16
0.724475252	3.9442552040581623e-16
0.725684394	3.6460303359126e-16
0.726893536	3.476322521693405e-16
0.728102678	3.5164139968654693e-16
0.72931182	3.664449909604301e-16
0.730520962	3.8520101176166504e-16
0.731730104	4.0712040452876366e-16
0.732939246	4.3939600392378066e-16
0.734148388	4.712619730456826e-16
0.735357531	5.093828761100372e-16
0.736566673	5.610386536029465e-16
0.737775815	6.373017860570168e-16
0.738984957	7.538012826450275e-16
0.740194099	9.218127415053862e-16
0.741403241	1.1086490955007864e-15
0.742612383	1.287558496316137e-15
0.743821525	1.4439429748237442e-15
0.745030667	1.5515921730106098e-15
0.746239809	1.5842710901753754e-15
0.747448951	1.589241700764121e-15
0.748658093	1.588495971443658e-15
0.749867235	1.5897004028095178e-15
0.751076378	1.598251362633743e-15
0.75228552	1.6214297621248355e-15
0.753494662	1.6408405173397713e-15
0.754703804	1.6163523502213452e-15
0.755912946	1.5274960027957576e-15
0.757122088	1.4161982088456162e-15
0.75833123	1.3189430867594487e-15
0.759540372	1.2094870533528495e-15
0.760749514	1.0342909880353148e-15
0.761958656	8.260557309567837e-16
0.763167798	7.437423199945693e-16
0.76437694	7.147310878030616e-16
0.765586083	7.076409348946987e-16
0.766795225	7.224362317861612e-16
0.768004367	7.397539303372158e-16
0.769213509	7.376582765676603e-16
0.770422651	7.156930821322231e-16
0.771631793	6.764605798382384e-16
0.772840935	6.234128983189192e-16
0.774050077	5.786519153917681e-16
0.775259219	5.518529175795732e-16
0.776468361	5.156480952105439e-16
0.777677503	4.749317042719598e-16
0.778886645	4.520404024168255e-16
0.780095787	4.1002238496925505e-16
0.78130493	3.736257772265189e-16
0.782514072	3.5419629487339265e-16
0.783723214	3.4559324095434747e-16
0.784932356	3.4194405810775954e-16
0.786141498	3.546462621971732e-16
0.78735064	3.6287117782803366e-16
0.788559782	3.658848112449099e-16
0.789768924	3.604317410208718e-16
0.790978066	3.493075659209339e-16
0.792187208	3.255503928458181e-16
0.79339635	3.0559488209650397e-16
0.794605492	2.9026047261132323e-16
0.795814634	2.849599483851418e-16
0.797023777	2.87357179891724e-16
0.798232919	2.9475653744231747e-16
0.799442061	2.9758982359685267e-16
0.800651203	3.0284364413029327e-16
0.801860345	3.0895207310547445e-16
0.803069487	3.1671376315327286e-16
0.804278629	3.277831504892759e-16
0.805487771	3.404182114652143e-16
0.806696913	3.5189975491981116e-16
0.807906055	3.6837788701823206e-16
0.809115197	3.8421128908583875e-16
0.810324339	3.9800914649887027e-16
0.811533482	4.1700801455724773e-16
0.812742624	4.445947774580993e-16
0.813951766	4.742204342805888e-16
0.815160908	5.024465282954511e-16
0.81637005	5.346960609536449e-16
0.817579192	5.999247666013821e-16
0.818788334	6.790529190859938e-16
0.819997476	7.592254601055674e-16
0.821206618	8.137818891744542e-16
0.82241576	8.138250256291462e-16
0.823624902	8.282248444927804e-16
0.824834044	8.331824316182355e-16
0.826043186	8.279645841495804e-16
0.827252329	8.46427126873582e-16
0.828461471	9.072508085034312e-16
0.829670613	9.899268120632608e-16
0.830879755	1.0415286105962537e-15
0.832088897	1.0058677086507975e-15
0.833298039	8.831870500903339e-16
0.834507181	6.810245770199696e-16
0.835716323	4.906637262753942e-16
0.836925465	3.660219649213928e-16
0.838134607	3.0101702544101254e-16
0.839343749	2.676273353682454e-16
0.840552891	2.519370336520929e-16
0.841762033	2.5132567361165305e-16
0.842971176	2.6087680943198967e-16
0.844180318	2.732229250409888e-16
0.84538946	2.950330405035028e-16
0.846598602	3.0891756040366397e-16
0.847807744	3.350122785839717e-16
0.849016886	3.441590944565256e-16
0.850226028	3.025932799627384e-16
0.85143517	2.926226248382111e-16
0.852644312	2.843217245138102e-16
0.853853454	2.1720781553031205e-16
0.855062596	1.7818754431073105e-16
0.856271738	2.189618456916855e-16
0.85748088	2.2868719724452314e-16
0.858690023	2.0101157223631198e-16
0.859899165	1.7636457534305166e-16
0.861108307	1.854156029425506e-16
0.862317449	1.8928854703517488e-16
0.863526591	1.797056732585723e-16
0.864735733	1.6182501862925283e-16
0.865944875	1.2761490098875241e-16
0.867154017	1.2579252919998079e-16
0.868363159	1.7205609376662985e-16
0.869572301	2.060582229210325e-16
0.870781443	2.26408932914157e-16
0.871990585	2.36095441277714e-16
0.873199728	2.3016501203704067e-16
0.87440887	2.0228319780329254e-16
0.875618012	2.037513166701795e-16
0.876827154	2.329822191741842e-16
0.878036296	2.30571387570854e-16
0.879245438	2.0781792851912494e-16
0.88045458	1.8322643778474893e-16
0.881663722	1.5783826543370713e-16
0.882872864	1.3020669830984863e-16
0.884082006	1.1069095977248948e-16
0.885291148	9.531937007471818e-17
0.88650029	8.418527535019086e-17
0.887709432	9.572176379098202e-17
0.888918575	1.038570146470775e-16
0.890127717	1.0760780507830904e-16
0.891336859	1.1380919051428578e-16
0.892546001	1.119177388055367e-16
0.893755143	1.1057437023568047e-16
0.894964285	1.118490052561989e-16
0.896173427	1.0873346757961962e-16
0.897382569	1.1298543413091107e-16
0.898591711	1.1346356261348706e-16
0.899800853	1.113086276274672e-16
0.901009995	1.0510264497795024e-16
0.902219137	1.291879106949645e-16
0.903428279	1.6260498224078505e-16
0.904637422	1.784903093184163e-16
0.905846564	1.8995854936935585e-16
0.907055706	1.9103553887449498e-16
0.908264848	1.9463540727325185e-16
0.90947399	1.999058337206719e-16
0.910683132	2.1532443812730582e-16
0.911892274	2.1930263116231178e-16
0.913101416	2.1655518484734725e-16
0.914310558	2.320656836182606e-16
0.9155197	2.4353625216854307e-16
0.916728842	2.6762070188918576e-16
0.917937984	2.932658284814842e-16
0.919147126	3.2446788717170835e-16
0.920356269	3.5085435194251124e-16
0.921565411	3.5297300217194677e-16
0.922774553	3.220094777004772e-16
0.923983695	3.9172101354055925e-16
0.925192837	4.74271331507293e-16
0.926401979	5.208083971256693e-16
0.927611121	5.707394726898823e-16
0.928820263	6.416308814660414e-16
0.930029405	7.279560114960345e-16
0.931238547	7.809915159163453e-16
0.932447689	8.483657118885667e-16
0.933656831	9.780285336536544e-16
0.934865974	1.0444608756751616e-15
0.936075116	1.0691941522866188e-15
0.937284258	1.0701125662727003e-15
0.9384934	1.0832817950139447e-15
0.939702542	1.0985914409056775e-15
0.940911684	9.976065128020535e-16
0.942120826	9.791450491392946e-16
0.943329968	9.961496491328083e-16
0.94453911	9.650680442714068e-16
0.945748252	8.412261205431767e-16
0.946957394	7.930365098379603e-16
0.948166536	7.572113560991499e-16
0.949375678	7.159612642937668e-16
0.950584821	6.937598254832822e-16
0.951793963	6.488033219025336e-16
0.953003105	6.124034038676702e-16
0.954212247	5.785614442199985e-16
0.955421389	6.267556441677424e-16
0.956630531	7.325851139867157e-16
0.957839673	8.184370183753555e-16
0.959048815	8.436810172233696e-16
0.960257957	8.698259111131855e-16
0.961467099	8.644132304051367e-16
0.962676241	8.548263951818697e-16
0.963885383	8.673002353549207e-16
0.965094525	8.47485816285511e-16
0.966303668	8.419345918551147e-16
0.96751281	8.024430955202932e-16
0.968721952	7.820272410436387e-16
0.969931094	8.140030411666755e-16
0.971140236	0.
0.972349378	0.
0.97355852	0.
0.974767662	0.
0.975976804	0.
0.977185946	0.
0.978395088	0.
0.97960423	0.
0.980813373	0.
0.982022515	0.
0.983231657	0.
0.984440799	0.
0.985649941	0.
0.986859083	0.
0.988068225	0.
0.989277367	0.
0.990486509	0.
0.991695651	0.
0.992904793	0.
0.994113935	0.
0.995323077	0.
0.99653222	0.
0.997741362	8.205554080180087e-17
0.998950504	7.937707554583445e-17
1.000159646	8.03126170033599e-17
1.001368788	8.082327749746856e-17
1.00257793	7.997614649986746e-17
1.003787072	7.857176518816595e-17
1.004996214	8.582198733953237e-17
1.006205356	1.0264433363750307e-16
1.007414498	1.105732127906462e-16
1.00862364	1.1200049909052047e-16
1.009832782	1.251934571385637e-16
1.011041924	1.3491622759976879e-16
1.012251067	1.3506931429080822e-16
1.013460209	1.342158367694057e-16
1.014669351	1.2832879655570963e-16
1.015878493	1.157154881745424e-16
1.017087635	1.0088537723149898e-16
1.018296777	8.434523644518294e-17
1.019505919	6.671241705306555e-17
1.020715061	4.947415841724474e-17
1.021924203	3.645883915276183e-17
1.023133345	2.986687465709849e-17
1.024342487	3.254439962894812e-17
1.025551629	4.9745430473728314e-17
1.026760771	7.34452834203993e-17
1.027969914	9.915588934565147e-17
1.029179056	1.2200633440233603e-16
1.030388198	1.3081711571271214e-16
1.03159734	1.3064539246181662e-16
1.032806482	1.2884998844066184e-16
1.034015624	1.2832107530432327e-16
1.035224766	1.282624491941411e-16
1.036433908	1.2847103807227306e-16
1.03764305	1.3013435299470681e-16
1.038852192	1.2973015631251988e-16
1.040061334	1.3082359893818027e-16
1.041270476	1.3787761371666443e-16
1.042479619	1.465307477089119e-16
1.043688761	1.524581363556517e-16
1.044897903	1.5823725240277803e-16
1.046107045	1.639279284014579e-16
1.047316187	1.6603771085745697e-16
1.048525329	1.71565414210233e-16
1.049734471	1.8212263482946953e-16
1.050943613	1.9053129649943247e-16
1.052152755	1.999775745223638e-16
1.053361897	2.1547822658999254e-16
1.054571039	2.286878680869952e-16
1.055780181	2.353082756866936e-16
1.056989323	2.4501269549370374e-16
1.058198466	2.602108550135568e-16
1.059407608	2.7353956919615777e-16
1.06061675	2.806509899638469e-16
1.061825892	2.822115898915999e-16
1.063035034	2.91828474888842e-16
1.064244176	3.01328241667434e-16
1.065453318	3.112750836428891e-16
1.06666246	3.220588583627294e-16
1.067871602	3.344868898384593e-16
1.069080744	3.511468126421034e-16
1.070289886	3.689323060699467e-16
1.071499028	3.80966544341371e-16
1.07270817	3.949377059711716e-16
1.073917313	4.1299785516483475e-16
1.075126455	4.280586245951467e-16
1.076335597	4.4031731961365977e-16
1.077544739	4.532345592691241e-16
1.078753881	4.603944051419838e-16
1.079963023	4.619362128664819e-16
1.081172165	4.751900836705984e-16
1.082381307	4.902097254149018e-16
1.083590449	4.869788062723543e-16
1.084799591	4.761952986101954e-16
1.086008733	4.646642904156667e-16
1.087217875	4.661458444907354e-16
1.088427017	4.634254548020122e-16
1.08963616	4.3614078642977053e-16
1.090845302	4.1099975668487764e-16
1.092054444	3.9469978829323127e-16
1.093263586	3.898327276571839e-16
1.094472728	3.817480617920656e-16
1.09568187	3.538412633841723e-16
1.096891012	3.259701862863002e-16
1.098100154	2.991709687683191e-16
1.099309296	2.660454237393349e-16
1.100518438	2.3475549952378944e-16
1.10172758	2.0995663330623774e-16
1.102936722	1.8555122502164583e-16
1.104145865	1.6226370096231216e-16
1.105355007	1.4371021582140963e-16
1.106564149	1.291302374751062e-16
1.107773291	1.1803125620951994e-16
1.108982433	1.096149427375346e-16
1.110191575	1.0356433348757339e-16
1.111400717	1.0009524253880684e-16
1.112609859	9.740688124880281e-17
1.113819001	9.456289154746104e-17
1.115028143	9.187547291976043e-17
1.116237285	8.916397611980912e-17
1.117446427	8.58317917234945e-17
1.118655569	8.229377047917835e-17
1.119864712	7.854303672243669e-17
1.121073854	7.291252934448407e-17
1.122282996	6.655983457888462e-17
1.123492138	6.075664242958429e-17
1.12470128	5.515412841091597e-17
1.125910422	4.9588014237946815e-17
1.127119564	4.327796221265678e-17
1.128328706	3.728227182951352e-17
1.129537848	3.272610511207461e-17
1.13074699	2.887920188426326e-17
1.131956132	2.5475949586292325e-17
1.133165274	2.299733374905083e-17
1.134374416	2.1402996291185707e-17
1.135583559	2.035383870064905e-17
1.136792701	1.9979288468105974e-17
1.138001843	2.0229934806083704e-17
1.139210985	2.0768654402084428e-17
1.140420127	2.153492587370184e-17
1.141629269	2.2649088275404168e-17
1.142838411	2.4050301934655032e-17
1.144047553	2.5454530797685162e-17
1.145256695	2.6378674072709504e-17
1.146465837	2.674383129307818e-17
1.147674979	2.6810004717992975e-17
1.148884121	2.6386701754233563e-17
1.150093264	2.5523528552649003e-17
1.151302406	2.4490287677511803e-17
1.152511548	2.3254334585637323e-17
1.15372069	2.170999211452888e-17
1.154929832	2.0112363910486286e-17
1.156138974	1.8536910277553755e-17
1.157348116	1.6927809065761042e-17
1.158557258	1.553090434942708e-17
1.1597664	1.451360879022354e-17
1.160975542	1.3703006180587253e-17
1.162184684	1.307708017138209e-17
1.163393826	1.2652663397947655e-17
1.164602968	1.2574778817935949e-17
1.165812111	1.2893936766996696e-17
1.167021253	1.3531066281049593e-17
1.168230395	1.46434337875838e-17
1.169439537	1.6427889764981654e-17
1.170648679	1.8722378507088966e-17
1.171857821	2.1215584316957324e-17
1.173066963	2.3766587707076364e-17
1.174276105	2.6279385383620475e-17
1.175485247	2.883494898571752e-17
1.176694389	3.0917343320786534e-17
1.177903531	3.221104314507715e-17
1.179112673	3.256897541163575e-17
1.180321815	3.212318259608363e-17
1.181530958	3.161818539803102e-17
1.1827401	3.1014880850212677e-17
1.183949242	3.0151200003818056e-17
1.185158384	2.832333424981507e-17
1.186367526	2.6435390984533565e-17
1.187576668	2.5866231437012866e-17
1.18878581	2.5556380234812483e-17
1.189994952	2.5126667017374575e-17
1.191204094	2.5325901494351658e-17
1.192413236	2.601665733553845e-17
1.193622378	2.6884696201316226e-17
1.19483152	2.8022740143170776e-17
1.196040662	2.946751897010013e-17
1.197249805	3.1668649417105686e-17
1.198458947	3.4151906789165524e-17
1.199668089	3.5617957963067426e-17
1.200877231	3.696468818147184e-17
1.202086373	3.8693791024582745e-17
1.203295515	4.1591657195270895e-17
1.204504657	4.4455529329819696e-17
1.205713799	4.551436912127966e-17
1.206922941	4.764854776744188e-17
1.208132083	5.116144569518579e-17
1.209341225	5.309256548170245e-17
1.210550367	5.440033451694301e-17
1.21175951	5.606663898343012e-17
1.212968652	5.773233881066888e-17
1.214177794	5.921225230071827e-17
1.215386936	6.021515122616084e-17
1.216596078	6.085723565230615e-17
1.21780522	6.119502164273664e-17
1.219014362	6.104896950590185e-17
1.220223504	6.044916004967031e-17
1.221432646	5.945151423899029e-17
1.222641788	5.820532925699225e-17
1.22385093	5.683716167027018e-17
1.225060072	5.518781364337043e-17
1.226269214	5.352205762608371e-17
1.227478357	5.238992396489956e-17
1.228687499	5.1188034032570114e-17
1.229896641	4.9776358230628316e-17
1.231105783	4.8924525855072035e-17
1.232314925	4.8523362651688094e-17
1.233524067	4.8054032353725393e-17
1.234733209	4.759905040791218e-17
1.235942351	4.73864376189357e-17
1.237151493	4.741067439689614e-17
1.238360635	4.791610487945572e-17
1.239569777	4.9344873452897396e-17
1.240778919	5.120692119386118e-17
1.241988061	5.331584670616882e-17
1.243197204	5.601770774996461e-17
1.244406346	5.923910235791175e-17
1.245615488	6.269622046371249e-17
1.24682463	6.65704132117764e-17
1.248033772	7.084407851076983e-17
1.249242914	7.516310185613668e-17
1.250452056	7.955658577554377e-17
1.251661198	8.440380017968026e-17
1.25287034	8.846525677004201e-17
1.254079482	9.133327013797944e-17
1.255288624	9.415888638233303e-17
1.256497766	9.671207872542705e-17
1.257706909	9.860459628247748e-17
1.258916051	9.983505753004325e-17
1.260125193	1.006837306803167e-16
1.261334335	1.018232858797606e-16
1.262543477	1.0316360956515352e-16
1.263752619	1.0455218240418502e-16
1.264961761	1.0640822437777299e-16
1.266170903	1.0908833689413824e-16
1.267380045	1.1342948574297476e-16
1.268589187	1.1835809422756824e-16
1.269798329	1.2204751229805721e-16
1.271007471	1.264960584895224e-16
1.272216613	1.318657270194189e-16
1.273425756	1.3737968655486088e-16
1.274634898	1.4211436957329445e-16
1.27584404	1.4517613207642087e-16
1.277053182	1.4755782093179074e-16
1.278262324	1.4857102508514536e-16
1.279471466	1.4767883099377687e-16
1.280680608	1.4994357250324537e-16
1.28188975	1.5747723593860845e-16
1.283098892	1.52999889428239e-16
1.284308034	1.4136166326626489e-16
1.285517176	1.3703035509639635e-16
1.286726318	1.3445292122585764e-16
1.28793546	1.316402506645482e-16
1.289144603	1.2860607490716875e-16
1.290353745	1.253151626330728e-16
1.291562887	1.202882966296541e-16
1.292772029	1.1501564886766678e-16
1.293981171	1.1021543551851431e-16
1.295190313	1.0431319907286735e-16
1.296399455	9.787440715220823e-17
1.297608597	9.19553526591992e-17
1.298817739	8.532184932567626e-17
1.300026881	7.802768296322993e-17
1.301236023	7.141839938312791e-17
1.302445165	6.538155158300836e-17
1.303654307	5.955206154728544e-17
1.30486345	5.3917951369949476e-17
1.306072592	4.870579683511455e-17
1.307281734	4.4532370323236635e-17
1.308490876	4.113843837410956e-17
1.309700018	3.8274273751708277e-17
1.31090916	3.623711738331798e-17
1.312118302	3.4745672262802826e-17
1.313327444	3.2788321679593224e-17
1.314536586	3.111781948104735e-17
1.315745728	3.0437880533903465e-17
1.31695487	2.928982542578394e-17
1.318164012	2.766034410916398e-17
1.319373155	2.641361134162188e-17
1.320582297	2.5446999880644208e-17
1.321791439	2.4722467938126284e-17
1.323000581	2.400749952458868e-17
1.324209723	2.3271392383416264e-17
1.325418865	2.2714257506212955e-17
1.326628007	2.2190664966893147e-17
1.327837149	2.1606849431277265e-17
1.329046291	2.1184722701828858e-17
1.330255433	2.082028468614771e-17
1.331464575	2.0212436633350616e-17
1.332673717	1.9437708760133597e-17
1.333882859	1.8585338514978616e-17
1.335092002	1.7949956233492728e-17
1.336301144	1.7501966600408487e-17
1.337510286	1.7045710185071865e-17
1.338719428	1.6649005871088805e-17
1.33992857	1.6305854319148858e-17
1.341137712	1.582602285309144e-17
1.342346854	1.519344277920645e-17
1.343555996	1.444983644804558e-17
1.344765138	1.3361895461907044e-17
1.34597428	1.1392666252748659e-17
1.347183422	7.98939347247962e-18
1.348392564	2.5102755585868564e-18
1.349601706	-6.523962196448698e-18
1.350810849	-2.0338174317502422e-17
1.352019991	-4.2598258914865893e-17
1.353229133	-8.50866008749196e-17
1.354438275	-1.7952758255790692e-16
1.355647417	-5.21922275648539e-16
1.356856559	-7.1196812587704e-15
1.358065701	2.2782030123066223e-15
1.359274843	2.3154246924734146e-15
1.360483985	3.1699914207533e-15
1.361693127	4.6058013560184744e-15
1.362902269	7.691852791823726e-15
1.364111411	1.4550379131310997e-14
1.365320553	-4.0322937181817804e-14
1.366529696	-7.122948343513686e-15
1.367738838	-4.4459328296875175e-15
1.36894798	-3.903926970797827e-15
1.370157122	-4.7862501177328106e-15
1.371366264	-1.0340522097885472e-14
1.372575406	2.2757575095080925e-14
1.373784548	5.5487633101146626e-15
1.37499369	3.5022954389997525e-15
1.376202832	2.821784446828315e-15
1.377411974	2.5901193456122224e-15
1.378621116	2.7376522716940794e-15
1.379830258	3.9389052209070725e-15
1.381039401	3.684178992217735e-14
1.382248543	-3.0533102565999388e-15
1.383457685	-1.217204571774953e-15
1.384666827	-7.434208847715914e-16
1.385875969	-5.589627847538275e-16
1.387085111	-4.56670220433394e-16
1.388294253	-3.913952868277817e-16
1.389503395	-3.38354551669291e-16
1.390712537	-2.9715337373897867e-16
1.391921679	-2.728206146199867e-16
1.393130821	-2.634831865018544e-16
1.394339963	-2.7143884343465536e-16
1.395549105	-2.9036471754057544e-16
1.396758248	-3.060235161417527e-16
1.39796739	-3.0948055776258813e-16
1.399176532	-2.972924949710095e-16
1.400385674	-2.641297644523775e-16
1.401594816	-2.1261267704752376e-16
1.402803958	-1.5970439575546052e-16
1.4040131	-1.1430200375500314e-16
1.405222242	-8.045776654633561e-17
1.406431384	-5.752530013495607e-17
1.407640526	-4.2117430659091426e-17
1.408849668	-3.1794776482783046e-17
1.41005881	-2.4740805102712752e-17
1.411267952	-1.9744761589911164e-17
1.412477095	-1.587035060622039e-17
1.413686237	-1.2596828925001638e-17
1.414895379	-9.833885317547168e-18
1.416104521	-7.355140142943681e-18
1.417313663	-5.101699466317199e-18
1.418522805	-2.96504421813843e-18
1.419731947	-1.0029507497732138e-18
1.420941089	6.355081735843055e-19
1.422150231	1.9969994695192024e-18
1.423359373	3.0748330181102747e-18
1.424568515	3.9253607377506305e-18
1.425777657	4.647754650373548e-18
1.4269868	5.193745688825351e-18
1.428195942	5.501943396467249e-18
1.429405084	5.601351356796453e-18
1.430614226	5.68844790985341e-18
1.431823368	5.857340587243369e-18
1.43303251	6.2575999168624466e-18
1.434241652	6.944009116011393e-18
1.435450794	7.667982075547948e-18
1.436659936	8.327335808342445e-18
1.437869078	8.821483687440908e-18
1.43907822	9.254110474708894e-18
1.440287362	9.599101454875596e-18
1.441496504	9.465746793445282e-18
1.442705647	9.177060432799297e-18
1.443914789	8.991407895322033e-18
1.445123931	8.808430639353565e-18
1.446333073	8.736879073524444e-18
1.447542215	9.023091368588254e-18
1.448751357	9.517826570246938e-18
1.449960499	1.008283205285822e-17
1.451169641	1.0716858594200175e-17
1.452378783	1.1363473049332667e-17
1.453587925	1.1971963568189766e-17
1.454797067	1.2551371486548865e-17
1.456006209	1.3095851423588865e-17
1.457215351	1.3426692231753106e-17
1.458424494	1.3585233885034302e-17
1.459633636	1.3758972070241713e-17
1.460842778	1.3793300117942568e-17
1.46205192	1.3559725922503694e-17
1.463261062	1.291781825370405e-17
1.464470204	1.1976602834738922e-17
1.465679346	1.0876739600957943e-17
1.466888488	9.704256297856293e-18
1.46809763	8.705131648112435e-18
1.469306772	8.030968499155317e-18
1.470515914	7.747400190151261e-18
1.471725056	7.851849048857911e-18
1.472934198	8.380374170014727e-18
1.474143341	9.258462088424282e-18
1.475352483	1.0306782322012857e-17
1.476561625	1.1502582067730137e-17
1.477770767	1.2882761819119702e-17
1.478979909	1.4249056795639974e-17
1.480189051	1.5540177633113145e-17
1.481398193	1.7042791602526246e-17
1.482607335	1.8680545001061005e-17
1.483816477	2.023798791723452e-17
1.485025619	2.1382338190662193e-17
1.486234761	2.2250323831161358e-17
1.487443903	2.4113784229499818e-17
1.488653046	2.539628071558804e-17
1.489862188	2.438588871380121e-17
1.49107133	2.3711152201008873e-17
1.492280472	2.345004493691373e-17
1.493489614	2.275210422186422e-17
1.494698756	2.225864307135869e-17
1.495907898	2.2363937280294813e-17
1.49711704	2.2492729876854974e-17
1.498326182	2.263475898940177e-17
1.499535324	2.3254384780300726e-17
1.500744466	2.45232374782012e-17
1.501953608	2.6633472393382877e-17
1.50316275	2.873353556961928e-17
1.504371893	3.051086850078115e-17
1.505581035	3.202331863368556e-17
1.506790177	3.243385125892976e-17
1.507999319	3.1857311587595155e-17
1.509208461	3.100177328374115e-17
1.510417603	3.0305941333193435e-17
1.511626745	3.0460774064971436e-17
1.512835887	3.0588305617922264e-17
1.514045029	3.026896084484997e-17
1.515254171	2.949941921187101e-17
1.516463313	2.812108323084532e-17
1.517672455	2.6669734708359426e-17
1.518881597	2.5438175449652536e-17
1.52009074	2.468098019336914e-17
1.521299882	2.505455740945661e-17
1.522509024	2.6072712306402843e-17
1.523718166	2.7035276137952907e-17
1.524927308	2.817907287757557e-17
1.52613645	2.944344255085737e-17
1.527345592	3.0909200285145646e-17
1.528554734	3.28341568271912e-17
1.529763876	3.555603121509815e-17
1.530973018	3.7390961396885286e-17
1.53218216	3.797955574168481e-17
1.533391302	3.933350707678278e-17
1.534600445	4.060470731695577e-17
1.535809587	4.062213195699814e-17
1.537018729	4.054553684880264e-17
1.538227871	4.0495233938368916e-17
1.539437013	4.045727926168224e-17
1.540646155	4.042614873070084e-17
1.541855297	4.0073782730567397e-17
1.543064439	4.000440524433144e-17
1.544273581	4.043739838497459e-17
1.545482723	4.136902450065147e-17
1.546691865	4.2768570196585815e-17
1.547901007	4.4522116120915407e-17
1.549110149	4.5618163261785313e-17
1.550319292	4.5743026405190716e-17
1.551528434	4.501224805702264e-17
1.552737576	4.4286926961490204e-17
1.553946718	4.39281052852551e-17
1.55515586	4.27858086635208e-17
1.556365002	4.0979803074401704e-17
1.557574144	3.937100773426877e-17
1.558783286	3.8324866109026814e-17
1.559992428	3.7267061983358364e-17
1.56120157	3.6093914085167723e-17
1.562410712	3.513904936325943e-17
1.563619854	3.472012532314854e-17
1.564828996	3.525497949333046e-17
1.566038139	3.656894455868819e-17
1.567247281	3.835875164104415e-17
1.568456423	4.037537688841893e-17
1.569665565	4.242655224290096e-17
1.570874707	4.433492414394167e-17
1.572083849	4.606344697574851e-17
1.573292991	4.8142768200863815e-17
1.574502133	5.0068903886471654e-17
1.575711275	5.191194345547839e-17
1.576920417	5.3604929869620316e-17
1.578129559	5.48837995435875e-17
1.579338701	5.5002948399548363e-17
1.580547843	5.573781541054766e-17
1.581756986	5.953021038798137e-17
1.582966128	6.240521913478023e-17
1.58417527	6.262518225214916e-17
1.585384412	6.205928322815236e-17
1.586593554	6.145372420530915e-17
1.587802696	6.179564344319767e-17
1.589011838	6.280952840908537e-17
1.59022098	6.277854166565199e-17
1.591430122	5.902331987892022e-17
1.592639264	5.4167799259781857e-17
1.593848406	5.0193718343918513e-17
1.595057548	4.792034358945358e-17
1.596266691	4.650863523744833e-17
1.597475833	4.315284233473483e-17
1.598684975	4.017177838203154e-17
1.599894117	3.889800968352846e-17
1.601103259	3.7583100772e-17
1.602312401	3.613178269013615e-17
1.603521543	3.5437831255094136e-17
1.604730685	3.524743993851542e-17
1.605939827	3.5043014342447215e-17
1.607148969	3.417527016665879e-17
1.608358111	3.2287951565210707e-17
1.609567253	3.047947505140782e-17
1.610776395	2.784817757101766e-17
1.611985538	2.4168296182027528e-17
1.61319468	2.1063067198001045e-17
1.614403822	1.8970761572034042e-17
1.615612964	1.8199921504665477e-17
1.616822106	1.7730885335267328e-17
1.618031248	1.729432823401658e-17
1.61924039	1.80925655947321e-17
1.620449532	1.9555666601417147e-17
1.621658674	2.0327977368993154e-17
1.622867816	2.060279032533597e-17
1.624076958	2.048495723708067e-17
1.6252861	2.0045722242451934e-17
1.626495242	1.9140605547122863e-17
1.627704385	1.7497829874581908e-17
1.628913527	1.5547177715228598e-17
1.630122669	1.3667827080114173e-17
1.631331811	1.1869933367965062e-17
1.632540953	1.0698856176574685e-17
1.633750095	1.0323030560296398e-17
1.634959237	1.0306068076176928e-17
1.636168379	1.0471724256208477e-17
1.637377521	1.0578816597543218e-17
1.638586663	1.0366900813516441e-17
1.639795805	9.844382488622914e-18
1.641004947	9.152485285675762e-18
1.642214089	8.304893547286248e-18
1.643423232	7.409132096388179e-18
1.644632374	6.686721157647347e-18
1.645841516	6.2748768992934515e-18
1.647050658	6.609205118890981e-18
1.6482598	7.715340512032436e-18
1.649468942	9.07368385910168e-18
1.650678084	1.0333226225651189e-17
1.651887226	1.0902554829831646e-17
1.653096368	1.0654346613474643e-17
1.65430551	1.0018426167823226e-17
1.655514652	9.160922973618226e-18
1.656723794	8.325137495180463e-18
1.657932937	7.624571171643362e-18
1.659142079	6.7570564987737755e-18
1.660351221	5.5902804736375694e-18
1.661560363	3.80745207867475e-18
1.662769505	1.374778426368128e-18
1.663978647	-1.1918586417035476e-18
1.665187789	-3.629921292422539e-18
1.666396931	-5.549621149148032e-18
1.667606073	-6.571065220773572e-18
1.668815215	-6.503372914173793e-18
1.670024357	-5.223764358968867e-18
1.671233499	-2.7713221418626855e-18
1.672442641	1.005345766733143e-18
1.673651784	5.0470327351169395e-18
1.674860926	8.715078329766785e-18
1.676070068	1.1508560334477697e-17
1.67727921	1.2454369640467091e-17
1.678488352	1.2348928508745446e-17
1.679697494	1.1957036227235064e-17
1.680906636	1.1189829322620762e-17
1.682115778	1.0197658697019925e-17
1.68332492	8.773718985062114e-18
1.684534062	7.254308083878119e-18
1.685743204	5.8790157791331776e-18
1.686952346	4.4590044333290485e-18
1.688161488	3.2730044809537916e-18
1.689370631	2.506756550420158e-18
1.690579773	2.430610116791833e-18
1.691788915	3.239071136629296e-18
1.692998057	4.303923892561549e-18
1.694207199	5.307126755739448e-18
1.695416341	5.723250835788252e-18
1.696625483	5.105884912666788e-18
1.697834625	3.9783865504310796e-18
1.699043767	2.54991517140283e-18
1.700252909	1.0551119050629738e-18
1.701462051	-2.4119708328939393e-19
1.702671193	-1.3970279344544015e-18
1.703880336	-2.3436354487719256e-18
1.705089478	-3.0504533762118097e-18
1.70629862	-3.52907246129081e-18
1.707507762	-3.629987454207321e-18
1.708716904	-3.2177505483385272e-18
1.709926046	-2.1436814397774038e-18
1.711135188	-3.494598890576908e-19
1.71234433	1.7531940417839475e-18
1.713553472	3.70769848373003e-18
1.714762614	5.1629052359345005e-18
1.715971756	5.9599976803700095e-18
1.717180898	6.271060101474821e-18
1.71839004	6.193667206376501e-18
1.719599183	5.913448475933497e-18
1.720808325	5.515471113982e-18
1.722017467	5.0488945974980015e-18
1.723226609	4.7134314896198384e-18
1.724435751	4.574800224109719e-18
1.725644893	4.642814009292953e-18
1.726854035	4.833085634104746e-18
1.728063177	5.094139291155019e-18
1.729272319	5.1901836354403345e-18
1.730481461	4.92034020265157e-18
1.731690603	4.5850607214121575e-18
1.732899745	4.294427423444268e-18
1.734108887	4.177184251911964e-18
1.73531803	4.424505227359853e-18
1.736527172	4.73297700406987e-18
1.737736314	4.8717791718997816e-18
1.738945456	4.7766255471238006e-18
1.740154598	4.2490483616900495e-18
1.74136374	3.641043842828159e-18
1.742572882	3.0645898542996616e-18
1.743782024	2.6295738701406685e-18
1.744991166	2.6410567715469457e-18
1.746200308	2.9794708807765252e-18
1.74740945	3.5300419756902875e-18
1.748618592	4.224077856389991e-18
1.749827734	4.993120659150697e-18
1.751036877	5.7334221361713636e-18
1.752246019	6.339745766286938e-18
1.753455161	6.662211102680816e-18
1.754664303	6.719981803411456e-18
1.755873445	6.414036623841225e-18
1.757082587	5.585366512372326e-18
1.758291729	4.106826676281636e-18
1.759500871	1.6136152295732468e-18
1.760710013	-1.2565083319687544e-18
1.761919155	-4.070375372579626e-18
1.763128297	-6.184905650095403e-18
1.764337439	-6.541317966176771e-18
1.765546582	-5.7430601838600694e-18
1.766755724	-4.1496137553557705e-18
1.767964866	-2.061570324729168e-18
1.769174008	9.024579915821652e-20
1.77038315	2.0997610746861295e-18
1.771592292	3.738998410442798e-18
1.772801434	4.8199146000037e-18
1.774010576	5.073531157066703e-18
1.775219718	4.771384839317374e-18
1.77642886	4.079106336796324e-18
1.777638002	3.1294356201248475e-18
1.778847144	2.1736945633234694e-18
1.780056286	1.4552126353465964e-18
1.781265429	1.2155032160701002e-18
1.782474571	1.681826735438171e-18
1.783683713	3.277402170499735e-18
1.784892855	5.553368464916793e-18
1.786101997	8.10099682822554e-18
1.787311139	1.0510960668303022e-17
1.788520281	1.2518529366066877e-17
1.789729423	1.402048844550776e-17
1.790938565	1.4594608763102813e-17
1.792147707	1.3810088366201185e-17
1.793356849	1.0585276321284144e-17
1.794565991	5.7156347686587716e-18
1.795775133	2.173372785483709e-19
1.796984276	-4.828637283170097e-18
1.798193418	-7.009373410477552e-18
1.79940256	-6.502392034621638e-18
1.800611702	-3.7668808094703864e-18
1.801820844	8.155890756869421e-19
1.803029986	5.8006605811876295e-18
1.804239128	1.0500520055936977e-17
1.80544827	1.479007282934793e-17
1.806657412	1.8442161320617817e-17
1.807866554	2.1172504182147242e-17
1.809075696	2.341826174443494e-17
1.810284838	2.5555044166049264e-17
1.81149398	2.791582876164233e-17
1.812703123	3.0879568210129585e-17
1.813912265	3.412564183536261e-17
1.815121407	3.7506163139446883e-17
1.816330549	4.115105795504824e-17
1.817539691	4.5705417809850623e-17
1.818748833	4.8989047314394786e-17
1.819957975	4.8770248144957417e-17
1.821167117	4.962602866921757e-17
1.822376259	5.2165356217812155e-17
1.823585401	5.36936268255088e-17
1.824794543	5.5102624087762587e-17
1.826003685	5.69610610256528e-17
1.827212828	5.83882304174925e-17
1.82842197	5.804594483068192e-17
1.829631112	0.
1.830840254	0.
1.832049396	0.
1.833258538	0.
1.83446768	0.
1.835676822	0.
1.836885964	0.
1.838095106	0.
1.839304248	0.
1.84051339	0.
1.841722532	0.
1.842931675	0.
1.844140817	0.
1.845349959	0.
1.846559101	0.
1.847768243	0.
1.848977385	0.
1.850186527	0.
1.851395669	0.
1.852604811	0.
1.853813953	0.
1.855023095	0.
1.856232237	0.
1.857441379	0.
1.858650522	0.
1.859859664	0.
1.861068806	0.
1.862277948	0.
1.86348709	0.
1.864696232	0.
1.865905374	0.
1.867114516	0.
1.868323658	0.
1.8695328	0.
1.870741942	-9.039436196365053e-17
1.871951084	-6.892509083748443e-17
1.873160227	-4.427513955944401e-17
1.874369369	-2.4406175037266967e-17
1.875578511	-7.644932621129893e-17
1.876787653	-2.0390517815947458e-16
1.877996795	-2.668832289599177e-16
1.879205937	-2.392271056686175e-16
1.880415079	-2.0638503058365513e-16
1.881624221	-2.5644125966644126e-16
1.882833363	-5.932590080795265e-16
1.884042505	2.178344256940581e-14
1.885251647	1.5424888392450887e-15
1.886460789	1.1387516112426704e-15
1.887669931	6.334960361226133e-16
1.888879074	3.0801330591948e-16
1.890088216	1.5824640563932282e-16
1.891297358	1.100710035282571e-16
1.8925065	1.2681508210814957e-16
1.893715642	2.762125418309591e-16
1.894924784	1.9548423724054037e-15
1.896133926	-2.9922265713124065e-15
1.897343068	-1.0139482716716105e-14
1.89855221	1.2706903353920867e-14
1.899761352	-4.772269589849364e-15
1.900970494	-1.1126339729746854e-15
1.902179636	-4.0640579174662097e-16
1.903388778	-2.0617568024334117e-16
1.904597921	-1.5448084840169498e-16
1.905807063	-1.8072155083231257e-16
1.907016205	-3.3668183132508457e-16
1.908225347	-9.463608600776881e-16
1.909434489	-1.064555837609681e-14
1.910643631	4.444088491357568e-15
1.911852773	3.354835862262146e-15
1.913061915	2.1516564352502344e-15
1.914271057	9.21836622520353e-16
1.915480199	3.4692831836815297e-16
1.916689341	1.3334668342037146e-16
1.917898483	5.864098768042729e-17
1.919107625	3.112083506238014e-17
1.920316768	2.1094530236275688e-17
1.92152591	1.8356849038346134e-17
1.922735052	2.0600104349468758e-17
1.923944194	3.129633021219522e-17
1.925153336	5.724129173654266e-17
1.926362478	1.1252525370980344e-16
1.92757162	2.0088022584794132e-16
1.928780762	2.501915255169111e-16
1.929989904	2.1521996609424647e-16
1.931199046	1.4994250962301466e-16
1.932408188	1.0753009265805616e-16
1.93361733	8.637809804543106e-17
1.934826473	7.760982497791059e-17
1.936035615	6.392683026808095e-17
1.937244757	3.755530743592166e-17
1.938453899	1.5794265634667795e-17
1.939663041	7.6639336270647e-18
1.940872183	7.142200555341239e-18
1.942081325	8.521413853054276e-18
1.943290467	1.04250484432983e-17
1.944499609	1.1216095686849911e-17
1.945708751	7.606271237806337e-18
1.946917893	2.3725401570454403e-18
1.948127035	1.2765900308715377e-19
1.949336177	1.41346625105476e-18
1.95054532	3.564062244307178e-18
1.951754462	5.508247319993219e-18
1.952963604	7.522453374442728e-18
1.954172746	9.522671305121422e-18
1.955381888	1.0563197585334561e-17
1.95659103	8.593306909592353e-18
1.957800172	4.027180997870308e-18
1.959009314	1.0194038699317027e-18
1.960218456	5.982980193235535e-19
1.961427598	1.7621067655311754e-18
1.96263674	3.6592285189282364e-18
1.963845882	5.404417862151202e-18
1.965055024	5.6484303062753835e-18
1.966264167	3.829606173384309e-18
1.967473309	1.849122496246193e-18
1.968682451	1.2254544174011083e-18
1.969891593	1.7598874241082653e-18
1.971100735	1.9737504477485235e-18
1.972309877	9.960530131423187e-19
1.973519019	1.4315817198022098e-19
1.974728161	6.213545451444731e-19
1.975937303	1.9848898153617495e-18
1.977146445	3.3443091240937536e-18
1.978355587	4.161775981991639e-18
1.979564729	3.830909470619739e-18
1.980773872	1.91709645242253e-18
1.981983014	-4.906176578440887e-19
1.983192156	-2.0872607534180588e-18
1.984401298	-2.3812690545513616e-18
1.98561044	-1.9868833090434202e-18
1.986819582	-1.2757922434241923e-18
1.988028724	-5.796292229818728e-19
1.989237866	-3.567070098417278e-19
1.990447008	-5.769518436239945e-19
1.99165615	-8.699680818598506e-19
1.992865292	-9.664490226292588e-19
1.994074434	-1.0465518763611696e-18
1.995283576	-1.3358328689611723e-18
1.996492719	-1.7843135707239414e-18
1.997701861	-2.109249061826079e-18
1.998911003	-1.762838094053628e-18
2.000120145	-3.388763710895115e-19
2.001329287	2.6597682736144657e-18
2.002538429	5.858931583923224e-18
2.003747571	5.24018467008594e-18
2.004956713	1.1290814768014021e-18
2.006165855	-1.6615801734778133e-18
2.007374997	-1.4816659703759326e-18
2.008584139	-1.8094000475010532e-19
2.009793281	1.2417133623893165e-18
2.011002423	2.134929944464881e-18
2.012211566	1.5229088231095839e-18
2.013420708	-1.167580396724425e-18
2.01462985	-3.770454569796206e-18
2.015838992	-4.059512370510474e-18
2.017048134	-2.5777314551734395e-18
2.018257276	-5.853377760510174e-19
2.019466418	1.297731172900409e-18
2.02067556	2.9923914087222654e-18
2.021884702	4.434646095017616e-18
2.023093844	5.205333946495697e-18
2.024302986	5.0943869135493164e-18
2.025512128	4.3546531936288985e-18
2.02672127	3.2467554863427355e-18
2.027930413	1.9442947030623894e-18
2.029139555	5.148449480281908e-19
2.030348697	-1.015443230506241e-18
2.031557839	-2.17203935217197e-18
2.032766981	-2.4792925708601343e-18
2.033976123	-1.936718842067395e-18
2.035185265	-1.124644658975374e-18
2.036394407	-6.054630777012938e-19
2.037603549	-1.5991588534547675e-19
2.038812691	6.3942918758711255e-19
2.040021833	1.6119838459351972e-18
2.041230975	2.0070905295841254e-18
2.042440118	1.3315468614760333e-18
2.04364926	2.138035184557559e-19
2.044858402	-5.994921099658896e-19
2.046067544	-9.607522330667327e-19
2.047276686	-1.0237106047277388e-18
2.048485828	-8.910638954409887e-19
2.04969497	-6.6885253184338785e-19
2.050904112	-5.74255785183324e-19
2.052113254	-5.37998184997703e-19
2.053322396	-3.355867092656699e-19
2.054531538	1.176823357398018e-19
2.05574068	6.364914937702642e-19
2.056949822	1.079968027157063e-18
2.058158965	1.332521134318159e-18
2.059368107	1.331545369772633e-18
2.060577249	1.1182510035103279e-18
2.061786391	7.921044142763613e-19
2.062995533	4.912446963191793e-19
2.064204675	1.948256578744219e-19
2.065413817	-1.0899655249151916e-19
2.066622959	-3.313524186444188e-19
2.067832101	-4.179691269765612e-19
2.069041243	-3.3195620288893725e-19
2.070250385	-4.3721367412721623e-20
2.071459527	4.505346948592171e-19
2.072668669	8.723773518322868e-19
2.073877812	9.63673725998914e-19
2.075086954	7.1793155634095235e-19
2.076296096	3.405417939660068e-19
2.077505238	-2.7433726655225555e-20
2.07871438	-2.366953723806411e-19
2.079923522	-1.270544374788292e-19
2.081132664	1.9265038533029485e-19
2.082341806	4.453161742904622e-19
2.083550948	4.723231566202187e-19
2.08476009	3.835432849884845e-19
2.085969232	2.6914957050598716e-19
2.087178374	2.57657693221872e-19
2.088387516	4.743980522555953e-19
2.089596659	8.981288030938432e-19
2.090805801	1.2956349328710607e-18
2.092014943	1.4874370426256552e-18
2.093224085	1.3883445011951014e-18
2.094433227	9.67177560844458e-19
2.095642369	3.832971873072062e-19
2.096851511	-1.158589505999546e-19
2.098060653	-3.323124851681238e-19
2.099269795	-3.684391163244266e-19
2.100478937	-3.2900395054468457e-19
2.101688079	-2.8798918536376347e-19
2.102897221	-3.1932680029552578e-19
2.104106364	-4.2343343571605302e-19
2.105315506	-4.0378425666496436e-19
2.106524648	-8.546704025350811e-20
2.10773379	4.1193997847229204e-19
2.108942932	9.08523244972537e-19
2.110152074	1.2696714019310553e-18
2.111361216	1.4031610290034566e-18
2.112570358	1.2671470724930683e-18
2.1137795	1.005545036239317e-18
2.114988642	7.567872378494009e-19
2.116197784	5.661723875061687e-19
2.117406926	4.173850008193985e-19
2.118616068	3.1975383070305474e-19
2.119825211	2.933103735963877e-19
2.121034353	3.336340927219922e-19
2.122243495	4.210075900649552e-19
2.123452637	5.416292191995511e-19
2.124661779	6.554824112261563e-19
2.125870921	6.77145070050419e-19
2.127080063	5.493072907664462e-19
2.128289205	4.440649055152322e-19
2.129498347	5.705656926494184e-19
2.130707489	8.802958151275598e-19
2.131916631	1.1048483301933064e-18
2.133125773	1.0525580340796171e-18
2.134334915	7.774136664617561e-19
2.135544058	3.2335575101376574e-19
2.1367532	-1.569695036548903e-19
2.137962342	-4.168615562027894e-19
2.139171484	-3.568219088053374e-19
2.140380626	-2.0939888008213945e-19
2.141589768	-1.878066871022559e-19
2.14279891	-2.17242889616579e-19
2.144008052	-1.6650918597041706e-19
2.145217194	2.3822131322379673e-20
2.146426336	3.252984820096393e-19
2.147635478	7.084184257112513e-19
2.14884462	1.07817393966943e-18
2.150053763	1.3169534706522897e-18
2.151262905	1.3763690661786732e-18
2.152472047	1.2817019854903162e-18
2.153681189	1.0632879271606441e-18
2.154890331	7.086594481409632e-19
2.156099473	2.0242933541670545e-19
2.157308615	-2.737609309914047e-19
2.158517757	-4.951998443648125e-19
2.159726899	-3.712779595990848e-19
2.160936041	-2.7769327219589333e-20
2.162145183	4.2437408156420725e-19
2.163354325	7.519962376401886e-19
2.164563467	6.594754082244314e-19
2.16577261	2.131278856357108e-19
2.166981752	-2.0666513311480577e-19
2.168190894	-1.7912520975495085e-19
2.169400036	1.911253926857946e-19
2.170609178	8.670837995062826e-19
2.17181832	1.539905692316477e-18
2.173027462	1.7667084280920268e-18
2.174236604	1.3773713570173618e-18
2.175445746	9.283216488498381e-19
2.176654888	9.473499841652821e-19
2.17786403	1.3652835991957805e-18
2.179073172	1.9787520145195294e-18
2.180282314	2.5067039500037988e-18
2.181491457	2.6487704141179916e-18
2.182700599	2.039089016882448e-18
2.183909741	1.3054002319178775e-18
2.185118883	1.3845776782576324e-18
2.186328025	2.071108310606383e-18
2.187537167	2.5020536895212262e-18
2.188746309	2.0768763762152732e-18
2.189955451	1.2397088224647907e-18
2.191164593	4.871298865536156e-19
2.192373735	1.113489016666229e-20
2.193582877	-2.951348550659138e-20
2.194792019	4.3042755445762804e-19
2.196001161	1.201669474720265e-18
2.197210304	2.0638740896918327e-18
2.198419446	2.6959805746801257e-18
2.199628588	2.754415068925516e-18
2.20083773	2.228196659158587e-18
2.202046872	1.4185371552950413e-18
2.203256014	6.277695226352381e-19
2.204465156	2.562192660231651e-19
2.205674298	6.942434129262249e-19
2.20688344	1.6680643459998202e-18
2.208092582	2.4952362453382342e-18
2.209301724	2.8089175347788066e-18
2.210510866	2.7765098029949e-18
2.211720009	2.5003709211925603e-18
2.212929151	2.1550188311752202e-18
2.214138293	1.998383919514552e-18
2.215347435	2.012053976916272e-18
2.216556577	1.7773552075412024e-18
2.217765719	9.729587101748147e-19
2.218974861	5.861371343549546e-20
2.220184003	-4.2587146437507713e-19
2.221393145	-4.674114571192268e-19
2.222602287	-3.8383299415866753e-19
2.223811429	-3.5969154559058043e-19
2.225020571	-7.830385471027121e-20
2.226229713	7.510391292271677e-19
2.227438856	1.8777042178510965e-18
2.228647998	2.9001884993855663e-18
2.22985714	3.537183932242102e-18
2.231066282	3.5121585497238564e-18
2.232275424	2.573832254890761e-18
2.233484566	1.6202431470522291e-18
2.234693708	1.8275017017650252e-18
2.23590285	3.0499742503559517e-18
2.237111992	4.003587729888552e-18
2.238321134	3.768589802995663e-18
2.239530276	2.9223518509456636e-18
2.240739418	2.1754014776815045e-18
2.24194856	1.79557484648381e-18
2.243157703	1.8637000414858113e-18
2.244366845	2.325069912724476e-18
2.245575987	2.5870939642934527e-18
2.246785129	2.0811273980307764e-18
2.247994271	1.3983161027019954e-18
2.249203413	1.2678557593560862e-18
2.250412555	2.0372856239819248e-18
2.251621697	3.654700157431525e-18
2.252830839	6.049714815263519e-18
2.254039981	7.921183643123566e-18
2.255249123	7.50222867791799e-18
2.256458265	5.201129961470885e-18
2.257667408	2.8679614887469874e-18
2.25887655	1.6660048650052151e-18
2.260085692	1.215229061450391e-18
2.261294834	1.2383612574328822e-18
2.262503976	1.3856521947727677e-18
2.263713118	1.1968852137492973e-18
2.26492226	5.823288671249619e-19
2.266131402	3.586136041241191e-20
2.267340544	-4.521307342230762e-20
2.268549686	3.3119588403196275e-19
2.269758828	1.1331687533543233e-18
2.27096797	2.0683341192853172e-18
2.272177112	2.6106727367978343e-18
2.273386255	2.3902222337392157e-18
2.274595397	1.7823624369669037e-18
2.275804539	1.1923089815618757e-18
2.277013681	8.421575857689584e-19
2.278222823	8.658917814152322e-19
2.279431965	1.2545059204536297e-18
2.280641107	1.6065927128295926e-18
2.281850249	1.5433617760959567e-18
2.283059391	1.2204880926471295e-18
2.284268533	1.0207255962813634e-18
2.285477675	1.1605360494009043e-18
2.286686817	1.5163186940367753e-18
2.287895959	1.961805258028464e-18
2.289105102	2.4046229456579313e-18
2.290314244	2.742959974555257e-18
2.291523386	2.863479637602699e-18
2.292732528	2.699040010342394e-18
2.29394167	2.2659107874716766e-18
2.295150812	1.7277674360112555e-18
2.296359954	1.3276274331025397e-18
2.297569096	1.3344671986615516e-18
2.298778238	1.955816046780373e-18
2.29998738	3.1050574585999816e-18
2.301196522	4.2187741650128586e-18
2.302405664	4.806836884250426e-18
2.303614806	4.882278578575697e-18
2.304823949	4.543546544113128e-18
2.306033091	3.968074102309886e-18
2.307242233	3.410411124384145e-18
2.308451375	3.107910629780381e-18
2.309660517	3.2324742724474744e-18
2.310869659	3.9335489151088806e-18
2.312078801	4.860825370359704e-18
2.313287943	5.521247770937318e-18
2.314497085	5.6691999549374115e-18
2.315706227	5.604057444804275e-18
2.316915369	5.550514139535326e-18
2.318124511	5.390450269000811e-18
2.319333654	4.933670831551721e-18
2.320542796	4.270725446767896e-18
2.321751938	3.752820756272496e-18
2.32296108	3.4906978773169564e-18
2.324170222	3.4582692232826007e-18
2.325379364	3.6464320292942125e-18
2.326588506	3.855973372799522e-18
2.327797648	3.7737358109748666e-18
2.32900679	3.274023177191016e-18
2.330215932	2.623926386645839e-18
2.331425074	2.060077347244634e-18
2.332634216	1.7119575121478173e-18
2.333843358	1.663132692593159e-18
2.335052501	2.0386685804187357e-18
2.336261643	2.9721110723502907e-18
2.337470785	4.573388980836387e-18
2.338679927	6.4102715859727945e-18
2.339889069	7.739452574672979e-18
2.341098211	8.200946763046517e-18
2.342307353	7.893128601963442e-18
2.343516495	6.99864211056846e-18
2.344725637	6.078897239062708e-18
2.345934779	5.6353841893837675e-18
2.347143921	6.297216100502325e-18
2.348353063	8.907461652546712e-18
2.349562205	1.3691603556576087e-17
2.350771348	1.8726013399530696e-17
2.35198049	2.1739098302591355e-17
2.353189632	2.202705694062018e-17
2.354398774	2.0369328878338803e-17
2.355607916	1.7988695487063284e-17
2.356817058	1.5905666622227734e-17
2.3580262	1.493058030059958e-17
2.359235342	1.4643494421149117e-17
2.360444484	1.4985788590483217e-17
2.361653626	1.640669996307055e-17
2.362862768	1.9598081383572225e-17
2.36407191	2.5581909850368875e-17
2.365281052	3.3500685003331676e-17
2.366490195	3.815354633168564e-17
2.367699337	3.8687998290299076e-17
2.368908479	4.01655746686291e-17
2.370117621	4.4386745753683994e-17
2.371326763	4.956005088075952e-17
2.372535905	5.4747307493287774e-17
2.373745047	6.207319447036765e-17
2.374954189	7.177561771565193e-17
2.376163331	8.252721407533094e-17
2.377372473	8.514500358000642e-17
2.378581615	6.946037084717864e-17
2.379790757	5.789423412802295e-17
2.3809999	5.749937912948456e-17
2.382209042	6.560661548590371e-17
2.383418184	8.267814685348782e-17
2.384627326	1.1104823281649454e-16
2.385836468	1.3909072572916807e-16
2.38704561	1.1798757710470396e-16
2.388254752	8.519108356631273e-17
2.389463894	6.923310766055399e-17
2.390673036	6.432863888530965e-17
2.391882178	6.830847970858557e-17
2.39309132	8.496878104480165e-17
2.394300462	1.1237298229263612e-16
2.395509604	1.2068257689920906e-16
2.396718747	1.0599065706001276e-16
2.397927889	9.138422173534255e-17
2.399137031	8.14769930074519e-17
2.400346173	7.01186209888201e-17
2.401555315	5.399021176382642e-17
2.402764457	4.310148814198084e-17
2.403973599	4.2601487408796705e-17
2.405182741	5.000673291535633e-17
2.406391883	6.124551360450239e-17
2.407601025	7.479731096640821e-17
2.408810167	8.931869799670297e-17
2.410019309	9.668482964605987e-17
2.411228451	8.846631365818547e-17
2.412437594	6.710595061580157e-17
2.413646736	4.6791223188872705e-17
2.414855878	3.8028540191423104e-17
2.41606502	4.274639115613868e-17
2.417274162	5.5379513252338236e-17
2.418483304	6.296069306019731e-17
2.419692446	5.948914832572969e-17
2.420901588	6.089095280588264e-17
2.42211073	9.686564463094727e-17
2.423319872	6.603883253520585e-16
2.424529014	-2.1778399410555002e-16
2.425738156	-1.736919643618477e-16
2.426947299	-3.2354837814394025e-16
2.428156441	2.2683666697141e-16
2.429365583	4.722791372500218e-17
2.430574725	1.7113408827543177e-17
2.431783867	7.340080329223986e-18
2.432993009	8.05005245383785e-18
2.434202151	2.813082696299865e-17
2.435411293	8.959991053785421e-17
2.436620435	8.351514163823975e-17
2.437829577	4.721198926177148e-17
2.439038719	4.133990164897649e-17
2.440247861	5.653091439927585e-17
2.441457003	8.37220579902403e-17
2.442666146	1.0697456138136602e-16
2.443875288	1.179426051428594e-16
2.44508443	1.1931183647979587e-16
2.446293572	1.0985580693065033e-16
2.447502714	8.983931899149832e-17
2.448711856	6.871593159976981e-17
2.449920998	5.3591805866641463e-17
2.45113014	4.345612599946213e-17
2.452339282	3.705666783649183e-17
2.453548424	3.417825469566755e-17
2.454757566	3.47677943487139e-17
2.455966708	3.5626356837892903e-17
2.45717585	3.235827392615629e-17
2.458384993	2.7964159730945983e-17
2.459594135	2.5997695809252962e-17
2.460803277	2.7397325918221768e-17
2.462012419	3.0569672088265896e-17
2.463221561	3.3513959531267216e-17
2.464430703	3.6872396153587634e-17
2.465639845	4.271019034767464e-17
2.466848987	5.3897874005281847e-17
2.468058129	7.589129410419804e-17
2.469267271	1.1918701819282783e-16
2.470476413	1.6311975525208738e-16
2.471685555	1.2565718308253739e-16
2.472894697	8.460974522517139e-17
2.47410384	6.538375079349797e-17
2.475312982	5.4328233638924536e-17
2.476522124	4.535374915668019e-17
2.477731266	3.7017519788999736e-17
2.478940408	3.047089467153982e-17
2.48014955	3.083027173458752e-17
2.481358692	3.8596325108562567e-17
2.482567834	4.411625135066578e-17
2.483776976	4.255245033680261e-17
2.484986118	3.972257856990676e-17
2.48619526	3.7856909283561317e-17
2.487404402	3.595056949330003e-17
2.488613545	3.512191897088727e-17
2.489822687	3.674547553878069e-17
2.491031829	3.8024935588548486e-17
2.492240971	3.670331172421477e-17
2.493450113	3.404172164968806e-17
2.494659255	3.169863423479858e-17
2.495868397	3.029928742179348e-17
2.497077539	2.944141409945994e-17