0.45	6.6764601673150484e-15
0.451155239	6.4412068294931444e-15
0.452310478	6.4995232791189455e-15
0.453465717	6.3718277757319024e-15
0.454620956	6.3387746421357086e-15
0.455776195	6.2590228667574606e-15
0.456931434	6.246658493734192e-15
0.458086673	6.175284831774472e-15
0.459241912	6.409582185863884e-15
0.46039715	6.830846889461885e-15
0.461552389	6.954277312649934e-15
0.462707628	6.658373163423162e-15
0.463862867	6.990264793866003e-15
0.465018106	7.0939506198912e-15
0.466173345	7.236497093592858e-15
0.467328584	7.245120825324236e-15
0.468483823	7.178779643784845e-15
0.469639062	7.0244301975332955e-15
0.470794301	7.231381572279385e-15
0.47194954	7.021338578133172e-15
0.473104779	7.371219873910468e-15
0.474260018	7.398281690867097e-15
0.475415257	7.287309437716888e-15
0.476570496	7.333171746985624e-15
0.477725735	6.7903650402328465e-15
0.478880973	6.8063706892907155e-15
0.480036212	6.434954152446292e-15
0.481191451	6.1605798652016546e-15
0.48234669	6.039556816941174e-15
0.483501929	5.9049849608473556e-15
0.484657168	5.173649340527323e-15
0.485812407	4.299438640821236e-15
0.486967646	4.806916128190799e-15
0.488122885	6.0759722880578296e-15
0.489278124	7.165842944190139e-15
0.490433363	7.097895451740873e-15
0.491588602	7.20019312427695e-15
0.492743841	7.052769106759707e-15
0.49389908	7.209242939564428e-15
0.495054319	7.324913345336019e-15
0.496209558	7.58614028709777e-15
0.497364796	7.165332043394704e-15
0.498520035	7.230645164392941e-15
0.499675274	6.494012445314436e-15
0.500830513	6.5473103350622224e-15
0.501985752	6.591893298975931e-15
0.503140991	6.489305365689996e-15
0.50429623	6.466017814523583e-15
0.505451469	6.079158128031514e-15
0.506606708	6.0345927218900125e-15
0.507761947	5.882055513036181e-15
0.508917186	5.5089426421532395e-15
0.510072425	5.498003983547287e-15
0.511227664	5.532368826750165e-15
0.512382903	6.0574758703158464e-15
0.513538142	6.429743377725886e-15
0.514693381	6.518032161638692e-15
0.515848619	6.452570184529848e-15
0.517003858	6.788506174552229e-15
0.518159097	6.475607161174805e-15
0.519314336	6.050198634934505e-15
0.520469575	5.911161286112309e-15
0.521624814	5.779589436497269e-15
0.522780053	6.073668835625555e-15
0.523935292	5.926391637966036e-15
0.525090531	5.954569754305853e-15
0.52624577	6.320245545619901e-15
0.527401009	6.1519795168867134e-15
0.528556248	6.265190356688932e-15
0.529711487	6.352457924742074e-15
0.530866726	6.008720166989955e-15
0.532021965	5.809149814412654e-15
0.533177204	5.524153412889946e-15
0.534332442	5.2790950708087996e-15
0.535487681	4.837779651408897e-15
0.53664292	4.695818083235549e-15
0.537798159	4.1643704903139155e-15
0.538953398	3.660303250876412e-15
0.540108637	3.42714683908472e-15
0.541263876	2.9810062071537967e-15
0.542419115	2.7349217733526643e-15
0.543574354	2.7098587409813947e-15
0.544729593	3.048028383685999e-15
0.545884832	3.627562367645226e-15
0.547040071	4.50034337412654e-15
0.54819531	5.334070364317214e-15
0.549350549	5.814161673966356e-15
0.550505788	6.2252011854286726e-15
0.551661027	6.363928441764962e-15
0.552816265	6.430249465311376e-15
0.553971504	6.164498767515895e-15
0.555126743	5.991564278127018e-15
0.556281982	5.977447311300761e-15
0.557437221	5.846487746332067e-15
0.55859246	5.8981800795719206e-15
0.559747699	5.906369715248509e-15
0.560902938	6.00205680386947e-15
0.562058177	6.104345502487106e-15
0.563213416	5.933375594110857e-15
0.564368655	5.767589162220735e-15
0.565523894	5.6564513396722926e-15
0.566679133	5.202607677617908e-15
0.567834372	4.818388895399706e-15
0.568989611	4.758108966337584e-15
0.57014485	4.5059908251062765e-15
0.571300089	4.3614126100886336e-15
0.572455327	4.069569108456924e-15
0.573610566	3.8887584373234896e-15
0.574765805	3.6226033035433024e-15
0.575921044	3.466101503945824e-15
0.577076283	3.346302456624194e-15
0.578231522	3.4709775546398687e-15
0.579386761	3.6748531515346725e-15
0.580542	4.06682933096671e-15
0.581697239	4.589836405812158e-15
0.582852478	5.0011161649587325e-15
0.584007717	5.3337218108901434e-15
0.585162956	5.70515705458577e-15
0.586318195	5.8407056219460364e-15
0.587473434	5.55533219909824e-15
0.588628673	5.557675259377686e-15
0.589783912	5.7045040348307865e-15
0.59093915	4.897667259062703e-15
0.592094389	4.698626765035447e-15
0.593249628	4.347542075077502e-15
0.594404867	4.0069132442450945e-15
0.595560106	3.702135222505836e-15
0.596715345	3.5042840468993722e-15
0.597870584	3.4993782643310783e-15
0.599025823	3.524946545006357e-15
0.600181062	3.628930176442022e-15
0.601336301	3.836356158505044e-15
0.60249154	4.158078097579088e-15
0.603646779	4.234906301802652e-15
0.604802018	4.357314746408229e-15
0.605957257	4.287548032389633e-15
0.607112496	3.973532754177984e-15
0.608267735	3.537190234168231e-15
0.609422973	3.131594067456449e-15
0.610578212	2.88131055583648e-15
0.611733451	2.5206049404027086e-15
0.61288869	2.2102366690534714e-15
0.614043929	1.8298209712018245e-15
0.615199168	1.5258283248807758e-15
0.616354407	1.4493156557863123e-15
0.617509646	1.2992699776657236e-15
0.618664885	1.2026934880888813e-15
0.619820124	1.170637228442717e-15
0.620975363	1.1629750039693863e-15
0.622130602	1.2284907327493239e-15
0.623285841	1.3484072961127028e-15
0.62444108	1.5572842640409058e-15
0.625596319	1.924318226752322e-15
0.626751558	2.322099144287072e-15
0.627906796	2.7821228996464694e-15
0.629062035	3.225201909505764e-15
0.630217274	3.574236076188587e-15
0.631372513	3.848624811475496e-15
0.632527752	4.02891453866876e-15
0.633682991	4.109854776351287e-15
0.63483823	4.0704770884393755e-15
0.635993469	4.0188307428576444e-15
0.637148708	3.920973466396961e-15
0.638303947	3.823715115821965e-15
0.639459186	3.6630304922825215e-15
0.640614425	3.4191094251410126e-15
0.641769664	3.206183919544113e-15
0.642924903	3.0912453540194364e-15
0.644080142	2.9902385909205404e-15
0.645235381	2.9450056983975408e-15
0.646390619	2.9936866274760874e-15
0.647545858	2.978696136221288e-15
0.648701097	2.8464162332127284e-15
0.649856336	2.6969074149212133e-15
0.651011575	2.5896506074106355e-15
0.652166814	2.513281450215571e-15
0.653322053	2.4068241328633355e-15
0.654477292	2.268472598780003e-15
0.655632531	1.962100307437596e-15
0.65678777	1.7336713699210573e-15
0.657943009	1.8946785425531835e-15
0.659098248	1.913323235639038e-15
0.660253487	1.797414795498563e-15
0.661408726	1.737494441528274e-15
0.662563965	1.6811424488165551e-15
0.663719204	1.5865065538126999e-15
0.664874442	1.4958908786298578e-15
0.666029681	1.426063518776481e-15
0.66718492	1.3803543011123135e-15
0.668340159	1.374292309237491e-15
0.669495398	1.4295545188040239e-15
0.670650637	1.5352876383168968e-15
0.671805876	1.6868400380794369e-15
0.672961115	1.9016257662670913e-15
0.674116354	2.1380768261574747e-15
0.675271593	2.3841211204157912e-15
0.676426832	2.6731433653100678e-15
0.677582071	2.86523757031212e-15
0.67873731	2.9048255951410388e-15
0.679892549	2.7539472948020257e-15
0.681047788	2.442180627804728e-15
0.682203027	2.1450096710752223e-15
0.683358266	1.9461359337220272e-15
0.684513504	1.8747472447212194e-15
0.685668743	1.930156376464451e-15
0.686823982	2.0079309710166055e-15
0.687979221	2.0493014603881816e-15
0.68913446	2.1184001922246783e-15
0.690289699	2.2194398311398772e-15
0.691444938	2.2911094907646866e-15
0.692600177	2.2842396482562367e-15
0.693755416	2.2031707581648856e-15
0.694910655	2.063419219181205e-15
0.696065894	1.838998667977816e-15
0.697221133	1.5945474843292338e-15
0.698376372	1.3742360038605813e-15
0.699531611	1.1738207963145589e-15
0.70068685	1.0112508745353641e-15
0.701842089	9.003127914240479e-16
0.702997327	8.487962779977525e-16
0.704152566	8.470148734567669e-16
0.705307805	8.820835457008243e-16
0.706463044	9.546876713737476e-16
0.707618283	1.052654272868872e-15
0.708773522	1.1547160852616414e-15
0.709928761	1.2255414648808502e-15
0.711084	1.2828577741876737e-15
0.712239239	1.355558360178544e-15
0.713394478	1.3788774339596576e-15
0.714549717	1.30775554017163e-15
0.715704956	1.1547400807112109e-15
0.716860195	9.38109826117602e-16
0.718015434	7.183419391175491e-16
0.719170673	5.727785355658786e-16
0.720325912	5.049082772709808e-16
0.72148115	4.747896819570312e-16
0.722636389	4.542401276632366e-16
0.723791628	4.348879403490351e-16
0.724946867	4.0374297587740806e-16
0.726102106	3.6976221613188747e-16
0.727257345	3.5281565661457584e-16
0.728412584	3.5541086690329756e-16
0.729567823	3.6688204664376025e-16
0.730723062	3.833896782723887e-16
0.731878301	4.030173700979045e-16
0.73303354	4.304448357488893e-16
0.734188779	4.640456124748528e-16
0.735344018	5.049566360461966e-16
0.736499257	5.470799978772572e-16
0.737654496	6.049034569432333e-16
0.738809735	6.975455573103608e-16
0.739964973	8.396970950654576e-16
0.741120212	1.0183204273515814e-15
0.742275451	1.2005772691743576e-15
0.74343069	1.3859696521216887e-15
0.744585929	1.5595910605981926e-15
0.745741168	1.6566710409328047e-15
0.746896407	1.6725264972490346e-15
0.748051646	1.6615481565468798e-15
0.749206885	1.6588647368494627e-15
0.750362124	1.6714926823714541e-15
0.751517363	1.6937203134159734e-15
0.752672602	1.7210967641596492e-15
0.753827841	1.7444056394070686e-15
0.75498308	1.7444188684248582e-15
0.756138319	1.6353774138171297e-15
0.757293558	1.4927695409358502e-15
0.758448796	1.4678494343877326e-15
0.759604035	1.4708541514829602e-15
0.760759274	1.223816437356637e-15
0.761914513	8.567753446405952e-16
0.763069752	7.630730453900844e-16
0.764224991	7.225843396960976e-16
0.76538023	6.815033097211879e-16
0.766535469	6.91200310610441e-16
0.767690708	7.289232086459864e-16
0.768845947	7.579100538089992e-16
0.770001186	7.476081889864627e-16
0.771156425	7.264382943446985e-16
0.772311664	6.96098675834247e-16
0.773466903	6.355063057037595e-16
0.774622142	5.871658393060962e-16
0.775777381	5.534444998191248e-16
0.77693262	5.131974053367919e-16
0.778087858	4.929774326907535e-16
0.779243097	4.724728940612459e-16
0.780398336	4.2587267188430133e-16
0.781553575	3.9143037043749034e-16
0.782708814	3.7833695843432385e-16
0.783864053	3.6474710214238947e-16
0.785019292	3.622721690621537e-16
0.786174531	3.7467638506691184e-16
0.78732977	3.7770799685338274e-16
0.788485009	3.8021321431803215e-16
0.789640248	3.771227670872205e-16
0.790795487	3.7052218982265007e-16
0.791950726	3.6588618372028387e-16
0.793105965	3.4859676357084163e-16
0.794261204	3.28591176381235e-16
0.795416443	3.178318262199577e-16
0.796571681	3.0768027033626976e-16
0.79772692	3.088835738502092e-16
0.798882159	3.174491545351741e-16
0.800037398	3.1935505238851367e-16
0.801192637	3.213923884318548e-16
0.802347876	3.2967929611823646e-16
0.803503115	3.4309301184997957e-16
0.804658354	3.604294431034256e-16
0.805813593	3.7421244709289603e-16
0.806968832	3.8689579453192736e-16
0.808124071	4.006428346388498e-16
0.80927931	4.1329763784754826e-16
0.810434549	4.2602751654554846e-16
0.811589788	4.4249007106112225e-16
0.812745027	4.670123345956494e-16
0.813900266	5.050927406867336e-16
0.815055504	5.423808728774289e-16
0.816210743	5.704963816571788e-16
0.817365982	6.195461449357786e-16
0.818521221	6.866969978788197e-16
0.81967646	7.643944941661851e-16
0.820831699	8.357069869823335e-16
0.821986938	8.727056847104258e-16
0.823142177	8.859770533714448e-16
0.824297416	9.068143974474881e-16
0.825452655	9.073179958041156e-16
0.826607894	9.153739889859345e-16
0.827763133	9.406956330613139e-16
0.828918372	1.0075658713455278e-15
0.830073611	1.089128073003754e-15
0.83122885	1.1201420987496972e-15
0.832384089	1.0587372058995995e-15
0.833539327	9.234369645931215e-16
0.834694566	7.226142967243878e-16
0.835849805	5.343533231063635e-16
0.837005044	4.1482159617333604e-16
0.838160283	3.5304476679628257e-16
0.839315522	3.2106970344842293e-16
0.840470761	3.10310547640816e-16
0.841626	3.1889209388770707e-16
0.842781239	3.4239051719495216e-16
0.843936478	3.640896755108703e-16
0.845091717	3.833970603587277e-16
0.846246956	4.0442591022878923e-16
0.847402195	4.204036966548634e-16
0.848557434	4.356473475642608e-16
0.849712673	4.1545210431389276e-16
0.850867912	3.716748709038265e-16
0.85202315	3.6109421165713456e-16
0.853178389	3.2910823537672956e-16
0.854333628	2.5483874039560654e-16
0.855488867	2.478372267935189e-16
0.856644106	2.887043411354642e-16
0.857799345	2.960148138695842e-16
0.858954584	2.85228687808951e-16
0.860109823	2.7131595304806627e-16
0.861265062	2.6873425603519737e-16
0.862420301	2.7474523139954185e-16
0.86357554	2.7941173086304225e-16
0.864730779	2.7919293989254316e-16
0.865886018	2.527747972702379e-16
0.867041257	2.3318885471263193e-16
0.868196496	2.8855559285186717e-16
0.869351735	3.363234308821117e-16
0.870506973	3.557621346154321e-16
0.871662212	3.620595333840995e-16
0.872817451	3.656936472487884e-16
0.87397269	3.5577092372200357e-16
0.875127929	3.506923860082209e-16
0.876283168	3.763737041322994e-16
0.877438407	3.8718332067517787e-16
0.878593646	3.754535512314352e-16
0.879748885	3.628867443750504e-16
0.880904124	3.4918175777126083e-16
0.882059363	3.294391730182716e-16
0.883214602	3.0113551990893214e-16
0.884369841	2.8236417269847046e-16
0.88552508	2.668760006841654e-16
0.886680319	2.5938664585997945e-16
0.887835558	2.8640003922526037e-16
0.888990797	3.155666545825306e-16
0.890146035	3.1998720991021457e-16
0.891301274	3.191071331431347e-16
0.892456513	3.2265695044093075e-16
0.893611752	3.306128736003949e-16
0.894766991	3.3937070048513565e-16
0.89592223	3.4625999382488517e-16
0.897077469	3.436972636284333e-16
0.898232708	3.371742730312718e-16
0.899387947	3.1907630839167327e-16
0.900543186	3.108765648530825e-16
0.901698425	3.2897037226940766e-16
0.902853664	3.8748062302911704e-16
0.904008903	4.3088603947789286e-16
0.905164142	4.3464820308397006e-16
0.906319381	4.251299513552748e-16
0.90747462	4.4323904693524413e-16
0.908629858	4.678981492272964e-16
0.909785097	4.754318362212032e-16
0.910940336	4.766968336172754e-16
0.912095575	4.742048259182527e-16
0.913250814	4.722684234760063e-16
0.914406053	4.888830302601999e-16
0.915561292	4.994308122543701e-16
0.916716531	5.198187659853719e-16
0.91787177	5.284486404191029e-16
0.919027009	5.285486184402813e-16
0.920182248	5.263908628917954e-16
0.921337487	5.132922240850493e-16
0.922492726	4.85811375539482e-16
0.923647965	5.144719483854194e-16
0.924803204	5.98369141566407e-16
0.925958443	6.391957835573309e-16
0.927113681	6.627921671532773e-16
0.92826892	6.930026828714645e-16
0.929424159	7.287625780109572e-16
0.930579398	7.486488261948431e-16
0.931734637	7.469076908088322e-16
0.932889876	7.410865576903772e-16
0.934045115	7.358964115836844e-16
0.935200354	7.710186893497887e-16
0.936355593	7.977003341538419e-16
0.937510832	8.127906762560727e-16
0.938666071	8.226139542380619e-16
0.93982131	8.175215703161483e-16
0.940976549	7.723723879032398e-16
0.942131788	7.540302371918943e-16
0.943287027	6.974310977912872e-16
0.944442266	6.771775201365976e-16
0.945597504	6.867023761669099e-16
0.946752743	6.870448296353907e-16
0.947907982	6.652269730862467e-16
0.949063221	6.524230902576993e-16
0.95021846	6.037256913773936e-16
0.951373699	6.011838584259351e-16
0.952528938	5.69958489854194e-16
0.953684177	5.658399341785598e-16
0.954839416	5.257606146118196e-16
0.955994655	5.955685997962805e-16
0.957149894	6.707412601932065e-16
0.958305133	7.229652177963655e-16
0.959460372	7.397546325673017e-16
0.960615611	7.657104646416611e-16
0.96177085	7.874592448133993e-16
0.962926089	8.113093805322093e-16
0.964081327	8.124743389587654e-16
0.965236566	8.138138198353384e-16
0.966391805	8.079113632742786e-16
0.967547044	8.193833405595887e-16
0.968702283	8.112484319033058e-16
0.969857522	7.9631552452382335e-16
0.971012761	0.
0.972168	0.
0.973323239	0.
0.974478478	0.
0.975633717	0.
0.976788956	0.
0.977944195	0.
0.979099434	0.
0.980254673	0.
0.981409912	0.
0.98256515	0.
0.983720389	0.
0.984875628	0.
0.986030867	0.
0.987186106	0.
0.988341345	0.
0.989496584	0.
0.990651823	0.
0.991807062	0.
0.992962301	0.
0.99411754	0.
0.995272779	0.
0.996428018	0.
0.997583257	2.3575383328938563e-16
0.998738496	2.306845746631915e-16
0.999893735	2.1889687566640402e-16
1.001048974	2.0197232861506796e-16
1.002204212	1.826599532342679e-16
1.003359451	1.644741889003643e-16
1.00451469	1.6051917789157403e-16
1.005669929	1.6901010997633315e-16
1.006825168	1.683594277392293e-16
1.007980407	1.6062194953444112e-16
1.009135646	1.6241174085440346e-16
1.010290885	1.7490217488263805e-16
1.011446124	1.8957444914641925e-16
1.012601363	1.923554818235002e-16
1.013756602	1.8626173358037726e-16
1.014911841	1.9357885797229624e-16
1.01606708	2.12758828229382e-16
1.017222319	2.2775715211930628e-16
1.018377558	2.2984113469036696e-16
1.019532797	2.2071735527166247e-16
1.020688035	2.1330832581265898e-16
1.021843274	2.1359313336429347e-16
1.022998513	2.1922322085741349e-16
1.024153752	2.2374973339968623e-16
1.025308991	2.2398066514585966e-16
1.02646423	2.2497784877939646e-16
1.027619469	2.286687118960963e-16
1.028774708	2.325444349061649e-16
1.029929947	2.367332571268085e-16
1.031085186	2.38794402072217e-16
1.032240425	2.437609152651599e-16
1.033395664	2.524514046650934e-16
1.034550903	2.61395963804654e-16
1.035706142	2.6996587474036037e-16
1.036861381	2.879198836132609e-16
1.03801662	3.1028700794504343e-16
1.039171858	3.2432816918784736e-16
1.040327097	3.372389682665481e-16
1.041482336	3.580619380000136e-16
1.042637575	3.836462619932179e-16
1.043792814	4.071642906209534e-16
1.044948053	4.2848861647325196e-16
1.046103292	4.498556786732181e-16
1.047258531	4.679422083269946e-16
1.04841377	4.838442608532853e-16
1.049569009	4.99930591160753e-16
1.050724248	5.217568517865632e-16
1.051879487	5.434414885188377e-16
1.053034726	5.527399530107751e-16
1.054189965	5.708941380908141e-16
1.055345204	6.095738688616185e-16
1.056500443	6.380774316732449e-16
1.057655681	6.511186642635387e-16
1.05881092	6.69551958521414e-16
1.059966159	6.959350892160324e-16
1.061121398	7.206479614792675e-16
1.062276637	7.511594256844535e-16
1.063431876	7.852556400002111e-16
1.064587115	8.139881225315913e-16
1.065742354	8.40999625997036e-16
1.066897593	8.663862082623639e-16
1.068052832	8.926559623993322e-16
1.069208071	9.228669697467004e-16
1.07036331	9.459013013446191e-16
1.071518549	9.470722151408346e-16
1.072673788	9.424598691907803e-16
1.073829027	9.39878488466425e-16
1.074984266	9.270347876496224e-16
1.076139504	9.058807827082343e-16
1.077294743	8.88865976889301e-16
1.078449982	8.652253415728775e-16
1.079605221	8.25964428399729e-16
1.08076046	7.959913898598033e-16
1.081915699	7.739436072942567e-16
1.083070938	7.303829162940097e-16
1.084226177	6.724156353049785e-16
1.085381416	6.133650049181343e-16
1.086536655	5.649709250238564e-16
1.087691894	5.296752886313642e-16
1.088847133	4.749262929431329e-16
1.090002372	4.0702553621800237e-16
1.091157611	3.5030625622630494e-16
1.09231285	3.050315481565266e-16
1.093468089	2.743324307075335e-16
1.094623327	2.452708899997243e-16
1.095778566	2.1470627368077095e-16
1.096933805	1.932706345512959e-16
1.098089044	1.7939371694479458e-16
1.099244283	1.6661404112334675e-16
1.100399522	1.571286774281451e-16
1.101554761	1.5365973382851906e-16
1.10271	1.5080261744618389e-16
1.103865239	1.4654347047380985e-16
1.105020478	1.4313995979040962e-16
1.106175717	1.4024209392339728e-16
1.107330956	1.3687243328233757e-16
1.108486195	1.320553930820117e-16
1.109641434	1.2578177498317734e-16
1.110796673	1.1928813371955226e-16
1.111951912	1.1279725892040424e-16
1.113107151	1.0585197866428745e-16
1.114262389	9.855923371838098e-17
1.115417628	9.142453028055543e-17
1.116572867	8.471613334306462e-17
1.117728106	7.90569632230024e-17
1.118883345	7.492908764976433e-17
1.120038584	7.182181034457047e-17
1.121193823	6.808122248001846e-17
1.122349062	6.41086798917347e-17
1.123504301	6.061927137411054e-17
1.12465954	5.73553674623543e-17
1.125814779	5.389774429690138e-17
1.126970018	4.9127831725307454e-17
1.128125257	4.4814165003050004e-17
1.129280496	4.24924069483795e-17
1.130435735	4.2013099526700387e-17
1.131590974	4.29290337998093e-17
1.132746212	4.475275326782198e-17
1.133901451	4.7093483695293667e-17
1.13505669	4.830658174410239e-17
1.136211929	4.834211315651453e-17
1.137367168	4.8732520412064256e-17
1.138522407	4.8965624590421935e-17
1.139677646	4.918235878419269e-17
1.140832885	4.944937314906137e-17
1.141988124	4.951109361174507e-17
1.143143363	4.963519024244155e-17
1.144298602	4.9260789677623e-17
1.145453841	4.769892143133618e-17
1.14660908	4.548832123953303e-17
1.147764319	4.2859867333262785e-17
1.148919558	3.929582953125736e-17
1.150074797	3.533509879319819e-17
1.151230035	3.1579862062190074e-17
1.152385274	2.8269341827053345e-17
1.153540513	2.564940511157564e-17
1.154695752	2.3700122449753487e-17
1.155850991	2.23198365292806e-17
1.15700623	2.1176176820103784e-17
1.158161469	2.014146212787902e-17
1.159316708	1.968992349122244e-17
1.160471947	1.979594358702228e-17
1.161627186	2.041750781158905e-17
1.162782425	2.156043038118435e-17
1.163937664	2.3155458540791685e-17
1.165092903	2.5401436510935537e-17
1.166248142	2.826782739132416e-17
1.167403381	3.1488649300910163e-17
1.16855862	3.5162674207987096e-17
1.169713858	3.9233654803890516e-17
1.170869097	4.282661917761574e-17
1.172024336	4.5528517901802073e-17
1.173179575	4.7440874587077393e-17
1.174334814	4.855319275464118e-17
1.175490053	4.8950107890478634e-17
1.176645292	4.805179014846528e-17
1.177800531	4.595644705275614e-17
1.17895577	4.299625941487524e-17
1.180111009	3.973353027620733e-17
1.181266248	3.720200505373653e-17
1.182421487	3.530252374300522e-17
1.183576726	3.3963984482036504e-17
1.184731965	3.262446495942032e-17
1.185887204	3.1228044109096225e-17
1.187042443	3.134784288980487e-17
1.188197681	3.2798805224371397e-17
1.18935292	3.405809475350647e-17
1.190508159	3.552055776511356e-17
1.191663398	3.7581781186348575e-17
1.192818637	3.9967129313664596e-17
1.193973876	4.2782462984382766e-17
1.195129115	4.54334164535049e-17
1.196284354	4.7550638085429375e-17
1.197439593	4.9011371560773553e-17
1.198594832	4.7592370082456085e-17
1.199750071	4.424715275132417e-17
1.20090531	4.156110799886218e-17
1.202060549	4.142409591694992e-17
1.203215788	4.576639322302151e-17
1.204371027	5.210770579324262e-17
1.205526266	5.726338308505582e-17
1.206681505	6.283804351748094e-17
1.207836743	6.957162297584905e-17
1.208991982	7.436344115499277e-17
1.210147221	7.669684182764153e-17
1.21130246	7.881022005807264e-17
1.212457699	8.069784129723274e-17
1.213612938	8.235396958595729e-17
1.214768177	8.365943402800623e-17
1.215923416	8.475211309789379e-17
1.217078655	8.577404501808534e-17
1.218233894	8.641431965132625e-17
1.219389133	8.639211600423464e-17
1.220544372	8.557412443372499e-17
1.221699611	8.402831655897283e-17
1.22285485	8.203689805976691e-17
1.224010089	7.97180360174955e-17
1.225165328	7.684356309941514e-17
1.226320566	7.389341846266779e-17
1.227475805	7.162466841296113e-17
1.228631044	6.925824373630621e-17
1.229786283	6.668259260058908e-17
1.230941522	6.483159587098943e-17
1.232096761	6.369823483400485e-17
1.233252	6.265514151082462e-17
1.234407239	6.168502400257086e-17
1.235562478	6.119418773737909e-17
1.236717717	6.123137974021183e-17
1.237872956	6.195457555931921e-17
1.239028195	6.392542283018155e-17
1.240183434	6.694528174812398e-17
1.241338673	7.036239866214527e-17
1.242493912	7.437525283028625e-17
1.243649151	7.918748562593248e-17
1.244804389	8.446750944181409e-17
1.245959628	9.009199751747232e-17
1.247114867	9.628732472549748e-17
1.248270106	1.0298378639680666e-16
1.249425345	1.0998546330256674e-16
1.250580584	1.1785142333385943e-16
1.251735823	1.2745071369093429e-16
1.252891062	1.3672334376966719e-16
1.254046301	1.4421100086734379e-16
1.25520154	1.5079449303321212e-16
1.256356779	1.5484883665134147e-16
1.257512018	1.5617922548969522e-16
1.258667257	1.5602732453453901e-16
1.259822496	1.5501319251966262e-16
1.260977735	1.5514659401403242e-16
1.262132974	1.5638304137070187e-16
1.263288212	1.5792561523155285e-16
1.264443451	1.6010215783873829e-16
1.26559869	1.6304247997845003e-16
1.266753929	1.6790439436232167e-16
1.267909168	1.7499811650079715e-16
1.269064407	1.8155238094792564e-16
1.270219646	1.8787842853204515e-16
1.271374885	1.9645771336726516e-16
1.272530124	2.0614068992356787e-16
1.273685363	2.1641177379061263e-16
1.274840602	2.255681584464103e-16
1.275995841	2.3276892059577185e-16
1.27715108	2.39326655942336e-16
1.278306319	2.4381064864770904e-16
1.279461558	2.457117267263355e-16
1.280616797	2.5229768829157395e-16
1.281772035	2.68409974100544e-16
1.282927274	2.677020147046223e-16
1.284082513	2.5038518821040054e-16
1.285237752	2.4163616684790846e-16
1.286392991	2.3768308820161006e-16
1.28754823	2.3312297574650236e-16
1.288703469	2.2755481960940074e-16
1.289858708	2.225850248751289e-16
1.291013947	2.160266341805976e-16
1.292169186	2.0850465742001595e-16
1.293324425	2.026299684322832e-16
1.294479664	1.961775980708493e-16
1.295634903	1.870745519392458e-16
1.296790142	1.7682642901326343e-16
1.297945381	1.6610812921352702e-16
1.29910062	1.532511403319495e-16
1.300255858	1.3943490248510964e-16
1.301411097	1.2667915610860252e-16
1.302566336	1.1430999805832245e-16
1.303721575	1.023012639328461e-16
1.304876814	9.111006576598255e-17
1.306032053	8.194443276398139e-17
1.307187292	7.513730780704044e-17
1.308342531	7.010145588550756e-17
1.30949777	6.607576416302286e-17
1.310653009	6.304425153558781e-17
1.311808248	6.101819056570646e-17
1.312963487	5.830229509169277e-17
1.314118726	5.49632063810126e-17
1.315273965	5.274866740805736e-17
1.316429204	5.0669618776796853e-17
1.317584443	4.725097411051934e-17
1.318739682	4.412702702106053e-17
1.31989492	4.175061595527169e-17
1.321050159	3.9739639107505615e-17
1.322205398	3.7964669704993165e-17
1.323360637	3.6173254955200784e-17
1.324515876	3.464148757250677e-17
1.325671115	3.354653333323078e-17
1.326826354	3.26195776157646e-17
1.327981593	3.178754910281513e-17
1.329136832	3.133492872569608e-17
1.330292071	3.1113278993113634e-17
1.33144731	3.077111451401419e-17
1.332602549	3.047316031241981e-17
1.333757788	3.0166113531908484e-17
1.334913027	3.010052943732309e-17
1.336068266	3.0223430946105005e-17
1.337223505	3.0088444907020036e-17
1.338378743	2.974921123933736e-17
1.339533982	2.937573679822064e-17
1.340689221	2.869085400196396e-17
1.34184446	2.757273274786656e-17
1.342999699	2.6405245579583592e-17
1.344154938	2.5285515547926028e-17
1.345310177	2.4216964602265807e-17
1.346465416	2.314796466221114e-17
1.347620655	2.1906897802039506e-17
1.348775894	2.069913852806597e-17
1.349931133	1.9567088423165128e-17
1.351086372	1.8294965787764044e-17
1.352241611	1.6949600014018044e-17
1.35339685	1.5804030658021348e-17
1.354552089	1.5097534433444845e-17
1.355707328	1.5422541651340703e-17
1.356862566	1.7259407873205978e-17
1.358017805	2.2065049478323782e-17
1.359173044	3.096582261125114e-17
1.360328283	4.112105452089638e-17
1.361483522	4.33064111451546e-17
1.362638761	1.9028497260163137e-17
1.363794	-3.192336393451024e-18
1.364949239	-9.935589628034941e-18
1.366104478	-6.492425969590272e-18
1.367259717	1.2109627333447154e-19
1.368414956	5.602721405903993e-19
1.369570195	-1.1403156970074454e-18
1.370725434	-2.4310027580400324e-18
1.371880673	-3.296087979919458e-18
1.373035912	-3.8717020309540034e-18
1.374191151	-4.063689215647505e-18
1.375346389	-3.7963448671185044e-18
1.376501628	-2.9716280081557273e-18
1.377656867	-1.1187557167851125e-18
1.378812106	9.017216342501042e-19
1.379967345	2.7209620899150166e-18
1.381122584	4.125116396708149e-18
1.382277823	4.348053424499694e-18
1.383433062	4.1946937971307915e-18
1.384588301	4.448635485380511e-18
1.38574354	6.563008342775872e-18
1.386898779	1.2036579282915054e-17
1.388054018	1.7254811103173954e-17
1.389209257	2.0713014010448047e-17
1.390364496	2.1976482553042012e-17
1.391519735	2.1023950362009198e-17
1.392674974	1.9394733600233855e-17
1.393830212	1.773225524044017e-17
1.394985451	1.6475623538056828e-17
1.39614069	1.584155303968666e-17
1.397295929	1.5289751141317736e-17
1.398451168	1.4795132774924653e-17
1.399606407	1.4447708789112835e-17
1.400761646	1.3905359802668384e-17
1.401916885	1.3004394565568778e-17
1.403072124	1.1913964315052255e-17
1.404227363	1.0374100802437524e-17
1.405382602	8.449817309114476e-18
1.406537841	6.672553649685274e-18
1.40769308	5.491717725887263e-18
1.408848319	5.406179136404468e-18
1.410003558	6.3171569296838116e-18
1.411158797	7.897388328836959e-18
1.412314035	9.764971311573366e-18
1.413469274	1.1540353204071226e-17
1.414624513	1.2932517000628271e-17
1.415779752	1.3993434285330506e-17
1.416934991	1.4849092450533306e-17
1.41809023	1.5570445573833076e-17
1.419245469	1.631482239908828e-17
1.420400708	1.7153484117478844e-17
1.421555947	1.8158578296907557e-17
1.422711186	1.897112360717289e-17
1.423866425	1.9358119519284155e-17
1.425021664	1.9800217145456256e-17
1.426176903	2.0352955873046306e-17
1.427332142	2.0727826931056018e-17
1.428487381	2.096135007563313e-17
1.42964262	2.110534248594251e-17
1.430797859	2.116115414937951e-17
1.431953097	2.1152189028951878e-17
1.433108336	2.126457837440626e-17
1.434263575	2.1518758955848275e-17
1.435418814	2.19150725741561e-17
1.436574053	2.2472685214056558e-17
1.437729292	2.2935018895395634e-17
1.438884531	2.3491278454038812e-17
1.44003977	2.4022310378707416e-17
1.441195009	2.3608311720056383e-17
1.442350248	2.2763912240802694e-17
1.443505487	2.252224600791326e-17
1.444660726	2.2420847102353362e-17
1.445815965	2.2121869172990094e-17
1.446971204	2.195969113192446e-17
1.448126443	2.1843742659891168e-17
1.449281682	2.1385453092958085e-17
1.45043692	2.093442004602884e-17
1.451592159	2.0807112921352782e-17
1.452747398	2.1032544717650018e-17
1.453902637	2.1802877424821652e-17
1.455057876	2.2815518214711413e-17
1.456213115	2.3797285161636455e-17
1.457368354	2.432868331539626e-17
1.458523593	2.4508834169846707e-17
1.459678832	2.4805682233912872e-17
1.460834071	2.509649082552015e-17
1.46198931	2.5350859934915414e-17
1.463144549	2.5580856860681482e-17
1.464299788	2.5712063972210217e-17
1.465455027	2.5865149673832633e-17
1.466610266	2.5875034375930737e-17
1.467765505	2.5583512852035034e-17
1.468920743	2.523950629038094e-17
1.470075982	2.4971937614679515e-17
1.471231221	2.4828171400650743e-17
1.47238646	2.4942654245139056e-17
1.473541699	2.5161165090883184e-17
1.474696938	2.5107049261159425e-17
1.475852177	2.4379332544351595e-17
1.477007416	2.3383431002072523e-17
1.478162655	2.260852196067308e-17
1.479317894	2.190268907770718e-17
1.480473133	2.1846768881008688e-17
1.481628372	2.2666232552956773e-17
1.482783611	2.3883140870105176e-17
1.48393885	2.5254839131027097e-17
1.485094089	2.6136664093691197e-17
1.486249328	2.6987996745016614e-17
1.487404566	2.943042996557859e-17
1.488559805	3.201242606291244e-17
1.489715044	3.248627643604716e-17
1.490870283	3.3401322840211014e-17
1.492025522	3.5353291555043924e-17
1.493180761	3.667679266834475e-17
1.494336	3.740646718083982e-17
1.495491239	3.8430484372205955e-17
1.496646478	3.882021084364118e-17
1.497801717	3.7873359661464495e-17
1.498956956	3.640301755921861e-17
1.500112195	3.498932038403134e-17
1.501267434	3.406480996817655e-17
1.502422673	3.3375844360388683e-17
1.503577912	3.2393826747335074e-17
1.504733151	3.17166557108298e-17
1.505888389	3.163224086153643e-17
1.507043628	3.1961691792951375e-17
1.508198867	3.28862322859104e-17
1.509354106	3.418748709121181e-17
1.510509345	3.583689794472576e-17
1.511664584	3.786731512922382e-17
1.512819823	3.946158059478665e-17
1.513975062	4.061354378123336e-17
1.515130301	4.154286671653127e-17
1.51628554	4.257588585503279e-17
1.517440779	4.3931374918470497e-17
1.518596018	4.556934201527936e-17
1.519751257	4.7394548432307186e-17
1.520906496	4.970130188294145e-17
1.522061735	5.2300123132445463e-17
1.523216974	5.392130659155534e-17
1.524372212	5.4591261423748806e-17
1.525527451	5.452728157392054e-17
1.52668269	5.4355027680145514e-17
1.527837929	5.476904724347521e-17
1.528993168	5.692080857459495e-17
1.530148407	6.118935045458267e-17
1.531303646	6.420051971106292e-17
1.532458885	6.660961923073225e-17
1.533614124	7.084606065691248e-17
1.534769363	7.37965864300582e-17
1.535924602	7.473218259526563e-17
1.537079841	7.539850795167658e-17
1.53823508	7.569326516124933e-17
1.539390319	7.561649909604326e-17
1.540545558	7.497669969980336e-17
1.541700797	7.33262920810946e-17
1.542856036	7.185171809969202e-17
1.544011274	7.130780020730315e-17
1.545166513	7.155972156342608e-17
1.546321752	7.275915764363438e-17
1.547476991	7.538649573490168e-17
1.54863223	7.820542910127216e-17
1.549787469	8.009687551947624e-17
1.550942708	8.10385086398476e-17
1.552097947	8.110690192834662e-17
1.553253186	8.169277108946429e-17
1.554408425	8.213680386366801e-17
1.555563664	8.03650137429966e-17
1.556718903	7.817403264963237e-17
1.557874142	7.650976699196928e-17
1.559029381	7.535161149764244e-17
1.56018462	7.385419570363309e-17
1.561339859	7.105040256763492e-17
1.562495097	6.772691292964909e-17
1.563650336	6.454886461022572e-17
1.564805575	6.210369186543468e-17
1.565960814	6.097061311054231e-17
1.567116053	6.098286678154638e-17
1.568271292	6.200793871710938e-17
1.569426531	6.40600788930826e-17
1.57058177	6.733492284681109e-17
1.571737009	7.16345762427708e-17
1.572892248	7.736286205156645e-17
1.574047487	8.458818602363785e-17
1.575202726	9.21691623443952e-17
1.576357965	9.919852430239076e-17
1.577513204	1.044806568793508e-16
1.578668443	1.0575833086894017e-16
1.579823682	1.0180823710968132e-16
1.58097892	9.9585166700396e-17
1.582134159	9.985224462892938e-17
1.583289398	9.729859204801035e-17
1.584444637	9.395768575581113e-17
1.585599876	9.164472017055333e-17
1.586755115	9.105203777072088e-17
1.587910354	9.317763703275533e-17
1.589065593	9.76152046483834e-17
1.590220832	1.0172141063129315e-16
1.591376071	1.0068162726059767e-16
1.59253131	9.738314533583865e-17
1.593686549	9.442172397395618e-17
1.594841788	9.321242822437309e-17
1.595997027	9.364338166480442e-17
1.597152266	9.045754390826873e-17
1.598307505	8.53145070103007e-17
1.599462743	8.312854879606081e-17
1.600617982	8.131848998549913e-17
1.601773221	7.809489857301908e-17
1.60292846	7.479546581348874e-17
1.604083699	7.167704303153441e-17
1.605238938	6.865865434621623e-17
1.606394177	6.541562698265239e-17
1.607549416	6.150885326826556e-17
1.608704655	5.8489092278283e-17
1.609859894	5.707512981497191e-17
1.611015133	5.468321444097272e-17
1.612170372	5.094134428406784e-17
1.613325611	4.7306447735632904e-17
1.61448085	4.40449342056731e-17
1.615636089	4.1774107765373023e-17
1.616791328	3.848796532220815e-17
1.617946566	3.381897967456439e-17
1.619101805	3.061605748282397e-17
1.620257044	2.8623894847500163e-17
1.621412283	2.6273669873426055e-17
1.622567522	2.4195210051097843e-17
1.623722761	2.2941198267223587e-17
1.624878	2.2427529319840457e-17
1.626033239	2.2218377832479813e-17
1.627188478	2.1879998497952415e-17
1.628343717	2.1135761672093058e-17
1.629498956	2.0194923406754564e-17
1.630654195	1.908998210114753e-17
1.631809434	1.7785469644879257e-17
1.632964673	1.66549301844597e-17
1.634119912	1.5777193705073368e-17
1.635275151	1.5063304585457293e-17
1.63643039	1.4568284378112943e-17
1.637585628	1.4460547726106883e-17
1.638740867	1.448476078801972e-17
1.639896106	1.443849387259362e-17
1.641051345	1.438211771859739e-17
1.642206584	1.4238687791803683e-17
1.643361823	1.3975847854375824e-17
1.644517062	1.3481029867727127e-17
1.645672301	1.2631150034424407e-17
1.64682754	1.1584023349476848e-17
1.647982779	1.0605742159086752e-17
1.649138018	9.805226741747775e-18
1.650293257	9.262194444060653e-18
1.651448496	9.042622182014216e-18
1.652603735	9.004036732389784e-18
1.653758974	9.079381517671193e-18
1.654914213	9.184315751068915e-18
1.656069451	9.184350045921892e-18
1.65722469	9.133903511433765e-18
1.658379929	9.055191560211905e-18
1.659535168	9.029889540400882e-18
1.660690407	9.014780216823607e-18
1.661845646	8.870159251594414e-18
1.663000885	8.638502085455474e-18
1.664156124	8.245387134411666e-18
1.665311363	7.691378909009249e-18
1.666466602	7.164524195135682e-18
1.667621841	6.78104974532759e-18
1.66877708	6.662790900481715e-18
1.669932319	6.824022278001436e-18
1.671087558	7.438798605758421e-18
1.672242797	8.458545267547878e-18
1.673398036	9.439236330253391e-18
1.674553274	1.0431952351851847e-17
1.675708513	1.168072345084748e-17
1.676863752	1.2658924897275607e-17
1.678018991	1.3000618779692015e-17
1.67917423	1.3355726176688272e-17
1.680329469	1.37712411709213e-17
1.681484708	1.393513014187965e-17
1.682639947	1.3933861917566932e-17
1.683795186	1.3525051052472752e-17
1.684950425	1.3103512930334545e-17
1.686105664	1.2757980898601068e-17
1.687260903	1.2094986254529273e-17
1.688416142	1.1327039186571324e-17
1.689571381	1.0635675335447256e-17
1.69072662	1.0058901494860939e-17
1.691881859	9.701786206489005e-18
1.693037097	9.61055120693822e-18
1.694192336	9.74750969738134e-18
1.695347575	9.945765041392872e-18
1.696502814	1.0128600446480822e-17
1.697658053	1.0295352735983292e-17
1.698813292	1.0434124553521618e-17
1.699968531	1.0535724808239454e-17
1.70112377	1.0481334987934241e-17
1.702279009	1.0135849041860627e-17
1.703434248	9.450184921391356e-18
1.704589487	8.342042535768084e-18
1.705744726	6.899258082153711e-18
1.706899965	5.396564700321269e-18
1.708055204	4.0034392293671954e-18
1.709210443	2.599514141990837e-18
1.710365682	1.7430749634369382e-18
1.71152092	2.1433785283769312e-18
1.712676159	4.1270883699857246e-18
1.713831398	8.71275508300407e-18
1.714986637	1.4178946008604765e-17
1.716141876	1.9088230353615585e-17
1.717297115	2.206709489522296e-17
1.718452354	2.0934429248140945e-17
1.719607593	1.7386334864028734e-17
1.720762832	1.2513359124820708e-17
1.721918071	7.540543367446621e-18
1.72307331	4.945894824206384e-18
1.724228549	3.854240280720395e-18
1.725383788	3.76089612265241e-18
1.726539027	4.3234307353155635e-18
1.727694266	4.996384395984503e-18
1.728849505	5.840260452230117e-18
1.730004743	6.727574152984703e-18
1.731159982	7.60752969222127e-18
1.732315221	8.426587428681398e-18
1.73347046	9.336470284572212e-18
1.734625699	1.0279725013914185e-17
1.735780938	1.1216856780641753e-17
1.736936177	1.2042461518746771e-17
1.738091416	1.2526413336453114e-17
1.739246655	1.2818475262363831e-17
1.740401894	1.2889590122874857e-17
1.741557133	1.2859380421594157e-17
1.742712372	1.263048308484073e-17
1.743867611	1.2123960018131146e-17
1.74502285	1.1755938953397367e-17
1.746178089	1.1552614455638611e-17
1.747333328	1.1298246330181517e-17
1.748488567	1.1018632847921883e-17
1.749643805	1.0758890122113607e-17
1.750799044	1.05568031401472e-17
1.751954283	1.0420800161643993e-17
1.753109522	1.024246259518939e-17
1.754264761	1.0046226181593495e-17
1.75542	9.89812130849546e-18
1.756575239	9.711892236924366e-18
1.757730478	9.398183701449874e-18
1.758885717	8.88844847999845e-18
1.760040956	8.335254623271416e-18
1.761196195	7.920691931179401e-18
1.762351434	7.665526786963406e-18
1.763506673	7.518315389327884e-18
1.764661912	7.486410330492306e-18
1.765817151	7.599278863913629e-18
1.76697239	7.788760988337145e-18
1.768127628	7.977833361892222e-18
1.769282867	8.075504568441381e-18
1.770438106	8.019334506783083e-18
1.771593345	7.710802836371694e-18
1.772748584	7.14540457178093e-18
1.773903823	6.5118610049765365e-18
1.775059062	5.921173320531491e-18
1.776214301	5.53077270400141e-18
1.77736954	5.368923503655188e-18
1.778524779	5.238322938538202e-18
1.779680018	5.06392860287523e-18
1.780835257	4.641912966094306e-18
1.781990496	4.0062110402719905e-18
1.783145735	3.4207106921717078e-18
1.784300974	3.031912469313922e-18
1.785456213	3.1543939298061434e-18
1.786611451	3.7015175194902545e-18
1.78776669	4.420537170975245e-18
1.788921929	5.236185675222593e-18
1.790077168	5.960135986094542e-18
1.791232407	6.582039654953548e-18
1.792387646	7.153157810542743e-18
1.793542885	7.708219276623338e-18
1.794698124	8.259119749220971e-18
1.795853363	8.829847628427846e-18
1.797008602	9.51196253875761e-18
1.798163841	1.0415639939576006e-17
1.79931908	1.1738113142518499e-17
1.800474319	1.3493832642245853e-17
1.801629558	1.576844933682898e-17
1.802784797	1.822542032378392e-17
1.803940036	2.0274875811940348e-17
1.805095274	2.235378706136239e-17
1.806250513	2.459284000998127e-17
1.807405752	2.6958080593126058e-17
1.808560991	2.969987673238747e-17
1.80971623	3.2954626729795874e-17
1.810871469	3.695445662244589e-17
1.812026708	4.2005776756847396e-17
1.813181947	4.816516883766408e-17
1.814337186	5.5184046038189734e-17
1.815492425	6.296926097620579e-17
1.816647664	7.153298711466665e-17
1.817802903	8.148243172101115e-17
1.818958142	8.762903522275464e-17
1.820113381	8.821994460678649e-17
1.82126862	9.038550975758739e-17
1.822423859	9.389317438282338e-17
1.823579097	9.539820182563078e-17
1.824734336	9.750456421892532e-17
1.825889575	1.0277241170059926e-16
1.827044814	1.1003817391706843e-16
1.828200053	1.177832426095287e-16
1.829355292	1.235179725220284e-16
1.830510531	1.2561811356962782e-16
1.83166577	1.264679635931532e-16
1.832821009	0.
1.833976248	0.
1.835131487	0.
1.836286726	0.
1.837441965	0.
1.838597204	0.
1.839752443	0.
1.840907682	0.
1.84206292	0.
1.843218159	0.
1.844373398	0.
1.845528637	0.
1.846683876	0.
1.847839115	0.
1.848994354	0.
1.850149593	0.
1.851304832	0.
1.852460071	0.
1.85361531	0.
1.854770549	0.
1.855925788	0.
1.857081027	0.
1.858236266	0.
1.859391505	0.
1.860546744	0.
1.861701982	0.
1.862857221	0.
1.86401246	0.
1.865167699	0.
1.866322938	0.
1.867478177	0.
1.868633416	0.
1.869788655	0.
1.870943894	9.442494722867888e-14
1.872099133	9.57786271112378e-14
1.873254372	8.039322308666646e-14
1.874409611	6.978437462374543e-14
1.87556485	-3.623810981931412e-15
1.876720089	7.312135767101051e-16
1.877875328	-3.1777604408488e-16
1.879030567	-7.930577610476176e-16
1.880185805	-8.131625304575178e-16
1.881341044	-8.820009072436335e-16
1.882496283	5.497411884073683e-15
1.883651522	3.4261505540744536e-16
1.884806761	1.7987106086999782e-16
1.885962	1.3513710102766527e-16
1.887117239	9.828076360539815e-17
1.888272478	4.21744013237307e-17
1.889427717	-1.082518144927199e-17
1.890582956	-3.927207279615837e-17
1.891738195	-2.3213507986594594e-17
1.892893434	3.1372884344702105e-17
1.894048673	1.3720488665804843e-16
1.895203912	4.09216052416395e-16
1.896359151	6.836202310915098e-15
1.89751439	-6.929076123986528e-16
1.898669628	-3.4762599297132543e-16
1.899824867	-2.158781495560694e-16
1.900980106	-1.2388922345693154e-16
1.902135345	-8.730322902930846e-17
1.903290584	-1.3794007547449147e-16
1.904445823	-2.2763742882034614e-16
1.905601062	-3.366996685348195e-16
1.906756301	-4.948369748353379e-16
1.90791154	-8.668658392698704e-16
1.909066779	-3.292402986755283e-14
1.910222018	6.600524212261332e-16
1.911377257	3.196219007470286e-16
1.912532496	2.1420639564919593e-16
1.913687735	1.3268063561010515e-16
1.914842974	9.005683275144108e-17
1.915998213	8.019197544237206e-17
1.917153451	7.954606681433555e-17
1.91830869	8.117239149430237e-17
1.919463929	8.302901429673468e-17
1.920619168	8.244222099817638e-17
1.921774407	7.771209961091965e-17
1.922929646	7.092676026334659e-17
1.924084885	6.661874258881069e-17
1.925240124	6.890503909606385e-17
1.926395363	8.559261189072706e-17
1.927550602	1.3290637872197523e-16
1.928705841	2.4337334150700047e-16
1.92986108	3.596630634858476e-16
1.931016319	2.9095376628389473e-16
1.932171558	1.3533599971233886e-16
1.933326797	5.035109929246499e-17
1.934482036	9.660612882273499e-18
1.935637274	-1.1096432562825107e-17
1.936792513	-2.1279905850156004e-17
1.937947752	-1.8021246521235668e-17
1.939102991	-3.530487030420448e-18
1.94025823	1.2047339708207518e-17
1.941413469	1.8718524336454576e-17
1.942568708	1.8586004970886243e-17
1.943723947	1.369097681100785e-17
1.944879186	4.928599714598515e-18
1.946034425	-1.6867151233441858e-18
1.947189664	1.1822250488572576e-18
1.948344903	6.7078905171271035e-18
1.949500142	9.589183359334065e-18
1.950655381	9.902431069302356e-18
1.95181062	8.967973077077505e-18
1.952965859	6.965983294954882e-18
1.954121097	5.8213179546719196e-18
1.955276336	9.447777153264394e-18
1.956431575	1.8675015324381388e-17
1.957586814	2.7633978308691032e-17
1.958742053	2.821412032709943e-17
1.959897292	2.34134668075963e-17
1.961052531	1.702656162220295e-17
1.96220777	9.929834818793928e-18
1.963363009	2.098930510953567e-18
1.964518248	-6.3814199833168584e-18
1.965673487	-1.111721192530148e-17
1.966828726	-8.66605130140647e-18
1.967983965	-1.9751363322647756e-18
1.969139204	3.4159551565663965e-18
1.970294443	4.903561436448076e-18
1.971449682	5.02765139377152e-18
1.972604921	5.9442573443689785e-18
1.973760159	8.029703084073133e-18
1.974915398	1.0228369143029294e-17
1.976070637	1.2141206991192694e-17
1.977225876	1.3288637669269605e-17
1.978381115	1.2913561998709088e-17
1.979536354	1.0810590236659038e-17
1.980691593	8.836065434703224e-18
1.981846832	8.651848403574634e-18
1.983002071	9.447294768351265e-18
1.98415731	1.0202847085793435e-17
1.985312549	1.0553332306386224e-17
1.986467788	1.0556025922035574e-17
1.987623027	9.868497744804476e-18
1.988778266	9.041631459109103e-18
1.989933505	8.551671553923214e-18
1.991088744	8.406420964970125e-18
1.992243982	8.242146966871224e-18
1.993399221	7.837103927758871e-18
1.99455446	6.739558638283583e-18
1.995709699	4.180936124066391e-18
1.996864938	-3.1861973539112276e-19
1.998020177	-5.271319159176182e-18
1.999175416	-6.539026995365825e-18
2.000330655	-1.6849084561665102e-18
2.001485894	9.505574922459468e-18
2.002641133	2.4285008587186746e-17
2.003796372	3.696445485140594e-17
2.004951611	3.4714502021208556e-17
2.00610685	2.3153782039608102e-17
2.007262089	1.4523047034266228e-17
2.008417328	1.158724743407361e-17
2.009572567	9.246281937801916e-18
2.010727805	3.572319343817094e-18
2.011883044	-4.6084008016405e-18
2.013038283	-1.0316324746190716e-17
2.014193522	-7.090921269375364e-18
2.015348761	1.9526148758484517e-18
2.016504	1.0745382627873934e-17
2.017659239	1.586776276251444e-17
2.018814478	1.752651706133919e-17
2.019969717	1.66579429163443e-17
2.021124956	1.4364297134653712e-17
2.022280195	1.1431764232538117e-17
2.023435434	8.205543627666506e-18
2.024590673	5.086467019576773e-18
2.025745912	2.331652418969493e-18
2.026901151	5.605352083073395e-19
2.02805639	1.903085890185608e-19
2.029211628	1.2649044339444534e-18
2.030366867	3.5259939544589916e-18
2.031522106	6.591730019155644e-18
2.032677345	8.77124601089205e-18
2.033832584	8.628395884850313e-18
2.034987823	6.2112610892189566e-18
2.036143062	4.105307492897023e-18
2.037298301	4.541147179034041e-18
2.03845354	7.172207906955419e-18
2.039608779	1.1233697172983378e-17
2.040764018	1.5186068230621966e-17
2.041919257	1.5980676466103137e-17
2.043074496	9.947682963625277e-18
2.044229735	1.4703892938890816e-18
2.045384974	-3.4331248910058905e-18
2.046540213	-1.8924974094856477e-18
2.047695451	2.309836057843175e-18
2.04885069	5.721962065523033e-18
2.050005929	7.72478430711395e-18
2.051161168	8.207539715197037e-18
2.052316407	7.061840403172174e-18
2.053471646	5.4463482994144474e-18
2.054626885	5.524913935249553e-18
2.055782124	7.19736211975052e-18
2.056937363	9.233634437517934e-18
2.058092602	1.0677327036197789e-17
2.059247841	1.1307579064227831e-17
2.06040308	1.0754195902321073e-17
2.061558319	9.357338439022076e-18
2.062713558	8.226639562298493e-18
2.063868797	8.065826613940495e-18
2.065024036	7.460565217917853e-18
2.066179274	5.27219947140111e-18
2.067334513	2.530815716399583e-18
2.068489752	6.082667805269726e-19
2.069644991	3.6203677218557565e-19
2.07080023	1.6987837086527522e-18
2.071955469	4.581221349774018e-18
2.073110708	7.628449535575108e-18
2.074265947	9.031641126726801e-18
2.075421186	7.690358945231844e-18
2.076576425	5.276502630598914e-18
2.077731664	3.4665517595762396e-18
2.078886903	2.6660199398912024e-18
2.080042142	2.2717116833376667e-18
2.081197381	1.8203616662546817e-18
2.08235262	1.870553474542809e-18
2.083507859	3.121865304385686e-18
2.084663098	5.0825033009307714e-18
2.085818336	6.033639219433867e-18
2.086973575	4.783792203459379e-18
2.088128814	2.679975066708185e-18
2.089284053	1.0735030538038249e-18
2.090439292	6.667586999560604e-19
2.091594531	1.404852669679705e-18
2.09274977	3.361711282710448e-18
2.093905009	5.100622056706919e-18
2.095060248	5.0988961203566935e-18
2.096215487	2.993625852771777e-18
2.097370726	8.893457313360112e-20
2.098525965	-2.4194964474749114e-18
2.099681204	-3.91182290855268e-18
2.100836443	-3.80076575685698e-18
2.101991682	-2.007259801346217e-18
2.103146921	5.847719877412675e-19
2.104302159	3.1390308281316456e-18
2.105457398	4.7238504918263066e-18
2.106612637	4.446165239511473e-18
2.107767876	2.1656642631195392e-18
2.108923115	-6.568585475542749e-19
2.110078354	-2.672340922095908e-18
2.111233593	-3.26113865292619e-18
2.112388832	-2.1044619648145914e-18
2.113544071	6.143096193530184e-19
2.11469931	3.6724553319738156e-18
2.115854549	5.854032799928849e-18
2.117009788	6.850485334350366e-18
2.118165027	6.752303358302395e-18
2.119320266	5.9207029925324575e-18
2.120475505	4.8264208506573845e-18
2.121630744	4.0175004739814616e-18
2.122785982	3.701840746467652e-18
2.123941221	3.806121496645094e-18
2.12509646	4.145861838461951e-18
2.126251699	4.502809275791449e-18
2.127406938	4.679095536137787e-18
2.128562177	4.57317796838654e-18
2.129717416	4.16032031509777e-18
2.130872655	3.421160351879425e-18
2.132027894	2.7697606465503867e-18
2.133183133	2.712811323203973e-18
2.134338372	3.1925445931631186e-18
2.135493611	3.7790342659618065e-18
2.13664885	4.0420370079121156e-18
2.137804089	4.1000185247480464e-18
2.138959328	4.2898403237364906e-18
2.140114567	4.6232080013206634e-18
2.141269805	4.799969118177384e-18
2.142425044	4.648777752071506e-18
2.143580283	4.501669173872859e-18
2.144735522	4.653802648419928e-18
2.145890761	5.343041784025574e-18
2.147046	6.712940542578701e-18
2.148201239	8.873860716011953e-18
2.149356478	1.1067783392246073e-17
2.150511717	1.2333262260097168e-17
2.151666956	1.2233714440207856e-17
2.152822195	1.1145052715562244e-17
2.153977434	9.434979172339661e-18
2.155132673	7.607456603109398e-18
2.156287912	6.220851785327954e-18
2.157443151	5.480325761423477e-18
2.15859839	4.9270922534150506e-18
2.159753628	4.086622815484866e-18
2.160908867	3.295136253561585e-18
2.162064106	3.104711073793471e-18
2.163219345	3.702009052307809e-18
2.164374584	4.4175184484590494e-18
2.165529823	4.699971503076737e-18
2.166685062	4.5488770578298455e-18
2.167840301	4.19690949463865e-18
2.16899554	4.400958070629757e-18
2.170150779	4.868454867588883e-18
2.171306018	5.2383179243598446e-18
2.172461257	5.437250303369813e-18
2.173616496	5.397365550271285e-18
2.174771735	5.210497022137538e-18
2.175926974	5.494351625026812e-18
2.177082213	6.965004626332219e-18
2.178237452	9.013699215672686e-18
2.17939269	1.0294480170179976e-17
2.180547929	1.0111657327068675e-17
2.181703168	9.344772657633882e-18
2.182858407	8.088116697972358e-18
2.184013646	6.825395719801466e-18
2.185168885	6.544047700123453e-18
2.186324124	7.769423042277624e-18
2.187479363	8.594920209972276e-18
2.188634602	6.5348183565531766e-18
2.189789841	2.696138996181834e-18
2.19094508	6.769915483273641e-19
2.192100319	2.7577597064935735e-18
2.193255558	6.0782316181156655e-18
2.194410797	7.746663144221198e-18
2.195566036	7.452384770304642e-18
2.196721275	6.784723451853909e-18
2.197876513	7.036207317310191e-18
2.199031752	7.499828211377202e-18
2.200186991	7.279527635547957e-18
2.20134223	6.469821242054087e-18
2.202497469	6.157400124730289e-18
2.203652708	7.165841841101081e-18
2.204807947	8.345482111360773e-18
2.205963186	8.39606017723329e-18
2.207118425	6.942416645816846e-18
2.208273664	5.74417898565818e-18
2.209428903	6.485427236760956e-18
2.210584142	7.97001738195879e-18
2.211739381	8.841268169089227e-18
2.21289462	8.657953742215741e-18
2.214049859	8.283382704126173e-18
2.215205098	8.496660608456745e-18
2.216360336	8.814625807052656e-18
2.217515575	8.523526987191521e-18
2.218670814	7.461132701807862e-18
2.219826053	6.369605005418557e-18
2.220981292	5.944927406500333e-18
2.222136531	6.012867174946219e-18
2.22329177	6.125211657157438e-18
2.224447009	6.098433278012741e-18
2.225602248	6.4036591515785445e-18
2.226757487	7.642450617753946e-18
2.227912726	7.803553016934074e-18
2.229067965	4.445165237914425e-18
2.230223204	-3.0428561531995196e-18
2.231378443	-9.628915143983678e-18
2.232533682	-9.813696177333456e-18
2.233688921	-5.1689291473035554e-18
2.234844159	1.4006479222513268e-19
2.235999398	3.1503205453383015e-18
2.237154637	4.9437300660793306e-18
2.238309876	6.5246175571137004e-18
2.239465115	6.690028223089171e-18
2.240620354	3.711750127629052e-18
2.241775593	-2.960303745658123e-18
2.242930832	-9.047063421337094e-18
2.244086071	-9.561938593740363e-18
2.24524131	-5.489407941057727e-18
2.246396549	-1.0180712134038792e-18
2.247551788	7.674853468028591e-19
2.248707027	1.5573404036745538e-18
2.249862266	3.09235304320278e-18
2.251017505	4.823542386187455e-18
2.252172744	4.855914154882796e-18
2.253327982	1.8739157925600975e-18
2.254483221	-1.8140099116832583e-18
2.25563846	-3.365792140670622e-18
2.256793699	-2.3511463309338046e-18
2.257948938	-4.0551818317823517e-19
2.259104177	1.1848754710993019e-18
2.260259416	2.4597897259922985e-18
2.261414655	3.487397087491547e-18
2.262569894	4.127432556423973e-18
2.263725133	4.0384312893657236e-18
2.264880372	3.184322208964621e-18
2.266035611	2.1441075513823343e-18
2.26719085	1.4399490892337428e-18
2.268346089	1.405218171025348e-18
2.269501328	2.0984102668736107e-18
2.270656567	3.5851895117300556e-18
2.271811805	5.0599473404820854e-18
2.272967044	5.544325926874606e-18
2.274122283	4.678874943387587e-18
2.275277522	3.1111650994064733e-18
2.276432761	1.4460753339649185e-18
2.277588	1.8180172413531104e-19
2.278743239	-1.9000622663149748e-19
2.279898478	3.16670089349867e-19
2.281053717	6.973901651177093e-19
2.282208956	-6.809231176726133e-20
2.283364195	-1.687567141115752e-18
2.284519434	-3.3807686068227094e-18
2.285674673	-4.5728081789312794e-18
2.286829912	-4.747308994992782e-18
2.287985151	-3.291595475042385e-18
2.28914039	-1.0184852822922495e-18
2.290295629	8.373545947079568e-19
2.291450867	1.4119222058757635e-18
2.292606106	1.4075742378011385e-18
2.293761345	1.5727797394658549e-18
2.294916584	1.8869518657012056e-18
2.296071823	2.0895524273792212e-18
2.297227062	2.1137485988171982e-18
2.298382301	2.0677474619366198e-18
2.29953754	1.9622232602552126e-18
2.300692779	1.9838005878382554e-18
2.301848018	2.3745461299411574e-18
2.303003257	3.238355566911555e-18
2.304158496	4.157863414562189e-18
2.305313735	4.729683730742243e-18
2.306468974	4.627981968504127e-18
2.307624213	3.6419237207985766e-18
2.308779452	1.7479816887630078e-18
2.30993469	-6.617757460581392e-19
2.311089929	-3.30307643339695e-18
2.312245168	-5.573073945650679e-18
2.313400407	-6.780987611371445e-18
2.314555646	-6.4003632304974464e-18
2.315710885	-4.79890771173426e-18
2.316866124	-2.244142088342196e-18
2.318021363	9.854681893543138e-20
2.319176602	2.9586486900280785e-19
2.320331841	-3.1008642615220753e-18
2.32148708	-6.99407785628239e-18
2.322642319	-8.192020896204446e-18
2.323797558	-6.0590595104424285e-18
2.324952797	-2.4537388433986716e-18
2.326108036	1.1867038664764695e-18
2.327263275	3.935843045039182e-18
2.328418513	4.949191622850346e-18
2.329573752	4.039807898546134e-18
2.330728991	1.69003912830939e-18
2.33188423	-1.6542729863484264e-18
2.333039469	-4.841913354015924e-18
2.334194708	-6.530421021204798e-18
2.335349947	-6.203090441162414e-18
2.336505186	-4.366912193894839e-18
2.337660425	-1.3790298101222468e-18
2.338815664	1.977283081377996e-18
2.339970903	4.5621718909505155e-18
2.341126142	5.638108190051361e-18
2.342281381	5.6280713500026234e-18
2.34343662	4.979233759934738e-18
2.344591859	3.938931350242433e-18
2.345747098	2.6987004794122802e-18
2.346902336	1.4636843079524284e-18
2.348057575	6.052297933993681e-19
2.349212814	5.881351360900187e-19
2.350368053	1.0452490987565886e-18
2.351523292	1.233003524727189e-18
2.352678531	6.22680881529811e-19
2.35383377	-2.388238825900339e-19
2.354989009	-8.763397366538328e-19
2.356144248	-1.1774881657359788e-18
2.357299487	-1.1492739790342738e-18
2.358454726	-8.216107326571446e-19
2.359609965	-5.36648246928922e-19
2.360765204	-6.740261853794261e-19
2.361920443	-1.0784595261088235e-18
2.363075682	-1.3900244475813212e-18
2.364230921	-1.3577047269373199e-18
2.365386159	-1.0805994473469037e-18
2.366541398	-6.293548020910462e-19
2.367696637	-7.988435858779703e-20
2.368851876	4.4460859942586675e-19
2.370007115	7.730449301107461e-19
2.371162354	9.622691522977872e-19
2.372317593	1.1186266908828227e-18
2.373472832	1.3013519746138398e-18
2.374628071	1.4788423635388424e-18
2.37578331	1.6016399520783453e-18
2.376938549	1.4877428265638218e-18
2.378093788	8.911628193217121e-19
2.379249027	-5.962868158790735e-20
2.380404266	-8.212439522673662e-19
2.381559505	-9.040516580192425e-19
2.382714744	-4.247433190128907e-19
2.383869982	5.047296642262877e-19
2.385025221	1.6539114991000473e-18
2.38618046	2.421729772525253e-18
2.387335699	2.1998381444471397e-18
2.388490938	1.536496876007687e-18
2.389646177	1.0565556409293228e-18
2.390801416	8.612003548939569e-19
2.391956655	6.116438043297261e-19
2.393111894	7.733908172171953e-20
2.394267133	-5.82606622054247e-19
2.395422372	-1.1554261044243047e-18
2.396577611	-1.4822989839242274e-18
2.39773285	-1.5255711207708089e-18
2.398888089	-1.293410595780974e-18
2.400043328	-8.180134057513491e-19
2.401198567	-9.949108316629131e-20
2.402353806	7.480121950276581e-19
2.403509044	1.3595575687770728e-18
2.404664283	1.3608930666097127e-18
2.405819522	5.044741682907129e-19
2.406974761	-1.36747331372471e-18
2.40813	-3.93677527365197e-18
2.409285239	-5.997128322684308e-18
2.410440478	-6.5193701126833054e-18
2.411595717	-5.6510596556163e-18
2.412750956	-3.914132780801931e-18
2.413906195	-1.670669828794735e-18
2.415061434	5.895895604514406e-19
2.416216673	1.6955967584005088e-18
2.417371912	1.254533626265727e-18
2.418527151	-1.4231589496120043e-19
2.41968239	-1.6760513594489923e-18
2.420837629	-2.572499771890792e-18
2.421992867	-2.2526135815593085e-18
2.423148106	-1.1390040643263712e-18
2.424303345	1.2829106774598136e-19
2.425458584	1.085103615413048e-18
2.426613823	1.197860301453272e-18
2.427769062	-3.9588134371272104e-20
2.428924301	-1.9382122038042407e-18
2.43007954	-3.572057833755075e-18
2.431234779	-4.5308815637290466e-18
2.432390018	-4.400795178307268e-18
2.433545257	-1.9221056014840866e-18
2.434700496	2.8377127897642313e-18
2.435855735	6.4597102390991745e-18
2.437010974	4.6370158133332946e-18
2.438166213	1.3908578936184095e-18
2.439321452	-1.634738406440021e-19
2.44047669	6.081164252583659e-20
2.441631929	1.1318241843679842e-18
2.442787168	2.9654180030936996e-18
2.443942407	4.2064994633422055e-18
2.445097646	1.6483188374966685e-18
2.446252885	-7.091694193239154e-18
2.447408124	-1.8085662623023166e-17
2.448563363	-2.2636516109212134e-17
2.449718602	-1.832356612186141e-17
2.450873841	-7.671071776249251e-18
2.45202908	3.732269305590245e-18
2.453184319	9.541227175191383e-18
2.454339558	7.046744900511054e-18
2.455494797	1.7019748516667544e-18
2.456650036	-2.4384109182839554e-18
2.457805275	-4.103399359944008e-18
2.458960513	-4.771504932429882e-18
2.460115752	-5.2803994725718436e-18
2.461270991	-5.6606290795972196e-18
2.46242623	-5.5227889662207884e-18
2.463581469	-4.59111533109964e-18
2.464736708	-3.506192977585575e-18
2.465891947	-3.1632648450518517e-18
2.467047186	-2.3441973030086753e-18
2.468202425	8.604046917066832e-19
2.469357664	7.257293440084247e-18
2.470512903	1.276103010213619e-17
2.471668142	1.167011338793e-17
2.472823381	4.4095478441568635e-18
2.47397862	-5.687635922258323e-18
2.475133859	-1.4609852980088807e-17
2.476289098	-1.9330608948868487e-17
2.477444336	-1.8353523121647445e-17
2.478599575	-1.1610316964593824e-17
2.479754814	1.3652136848161444e-18
2.480910053	2.14256756839157e-17
2.482065292	5.676537078335355e-17
2.483220531	1.0513521014779185e-16
2.48437577	1.4224167042704996e-16
2.485531009	1.697935904246665e-16
2.486686248	2.0092396925125602e-16
2.487841487	2.4155900374485875e-16
2.488996726	3.145127607535565e-16
2.490151965	4.3054440316752846e-16
2.491307204	5.922195670536444e-16
2.492462443	8.230572971446423e-16
2.493617682	9.606182314180865e-16
2.494772921	6.747904074962721e-16
2.495928159	3.463748597565597e-16
2.497083398	1.9142354952737444e-16