0.45	9.408332353331651e-15
0.451155239	9.314808340791946e-15
0.452310478	9.445560704261768e-15
0.453465717	9.225390468168881e-15
0.454620957	8.89885899300768e-15
0.455776196	8.578902571878253e-15
0.456931435	8.690582507969295e-15
0.458086674	8.684748963711779e-15
0.459241913	9.01610538677205e-15
0.460397152	9.595834910382386e-15
0.461552392	9.715590578888254e-15
0.462707631	9.05818285325319e-15
0.46386287	9.401681868641326e-15
0.465018109	9.605986500479872e-15
0.466173348	9.759911690212323e-15
0.467328587	9.741129931002225e-15
0.468483827	9.634651920730093e-15
0.469639066	9.424648890913957e-15
0.470794305	9.673920898277236e-15
0.471949544	9.111470712322337e-15
0.473104783	9.423516316309231e-15
0.474260022	9.456327410648616e-15
0.475415261	9.356135744614215e-15
0.476570501	9.403006489561691e-15
0.47772574	8.678544497679144e-15
0.478880979	8.622240383443907e-15
0.480036218	8.123392148899448e-15
0.481191457	7.757806901707837e-15
0.482346696	7.721476458110557e-15
0.483501936	7.725526203814119e-15
0.484657175	7.241711883879918e-15
0.485812414	5.670226474283688e-15
0.486967653	6.420094161663274e-15
0.488122892	7.657933301723265e-15
0.489278131	8.719389303413315e-15
0.490433371	8.643248926748997e-15
0.49158861	8.801939907684812e-15
0.492743849	8.548340792812558e-15
0.493899088	8.657796479835688e-15
0.495054327	8.685900966825813e-15
0.496209566	8.857948936054081e-15
0.497364806	8.334125390687001e-15
0.498520045	8.295923943073841e-15
0.499675284	7.412652868079402e-15
0.500830523	7.419935862448489e-15
0.501985762	7.395332883060499e-15
0.503141001	7.26010928351983e-15
0.50429624	7.298439753637253e-15
0.50545148	6.8222205757977235e-15
0.506606719	6.6687557576782844e-15
0.507761958	6.4217691988497426e-15
0.508917197	6.164608671256135e-15
0.510072436	6.225189968038484e-15
0.511227675	6.397088772852911e-15
0.512382915	6.991755851641076e-15
0.513538154	7.275124799189094e-15
0.514693393	7.154221597587712e-15
0.515848632	6.943877402101193e-15
0.517003871	7.143523771331498e-15
0.51815911	7.003621509271e-15
0.51931435	6.620266140093209e-15
0.520469589	6.47525683526062e-15
0.521624828	6.3116809200974944e-15
0.522780067	6.559522255401603e-15
0.523935306	6.4999707943105084e-15
0.525090545	6.398893545485863e-15
0.526245784	6.661817076978228e-15
0.527401024	6.468214026441102e-15
0.528556263	6.590652168636181e-15
0.529711502	6.6668317570627e-15
0.530866741	6.166076959526516e-15
0.53202198	5.859927742180197e-15
0.533177219	5.538045289307256e-15
0.534332459	5.29842700188551e-15
0.535487698	4.820761268504429e-15
0.536642937	4.5766831560028184e-15
0.537798176	4.093120719877069e-15
0.538953415	3.619645299448497e-15
0.540108654	3.345629811889036e-15
0.541263894	2.9645933559773672e-15
0.542419133	2.81735271499162e-15
0.543574372	2.8945393105525774e-15
0.544729611	3.3436158293533317e-15
0.54588485	3.9759185159843994e-15
0.547040089	4.810795008715586e-15
0.548195328	5.518689404214632e-15
0.549350568	5.882242953008304e-15
0.550505807	6.144295192568738e-15
0.551661046	6.176362949533375e-15
0.552816285	6.095683142167331e-15
0.553971524	5.861566317787359e-15
0.555126763	5.708753681587309e-15
0.556282003	5.746960027078e-15
0.557437242	5.598911139295217e-15
0.558592481	5.662381598007125e-15
0.55974772	5.626417674896399e-15
0.560902959	5.667956048942889e-15
0.562058198	5.686623678133236e-15
0.563213438	5.526304307905125e-15
0.564368677	5.363978420149615e-15
0.565523916	5.1427149998260784e-15
0.566679155	4.731319162921458e-15
0.567834394	4.403822192095131e-15
0.568989633	4.310700571802824e-15
0.570144872	4.049990717883875e-15
0.571300112	3.921137422390462e-15
0.572455351	3.677889709096603e-15
0.57361059	3.501557993189177e-15
0.574765829	3.2351793939952972e-15
0.575921068	3.1648510716985622e-15
0.577076307	3.12007839712446e-15
0.578231547	3.222461905224942e-15
0.579386786	3.4959947892880315e-15
0.580542025	3.857225768712086e-15
0.581697264	4.2399219710130474e-15
0.582852503	4.545287928245582e-15
0.584007742	4.78006962250266e-15
0.585162982	4.9888882608648306e-15
0.586318221	5.119378370631873e-15
0.58747346	4.910430707888618e-15
0.588628699	4.719940026407035e-15
0.589783938	4.846369931336116e-15
0.590939177	4.293718271454513e-15
0.592094417	4.053003028179406e-15
0.593249656	3.7042423092849504e-15
0.594404895	3.420416149972177e-15
0.595560134	3.171469384933713e-15
0.596715373	3.01466883144158e-15
0.597870612	3.038623426901887e-15
0.599025851	3.0954433472935834e-15
0.600181091	3.1887074064412664e-15
0.60133633	3.3594537532127164e-15
0.602491569	3.623683513236401e-15
0.603646808	3.619452921740746e-15
0.604802047	3.656764371653101e-15
0.605957286	3.527672549566693e-15
0.607112526	3.243235647104046e-15
0.608267765	2.873505368289649e-15
0.609423004	2.558105696146345e-15
0.610578243	2.3394381168308905e-15
0.611733482	2.0148037047013637e-15
0.612888721	1.7563602117758156e-15
0.614043961	1.483653647187277e-15
0.6151992	1.2623361943250494e-15
0.616354439	1.2073691980824855e-15
0.617509678	1.1008837510747738e-15
0.618664917	1.04174676662324e-15
0.619820156	1.0288435248663856e-15
0.620975395	1.0300400570600371e-15
0.622130635	1.0960788115374866e-15
0.623285874	1.2133754470285955e-15
0.624441113	1.4157928996800005e-15
0.625596352	1.7594568417040312e-15
0.626751591	2.0919298522545208e-15
0.62790683	2.416644690911548e-15
0.62906207	2.7903061083070817e-15
0.630217309	3.0216511924541564e-15
0.631372548	3.188935774488995e-15
0.632527787	3.314946856696073e-15
0.633683026	3.3478160337650737e-15
0.634838265	3.2754334629438094e-15
0.635993505	3.230971397334481e-15
0.637148744	3.0874531905022692e-15
0.638303983	2.988684931899225e-15
0.639459222	2.837569573474591e-15
0.640614461	2.683002255219208e-15
0.6417697	2.5437987618084552e-15
0.642924939	2.4712475816966238e-15
0.644080179	2.409426591272719e-15
0.645235418	2.3758896060628557e-15
0.646390657	2.410671540474511e-15
0.647545896	2.3573410748262407e-15
0.648701135	2.231273295716158e-15
0.649856374	2.1366986551568496e-15
0.651011614	2.0826892882664072e-15
0.652166853	2.051240363442329e-15
0.653322092	2.0068780186108423e-15
0.654477331	1.891314026904763e-15
0.65563257	1.507263860984497e-15
0.656787809	1.3266264284148253e-15
0.657943049	1.5842685942986307e-15
0.659098288	1.5849450437033325e-15
0.660253527	1.4758414757520823e-15
0.661408766	1.3955328407696234e-15
0.662564005	1.336268993873122e-15
0.663719244	1.2600116684321613e-15
0.664874484	1.190416505919512e-15
0.666029723	1.1355054606829025e-15
0.667184962	1.1069707015981168e-15
0.668340201	1.107314131836256e-15
0.66949544	1.1514723756108573e-15
0.670650679	1.2353336856158379e-15
0.671805918	1.3701687577848884e-15
0.672961158	1.5415722935103004e-15
0.674116397	1.7142442113596641e-15
0.675271636	1.9143663550260753e-15
0.676426875	2.118855745008805e-15
0.677582114	2.2219912179488025e-15
0.678737353	2.171583445297877e-15
0.679892593	2.0132418092590104e-15
0.681047832	1.785158720178921e-15
0.682203071	1.5855756893736906e-15
0.68335831	1.4697066840968122e-15
0.684513549	1.458967096647266e-15
0.685668788	1.5153497166656933e-15
0.686824028	1.5790672679124192e-15
0.687979267	1.6475764635402806e-15
0.689134506	1.7195083599410686e-15
0.690289745	1.766809089251164e-15
0.691444984	1.7912781126701014e-15
0.692600223	1.7712476921583431e-15
0.693755462	1.6890806921498709e-15
0.694910702	1.5497433702612033e-15
0.696065941	1.3739830318009161e-15
0.69722118	1.1943757692436834e-15
0.698376419	1.0233087199648273e-15
0.699531658	8.847606125571816e-16
0.700686897	7.769204294465119e-16
0.701842137	7.120350829861834e-16
0.702997376	6.86353077273878e-16
0.704152615	6.897430933240219e-16
0.705307854	7.262258531787844e-16
0.706463093	7.841367752292696e-16
0.707618332	8.527702736942237e-16
0.708773572	9.211098374884315e-16
0.709928811	9.698476312755118e-16
0.71108405	1.0053220601759816e-15
0.712239289	1.0469488558259046e-15
0.713394528	1.050318754294027e-15
0.714549767	9.877791465593808e-16
0.715705006	8.674804484040947e-16
0.716860246	6.95177653421255e-16
0.718015485	5.360754625443945e-16
0.719170724	4.4332113276746183e-16
0.720325963	4.0919793761013677e-16
0.721481202	4.099015665383086e-16
0.722636441	3.9321877675216477e-16
0.723791681	3.6666688534638963e-16
0.72494692	3.4272067657430964e-16
0.726102159	3.239124627868983e-16
0.727257398	3.1330009357330814e-16
0.728412637	3.165738883459018e-16
0.729567876	3.250284953160889e-16
0.730723116	3.3796090730916317e-16
0.731878355	3.537911132688915e-16
0.733033594	3.7325030491233793e-16
0.734188833	3.9506885876737697e-16
0.735344072	4.205081561767105e-16
0.736499311	4.542403018695105e-16
0.73765455	5.054884844857057e-16
0.73880979	5.835553030012785e-16
0.739965029	6.928629221792863e-16
0.741120268	8.229444663175582e-16
0.742275507	9.620938673538244e-16
0.743430746	1.0876210105582543e-15
0.744585985	1.1809519230375374e-15
0.745741225	1.2348844011250745e-15
0.746896464	1.2349783783520496e-15
0.748051703	1.2489993246341627e-15
0.749206942	1.2477385473652599e-15
0.750362181	1.2495974689608575e-15
0.75151742	1.2613048587399692e-15
0.75267266	1.2822595278416037e-15
0.753827899	1.28533481720265e-15
0.754983138	1.2646451635945806e-15
0.756138377	1.1863880243962478e-15
0.757293616	1.1064752578553904e-15
0.758448855	1.0690757214562242e-15
0.759604095	1.0095054492672902e-15
0.760759334	8.688763131350071e-16
0.761914573	7.260377811731112e-16
0.763069812	6.609097806055464e-16
0.764225051	6.166475316451514e-16
0.76538029	5.923953833347412e-16
0.766535529	5.959435032238948e-16
0.767690769	6.035801058084581e-16
0.768846008	6.039077547614181e-16
0.770001247	5.889706877825372e-16
0.771156486	5.668570836169566e-16
0.772311725	5.370805359959361e-16
0.773466964	5.01220244258965e-16
0.774622204	4.738785930226561e-16
0.775777443	4.509496102714295e-16
0.776932682	4.0696203829288433e-16
0.778087921	3.882165469020542e-16
0.77924316	3.7373866863201296e-16
0.780398399	3.451295497931926e-16
0.781553639	3.2247569245055977e-16
0.782708878	3.1127411455060983e-16
0.783864117	3.099367878746968e-16
0.785019356	3.140420763982931e-16
0.786174595	3.2240929565017874e-16
0.787329834	3.2831875721088293e-16
0.788485073	3.304270817401574e-16
0.789640313	3.2512938203445697e-16
0.790795552	3.212128493390744e-16
0.791950791	3.0816531240762473e-16
0.79310603	2.9399487284319944e-16
0.794261269	2.830478110491699e-16
0.795416508	2.732116913113377e-16
0.796571748	2.690064791272751e-16
0.797726987	2.6883738769021283e-16
0.798882226	2.7112863024768663e-16
0.800037465	2.722141472418143e-16
0.801192704	2.7318883487797763e-16
0.802347943	2.7825390181508737e-16
0.803503183	2.890422384582341e-16
0.804658422	3.027900121132933e-16
0.805813661	3.161380109354184e-16
0.8069689	3.2793074778122447e-16
0.808124139	3.408333560587298e-16
0.809279378	3.533047476339743e-16
0.810434617	3.649020980506356e-16
0.811589857	3.8063505551653953e-16
0.812745096	4.037449072573792e-16
0.813900335	4.248172354942392e-16
0.815055574	4.451539050442589e-16
0.816210813	4.694968094068575e-16
0.817366052	5.171078776979055e-16
0.818521292	5.628211565626879e-16
0.819676531	6.149953399339302e-16
0.82083177	6.682321257497108e-16
0.821987009	6.806588763262206e-16
0.823142248	6.571848743022694e-16
0.824297487	6.761275927729668e-16
0.825452727	6.7191201143322245e-16
0.826607966	6.848370435584e-16
0.827763205	7.092580884208833e-16
0.828918444	7.639724864097162e-16
0.830073683	8.146231630197452e-16
0.831228922	8.257802997459737e-16
0.832384162	7.72968532307995e-16
0.833539401	6.61600199311838e-16
0.83469464	5.24512746972021e-16
0.835849879	4.041428439501072e-16
0.837005118	3.271810632705379e-16
0.838160357	2.913777868003504e-16
0.839315596	2.745025942669186e-16
0.840470836	2.7861220125089935e-16
0.841626075	2.8463058232154797e-16
0.842781314	3.0880625711733547e-16
0.843936553	3.048180923698598e-16
0.845091792	3.3101609695186016e-16
0.846247031	3.389234480173206e-16
0.847402271	3.4814509638636845e-16
0.84855751	3.8065522839286233e-16
0.849712749	3.378599713809697e-16
0.850867988	2.989647750463896e-16
0.852023227	3.1045927578760987e-16
0.853178466	2.8140599963196133e-16
0.854333706	2.0081685652761135e-16
0.855488945	2.1375577837236333e-16
0.856644184	2.6610726003366084e-16
0.857799423	2.7231414782765025e-16
0.858954662	2.453912797457835e-16
0.860109901	2.1943744657856793e-16
0.86126514	2.4852084089992615e-16
0.86242038	2.672879040920773e-16
0.863575619	2.752777180922216e-16
0.864730858	2.6929673009096385e-16
0.865886097	2.1468289280493689e-16
0.867041336	1.9020807724771734e-16
0.868196575	2.539722630405258e-16
0.869351815	3.068537832984441e-16
0.870507054	3.255976320150578e-16
0.871662293	3.3765714020577715e-16
0.872817532	3.4379303227590834e-16
0.873972771	3.1224649369215114e-16
0.87512801	2.649043355096966e-16
0.87628325	3.160348054978598e-16
0.877438489	3.42315944768461e-16
0.878593728	3.2931438708330204e-16
0.879748967	3.144314003296402e-16
0.880904206	3.0595056805792406e-16
0.882059445	2.938506147879836e-16
0.883214684	2.7833091145472835e-16
0.884369924	2.63928073680582e-16
0.885525163	2.339774288825909e-16
0.886680402	2.1348393373379382e-16
0.887835641	2.573830836619939e-16
0.88899088	2.863943491799346e-16
0.890146119	2.8885145449359225e-16
0.891301359	2.890491421634974e-16
0.892456598	2.8742924125389106e-16
0.893611837	2.9089611383533267e-16
0.894767076	2.993835051582812e-16
0.895922315	3.0659788093428794e-16
0.897077554	3.129218063513429e-16
0.898232794	3.2190715726694816e-16
0.899388033	3.12491196940653e-16
0.900543272	2.9583052434247203e-16
0.901698511	2.829609147581773e-16
0.90285375	3.594743290945622e-16
0.904008989	4.0832595367968095e-16
0.905164228	4.1086412086646503e-16
0.906319468	3.9782125857339445e-16
0.907474707	4.022989733469786e-16
0.908629946	4.1114260551963356e-16
0.909785185	4.2194200962794494e-16
0.910940424	4.3465674969838e-16
0.912095663	4.378883348526087e-16
0.913250903	4.3043409253591124e-16
0.914406142	4.4941793774312495e-16
0.915561381	4.547269647976882e-16
0.91671662	4.918749363251789e-16
0.917871859	5.04809791841135e-16
0.919027098	5.231287471980633e-16
0.920182338	5.280537194671204e-16
0.921337577	5.081980094954167e-16
0.922492816	4.592508296708336e-16
0.923648055	4.986083466632884e-16
0.924803294	6.089791511990343e-16
0.925958533	6.610672274712341e-16
0.927113773	7.06979262045078e-16
0.928269012	7.434121292373116e-16
0.929424251	7.818050747285634e-16
0.93057949	8.181233993095272e-16
0.931734729	8.364947840837385e-16
0.932889968	8.827824281623685e-16
0.934045207	8.875257591175307e-16
0.935200447	9.409526254688052e-16
0.936355686	9.782918784043082e-16
0.937510925	9.838459230987355e-16
0.938666164	1.023655010234509e-15
0.939821403	1.0453092477482482e-15
0.940976642	9.705256589236632e-16
0.942131882	9.318371017378473e-16
0.943287121	8.688801014232876e-16
0.94444236	8.400048788380176e-16
0.945597599	8.795891931186606e-16
0.946752838	9.098656332097819e-16
0.947908077	9.021018998029446e-16
0.949063317	8.98940454813186e-16
0.950218556	8.347866109015329e-16
0.951373795	8.607654845737407e-16
0.952529034	8.051469391284831e-16
0.953684273	8.336327438755746e-16
0.954839512	7.967516760681191e-16
0.955994751	8.875466003267061e-16
0.957149991	9.957639314994657e-16
0.95830523	1.0259013728896045e-15
0.959460469	1.0080289888393919e-15
0.960615708	1.051939874450668e-15
0.961770947	1.059777215379326e-15
0.962926186	1.056864478988327e-15
0.964081426	1.036308588693146e-15
0.965236665	1.028060785911491e-15
0.966391904	1.000856058325359e-15
0.967547143	1.0235575812942441e-15
0.968702382	1.0322496535531185e-15
0.969857621	1.031534853339002e-15
0.971012861	0.
0.9721681	0.
0.973323339	0.
0.974478578	0.
0.975633817	0.
0.976789056	0.
0.977944295	0.
0.979099535	0.
0.980254774	0.
0.981410013	0.
0.982565252	0.
0.983720491	0.
0.98487573	0.
0.98603097	0.
0.987186209	0.
0.988341448	0.
0.989496687	0.
0.990651926	0.
0.991807165	0.
0.992962405	0.
0.994117644	0.
0.995272883	0.
0.996428122	0.
0.997583361	8.159486773135054e-17
0.9987386	7.985286021857775e-17
0.999893839	7.788445230335371e-17
1.001049079	7.262911034411734e-17
1.002204318	6.749028556758511e-17
1.003359557	6.249352284959892e-17
1.004514796	5.819836383104987e-17
1.005670035	5.751217034605552e-17
1.006825274	6.043873871242835e-17
1.007980514	6.05183577615128e-17
1.009135753	6.297958945835954e-17
1.010290992	6.566874352035316e-17
1.011446231	6.765297765414705e-17
1.01260147	6.937530258244401e-17
1.013756709	7.206148518037341e-17
1.014911949	7.376558999133696e-17
1.016067188	7.520055536544089e-17
1.017222427	7.585661673201977e-17
1.018377666	7.551121295626848e-17
1.019532905	7.568528246614708e-17
1.020688144	7.709494602593997e-17
1.021843384	7.741543385235322e-17
1.022998623	7.80984006309967e-17
1.024153862	7.899415774892493e-17
1.025309101	8.013342756218228e-17
1.02646434	8.090673041657129e-17
1.027619579	8.120627682776449e-17
1.028774818	8.216746695644964e-17
1.029930058	8.393172566184787e-17
1.031085297	8.491765094574097e-17
1.032240536	8.621664769240405e-17
1.033395775	8.972651550247361e-17
1.034551014	9.284254344688183e-17
1.035706253	9.436303193645129e-17
1.036861493	9.787738489494874e-17
1.038016732	1.0309063801067197e-16
1.039171971	1.071677194299868e-16
1.04032721	1.1105254673247372e-16
1.041482449	1.159827491079293e-16
1.042637688	1.209236599240484e-16
1.043792928	1.2494127870896893e-16
1.044948167	1.2954459002411895e-16
1.046103406	1.344181749363754e-16
1.047258645	1.3742336716072713e-16
1.048413884	1.4007917228161734e-16
1.049569123	1.4329245982829622e-16
1.050724362	1.474435666579248e-16
1.051879602	1.5176542295920339e-16
1.053034841	1.5717624913876802e-16
1.05419008	1.6280298864125597e-16
1.055345319	1.6697937175361003e-16
1.056500558	1.7232868263530776e-16
1.057655797	1.806690272559259e-16
1.058811037	1.871799207834926e-16
1.059966276	1.9081022544487877e-16
1.061121515	1.940589289122012e-16
1.062276754	2.0088119223107427e-16
1.063431993	2.094092007412863e-16
1.064587232	2.1562819094584333e-16
1.065742472	2.213227548954404e-16
1.066897711	2.2653771672851957e-16
1.06805295	2.3185689492769104e-16
1.069208189	2.382237922094302e-16
1.070363428	2.4295286075336617e-16
1.071518667	2.4243256246762767e-16
1.072673906	2.4109925367406464e-16
1.073829146	2.4068848973694166e-16
1.074984385	2.3782485424277153e-16
1.076139624	2.327970544697633e-16
1.077294863	2.28306897029564e-16
1.078450102	2.221838668096918e-16
1.079605341	2.1250035730852163e-16
1.080760581	2.0599610002687369e-16
1.08191582	2.0289520667591917e-16
1.083071059	1.9461533968547861e-16
1.084226298	1.8239129309447387e-16
1.085381537	1.6937404674348822e-16
1.086536776	1.5865319172157993e-16
1.087692016	1.5146418063170126e-16
1.088847255	1.3867208332937718e-16
1.090002494	1.2180666372768876e-16
1.091157733	1.0786112200873964e-16
1.092312972	9.708152514064345e-17
1.093468211	9.058273842710168e-17
1.094623451	8.404285105173381e-17
1.09577869	7.602859694061621e-17
1.096933929	7.030875290706313e-17
1.098089168	6.65898685006809e-17
1.099244407	6.291254768332279e-17
1.100399646	6.024604523955904e-17
1.101554885	5.959550547692246e-17
1.102710125	5.896456139818575e-17
1.103865364	5.751198059884928e-17
1.105020603	5.623664881330794e-17
1.106175842	5.516921469417066e-17
1.107331081	5.402636271278105e-17
1.10848632	5.262358032868435e-17
1.10964156	5.088649022896091e-17
1.110796799	4.9213004864844e-17
1.111952038	4.762822394751322e-17
1.113107277	4.574974210894815e-17
1.114262516	4.364954369586943e-17
1.115417755	4.153913528839795e-17
1.116572995	3.947709667815356e-17
1.117728234	3.7636200868931107e-17
1.118883473	3.620407095849485e-17
1.120038712	3.49489362959578e-17
1.121193951	3.312606839157298e-17
1.12234919	3.104224178205609e-17
1.123504429	2.9325720945558954e-17
1.124659669	2.8010518997452554e-17
1.125814908	2.7091063567958506e-17
1.126970147	2.6040809395605243e-17
1.128125386	2.5003559669713525e-17
1.129280625	2.4598229617616932e-17
1.130435864	2.4444230832213686e-17
1.131591104	2.4167083878204212e-17
1.132746343	2.40881769480748e-17
1.133901582	2.425984829780781e-17
1.135056821	2.433154209023773e-17
1.13621206	2.4389928389950624e-17
1.137367299	2.481144040543293e-17
1.138522539	2.5207222658112524e-17
1.139677778	2.5445479265539053e-17
1.140833017	2.554759631719519e-17
1.141988256	2.5448684013491716e-17
1.143143495	2.529948719850892e-17
1.144298734	2.4861101229905815e-17
1.145453973	2.384250573177448e-17
1.146609213	2.2573383251504438e-17
1.147764452	2.1217968032997148e-17
1.148919691	1.9600702971539468e-17
1.15007493	1.7898852104566386e-17
1.151230169	1.6319153068869632e-17
1.152385408	1.4905439469444202e-17
1.153540648	1.3674460381575487e-17
1.154695887	1.2727815390688092e-17
1.155851126	1.2076144086140996e-17
1.157006365	1.159047796669178e-17
1.158161604	1.1259753164906872e-17
1.159316843	1.1260105634771814e-17
1.160472083	1.1541559256159198e-17
1.161627322	1.2044275531740791e-17
1.162782561	1.2734499894025883e-17
1.1639378	1.3556750780654088e-17
1.165093039	1.4619298094167582e-17
1.166248278	1.5896983713309374e-17
1.167403517	1.725696223741736e-17
1.168558757	1.8789804910635166e-17
1.169713996	2.0476693347599497e-17
1.170869235	2.185023579413157e-17
1.172024474	2.273893048087032e-17
1.173179713	2.329769932874345e-17
1.174334952	2.357421096442071e-17
1.175490192	2.369839684811465e-17
1.176645431	2.3380656050227403e-17
1.17780067	2.2598853265860294e-17
1.178955909	2.146868437323325e-17
1.180111148	2.0201213832619693e-17
1.181266387	1.9298196573153805e-17
1.182421627	1.870376323789687e-17
1.183576866	1.8357150291729874e-17
1.184732105	1.7906662920631828e-17
1.185887344	1.7303639516477082e-17
1.187042583	1.7425161001865327e-17
1.188197822	1.8185424715985204e-17
1.189353062	1.8781729182486283e-17
1.190508301	1.941917605392773e-17
1.19166354	2.0304185300518152e-17
1.192818779	2.1251217627983332e-17
1.193974018	2.219018889840041e-17
1.195129257	2.3059803085579675e-17
1.196284496	2.3837925683274714e-17
1.197439736	2.4704508363159327e-17
1.198594975	2.4842251422127436e-17
1.199750214	2.406855276949159e-17
1.200905453	2.337249119017611e-17
1.202060692	2.3384462867349737e-17
1.203215931	2.483513501462268e-17
1.204371171	2.681816597222595e-17
1.20552641	2.7928084851396865e-17
1.206681649	2.9419976829713237e-17
1.207836888	3.185344625287659e-17
1.208992127	3.357655615720815e-17
1.210147366	3.4349246478108554e-17
1.211302606	3.507501543007082e-17
1.212457845	3.568265874394331e-17
1.213613084	3.618486409370641e-17
1.214768323	3.649931003049059e-17
1.215923562	3.6614337449998434e-17
1.217078801	3.6634530955907626e-17
1.21823404	3.6532384840910934e-17
1.21938928	3.626425513190693e-17
1.220544519	3.59062843986275e-17
1.221699758	3.545304140152221e-17
1.222854997	3.4949042608290776e-17
1.224010236	3.439697198359108e-17
1.225165475	3.3660001765472975e-17
1.226320715	3.286503887794683e-17
1.227475954	3.229060123699285e-17
1.228631193	3.153199953857127e-17
1.229786432	3.0413598334680107e-17
1.230941671	2.950851792937276e-17
1.23209691	2.890928225405952e-17
1.23325215	2.842221347574409e-17
1.234407389	2.8183158088983706e-17
1.235562628	2.8207454534650153e-17
1.236717867	2.842390713186678e-17
1.237873106	2.880860385225515e-17
1.239028345	2.95116532113344e-17
1.240183584	3.048775700034453e-17
1.241338824	3.144095131264585e-17
1.242494063	3.2471920355940777e-17
1.243649302	3.368396300220208e-17
1.244804541	3.495239770128182e-17
1.24595978	3.62504415152372e-17
1.247115019	3.773225322286138e-17
1.248270259	3.93758697675354e-17
1.249425498	4.102120139215844e-17
1.250580737	4.2854809115115986e-17
1.251735976	4.5045198325899196e-17
1.252891215	4.696429678952442e-17
1.254046454	4.838174434141893e-17
1.255201694	4.974778315116198e-17
1.256356933	5.0811251381315404e-17
1.257512172	5.139957533423987e-17
1.258667411	5.171760816709652e-17
1.25982265	5.182589605724234e-17
1.260977889	5.210957708044158e-17
1.262133129	5.2588987305876485e-17
1.263288368	5.303605407629972e-17
1.264443607	5.356529387272478e-17
1.265598846	5.427874065489041e-17
1.266754085	5.54757735722787e-17
1.267909324	5.719685415222059e-17
1.269064563	5.851952832344725e-17
1.270219803	5.958467997682313e-17
1.271375042	6.128710406822697e-17
1.272530281	6.332553830498133e-17
1.27368552	6.558768755544638e-17
1.274840759	6.760526728820254e-17
1.275995998	6.914094009558695e-17
1.277151238	7.058379101205341e-17
1.278306477	7.148185806060987e-17
1.279461716	7.165540252886429e-17
1.280616955	7.331498976196697e-17
1.281772194	7.790364350062876e-17
1.282927433	7.787949037620464e-17
1.284082673	7.327617895545682e-17
1.285237912	7.124585829373336e-17
1.286393151	7.062642396730074e-17
1.28754839	6.969740755583087e-17
1.288703629	6.830892358727347e-17
1.289858868	6.70014666269023e-17
1.291014107	6.514316820214348e-17
1.292169347	6.296362524548367e-17
1.293324586	6.132724631195315e-17
1.294479825	5.96272339725914e-17
1.295635064	5.729016100598768e-17
1.296790303	5.4850659837181875e-17
1.297945542	5.2468910289069874e-17
1.299100782	4.9560315202379107e-17
1.300256021	4.6431622161672904e-17
1.30141126	4.373067176021668e-17
1.302566499	4.114907507812522e-17
1.303721738	3.855466866526329e-17
1.304876977	3.595360731569647e-17
1.306032217	3.356167643624262e-17
1.307187456	3.166826094402762e-17
1.308342695	3.015659024283168e-17
1.309497934	2.8833240163792743e-17
1.310653173	2.7869880630681136e-17
1.311808412	2.7283163659384395e-17
1.312963651	2.6363480705338347e-17
1.314118891	2.5191736213682034e-17
1.31527413	2.4612961502139926e-17
1.316429369	2.4125154688969987e-17
1.317584608	2.2987973557940288e-17
1.318739847	2.1924453255558227e-17
1.319895086	2.1142322151216646e-17
1.321050326	2.0488038643916592e-17
1.322205565	1.9891047155948134e-17
1.323360804	1.919414577202746e-17
1.324516043	1.85288297580806e-17
1.325671282	1.8031151720531093e-17
1.326826521	1.7589688753220938e-17
1.327981761	1.7231575486490186e-17
1.329137	1.7128932416317714e-17
1.330292239	1.7161354303933026e-17
1.331447478	1.7110045059819763e-17
1.332602717	1.6988464503624937e-17
1.333757956	1.678645422281338e-17
1.334913195	1.6696888785210358e-17
1.336068435	1.6724189681172055e-17
1.337223674	1.6665845155230284e-17
1.338378913	1.6552591996439865e-17
1.339534152	1.648100467796637e-17
1.340689391	1.630097495168981e-17
1.34184463	1.5960940992418852e-17
1.34299987	1.5639447032984022e-17
1.344155109	1.5369153088868167e-17
1.345310348	1.5135270550282345e-17
1.346465587	1.4876986331476172e-17
1.347620826	1.4512620403854364e-17
1.348776065	1.418989670945536e-17
1.349931305	1.3943608470551437e-17
1.351086544	1.3584528630041369e-17
1.352241783	1.3147648911431346e-17
1.353397022	1.2791104856096729e-17
1.354552261	1.2542968296743405e-17
1.3557075	1.2423440387103043e-17
1.35686274	1.2148947582793985e-17
1.358017979	1.1678064334686001e-17
1.359173218	1.0887947729354227e-17
1.360328457	7.619036693829696e-18
1.361483696	-1.0958916221362775e-19
1.362638935	-8.065074111418177e-18
1.363794174	-9.257870906313271e-18
1.364949414	-5.268953609170526e-18
1.366104653	3.498123790579675e-18
1.367259892	1.9691934902695193e-17
1.368415131	7.304594638219396e-17
1.36957037	-3.366346151245683e-16
1.370725609	-1.018044500045184e-16
1.371880849	-1.4750473686168343e-16
1.373036088	5.235325280552294e-17
1.374191327	1.5539541666696934e-17
1.375346566	8.284190407892492e-18
1.376501805	5.520512809582554e-18
1.377657044	4.736153655412234e-18
1.378812284	4.5635841735289244e-18
1.379967523	4.478800024644624e-18
1.381122762	4.133955018497628e-18
1.382278001	2.283345011075348e-18
1.38343324	8.098099246003659e-20
1.384588479	-7.555729453222344e-19
1.385743718	1.4550661676242136e-18
1.386898958	6.759930498405127e-18
1.388054197	1.0686764454063554e-17
1.389209436	1.313161729706844e-17
1.390364675	1.4493642980577286e-17
1.391519914	1.4868949258421125e-17
1.392675153	1.459843485270232e-17
1.393830393	1.3738351704673121e-17
1.394985632	1.2203652614314341e-17
1.396140871	1.0268889266552379e-17
1.39729611	8.433854575854895e-18
1.398451349	6.98193975385689e-18
1.399606588	6.080353361763497e-18
1.400761828	5.587453993144724e-18
1.401917067	5.34621082041006e-18
1.403072306	5.37919445310548e-18
1.404227545	5.6656088578605626e-18
1.405382784	6.155344563409318e-18
1.406538023	6.7838253967768094e-18
1.407693262	7.439206239108589e-18
1.408848502	7.87143805949648e-18
1.410003741	8.169581982816407e-18
1.41115898	8.569627578021812e-18
1.412314219	9.06627149932571e-18
1.413469458	9.571697774514343e-18
1.414624697	1.008288432769793e-17
1.415779937	1.0603116548342443e-17
1.416935176	1.1154047265691896e-17
1.418090415	1.1771902087112073e-17
1.419245654	1.2388645709037237e-17
1.420400893	1.2963880491092926e-17
1.421556132	1.3509618358494501e-17
1.422711372	1.373218202118635e-17
1.423866611	1.3626900473424874e-17
1.42502185	1.359974940311095e-17
1.426177089	1.370057816232786e-17
1.427332328	1.3744879968654013e-17
1.428487567	1.374507372317125e-17
1.429642807	1.3728036329699432e-17
1.430798046	1.3702704644076319e-17
1.431953285	1.3692019285421404e-17
1.433108524	1.3743027370839722e-17
1.434263763	1.3838299221293611e-17
1.435419002	1.3923677907352112e-17
1.436574241	1.4029976889186118e-17
1.437729481	1.414701316853831e-17
1.43888472	1.439401262033703e-17
1.440039959	1.4725578987759548e-17
1.441195198	1.4547778689957457e-17
1.442350437	1.414062381984131e-17
1.443505676	1.414330769959983e-17
1.444660916	1.4171003880368927e-17
1.445816155	1.3990312263257998e-17
1.446971394	1.3880574163922933e-17
1.448126633	1.3850304490967539e-17
1.449281872	1.3715414058638662e-17
1.450437111	1.3561992873959493e-17
1.451592351	1.362213441946493e-17
1.45274759	1.3701895156444223e-17
1.453902829	1.3812188541980134e-17
1.455058068	1.4003350220564113e-17
1.456213307	1.4287371742381806e-17
1.457368546	1.4387515623614574e-17
1.458523785	1.4318419965434443e-17
1.459679025	1.4325379470495332e-17
1.460834264	1.443621455209981e-17
1.461989503	1.4631593577876676e-17
1.463144742	1.4789944657194528e-17
1.464299981	1.489563368995766e-17
1.46545522	1.5060890957087242e-17
1.46661046	1.5164613203027925e-17
1.467765699	1.5132870841184554e-17
1.468920938	1.509571828066649e-17
1.470076177	1.5111396504815047e-17
1.471231416	1.5032328310186124e-17
1.472386655	1.5066854853988573e-17
1.473541895	1.4637890119780584e-17
1.474697134	1.420728663452732e-17
1.475852373	1.4000874651626004e-17
1.477007612	1.3936894116629903e-17
1.478162851	1.4323098721913745e-17
1.47931809	1.3816452033802271e-17
1.480473329	1.4038292582291056e-17
1.481628569	1.426689962357835e-17
1.482783808	1.4816204335833376e-17
1.483939047	1.498895334225167e-17
1.485094286	1.5264465052446102e-17
1.486249525	1.5399584115084515e-17
1.487404764	1.674885622474838e-17
1.488560004	1.7825213897271947e-17
1.489715243	1.7038060714979456e-17
1.490870482	1.6627653203477275e-17
1.492025721	1.7220753488480576e-17
1.49318096	1.7470669095957277e-17
1.494336199	1.7577305703628754e-17
1.495491439	1.802260166781342e-17
1.496646678	1.8467614616502268e-17
1.497801917	1.8169567854750785e-17
1.498957156	1.7627582144354575e-17
1.500112395	1.732996641458124e-17
1.501267634	1.7252690289346158e-17
1.502422873	1.7069939028137796e-17
1.503578113	1.681446631833488e-17
1.504733352	1.6875520660988043e-17
1.505888591	1.6987354213936853e-17
1.50704383	1.6805532998823824e-17
1.508199069	1.6568962892947184e-17
1.509354308	1.6598362981629032e-17
1.510509548	1.6601028846147813e-17
1.511664787	1.7034223816047284e-17
1.512820026	1.74627109213887e-17
1.513975265	1.7847707986499915e-17
1.515130504	1.8128753472101203e-17
1.516285743	1.829086341967199e-17
1.517440983	1.8623154141212702e-17
1.518596222	1.9002347382633077e-17
1.519751461	1.9431437891502354e-17
1.5209067	1.9928213139204685e-17
1.522061939	2.0632881692905537e-17
1.523217178	2.0999746001294964e-17
1.524372418	2.1038185674467014e-17
1.525527657	2.0787799130635004e-17
1.526682896	2.0717471856746877e-17
1.527838135	2.101803688980581e-17
1.528993374	2.184812392274395e-17
1.530148613	2.2950141653794963e-17
1.531303852	2.331675836805874e-17
1.532459092	2.3497324017646177e-17
1.533614331	2.449994952726254e-17
1.53476957	2.5188129145067732e-17
1.535924809	2.532058734032156e-17
1.537080048	2.560568110885498e-17
1.538235287	2.5876711240309076e-17
1.539390527	2.5984859944198536e-17
1.540545766	2.5597797570357516e-17
1.541701005	2.4907438259453468e-17
1.542856244	2.4393537123249136e-17
1.544011483	2.4301713929831297e-17
1.545166722	2.4506499602665188e-17
1.546321962	2.492234627329713e-17
1.547477201	2.58269992493029e-17
1.54863244	2.6682579622526455e-17
1.549787679	2.713490811507084e-17
1.550942918	2.722951115611803e-17
1.552098157	2.7078590919623403e-17
1.553253396	2.701890310364443e-17
1.554408636	2.686812481137387e-17
1.555563875	2.6104483867841803e-17
1.556719114	2.5590226162668232e-17
1.557874353	2.5481381229227004e-17
1.559029592	2.561997563923111e-17
1.560184831	2.5688230305083437e-17
1.561340071	2.5257576734841827e-17
1.56249531	2.4521143381706274e-17
1.563650549	2.3905329179109998e-17
1.564805788	2.3217641352600566e-17
1.565961027	2.278077234510006e-17
1.567116266	2.2564995996910483e-17
1.568271506	2.244214666480486e-17
1.569426745	2.2396475769210486e-17
1.570581984	2.2815977948220733e-17
1.571737223	2.3949995783610787e-17
1.572892462	2.56694471183134e-17
1.574047701	2.766229441038124e-17
1.57520294	2.937495837368435e-17
1.57635818	3.109553090544665e-17
1.577513419	3.2221592991240436e-17
1.578668658	3.2720685568061596e-17
1.579823897	3.188407137377405e-17
1.580979136	3.188392161250312e-17
1.582134375	3.274037266554172e-17
1.583289615	3.217225839935961e-17
1.584444854	3.096891979230847e-17
1.585600093	2.98089750688631e-17
1.586755332	2.9126872746813587e-17
1.587910571	2.948516187898019e-17
1.58906581	3.0802553114255553e-17
1.59022105	3.2114522861332695e-17
1.591376289	3.170827170966958e-17
1.592531528	3.055360475751415e-17
1.593686767	2.979594806855459e-17
1.594842006	2.975054736291752e-17
1.595997245	3.0035241132454835e-17
1.597152485	2.9098789947037577e-17
1.598307724	2.765776746493989e-17
1.599462963	2.728254498245342e-17
1.600618202	2.7220946233105327e-17
1.601773441	2.644860884375643e-17
1.60292868	2.577242665282905e-17
1.604083919	2.5132043752312265e-17
1.605239159	2.4468246566342675e-17
1.606394398	2.3702257867788055e-17
1.607549637	2.2461355104717438e-17
1.608704876	2.138346503314442e-17
1.609860115	2.0835893461910552e-17
1.611015354	2.0211219335540116e-17
1.612170594	1.952348666645972e-17
1.613325833	1.8812689965361796e-17
1.614481072	1.814585042141786e-17
1.615636311	1.7944258805398718e-17
1.61679155	1.7197129123637232e-17
1.617946789	1.583216870116701e-17
1.619102029	1.5051758099507747e-17
1.620257268	1.4614247413032564e-17
1.621412507	1.401868266282651e-17
1.622567746	1.3351443535585151e-17
1.623722985	1.2901914318387543e-17
1.624878224	1.2610456269516116e-17
1.626033463	1.2404449059049458e-17
1.627188703	1.205296416835471e-17
1.628343942	1.1706309016985504e-17
1.629499181	1.1449624177166092e-17
1.63065442	1.119800239243884e-17
1.631809659	1.0797345178512884e-17
1.632964898	1.038510876551386e-17
1.634120138	1.00741684883341e-17
1.635275377	9.746489676473312e-18
1.636430616	9.478868694240252e-18
1.637585855	9.289312881537009e-18
1.638741094	9.068005125811235e-18
1.639896333	8.811062963473949e-18
1.641051573	8.643136238170702e-18
1.642206812	8.718922157060167e-18
1.643362051	8.836630205101557e-18
1.64451729	8.702215349412441e-18
1.645672529	8.27586277176467e-18
1.646827768	7.73163142632323e-18
1.647983007	7.211896624262635e-18
1.649138247	6.793755372174226e-18
1.650293486	6.43884653909939e-18
1.651448725	6.174183694257534e-18
1.652603964	5.992252595592577e-18
1.653759203	5.900989904562481e-18
1.654914442	5.8826734560379436e-18
1.656069682	5.86239879992519e-18
1.657224921	5.870196806983676e-18
1.65838016	5.933218030774071e-18
1.659535399	6.024741755485531e-18
1.660690638	6.100829314956728e-18
1.661845877	6.07642413788969e-18
1.663001117	6.045234709035905e-18
1.664156356	5.984402532428273e-18
1.665311595	5.918150241553277e-18
1.666466834	5.879156249186869e-18
1.667622073	5.822779586271855e-18
1.668777312	5.700242321188585e-18
1.669932551	5.577808765692137e-18
1.671087791	5.6500709353164464e-18
1.67224303	5.907111278206848e-18
1.673398269	6.11163833118498e-18
1.674553508	6.4014551070301175e-18
1.675708747	6.9101426564862376e-18
1.676863986	7.335783455332648e-18
1.678019226	7.515939146275132e-18
1.679174465	7.789234151491972e-18
1.680329704	8.194794924317615e-18
1.681484943	8.677456668145706e-18
1.682640182	9.062021451725647e-18
1.683795421	9.091171791388152e-18
1.684950661	9.01345034083322e-18
1.6861059	8.968328058040093e-18
1.687261139	8.752720344246834e-18
1.688416378	8.3634315774074e-18
1.689571617	8.006805348705226e-18
1.690726856	7.656781908966068e-18
1.691882096	7.300043500254875e-18
1.693037335	7.08617523769483e-18
1.694192574	6.962695637841771e-18
1.695347813	6.878659317963992e-18
1.696503052	6.839042411422073e-18
1.697658291	6.774851600618932e-18
1.69881353	6.732887115845317e-18
1.69996877	6.665180875024414e-18
1.701124009	6.446768448945939e-18
1.702279248	6.1268488140999045e-18
1.703434487	5.73421959176392e-18
1.704589726	5.248564393966768e-18
1.705744965	4.723941577383895e-18
1.706900205	4.197141342352307e-18
1.708055444	3.710831538593687e-18
1.709210683	3.2295834111043313e-18
1.710365922	2.864125325839417e-18
1.711521161	2.797541268164476e-18
1.7126764	3.0305669769532417e-18
1.71383164	3.6244833607588725e-18
1.714986879	4.491890877271842e-18
1.716142118	5.367544716171856e-18
1.717297357	5.994810750287566e-18
1.718452596	6.006287180484021e-18
1.719607835	5.6220031442150154e-18
1.720763074	5.021552227144947e-18
1.721918314	4.308619948222784e-18
1.723073553	3.9472764566202504e-18
1.724228792	3.840877654738754e-18
1.725384031	3.827733989808703e-18
1.72653927	3.909804137665192e-18
1.727694509	4.139048074141332e-18
1.728849749	4.467809990313066e-18
1.730004988	4.824687101408006e-18
1.731160227	5.239741046384697e-18
1.732315466	5.717381742871798e-18
1.733470705	6.227992076983827e-18
1.734625944	6.7663633086262045e-18
1.735781184	7.224931255829723e-18
1.736936423	7.537742395711425e-18
1.738091662	7.87818305979574e-18
1.739246901	8.146456310099168e-18
1.74040214	8.304935213091387e-18
1.741557379	8.363004764850148e-18
1.742712618	8.344536842879565e-18
1.743867858	8.150412627141598e-18
1.745023097	8.017656007189416e-18
1.746178336	7.972226841890122e-18
1.747333575	7.841870657714169e-18
1.748488814	7.659463227836044e-18
1.749644053	7.47856322867135e-18
1.750799293	7.318776666924259e-18
1.751954532	7.196482596743546e-18
1.753109771	7.10902499947754e-18
1.75426501	7.008245745536942e-18
1.755420249	6.944269210361603e-18
1.756575488	6.918878308729197e-18
1.757730728	6.850243762916123e-18
1.758885967	6.733562515324016e-18
1.760041206	6.610801675529688e-18
1.761196445	6.540753344754251e-18
1.762351684	6.490177417981931e-18
1.763506923	6.313230259284088e-18
1.764662163	6.104471874646997e-18
1.765817402	5.9366629601107e-18
1.766972641	5.798068101432462e-18
1.76812788	5.679898167195022e-18
1.769283119	5.535283591544495e-18
1.770438358	5.345552299096761e-18
1.771593597	5.088568808520177e-18
1.772748837	4.7822687892382825e-18
1.773904076	4.501369661168626e-18
1.775059315	4.2897847922114095e-18
1.776214554	4.171823716244208e-18
1.777369793	4.144355845504114e-18
1.778525032	4.144015063014527e-18
1.779680272	4.154808837371032e-18
1.780835511	4.146635900595644e-18
1.78199075	4.0740559914223984e-18
1.783145989	3.9812206053058905e-18
1.784301228	3.888619885266684e-18
1.785456467	3.858095711238261e-18
1.786611707	3.8951832635169136e-18
1.787766946	3.9511800536878964e-18
1.788922185	4.065251373495549e-18
1.790077424	4.23321589882934e-18
1.791232663	4.4162936552155624e-18
1.792387902	4.619628010306032e-18
1.793543141	4.861201379652009e-18
1.794698381	5.14623535066108e-18
1.79585362	5.436495113931351e-18
1.797008859	5.719928589434823e-18
1.798164098	5.9888927220837015e-18
1.799319337	6.2097050754640266e-18
1.800474576	6.443493124980372e-18
1.801629816	6.782356484468161e-18
1.802785055	7.164965352559505e-18
1.803940294	7.565582814702394e-18
1.805095533	8.094269862204896e-18
1.806250772	8.75536909862233e-18
1.807406011	9.478061745099345e-18
1.808561251	1.0278598697981636e-17
1.80971649	1.1202361692071859e-17
1.810871729	1.2299182286827407e-17
1.812026968	1.3640128801581214e-17
1.813182207	1.5236209301944797e-17
1.814337446	1.7019255399362034e-17
1.815492685	1.8970787912675835e-17
1.816647925	2.112166147222966e-17
1.817803164	2.3625432375916328e-17
1.818958403	2.504966616341688e-17
1.820113642	2.4982529881347304e-17
1.821268881	2.5529613366072904e-17
1.82242412	2.655981538852712e-17
1.82357936	2.7040458885681825e-17
1.824734599	2.7660017422337028e-17
1.825889838	2.901273020628742e-17
1.827045077	3.089236769092462e-17
1.828200316	3.289297098321901e-17
1.829355555	3.438238656678e-17
1.830510795	3.5038797570943937e-17
1.831666034	3.535882115232647e-17
1.832821273	0.
1.833976512	0.
1.835131751	0.
1.83628699	0.
1.837442229	0.
1.838597469	0.
1.839752708	0.
1.840907947	0.
1.842063186	0.
1.843218425	0.
1.844373664	0.
1.845528904	0.
1.846684143	0.
1.847839382	0.
1.848994621	0.
1.85014986	0.
1.851305099	0.
1.852460339	0.
1.853615578	0.
1.854770817	0.
1.855926056	0.
1.857081295	0.
1.858236534	0.
1.859391774	0.
1.860547013	0.
1.861702252	0.
1.862857491	0.
1.86401273	0.
1.865167969	0.
1.866323208	0.
1.867478448	0.
1.868633687	0.
1.869788926	0.
1.870944165	0.
1.872099404	4.974812309237994e-17
1.873254643	4.7842891207740686e-17
1.874409883	4.129255751133049e-17
1.875565122	2.7925247623483014e-17
1.876720361	1.0769104503289656e-17
1.8778756	5.1713044786523975e-18
1.879030839	6.345891444512246e-18
1.880186078	9.204991093626838e-18
1.881341318	1.3090002161638477e-17
1.882496557	1.572448420573425e-17
1.883651796	1.6605451678374083e-17
1.884807035	1.7517120811658936e-17
1.885962274	2.1632088406003643e-17
1.887117513	4.080464476192868e-17
1.888272752	-2.6974327859751416e-18
1.889427992	2.4211801197054108e-17
1.890583231	3.9690594248710883e-17
1.89173847	5.378714992110172e-17
1.892893709	3.0473676836081e-17
1.894048948	2.1114306966767398e-17
1.895204187	1.2950181627197559e-17
1.896359427	8.095123075753364e-18
1.897514666	5.844378448362767e-18
1.898669905	5.632217947863606e-18
1.899825144	9.030598837605448e-18
1.900980383	1.2292135203442138e-17
1.902135622	1.351648320192452e-17
1.903290862	1.3910819529022067e-17
1.904446101	1.450786879147798e-17
1.90560134	1.5691181979950426e-17
1.906756579	1.71910419846164e-17
1.907911818	1.722204349647217e-17
1.909067057	1.3251328986577554e-17
1.910222296	7.676713166903519e-18
1.911377536	4.2264490065877305e-18
1.912532775	7.136535830738557e-18
1.913688014	2.2079893474253353e-17
1.914843253	5.050663904093085e-17
1.915998492	5.717342214716104e-17
1.917153731	3.841019354410272e-17
1.918308971	2.149276904226152e-17
1.91946421	1.2583530832139944e-17
1.920619449	9.009952084776551e-18
1.921774688	7.789492830912073e-18
1.922929927	7.848323914645473e-18
1.924085166	8.633139648106345e-18
1.925240406	9.73015306904792e-18
1.926395645	1.1312453066697942e-17
1.927550884	1.3854519563818302e-17
1.928706123	1.6112699071898423e-17
1.929861362	1.571924006409778e-17
1.931016601	1.403640184960744e-17
1.932171841	1.1790811039487713e-17
1.93332708	9.193789578073387e-18
1.934482319	6.6237246909015126e-18
1.935637558	4.3225161962607006e-18
1.936792797	2.878709024483842e-18
1.937948036	3.999501689796385e-18
1.939103275	6.3258703589412325e-18
1.940258515	7.971912668786825e-18
1.941413754	8.289858349945905e-18
1.942568993	7.857538292837022e-18
1.943724232	6.768218775947435e-18
1.944879471	3.4202401371134953e-18
1.94603471	-1.6686909766894701e-18
1.94718995	2.244426534663256e-19
1.948345189	3.0351869755383297e-18
1.949500428	4.43590433822167e-18
1.950655667	5.144679498722409e-18
1.951810906	5.527447893825986e-18
1.952966145	5.437467582900965e-18
1.954121385	5.17686043278355e-18
1.955276624	5.6530650002256425e-18
1.956431863	6.832537050928267e-18
1.957587102	7.597328283065882e-18
1.958742341	7.366917240273507e-18
1.95989758	6.728542739036209e-18
1.961052819	6.067949923095209e-18
1.962208059	5.463809401834344e-18
1.963363298	4.8770671427069415e-18
1.964518537	4.194217270832929e-18
1.965673776	3.634886830144502e-18
1.966829015	3.646058268627851e-18
1.967984254	4.024741146621024e-18
1.969139494	4.321515046251569e-18
1.970294733	4.406208374819054e-18
1.971449972	4.4629165930994805e-18
1.972605211	4.569939091103525e-18
1.97376045	4.650689760328729e-18
1.974915689	4.7023299623028896e-18
1.976070929	4.7355997845195234e-18
1.977226168	4.772624709346323e-18
1.978381407	4.748715898222464e-18
1.979536646	4.5400882312791514e-18
1.980691885	4.3014994471228785e-18
1.981847124	4.181609764123553e-18
1.983002363	4.159103508963656e-18
1.984157603	4.2187886885569044e-18
1.985312842	4.38337935095921e-18
1.986468081	4.487267543128854e-18
1.98762332	4.2440379517931105e-18
1.988778559	3.8597432495687354e-18
1.989933798	3.548692064132371e-18
1.991089038	3.3866149588666417e-18
1.992244277	3.3634686996653434e-18
1.993399516	3.5079751091126265e-18
1.994554755	3.617400088716648e-18
1.995709994	3.3409517107195894e-18
1.996865233	2.3298235603036493e-18
1.998020473	5.023475857425381e-19
1.999175712	-1.4019709851114857e-18
2.000330951	-1.7521514066916428e-18
2.00148619	1.5243894355970685e-19
2.002641429	3.059858686663669e-18
2.003796668	5.21440135016876e-18
2.004951907	5.786621415492729e-18
2.006107147	5.344044951340139e-18
2.007262386	4.6049366822934e-18
2.008417625	4.085365570579501e-18
2.009572864	3.714392549838517e-18
2.010728103	3.3299200411509123e-18
2.011883342	2.9223949782701967e-18
2.013038582	2.7504058849772578e-18
2.014193821	3.088552926042177e-18
2.01534906	3.563283969189344e-18
2.016504299	3.877763166204922e-18
2.017659538	3.8940384530092714e-18
2.018814777	3.541656926871041e-18
2.019970017	2.6502008157316805e-18
2.021125256	1.6461724503549064e-18
2.022280495	1.4714544939337146e-18
2.023435734	2.079311142775487e-18
2.024590973	2.665136577140269e-18
2.025746212	3.063140032590412e-18
2.026901452	3.2999923622447538e-18
2.028056691	3.383661730681073e-18
2.02921193	3.3686203370213342e-18
2.030367169	3.3080070754062522e-18
2.031522408	3.1887750764491977e-18
2.032677647	3.028774585947155e-18
2.033832886	2.8146490600789054e-18
2.034988126	2.4704773305500813e-18
2.036143365	2.208789991862869e-18
2.037298604	2.3429539871760498e-18
2.038453843	2.7109849368277942e-18
2.039609082	3.0191928737598254e-18
2.040764321	3.210371367570357e-18
2.041919561	3.239499236845658e-18
2.0430748	2.8810137489250793e-18
2.044230039	2.319307042640248e-18
2.045385278	1.9270597903432225e-18
2.046540517	1.955526900132031e-18
2.047695756	2.167247338136539e-18
2.048850996	2.3182365962894518e-18
2.050006235	2.3518371672093758e-18
2.051161474	2.273637063747364e-18
2.052316713	2.082190431080604e-18
2.053471952	1.9698109450305864e-18
2.054627191	2.27378176519019e-18
2.05578243	2.7886510840661677e-18
2.05693767	3.1260916359236088e-18
2.058092909	3.137803647567889e-18
2.059248148	3.0145295227153143e-18
2.060403387	2.8429630805756343e-18
2.061558626	2.614744662826027e-18
2.062713865	2.4469789348934606e-18
2.063869105	2.4483782655336833e-18
2.065024344	2.42514107768594e-18
2.066179583	2.2583030982469895e-18
2.067334822	2.083185933398072e-18
2.068490061	2.002082065265477e-18
2.0696453	2.065543698681209e-18
2.07080054	2.1863230262293274e-18
2.071955779	2.2798880069145124e-18
2.073111018	2.3285871864185107e-18
2.074266257	2.319134636967816e-18
2.075421496	2.2393847387145585e-18
2.076576735	2.1052488877775345e-18
2.077731974	1.924659450890595e-18
2.078887214	1.751658896605712e-18
2.080042453	1.6420849519826598e-18
2.081197692	1.6030567987288112e-18
2.082352931	1.5663699649607578e-18
2.08350817	1.4967029349494477e-18
2.084663409	1.3190751781315617e-18
2.085818649	9.903226454074595e-19
2.086973888	5.247996696819437e-19
2.088129127	1.7699340907608138e-19
2.089284366	2.647806630646669e-19
2.090439605	7.52971356943093e-19
2.091594844	1.2711430645350841e-18
2.092750084	1.61009500511506e-18
2.093905323	1.7185714457849762e-18
2.095060562	1.5952373858742479e-18
2.096215801	1.272206036123392e-18
2.09737104	9.10531690494395e-19
2.098526279	7.115651967235619e-19
2.099681518	7.022877505430677e-19
2.100836758	8.507320594245081e-19
2.101991997	1.0875750212285056e-18
2.103147236	1.288018016346796e-18
2.104302475	1.345831607032465e-18
2.105457714	1.2254058266722141e-18
2.106612953	8.999406396655335e-19
2.107768193	3.7854172903305564e-19
2.108923432	-1.5236556533454579e-19
2.110078671	-4.453020609834992e-19
2.11123391	-4.0908823748969416e-19
2.112389149	-7.809901657463878e-20
2.113544388	4.352952244575317e-19
2.114699628	9.325352847886729e-19
2.115854867	1.254992449688083e-18
2.117010106	1.3861321237362785e-18
2.118165345	1.37128288185155e-18
2.119320584	1.2908908551247264e-18
2.120475823	1.1964840580075012e-18
2.121631063	1.1351366734569273e-18
2.122786302	1.1421997005996569e-18
2.123941541	1.223626206357866e-18
2.12509678	1.3489939225116589e-18
2.126252019	1.4366804809485815e-18
2.127407258	1.4128838320433095e-18
2.128562497	1.2946184641692918e-18
2.129717737	1.1621488315489951e-18
2.130872976	1.0709806506628054e-18
2.132028215	1.0428642920312345e-18
2.133183454	1.1149431410077271e-18
2.134338693	1.2682664651786918e-18
2.135493932	1.445974285556973e-18
2.136649172	1.5728425451658243e-18
2.137804411	1.6168670466070206e-18
2.13895965	1.6174579984742966e-18
2.140114889	1.59927775354836e-18
2.141270128	1.55838947325589e-18
2.142425367	1.514349961694187e-18
2.143580607	1.4564281128740567e-18
2.144735846	1.3567491926665964e-18
2.145891085	1.2281605038894172e-18
2.147046324	1.1357377751973772e-18
2.148201563	1.1469836691330293e-18
2.149356802	1.261414282712084e-18
2.150512041	1.454245466580359e-18
2.151667281	1.6614604119484187e-18
2.15282252	1.7804729737925053e-18
2.153977759	1.7224276218501335e-18
2.155132998	1.5503405660108864e-18
2.156288237	1.351772171244735e-18
2.157443476	1.1927838287113593e-18
2.158598716	1.0733140896344392e-18
2.159753955	9.980432839332733e-19
2.160909194	9.693996088613993e-19
2.162064433	9.918086183724404e-19
2.163219672	1.0544344998508967e-18
2.164374911	1.1238938556218119e-18
2.165530151	1.1957572755590499e-18
2.16668539	1.2238581807926044e-18
2.167840629	1.1475118951841557e-18
2.168995868	1.1096481460882151e-18
2.170151107	1.0985423428560866e-18
2.171306346	1.0607237261015167e-18
2.172461585	9.644735359618797e-19
2.173616825	7.700553785264502e-19
2.174772064	4.69828024730425e-19
2.175927303	2.376294090391106e-19
2.177082542	2.9453693803461304e-19
2.178237781	6.059611750232593e-19
2.17939302	9.943163693099835e-19
2.18054826	1.339019456932779e-18
2.181703499	1.5696235646613245e-18
2.182858738	1.5121743328329059e-18
2.184013977	1.2313225638780485e-18
2.185169216	9.97034138469819e-19
2.186324455	1.0370854514523701e-18
2.187479695	1.1242168688735772e-18
2.188634934	9.07072614430534e-19
2.189790173	4.1262015823172924e-19
2.190945412	2.7373334634941356e-20
2.192100651	-1.1475955236385815e-20
2.19325589	1.0698805797786844e-19
2.19441113	1.8918228480024696e-19
2.195566369	2.4386166455253897e-19
2.196721608	4.434182000034572e-19
2.197876847	9.053877600374446e-19
2.199032086	1.3631091486630017e-18
2.200187325	1.5466476086527888e-18
2.201342564	1.4398298607105744e-18
2.202497804	1.2780251740453881e-18
2.203653043	1.2657645749019838e-18
2.204808282	1.295706897529964e-18
2.205963521	1.22189015637682e-18
2.20711876	9.806123000627963e-19
2.208273999	8.053813464344962e-19
2.209429239	9.246544131937106e-19
2.210584478	1.1645798113706284e-18
2.211739717	1.3289397958069452e-18
2.212894956	1.3322405640090985e-18
2.214050195	1.2460133218499145e-18
2.215205434	1.125797447329244e-18
2.216360674	9.85604802226458e-19
2.217515913	8.360964459644545e-19
2.218671152	7.049169892120901e-19
2.219826391	6.309326158987582e-19
2.22098163	6.5447616932587e-19
2.222136869	7.32372385880152e-19
2.223292108	7.944970884825329e-19
2.224447348	8.081839543020619e-19
2.225602587	8.389707257312236e-19
2.226757826	9.771548743458465e-19
2.227913065	9.724411673711472e-19
2.229068304	5.6554974130112995e-19
2.230223543	-3.109778788908892e-19
2.231378783	-1.067615554758432e-18
2.232534022	-1.0169091400406165e-18
2.233689261	-3.2320862409626163e-19
2.2348445	4.927024631657499e-19
2.235999739	1.0638015647202009e-18
2.237154978	1.460035259726062e-18
2.238310218	1.735017044706464e-18
2.239465457	1.6920671279890403e-18
2.240620696	1.1125132260248738e-18
2.241775935	-1.1208538989944378e-19
2.242931174	-1.3312036134082202e-18
2.244086413	-1.6262499533897312e-18
2.245241652	-1.0341845660888946e-18
2.246396892	-2.5556004084535717e-19
2.247552131	1.9906871070890284e-19
2.24870737	4.579625434567489e-19
2.249862609	6.05981503612791e-19
2.251017848	6.693325896247261e-19
2.252173087	6.3184950094491235e-19
2.253328327	4.952998312003102e-19
2.254483566	3.406926211553061e-19
2.255638805	2.945614764068309e-19
2.256794044	3.581568632168789e-19
2.257949283	4.0202127006331326e-19
2.259104522	3.225411287750799e-19
2.260259762	2.3353444102845026e-19
2.261415001	2.790369926435176e-19
2.26257024	4.7551276534606135e-19
2.263725479	6.814543622062359e-19
2.264880718	8.191426550533488e-19
2.266035957	8.231817987715975e-19
2.267191196	5.497514893834855e-19
2.268346436	-2.3172540163679194e-19
2.269501675	-1.4923654228062431e-18
2.270656914	-1.4758651601799643e-18
2.271812153	-5.043771213138118e-19
2.272967392	1.2418025438592286e-19
2.274122631	3.429682145187148e-19
2.275277871	4.153560243230659e-19
2.27643311	4.3323907909642182e-19
2.277588349	4.2165910340689934e-19
2.278743588	3.9460417360155095e-19
2.279898827	3.623662685038269e-19
2.281054066	3.2422860178301054e-19
2.282209306	2.732425354275326e-19
2.283364545	2.013734662394847e-19
2.284519784	1.199767885073365e-19
2.285675023	4.933420259652607e-20
2.286830262	3.098318445159411e-20
2.287985501	1.24027480901178e-19
2.289140741	1.9964324838519523e-19
2.29029598	6.08552570276279e-20
2.291451219	-4.808856512194897e-19
2.292606458	-1.1886288201815264e-18
2.293761697	-1.3747754839907815e-18
2.294916936	-9.622913000955667e-19
2.296072175	-4.547809559968097e-19
2.297227415	-1.2435839837337543e-19
2.298382654	9.554759104901957e-20
2.299537893	2.1785341566556136e-19
2.300693132	2.770848766264212e-19
2.301848371	3.193913503926412e-19
2.30300361	3.7671004047921287e-19
2.30415885	4.1210085316563507e-19
2.305314089	4.018078154387417e-19
2.306469328	3.064002730615845e-19
2.307624567	7.569300721127182e-20
2.308779806	-3.1548015576620923e-19
2.309935045	-6.353993130275679e-19
2.311090285	-6.14908438827071e-19
2.312245524	-3.3790666264727307e-19
2.313400763	-7.296765812521095e-20
2.314556002	2.3538391090267923e-20
2.315711241	-1.1301675623557672e-20
2.31686648	-1.6178245077570758e-19
2.318021719	-4.0878479105818546e-19
2.319176959	-7.449539637573317e-19
2.320332198	-1.1833112123939945e-18
2.321487437	-1.5343394086436617e-18
2.322642676	-1.3877627326731478e-18
2.323797915	-8.00765413069313e-19
2.324953154	-2.4427982825919145e-19
2.326108394	1.1716014406802663e-19
2.327263633	3.2799085552898325e-19
2.328418872	4.412228035795e-19
2.329574111	4.546264882006402e-19
2.33072935	2.6892279410897935e-19
2.331884589	-2.2103647533576004e-19
2.333039829	-7.595173162190342e-19
2.334195068	-1.0297812650327695e-18
2.335350307	-9.186340740411222e-19
2.336505546	-5.804751595969398e-19
2.337660785	-1.5474376919999811e-19
2.338816024	2.592910605111836e-19
2.339971263	5.489300645820726e-19
2.341126503	6.61543080862077e-19
2.342281742	6.705780205056981e-19
2.343436981	6.477102763258842e-19
2.34459222	5.7918348352363315e-19
2.345747459	4.126014182486693e-19
2.346902698	7.387686213428878e-20
2.348057938	-3.792842832757727e-19
2.349213177	-6.338629414368368e-19
2.350368416	-4.300250347468642e-19
2.351523655	8.384216198381176e-20
2.352678894	5.726251546509799e-19
2.353834133	8.253827090797963e-19
2.354989373	8.371116516365511e-19
2.356144612	6.901066455510541e-19
2.357299851	4.595739027195803e-19
2.35845509	2.0467429369311636e-19
2.359610329	-1.6688860110143727e-20
2.360765568	-7.603036249143027e-20
2.361920808	-1.5861831982118847e-21
2.363076047	1.0007159836054561e-19
2.364231286	1.722041078075975e-19
2.365386525	2.2393560877442508e-19
2.366541764	2.518762328125105e-19
2.367697003	2.505032101593846e-19
2.368852242	2.1456032856574058e-19
2.370007482	1.5337951970258646e-19
2.371162721	7.77328793323819e-20
2.37231796	-6.93367802686674e-21
2.373473199	-1.0604974079554959e-19
2.374628438	-2.2932551051313747e-19
2.375783677	-3.804809100928773e-19
2.376938917	-5.46872087523946e-19
2.378094156	-6.660274818134539e-19
2.379249395	-6.869225043301623e-19
2.380404634	-6.511234631480009e-19
2.381559873	-5.983025432017653e-19
2.382715112	-5.08226682821852e-19
2.383870352	-3.6658575919271367e-19
2.385025591	-1.6669026774590356e-19
2.38618083	4.276261080386017e-20
2.387336069	2.0860134562148726e-19
2.388491308	2.4784000378056848e-19
2.389646547	8.793131592084567e-20
2.390801786	-4.472585509246164e-19
2.391957026	-1.792117293063249e-18
2.393112265	-5.270544893830513e-18
2.394267504	-9.788285154298352e-18
2.395422743	-5.1152272221944956e-18
2.396577982	-1.5072865641108543e-18
2.397733221	-3.210120997573291e-19
2.398888461	4.497641684340615e-20
2.4000437	1.6402215959957938e-19
2.401198939	1.9732486517212942e-19
2.402354178	2.110250187183122e-19
2.403509417	1.9715862148327893e-19
2.404664656	1.7045835859593037e-19
2.405819896	1.1896705084888431e-19
2.406975135	1.759234604278965e-20
2.408130374	-1.4716783334895031e-19
2.409285613	-3.342510333349376e-19
2.410440852	-5.200980361784691e-19
2.411596091	-6.004507965952374e-19
2.41275133	-3.562970528032129e-19
2.41390657	2.425763310401508e-19
2.415061809	7.06940933931819e-19
2.416217048	7.513798749378877e-19
2.417372287	4.368803261054537e-19
2.418527526	-2.2831406860247332e-20
2.419682765	-4.3128612880083247e-19
2.420838005	-7.282463766811533e-19
2.421993244	-9.057537521115194e-19
2.423148483	-9.524745669070451e-19
2.424303722	-7.86655316482424e-19
2.425458961	-4.2618873695132523e-19
2.4266142	-1.5257307768857906e-19
2.42776944	-8.990715695336488e-20
2.428924679	-2.194677788847717e-19
2.430079918	-5.473630181678041e-19
2.431235157	-1.300990709283582e-18
2.432390396	-2.5979647569275718e-18
2.433545635	-3.36204598488441e-18
2.434700874	-1.890534398927136e-18
2.435856114	-1.0235668718933478e-19
2.437011353	5.941615309207762e-19
2.438166592	6.956389954537236e-19
2.439321831	5.824350762481283e-19
2.44047707	3.846647877719574e-19
2.441632309	-1.2572449818320465e-19
2.442787549	2.0347670117070826e-17
2.443942788	2.137642028539838e-18
2.445098027	1.776018094101867e-18
2.446253266	1.9274216508171586e-18
2.447408505	3.2255350552232545e-18
2.448563744	1.8204523740678632e-17
2.449718984	-3.276763883090351e-17
2.450874223	-7.966853285254615e-18
2.452029462	-8.6671167447404885e-19
2.453184701	1.4182974534851446e-18
2.45433994	4.786193094941978e-18
2.455495179	-1.6176570286760276e-17
2.456650419	1.3870009888911503e-17
2.457805658	6.989459925578666e-19
2.458960897	-3.6802002775597465e-19
2.460116136	-1.7845705668485418e-18
2.461271375	-3.7384577451066866e-18
2.462426614	-5.178179379473508e-18
2.463581853	-4.289936981582805e-18
2.464737093	-2.4572114195776276e-18
2.465892332	-8.230016004632861e-19
2.467047571	2.686351715869077e-19
2.46820281	8.123265756836696e-19
2.469358049	9.088575025579327e-19
2.470513288	8.457890826413847e-19
2.471668528	9.592783352718152e-19
2.472823767	-1.7569957796484635e-17
2.473979006	-1.5817903608588412e-19
2.475134245	7.63035430654214e-20
2.476289484	9.69190361806966e-19
2.477444723	2.2606512453403763e-18
2.478599963	2.8125276437589618e-18
2.479755202	3.1827777806062036e-18
2.480910441	3.820020053116451e-18
2.48206568	1.1302633439469338e-17
2.483220919	1.5871243469458063e-18
2.484376158	2.1911900333415222e-18
2.485531397	2.2485689118055875e-18
2.486686637	2.1107247665376212e-18
2.487841876	1.926714671860641e-18
2.488997115	1.8949020720270883e-18
2.490152354	2.0165171172686065e-18
2.491307593	2.2142621255899078e-18
2.492462832	2.5075935591421544e-18
2.493618072	2.901850347664147e-18
2.494773311	3.317764201331608e-18
2.49592855	3.703344309650577e-18
2.497083789	4.115511964732709e-18