0.45	1.0834091135984712e-15
0.451155239	1.0331621335254922e-15
0.452310479	1.0166082693277863e-15
0.453465718	1.0114070756016397e-15
0.454620957	1.0023100536157825e-15
0.455776196	9.906632253213196e-16
0.456931436	1.0144097940410659e-15
0.458086675	9.752244675927005e-16
0.459241914	1.0146973418102103e-15
0.460397153	1.0627972947499586e-15
0.461552393	1.0580628570362239e-15
0.462707632	9.826841622463012e-16
0.463862871	1.0173130595247784e-15
0.46501811	1.0320074961088693e-15
0.46617335	1.046373303378352e-15
0.467328589	1.044998618165437e-15
0.468483828	1.05238312759452e-15
0.469639068	1.0469001591425016e-15
0.470794307	1.0725425887389865e-15
0.471949546	1.0083414661924686e-15
0.473104785	1.030908445599063e-15
0.474260025	1.0649467775209106e-15
0.475415264	1.0552855633549415e-15
0.476570503	1.0701018425876705e-15
0.477725742	1.039294469872423e-15
0.478880982	1.090196858558318e-15
0.480036221	1.0629907296275454e-15
0.48119146	1.0886181408654613e-15
0.4823467	1.187065854320008e-15
0.483501939	1.2700377006644331e-15
0.484657178	1.1559124675374356e-15
0.485812417	7.6760487850321e-16
0.486967657	7.763623143925594e-16
0.488122896	8.839936813629168e-16
0.489278135	9.981819701066824e-16
0.490433374	9.945126379643768e-16
0.491588614	1.0063947111138364e-15
0.492743853	9.610173019882037e-16
0.493899092	9.910810775225002e-16
0.495054331	1.0026531339383493e-15
0.496209571	1.0188396851429342e-15
0.49736481	9.6049488484714e-16
0.498520049	9.691361039953075e-16
0.499675289	8.792171362822106e-16
0.500830528	8.866251924802471e-16
0.501985767	8.892894183980152e-16
0.503141006	9.084541920590366e-16
0.504296246	9.35323894302398e-16
0.505451485	9.130283459245334e-16
0.506606724	9.416300543236043e-16
0.507761963	9.645098932645813e-16
0.508917203	9.331062657919548e-16
0.510072442	9.143257694342585e-16
0.511227681	9.009341224626171e-16
0.512382921	9.028134099022812e-16
0.51353816	8.890494349051436e-16
0.514693399	8.74528570161439e-16
0.515848638	8.681861669610267e-16
0.517003878	8.796247264972773e-16
0.518159117	8.686687198881053e-16
0.519314356	8.3317143751429665e-16
0.520469595	8.4855316509399295e-16
0.521624835	8.430523058324952e-16
0.522780074	8.724218723957729e-16
0.523935313	8.463456717328394e-16
0.525090552	8.249583322229251e-16
0.526245792	8.527256408735622e-16
0.527401031	8.006223229982122e-16
0.52855627	8.221086201416876e-16
0.52971151	8.600537119247733e-16
0.530866749	8.313910443895238e-16
0.532021988	8.297380892509486e-16
0.533177227	8.32409250627111e-16
0.534332467	8.381859431057031e-16
0.535487706	8.343293725026729e-16
0.536642945	8.690541634594191e-16
0.537798184	8.651693535591696e-16
0.538953424	8.470191338585195e-16
0.540108663	8.572819743229142e-16
0.541263902	8.206145580062138e-16
0.542419142	8.205842410746054e-16
0.543574381	8.338221427146454e-16
0.54472962	8.425254353092292e-16
0.545884859	8.330872347998428e-16
0.547040099	8.352330225498888e-16
0.548195338	8.271992068201495e-16
0.549350577	8.097866443664411e-16
0.550505816	8.164520535236652e-16
0.551661056	8.22622808376917e-16
0.552816295	8.180888828014967e-16
0.553971534	8.121092283468606e-16
0.555126773	8.155517766573185e-16
0.556282013	8.274572760595127e-16
0.557437252	8.085896832316236e-16
0.558592491	8.136589678263227e-16
0.559747731	8.021194011604493e-16
0.56090297	8.048285250848857e-16
0.562058209	8.096301584142405e-16
0.563213448	7.932201412548875e-16
0.564368688	7.868443126794805e-16
0.565523927	7.929843221965184e-16
0.566679166	7.686357909128787e-16
0.567834405	7.590071834133678e-16
0.568989645	7.859635190316271e-16
0.570144884	7.732085761879206e-16
0.571300123	7.751859311949331e-16
0.572455362	7.594026868701546e-16
0.573610602	7.697232008653593e-16
0.574765841	7.619367654928406e-16
0.57592108	7.742896058453123e-16
0.57707632	7.564656638855732e-16
0.578231559	7.409206612085248e-16
0.579386798	7.374866378586143e-16
0.580542037	7.410414977463901e-16
0.581697277	7.556241455023406e-16
0.582852516	7.469704471202336e-16
0.584007755	7.494028312516503e-16
0.585162994	7.579662940610603e-16
0.586318234	7.705368286754461e-16
0.587473473	7.405490579029265e-16
0.588628712	7.127698705151896e-16
0.589783952	7.453423919588708e-16
0.590939191	7.069903445263552e-16
0.59209443	7.193381929444014e-16
0.593249669	7.212855021352229e-16
0.594404909	7.269365941062779e-16
0.595560148	7.274658825288431e-16
0.596715387	7.100449212776665e-16
0.597870626	7.119044856170678e-16
0.599025866	7.04821166896076e-16
0.600181105	6.951369277740844e-16
0.601336344	6.942788836697734e-16
0.602491583	7.053001434017083e-16
0.603646823	6.750378321873031e-16
0.604802062	6.8648100310371395e-16
0.605957301	6.996032035179447e-16
0.607112541	7.017445711108648e-16
0.60826778	6.898342497313943e-16
0.609423019	6.710211546537132e-16
0.610578258	6.727815395958301e-16
0.611733498	6.507445816578852e-16
0.612888737	6.521135977507939e-16
0.614043976	6.434482730931923e-16
0.615199215	6.314532753250723e-16
0.616354455	6.506578211032857e-16
0.617509694	6.271454150855917e-16
0.618664933	6.304219909097016e-16
0.619820173	6.45715735314819e-16
0.620975412	6.421062832121321e-16
0.622130651	6.376363809804446e-16
0.62328589	6.269941456914839e-16
0.62444113	6.165688107930864e-16
0.625596369	6.303525765696843e-16
0.626751608	6.176732239215079e-16
0.627906847	6.081579344331511e-16
0.629062087	6.148163631893105e-16
0.630217326	6.148930293433061e-16
0.631372565	6.09479521041973e-16
0.632527804	6.184749749300791e-16
0.633683044	6.207181889870473e-16
0.634838283	6.045979802264972e-16
0.635993522	6.153681072773538e-16
0.637148762	5.996236510266412e-16
0.638304001	6.058678076419867e-16
0.63945924	6.140102761885306e-16
0.640614479	6.080158303661048e-16
0.641769719	6.019043340220507e-16
0.642924958	6.045428798839469e-16
0.644080197	5.971735669205205e-16
0.645235436	5.859762881410617e-16
0.646390676	5.963928694358628e-16
0.647545915	6.012157587506008e-16
0.648701154	5.953912541627043e-16
0.649856394	5.890717322272995e-16
0.651011633	5.858682542812887e-16
0.652166872	5.916706472735087e-16
0.653322111	6.016110867984142e-16
0.654477351	6.118925494423486e-16
0.65563259	5.660075663524792e-16
0.656787829	5.53064927371311e-16
0.657943068	5.755711736128129e-16
0.659098308	5.903067941294171e-16
0.660253547	5.825130218281655e-16
0.661408786	5.691430519207473e-16
0.662564025	5.76644918665155e-16
0.663719265	5.779276764638488e-16
0.664874504	5.675714683261928e-16
0.666029743	5.624887285139508e-16
0.667184983	5.626767225040306e-16
0.668340222	5.591475738098723e-16
0.669495461	5.596958641701456e-16
0.6706507	5.57854424687529e-16
0.67180594	5.563796188135756e-16
0.672961179	5.533449046687775e-16
0.674116418	5.48514760263726e-16
0.675271657	5.495157561836159e-16
0.676426897	5.582307919337817e-16
0.677582136	5.528940606662929e-16
0.678737375	5.4901533949792045e-16
0.679892614	5.475120137392372e-16
0.681047854	5.430344745335152e-16
0.682203093	5.37720879821483e-16
0.683358332	5.352542028996592e-16
0.684513572	5.375505027847832e-16
0.685668811	5.496559065915261e-16
0.68682405	5.622995070540474e-16
0.687979289	5.421025989313837e-16
0.689134529	5.124285041573328e-16
0.690289768	5.058044236878382e-16
0.691445007	5.0720521286433e-16
0.692600246	5.080593361923366e-16
0.693755486	5.101889341023114e-16
0.694910725	5.120668474972464e-16
0.696065964	5.101015035808335e-16
0.697221204	5.114351269840699e-16
0.698376443	5.120938540996758e-16
0.699531682	5.042629788627664e-16
0.700686921	4.981780302083884e-16
0.701842161	4.994554473624739e-16
0.7029974	4.963183065529576e-16
0.704152639	4.944140702833277e-16
0.705307878	4.91318922592093e-16
0.706463118	4.909498406782733e-16
0.707618357	4.929377244677629e-16
0.708773596	4.970550463098964e-16
0.709928835	4.889070037671459e-16
0.711084075	4.806882311645918e-16
0.712239314	4.829813992826888e-16
0.713394553	4.871838715632968e-16
0.714549793	4.864811295419104e-16
0.715705032	4.948876501818173e-16
0.716860271	4.863811040741192e-16
0.71801551	4.731142967709579e-16
0.71917075	4.564437348715177e-16
0.720325989	4.4089430463790965e-16
0.721481228	4.51073554887324e-16
0.722636467	4.5393256333418e-16
0.723791707	4.503455864737103e-16
0.724946946	4.418917686917357e-16
0.726102185	4.333482248189876e-16
0.727257425	4.293788536868463e-16
0.728412664	4.2981878785611437e-16
0.729567903	4.294902371947484e-16
0.730723142	4.212667091350619e-16
0.731878382	4.2652208700277323e-16
0.733033621	4.3089397405121274e-16
0.73418886	4.3133740649726302e-16
0.735344099	4.3454102992012213e-16
0.736499339	4.351287353023911e-16
0.737654578	4.335860584762379e-16
0.738809817	4.3592829810435943e-16
0.739965056	4.4057041450083515e-16
0.741120296	4.339713676798533e-16
0.742275535	4.236361428984095e-16
0.743430774	4.1624735773825186e-16
0.744586014	4.172885809378684e-16
0.745741253	4.2211030159603543e-16
0.746896492	4.136230203449293e-16
0.748051731	4.1659319634741806e-16
0.749206971	4.1708206183267065e-16
0.75036221	4.137765964468565e-16
0.751517449	4.105838204060556e-16
0.752672688	4.0901136266360567e-16
0.753827928	4.063404119634375e-16
0.754983167	4.0195452713939864e-16
0.756138406	3.976994572600939e-16
0.757293646	4.035680011287651e-16
0.758448885	4.3646942380019667e-16
0.759604124	4.963355791189639e-16
0.760759363	4.775916669405951e-16
0.761914603	3.525563811776385e-16
0.763069842	3.3733022507842545e-16
0.764225081	3.457044005461802e-16
0.76538032	3.346236819676633e-16
0.76653556	3.390978834055775e-16
0.767690799	3.555169447249738e-16
0.768846038	3.7364487493256536e-16
0.770001277	3.761336355780808e-16
0.771156517	3.700801632466651e-16
0.772311756	3.7142365528960357e-16
0.773466995	3.7889228478984845e-16
0.774622235	3.802532849783317e-16
0.775777474	3.717590441621107e-16
0.776932713	3.556560533755332e-16
0.778087952	3.650727378016415e-16
0.779243192	3.767105950009812e-16
0.780398431	3.673247920665058e-16
0.78155367	3.6034389453654007e-16
0.782708909	3.586670848054646e-16
0.783864149	3.547456917590028e-16
0.785019388	3.4689974575807085e-16
0.786174627	3.45327979738482e-16
0.787329866	3.458209542253299e-16
0.788485106	3.4556145568976624e-16
0.789640345	3.395861394852635e-16
0.790795584	3.403504958034443e-16
0.791950824	3.406806157015393e-16
0.793106063	3.4147822858435248e-16
0.794261302	3.39882339965514e-16
0.795416541	3.4280453510409773e-16
0.796571781	3.458918075773831e-16
0.79772702	3.425956821960693e-16
0.798882259	3.396321025092247e-16
0.800037498	3.405932885793294e-16
0.801192738	3.3903008223866586e-16
0.802347977	3.364868157322089e-16
0.803503216	3.306170960960265e-16
0.804658456	3.3069576762862224e-16
0.805813695	3.2735503984709944e-16
0.806968934	3.2049546298792256e-16
0.808124173	3.1821312683393863e-16
0.809279413	3.2045273819982204e-16
0.810434652	3.167581799549286e-16
0.811589891	3.14971028162959e-16
0.81274513	3.189005791185188e-16
0.81390037	3.2003057153943444e-16
0.815055609	3.1551590194931986e-16
0.816210848	3.0657406190628315e-16
0.817366087	2.9873130504641055e-16
0.818521327	2.9378538574400936e-16
0.819676566	2.9532372760670587e-16
0.820831805	2.9959805736970624e-16
0.821987045	3.004907737806751e-16
0.823142284	2.957442656930892e-16
0.824297523	2.942824547515388e-16
0.825452762	3.0157197897258847e-16
0.826608002	3.1050473417241776e-16
0.827763241	3.0507036915210003e-16
0.82891848	2.979257520289859e-16
0.830073719	2.931950660074466e-16
0.831228959	2.8990356151236694e-16
0.832384198	2.8721087543985487e-16
0.833539437	2.859666455793288e-16
0.834694677	2.8612609962682544e-16
0.835849916	2.8293405899833396e-16
0.837005155	2.767656807095446e-16
0.838160394	2.747571400550762e-16
0.839315634	2.728282859893045e-16
0.840470873	2.832926125681402e-16
0.841626112	2.8151820846393445e-16
0.842781351	2.9872577285932717e-16
0.843936591	2.833299456477933e-16
0.84509183	2.975227245491976e-16
0.846247069	2.903255188413566e-16
0.847402308	2.8632012321143314e-16
0.848557548	3.004000362101021e-16
0.849712787	2.9745153870439107e-16
0.850868026	2.48242931857999e-16
0.852023266	2.6612449332314347e-16
0.853178505	2.6910045034680533e-16
0.854333744	2.427066620396695e-16
0.855488983	2.2128419109169228e-16
0.856644223	2.720152068787331e-16
0.857799462	2.8912704683860153e-16
0.858954701	2.731455780446367e-16
0.86010994	2.4985126992526167e-16
0.86126518	2.7479389183078017e-16
0.862420419	2.872913659763816e-16
0.863575658	2.8917998598214953e-16
0.864730898	2.8092541113098667e-16
0.865886137	2.536742601545179e-16
0.867041376	2.0551213973244236e-16
0.868196615	2.2831831799788886e-16
0.869351855	2.7157905308637923e-16
0.870507094	2.853914844489327e-16
0.871662333	2.8334486575549766e-16
0.872817572	2.861221938577075e-16
0.873972812	2.699640674986155e-16
0.875128051	2.4203111173473087e-16
0.87628329	2.745367221926464e-16
0.877438529	2.9377256804742107e-16
0.878593769	2.871009503228519e-16
0.879749008	2.825373710317846e-16
0.880904247	2.8381188206066594e-16
0.882059487	2.8315737940681365e-16
0.883214726	2.7509876199839934e-16
0.884369965	2.6819488685340363e-16
0.885525204	2.480989352811178e-16
0.886680444	2.306419965251192e-16
0.887835683	2.5848164134187874e-16
0.888990922	2.736124140046053e-16
0.890146161	2.6931244449881087e-16
0.891301401	2.6346273909222856e-16
0.89245664	2.6295151783348157e-16
0.893611879	2.658197626292393e-16
0.894767119	2.632120582864227e-16
0.895922358	2.5784156191956737e-16
0.897077597	2.524862965075565e-16
0.898232836	2.5029812660654816e-16
0.899388076	2.363557860117615e-16
0.900543315	2.211778949353696e-16
0.901698554	2.0784569616700252e-16
0.902853793	2.349918560018196e-16
0.904009033	2.478525323561657e-16
0.905164272	2.509521127645312e-16
0.906319511	2.461227153439875e-16
0.90747475	2.4877589811957966e-16
0.90862999	2.418250592593464e-16
0.909785229	2.3088105292683955e-16
0.910940468	2.2600820538193857e-16
0.912095708	2.2424655168672456e-16
0.913250947	2.2551144364987307e-16
0.914406186	2.327547266616837e-16
0.915561425	2.2710232724795126e-16
0.916716665	2.2632779273147745e-16
0.917871904	2.1914741571356016e-16
0.919027143	2.157114167205215e-16
0.920182382	2.1214458744404668e-16
0.921337622	2.019236186064574e-16
0.922492861	1.8320953246575856e-16
0.9236481	1.865299682359162e-16
0.924803339	2.038749472397454e-16
0.925958579	2.0374774292244228e-16
0.927113818	2.00054174587784e-16
0.928269057	2.0173486990003144e-16
0.929424297	1.9937742064288128e-16
0.930579536	1.945563789376652e-16
0.931734775	1.8819537713263029e-16
0.932890014	1.822331414691171e-16
0.934045254	1.687307643398326e-16
0.935200493	1.6100359672660574e-16
0.936355732	1.5973553811035203e-16
0.937510971	1.6204290645817463e-16
0.938666211	1.6462290268394545e-16
0.93982145	1.6756621050539966e-16
0.940976689	1.6738690032381183e-16
0.942131929	1.681614486982816e-16
0.943287168	1.6051518848717442e-16
0.944442407	1.5577936404998303e-16
0.945597646	1.6480770232620966e-16
0.946752886	1.6974880269665518e-16
0.947908125	1.6975506807317474e-16
0.949063364	1.7281242331340424e-16
0.950218603	1.7504956923968029e-16
0.951373843	1.9298214031634882e-16
0.952529082	2.0434548343465067e-16
0.953684321	2.0423978486926031e-16
0.95483956	1.650601981051409e-16
0.9559948	1.55231996101328e-16
0.957150039	1.5871354169722844e-16
0.958305278	1.5974796550946213e-16
0.959460518	1.56215155320315e-16
0.960615757	1.5211019677384987e-16
0.961770996	1.5097143339810086e-16
0.962926235	1.5001105704943408e-16
0.964081475	1.5102981699870808e-16
0.965236714	1.5003069677852452e-16
0.966391953	1.425330191396191e-16
0.967547192	1.4366365401294944e-16
0.968702432	1.4573872434024095e-16
0.969857671	1.4612593502409996e-16
0.97101291	0.
0.97216815	0.
0.973323389	0.
0.974478628	0.
0.975633867	0.
0.976789107	0.
0.977944346	0.
0.979099585	0.
0.980254824	0.
0.981410064	0.
0.982565303	0.
0.983720542	0.
0.984875781	0.
0.986031021	0.
0.98718626	0.
0.988341499	0.
0.989496739	0.
0.990651978	0.
0.991807217	0.
0.992962456	0.
0.994117696	0.
0.995272935	0.
0.996428174	0.
0.997583413	2.7415898245855585e-16
0.998738653	2.7184231422258544e-16
0.999893892	2.687089717790913e-16
1.001049131	2.6178759151081423e-16
1.002204371	2.5342315075783166e-16
1.00335961	2.404959317016208e-16
1.004514849	2.263294595637919e-16
1.005670088	2.2478351177007143e-16
1.006825328	2.3107886529585657e-16
1.007980567	2.286806422201584e-16
1.009135806	2.2798934050069253e-16
1.010291045	2.2771889950971026e-16
1.011446285	2.323570377075807e-16
1.012601524	2.3095145293453813e-16
1.013756763	2.3229322887780866e-16
1.014912002	2.330416210258584e-16
1.016067242	2.3560009115863044e-16
1.017222481	2.281453764158963e-16
1.01837772	2.242227459528389e-16
1.01953296	2.269501608694838e-16
1.020688199	2.317144586564438e-16
1.021843438	2.3455406553846797e-16
1.022998677	2.323168875779104e-16
1.024153917	2.2805382534426243e-16
1.025309156	2.261052901527328e-16
1.026464395	2.2359939285013486e-16
1.027619634	2.202801110087696e-16
1.028774874	2.2125862657996242e-16
1.029930113	2.2427770939025296e-16
1.031085352	2.2073522306086771e-16
1.032240591	2.174616383596397e-16
1.033395831	2.1871818227125648e-16
1.03455107	2.2002750552174612e-16
1.035706309	2.1784293853304885e-16
1.036861549	2.1700944548333794e-16
1.038016788	2.1812243363528812e-16
1.039172027	2.182068541844198e-16
1.040327266	2.1815109858126357e-16
1.041482506	2.1835329632645826e-16
1.042637745	2.1652921393484304e-16
1.043792984	2.130406349081898e-16
1.044948223	2.1313794209811047e-16
1.046103463	2.1411682083686669e-16
1.047258702	2.104862844613478e-16
1.048413941	2.0917385612043058e-16
1.049569181	2.1138975962867954e-16
1.05072442	2.094479949663412e-16
1.051879659	2.0574140077029609e-16
1.053034898	2.0748559244224858e-16
1.054190138	2.1032286086241608e-16
1.055345377	2.0831979627460744e-16
1.056500616	2.081716866377412e-16
1.057655855	2.1306409738366758e-16
1.058811095	2.1449954796160451e-16
1.059966334	2.1219191811019296e-16
1.061121573	2.1148254487057945e-16
1.062276812	2.117078382480903e-16
1.063432052	2.1160381043855798e-16
1.064587291	2.119990124747758e-16
1.06574253	2.1199893113251752e-16
1.06689777	2.1173590791923925e-16
1.068053009	2.116229478712698e-16
1.069208248	2.1278926636714462e-16
1.070363487	2.1323594373069155e-16
1.071518727	2.1022945908085676e-16
1.072673966	2.083426967286638e-16
1.073829205	2.0874990554388652e-16
1.074984444	2.081949376844939e-16
1.076139684	2.0663307553321192e-16
1.077294923	2.0583205958702127e-16
1.078450162	2.0438303586767785e-16
1.079605402	2.0077657064812472e-16
1.080760641	2.0163595182895747e-16
1.08191588	2.0812406194199446e-16
1.083071119	2.1106516977250373e-16
1.084226359	2.1073778369070774e-16
1.085381598	2.0991692392504148e-16
1.086536837	2.1231166437305084e-16
1.087692076	2.2037511493841278e-16
1.088847316	2.2076919807705482e-16
1.090002555	2.131465161115883e-16
1.091157794	2.0767613341793545e-16
1.092313033	2.054591555366727e-16
1.093468273	2.0976477744756896e-16
1.094623512	2.1087063696496946e-16
1.095778751	2.038132905118907e-16
1.096933991	1.9870435486294174e-16
1.09808923	1.958560330293015e-16
1.099244469	1.9082369593979432e-16
1.100399708	1.8713379792269268e-16
1.101554948	1.8820570838844043e-16
1.102710187	1.8831351837573698e-16
1.103865426	1.8515196950819668e-16
1.105020665	1.8215773442051809e-16
1.106175905	1.7959130061294627e-16
1.107331144	1.7667689554062505e-16
1.108486383	1.727736365874559e-16
1.109641623	1.6789583894769987e-16
1.110796862	1.636697392590558e-16
1.111952101	1.6050470990443336e-16
1.11310734	1.5772756768782038e-16
1.11426258	1.554250198751712e-16
1.115417819	1.5409915527740524e-16
1.116573058	1.5353471404766026e-16
1.117728297	1.5311657102092516e-16
1.118883537	1.543068321029877e-16
1.120038776	1.5661188037331102e-16
1.121194015	1.5717785358760498e-16
1.122349254	1.5822369324708548e-16
1.123504494	1.6014888777200679e-16
1.124659733	1.6205130562217327e-16
1.125814972	1.626394842654847e-16
1.126970212	1.5761470394471972e-16
1.128125451	1.5102666218588707e-16
1.12928069	1.481815992995873e-16
1.130435929	1.4907568579864023e-16
1.131591169	1.5242334961095282e-16
1.132746408	1.5682497205270854e-16
1.133901647	1.614355308075503e-16
1.135056886	1.6213687804686967e-16
1.136212126	1.5947917883582898e-16
1.137367365	1.5800973280457999e-16
1.138522604	1.5591065219526906e-16
1.139677843	1.5319580116973007e-16
1.140833083	1.5057928409463706e-16
1.141988322	1.4821437325587099e-16
1.143143561	1.476894967767031e-16
1.144298801	1.4860282520464666e-16
1.14545404	1.4912424655988852e-16
1.146609279	1.5057099105788142e-16
1.147764518	1.533376282584928e-16
1.148919758	1.5528369012546846e-16
1.150074997	1.563536665904911e-16
1.151230236	1.5711791845110884e-16
1.152385475	1.5717891942349766e-16
1.153540715	1.5596628850021107e-16
1.154695954	1.547761821979323e-16
1.155851193	1.5411510877381014e-16
1.157006433	1.5271595646691516e-16
1.158161672	1.5091525121684655e-16
1.159316911	1.5048430208472005e-16
1.16047215	1.5047453896446052e-16
1.16162739	1.4992982129339266e-16
1.162782629	1.4850544579587063e-16
1.163937868	1.4616136037211012e-16
1.165093107	1.4452310030825838e-16
1.166248347	1.4332873822485422e-16
1.167403586	1.4155688699931195e-16
1.168558825	1.4115593573905403e-16
1.169714064	1.4242792182161385e-16
1.170869304	1.4285367658637948e-16
1.172024543	1.421527617744492e-16
1.173179782	1.413955991591173e-16
1.174335022	1.4089743139210254e-16
1.175490261	1.414566608713767e-16
1.1766455	1.4116884429941719e-16
1.177800739	1.394528707707214e-16
1.178955979	1.3653923937306488e-16
1.180111218	1.3312999514882128e-16
1.181266457	1.3212768906089675e-16
1.182421696	1.3298517651451916e-16
1.183576936	1.3496149486306719e-16
1.184732175	1.3512519152587557e-16
1.185887414	1.324405958139987e-16
1.187042654	1.3326764862513656e-16
1.188197893	1.3674450627268866e-16
1.189353132	1.3636655028767436e-16
1.190508371	1.345231870265624e-16
1.191663611	1.3336880908351272e-16
1.19281885	1.3207520777541983e-16
1.193974089	1.3038789355300045e-16
1.195129328	1.2917316422067365e-16
1.196284568	1.289993927372856e-16
1.197439807	1.3164311314651353e-16
1.198595046	1.3423448267544693e-16
1.199750285	1.3285000153708027e-16
1.200905525	1.3086598369610946e-16
1.202060764	1.294623236747327e-16
1.203216003	1.3043493328132233e-16
1.204371243	1.3143007652284937e-16
1.205526482	1.2710735940296188e-16
1.206681721	1.2516696497468353e-16
1.20783696	1.283359109253892e-16
1.2089922	1.291492620454812e-16
1.210147439	1.2705859822286152e-16
1.211302678	1.2575762693335584e-16
1.212457917	1.2473530583144008e-16
1.213613157	1.2334310417097627e-16
1.214768396	1.2098809048711418e-16
1.215923635	1.1650900602790203e-16
1.217078875	1.1091769113399487e-16
1.218234114	1.0594882837960891e-16
1.219389353	1.025412025361083e-16
1.220544592	1.0330385363511318e-16
1.221699832	1.0720957830924434e-16
1.222855071	1.1248043005571784e-16
1.22401031	1.178999927128437e-16
1.225165549	1.2076116692415227e-16
1.226320789	1.2193410296823151e-16
1.227476028	1.2303578454272925e-16
1.228631267	1.2282018465779794e-16
1.229786506	1.212015829227463e-16
1.230941746	1.2001636998424762e-16
1.232096985	1.1941998683517256e-16
1.233252224	1.1843818679717336e-16
1.234407464	1.1733639994599104e-16
1.235562703	1.1639194214507338e-16
1.236717942	1.1543963038533198e-16
1.237873181	1.1452855700997023e-16
1.239028421	1.1440618397816157e-16
1.24018366	1.1477284082859615e-16
1.241338899	1.1450787866867946e-16
1.242494138	1.140388160603125e-16
1.243649378	1.1375899315129094e-16
1.244804617	1.1327900997541049e-16
1.245959856	1.125679096164137e-16
1.247115095	1.121388904703502e-16
1.248270335	1.1192085229963963e-16
1.249425574	1.1149724381570767e-16
1.250580813	1.1144546564470512e-16
1.251736053	1.1212384054654212e-16
1.252891292	1.1210006365550837e-16
1.254046531	1.1123420438493402e-16
1.25520177	1.1079181778629742e-16
1.25635701	1.1052845188908309e-16
1.257512249	1.099869674113878e-16
1.258667488	1.0934576278705287e-16
1.259822727	1.0855866883146903e-16
1.260977967	1.0810320045904045e-16
1.262133206	1.079746403609648e-16
1.263288445	1.077033623882225e-16
1.264443685	1.074791447753186e-16
1.265598924	1.0755206498429479e-16
1.266754163	1.0829380572777886e-16
1.267909402	1.0959579251816314e-16
1.269064642	1.0960368527872258e-16
1.270219881	1.0857178188474204e-16
1.27137512	1.0847567226465329e-16
1.272530359	1.0892411288548739e-16
1.273685599	1.0982104214270135e-16
1.274840838	1.1045651336501131e-16
1.275996077	1.1061705122056075e-16
1.277151316	1.1104047045069282e-16
1.278306556	1.1114277270220288e-16
1.279461795	1.1075998390802463e-16
1.280617034	1.1293917899258318e-16
1.281772274	1.196967749225746e-16
1.282927513	1.191983976777147e-16
1.284082752	1.114546333163529e-16
1.285237991	1.0777130561072169e-16
1.286393231	1.0647935594024647e-16
1.28754847	1.0519937045864706e-16
1.288703709	1.0377291030420504e-16
1.289858948	1.0283507473928443e-16
1.291014188	1.0136647152358655e-16
1.292169427	9.95175981935039e-17
1.293324666	9.87081167828319e-17
1.294479906	9.81970477280557e-17
1.295635145	9.711659492891033e-17
1.296790384	9.65779881775847e-17
1.297945623	9.670117499366947e-17
1.299100863	9.611645203794756e-17
1.300256102	9.511217520189133e-17
1.301411341	9.472577628113324e-17
1.30256658	9.439503569981606e-17
1.30372182	9.377736245688648e-17
1.304877059	9.269619855308883e-17
1.306032298	9.141701689371283e-17
1.307187537	9.064945726859283e-17
1.308342777	9.012531631839883e-17
1.309498016	8.932684365496899e-17
1.310653255	8.887321488590263e-17
1.311808495	8.912370038136605e-17
1.312963734	8.799378955270304e-17
1.314118973	8.594697341594578e-17
1.315274212	8.61676221433067e-17
1.316429452	8.688597095806444e-17
1.317584691	8.5353154819654e-17
1.31873993	8.40655651125876e-17
1.319895169	8.378627525817095e-17
1.321050409	8.384994287691166e-17
1.322205648	8.387544569953693e-17
1.323360887	8.29853642042427e-17
1.324516127	8.160666359974937e-17
1.325671366	8.05422112909354e-17
1.326826605	7.94073727078924e-17
1.327981844	7.851146947017681e-17
1.329137084	7.875054827649754e-17
1.330292323	7.953775731326881e-17
1.331447562	7.985274225311898e-17
1.332602801	7.970560487753269e-17
1.333758041	7.902680629842545e-17
1.33491328	7.876056003294254e-17
1.336068519	7.895835552569619e-17
1.337223758	7.872809261869555e-17
1.338378998	7.819420917295441e-17
1.339534237	7.777295094485205e-17
1.340689476	7.672273195451062e-17
1.341844716	7.469166347313544e-17
1.342999955	7.261250203787459e-17
1.344155194	7.070883214292234e-17
1.345310433	6.89861581049032e-17
1.346465673	6.737414420643644e-17
1.347620912	6.542799533015185e-17
1.348776151	6.37784567157052e-17
1.34993139	6.252455800032425e-17
1.35108663	6.061260584725529e-17
1.352241869	5.827304491172178e-17
1.353397108	5.623316000077753e-17
1.354552347	5.470355896505638e-17
1.355707587	5.4097816027609935e-17
1.356862826	5.358098080956164e-17
1.358018065	5.3871823278761124e-17
1.359173305	5.689550182962135e-17
1.360328544	6.08234841673936e-17
1.361483783	6.296327492473815e-17
1.362639022	6.078442834059094e-17
1.363794262	5.442085043931511e-17
1.364949501	4.473205250161274e-17
1.36610474	3.5747240838176556e-17
1.367259979	3.270870239373624e-17
1.368415219	4.2508147436364434e-17
1.369570458	5.925819041574497e-17
1.370725697	7.088483892667049e-17
1.371880937	7.44625384003489e-17
1.373036176	7.074748621056323e-17
1.374191415	6.634652184851706e-17
1.375346654	6.329330500474297e-17
1.376501894	6.088396099405026e-17
1.377657133	5.833545730925387e-17
1.378812372	5.638200933857298e-17
1.379967611	5.58063476775306e-17
1.381122851	5.760640723982476e-17
1.38227809	6.447021824161529e-17
1.383433329	7.530223952378183e-17
1.384588568	8.698907272144327e-17
1.385743808	9.307621077222144e-17
1.386899047	8.788561022644367e-17
1.388054286	8.097181007878181e-17
1.389209526	7.583154846781666e-17
1.390364765	7.236431899432043e-17
1.391520004	6.982097009680005e-17
1.392675243	6.763388078813459e-17
1.393830483	6.588369375746842e-17
1.394985722	6.402873318187194e-17
1.396140961	6.202144471942457e-17
1.3972962	6.012257463718779e-17
1.39845144	5.885188270315005e-17
1.399606679	5.900351277650401e-17
1.400761918	5.947030480686472e-17
1.401917158	5.959833246587132e-17
1.403072397	6.016783652397082e-17
1.404227636	6.107592127101997e-17
1.405382875	6.187746677566699e-17
1.406538115	6.256520674637905e-17
1.407693354	6.302919696700988e-17
1.408848593	6.314075502230303e-17
1.410003832	6.300708901297433e-17
1.411159072	6.32729982926545e-17
1.412314311	6.358274815882802e-17
1.41346955	6.277451177745052e-17
1.414624789	6.165834883536173e-17
1.415780029	6.07715765753387e-17
1.416935268	6.035989179530766e-17
1.418090507	6.07109020960022e-17
1.419245747	6.130904545014944e-17
1.420400986	6.195987957484818e-17
1.421556225	6.279959763406662e-17
1.422711464	6.258798708676323e-17
1.423866704	6.116085093853401e-17
1.425021943	6.022447414884894e-17
1.426177182	5.986466368996526e-17
1.427332421	5.915772828500304e-17
1.428487661	5.827772208201041e-17
1.4296429	5.737302282798046e-17
1.430798139	5.61241406902499e-17
1.431953379	5.574112088843388e-17
1.433108618	5.59591390815959e-17
1.434263857	5.593731856312635e-17
1.435419096	5.582668895371781e-17
1.436574336	5.558590036912672e-17
1.437729575	5.508395137588397e-17
1.438884814	5.564635961512956e-17
1.440040053	5.755684261815197e-17
1.441195293	5.792278763982465e-17
1.442350532	5.637457779448753e-17
1.443505771	5.585350300236654e-17
1.44466101	5.530214596402152e-17
1.44581625	5.368003319653274e-17
1.446971489	5.226913321539844e-17
1.448126728	5.184417940217351e-17
1.449281968	5.2447015842659477e-17
1.450437207	5.3695726284445416e-17
1.451592446	5.2153356397391265e-17
1.452747685	5.169391944891558e-17
1.453902925	5.294919555801101e-17
1.455058164	5.335745870603474e-17
1.456213403	5.1460560849987974e-17
1.457368642	4.99899799876155e-17
1.458523882	5.011658895190071e-17
1.459679121	5.0212834560033594e-17
1.46083436	4.8889728907342126e-17
1.461989599	4.8350825058321755e-17
1.463144839	4.865390279177404e-17
1.464300078	4.7444095586074653e-17
1.465455317	4.501978619317414e-17
1.466610557	4.4022790454871836e-17
1.467765796	4.442693276508973e-17
1.468921035	4.440641960622212e-17
1.470076274	4.389936723109608e-17
1.471231514	4.349816329902047e-17
1.472386753	4.2930390729222016e-17
1.473541992	4.245951348031751e-17
1.474697231	4.234838952894332e-17
1.475852471	4.2283358107765404e-17
1.47700771	4.1452711046765074e-17
1.478162949	4.003245223033766e-17
1.479318189	3.9063487351194863e-17
1.480473428	3.931962065111091e-17
1.481628667	4.0253027472447804e-17
1.482783906	4.0375902039895374e-17
1.483939146	3.944942420455882e-17
1.485094385	3.682358267374223e-17
1.486249624	3.5280133036349375e-17
1.487404863	3.793914241317823e-17
1.488560103	4.128758874832073e-17
1.489715342	4.030877793711903e-17
1.490870581	3.878604123861921e-17
1.49202582	3.8961125682515334e-17
1.49318106	3.8719908548908325e-17
1.494336299	3.7571205910341705e-17
1.495491538	3.729424656370753e-17
1.496646778	3.8097019517030393e-17
1.497802017	3.838991584888841e-17
1.498957256	3.7312669083447656e-17
1.500112495	3.6182914360996717e-17
1.501267735	3.517746347399601e-17
1.502422974	3.385365737064418e-17
1.503578213	3.2787540547240857e-17
1.504733452	3.336507925971363e-17
1.505888692	3.483166278721522e-17
1.507043931	3.543012724722865e-17
1.50819917	3.5400651163733265e-17
1.50935441	3.5366703288371273e-17
1.510509649	3.5706885380389325e-17
1.511664888	3.620394281399128e-17
1.512820127	3.614487564652688e-17
1.513975367	3.6278958992530654e-17
1.515130606	3.692159414207499e-17
1.516285845	3.699393823553974e-17
1.517441084	3.642327178049967e-17
1.518596324	3.6432358942821605e-17
1.519751563	3.7335804157045063e-17
1.520906802	3.816104118964007e-17
1.522062041	3.83405505121504e-17
1.523217281	3.826933459499788e-17
1.52437252	3.8666888383164266e-17
1.525527759	3.8579468179676103e-17
1.526682999	3.7427451129054134e-17
1.527838238	3.646559662080404e-17
1.528993477	3.6926284790846116e-17
1.530148716	3.779074481965033e-17
1.531303956	3.67252175442886e-17
1.532459195	3.553404509592162e-17
1.533614434	3.6485980601024464e-17
1.534769673	3.7416124471075254e-17
1.535924913	3.699719976772118e-17
1.537080152	3.672201703269696e-17
1.538235391	3.72265395258007e-17
1.539390631	3.784628459766396e-17
1.54054587	3.743044188762733e-17
1.541701109	3.6464910366823066e-17
1.542856348	3.6617100381015505e-17
1.544011588	3.766226245685453e-17
1.545166827	3.787986497280339e-17
1.546322066	3.710269986023557e-17
1.547477305	3.7024624138731464e-17
1.548632545	3.7890063298229946e-17
1.549787784	3.854754831411871e-17
1.550943023	3.7905737868333904e-17
1.552098262	3.662169941018677e-17
1.553253502	3.667966282473219e-17
1.554408741	3.781450039798761e-17
1.55556398	3.785967662860288e-17
1.55671922	3.63603763105879e-17
1.557874459	3.53386671160841e-17
1.559029698	3.557844413620749e-17
1.560184937	3.636707177831741e-17
1.561340177	3.650197140509495e-17
1.562495416	3.610162628692702e-17
1.563650655	3.602118892465982e-17
1.564805894	3.676796528085909e-17
1.565961134	3.7566715436800825e-17
1.567116373	3.728898456722612e-17
1.568271612	3.619393566198462e-17
1.569426852	3.516703825391256e-17
1.570582091	3.453600843102655e-17
1.57173733	3.4697492503572724e-17
1.572892569	3.491808952570638e-17
1.574047809	3.56468053069951e-17
1.575203048	3.707289994218717e-17
1.576358287	3.81694653986277e-17
1.577513526	3.850620301349566e-17
1.578668766	3.782608353693683e-17
1.579824005	3.618879211863702e-17
1.580979244	3.591343071010879e-17
1.582134483	3.6404924449369324e-17
1.583289723	3.549711642224883e-17
1.584444962	3.447651481687884e-17
1.585600201	3.4100953999307825e-17
1.586755441	3.4159814743151887e-17
1.58791068	3.4555178240723756e-17
1.589065919	3.570123184741479e-17
1.590221158	3.78103344541724e-17
1.591376398	3.897523907383699e-17
1.592531637	3.875980987944802e-17
1.593686876	3.814539269405958e-17
1.594842115	3.8519210487132784e-17
1.595997355	3.953463043171845e-17
1.597152594	3.843091609244342e-17
1.598307833	3.638632903952795e-17
1.599463072	3.648692304488623e-17
1.600618312	3.78707157476558e-17
1.601773551	3.864764357107689e-17
1.60292879	3.844619357008308e-17
1.60408403	3.8069719318139833e-17
1.605239269	3.852059819059458e-17
1.606394508	3.9158772797404176e-17
1.607549747	3.843944316166746e-17
1.608704987	3.754243947522814e-17
1.609860226	3.8249419481683754e-17
1.611015465	3.938567576423978e-17
1.612170704	3.983789482876057e-17
1.613325944	3.959074938705124e-17
1.614481183	3.922628077069424e-17
1.615636422	3.981301055479932e-17
1.616791662	4.002502444024591e-17
1.617946901	3.86250433488757e-17
1.61910214	3.763191128738373e-17
1.620257379	3.702963975012611e-17
1.621412619	3.575823893023498e-17
1.622567858	3.515594447394561e-17
1.623723097	3.5506137937528434e-17
1.624878336	3.588656030056806e-17
1.626033576	3.565121241198995e-17
1.627188815	3.479180177000574e-17
1.628344054	3.407872491353594e-17
1.629499293	3.4146408185756024e-17
1.630654533	3.4326663453970724e-17
1.631809772	3.391588942236057e-17
1.632965011	3.328250407954434e-17
1.634120251	3.292354663422573e-17
1.63527549	3.284602784868696e-17
1.636430729	3.2632367532447845e-17
1.637585968	3.239030080325476e-17
1.638741208	3.204167645938236e-17
1.639896447	3.165853150032878e-17
1.641051686	3.1623655937869665e-17
1.642206925	3.171053252457467e-17
1.643362165	3.1620319514933676e-17
1.644517404	3.115407896877229e-17
1.645672643	3.027033001448816e-17
1.646827883	2.9542493796292086e-17
1.647983122	2.928791089807795e-17
1.649138361	2.909565577896627e-17
1.6502936	2.8801738183735035e-17
1.65144884	2.8465910602922027e-17
1.652604079	2.8319118691352514e-17
1.653759318	2.82758569011949e-17
1.654914557	2.829776414898366e-17
1.656069797	2.844200918180703e-17
1.657225036	2.868992222633686e-17
1.658380275	2.8922999441698226e-17
1.659535514	2.9074692758832335e-17
1.660690754	2.8974441927672816e-17
1.661845993	2.8809656515440454e-17
1.663001232	2.896442878507766e-17
1.664156472	2.929753819698307e-17
1.665311711	2.955094395796505e-17
1.66646695	2.971607975184626e-17
1.667622189	3.001524559866993e-17
1.668777429	3.021984361549375e-17
1.669932668	3.011377582283116e-17
1.671087907	3.0742634104637894e-17
1.672243146	3.194470941740596e-17
1.673398386	3.206007440939685e-17
1.674553625	3.1737629280768106e-17
1.675708864	3.203529257571293e-17
1.676864104	3.1989663906492626e-17
1.678019343	3.154625166609565e-17
1.679174582	3.1822380737960914e-17
1.680329821	3.280336075283612e-17
1.681485061	3.360002833148531e-17
1.6826403	3.3914280783421554e-17
1.683795539	3.3449727079120113e-17
1.684950778	3.310121715348277e-17
1.686106018	3.295171040644657e-17
1.687261257	3.257445648616632e-17
1.688416496	3.20622933608864e-17
1.689571735	3.1914618567043586e-17
1.690726975	3.201718286315169e-17
1.691882214	3.2004294961989864e-17
1.693037453	3.1978947636646106e-17
1.694192693	3.1900181282333303e-17
1.695347932	3.174923705286779e-17
1.696503171	3.180420955671248e-17
1.69765841	3.217877206691846e-17
1.69881365	3.26592399045406e-17
1.699968889	3.300802276283376e-17
1.701124128	3.2970652342702333e-17
1.702279367	3.2654228232233217e-17
1.703434607	3.223591537354385e-17
1.704589846	3.180534245669325e-17
1.705745085	3.1420423446741695e-17
1.706900324	3.126971726008699e-17
1.708055564	3.1364037549471415e-17
1.709210803	3.11926572248495e-17
1.710366042	3.1022946055034336e-17
1.711521282	3.1760156568542157e-17
1.712676521	3.2172442284743326e-17
1.71383176	3.119647857974646e-17
1.714986999	3.0527504477848825e-17
1.716142239	3.060437521135652e-17
1.717297478	3.079335384551479e-17
1.718452717	3.112262831656078e-17
1.719607956	3.1612065371216164e-17
1.720763196	3.17108435300313e-17
1.721918435	3.134683638778404e-17
1.723073674	3.1446408452163215e-17
1.724228914	3.2185852001937463e-17
1.725384153	3.243614716388369e-17
1.726539392	3.229466028670687e-17
1.727694631	3.2291308914992164e-17
1.728849871	3.1969679640245026e-17
1.73000511	3.151843654680336e-17
1.731160349	3.145903546421412e-17
1.732315588	3.1636027195142067e-17
1.733470828	3.2151700389895e-17
1.734626067	3.264693255952133e-17
1.735781306	3.3077943030911685e-17
1.736936545	3.33484904004061e-17
1.738091785	3.3293013673210616e-17
1.739247024	3.308463407410348e-17
1.740402263	3.2543554698942405e-17
1.741557503	3.2135244206948255e-17
1.742712742	3.1432150228021355e-17
1.743867981	3.065706332550723e-17
1.74502322	3.077588377088886e-17
1.74617846	3.154613201462389e-17
1.747333699	3.1866137255045555e-17
1.748488938	3.1438608637518286e-17
1.749644177	3.053140032641786e-17
1.750799417	2.976250447660672e-17
1.751954656	2.9521032267690973e-17
1.753109895	2.9495003783275797e-17
1.754265135	2.9491182309761154e-17
1.755420374	2.94964514369671e-17
1.756575613	2.9306436776136996e-17
1.757730852	2.896325006944006e-17
1.758886092	2.862532248482435e-17
1.760041331	2.8383256567489876e-17
1.76119657	2.8415389743555747e-17
1.762351809	2.8412088722212444e-17
1.763507049	2.7928239440718185e-17
1.764662288	2.758763411331501e-17
1.765817527	2.7836884970175936e-17
1.766972766	2.8415395744098397e-17
1.768128006	2.876844301664573e-17
1.769283245	2.85839575088731e-17
1.770438484	2.798066985414394e-17
1.771593724	2.7285930266528842e-17
1.772748963	2.696965183808188e-17
1.773904202	2.700144055439927e-17
1.775059441	2.715066000434771e-17
1.776214681	2.709376240502316e-17
1.77736992	2.6617828562743805e-17
1.778525159	2.6119631279713495e-17
1.779680398	2.5935564795581342e-17
1.780835638	2.613639784223035e-17
1.781990877	2.64961211088164e-17
1.783146116	2.6644182866053408e-17
1.784301356	2.653183416099442e-17
1.785456595	2.6315184112029137e-17
1.786611834	2.5972577902852607e-17
1.787767073	2.54062473209292e-17
1.788922313	2.490143549798498e-17
1.790077552	2.4758296895192684e-17
1.791232791	2.4851272111325294e-17
1.79238803	2.5267558953673597e-17
1.79354327	2.6013392627422405e-17
1.794698509	2.6289936255922996e-17
1.795853748	2.5798242060491657e-17
1.797008987	2.4885416850031962e-17
1.798164227	2.398853905351166e-17
1.799319466	2.3831409872397015e-17
1.800474705	2.433732377765263e-17
1.801629945	2.5301324733527345e-17
1.802785184	2.611044927031234e-17
1.803940423	2.6020571798346288e-17
1.805095662	2.5783681570892253e-17
1.806250902	2.5614458131390075e-17
1.807406141	2.5462924914554567e-17
1.80856138	2.5599797910180022e-17
1.809716619	2.591462456833034e-17
1.810871859	2.6405919189182672e-17
1.812027098	2.703350647652617e-17
1.813182337	2.760153092576165e-17
1.814337576	2.807760745746824e-17
1.815492816	2.849878804091167e-17
1.816648055	2.906214692550176e-17
1.817803294	3.007435933913137e-17
1.818958534	2.964220115172622e-17
1.820113773	2.7546334363382796e-17
1.821269012	2.6155339248379333e-17
1.822424251	2.5169241952095437e-17
1.823579491	2.371444010977956e-17
1.82473473	2.2517159602076062e-17
1.825889969	2.2087942131221735e-17
1.827045208	2.2234857818281774e-17
1.828200448	2.2648128324947086e-17
1.829355687	2.2941517294950942e-17
1.830510926	2.297918133968361e-17
1.831666166	2.3049847956122614e-17
1.832821405	0.
1.833976644	0.
1.835131883	0.
1.836287123	0.
1.837442362	0.
1.838597601	0.
1.83975284	0.
1.84090808	0.
1.842063319	0.
1.843218558	0.
1.844373797	0.
1.845529037	0.
1.846684276	0.
1.847839515	0.
1.848994755	0.
1.850149994	0.
1.851305233	0.
1.852460472	0.
1.853615712	0.
1.854770951	0.
1.85592619	0.
1.857081429	0.
1.858236669	0.
1.859391908	0.
1.860547147	0.
1.861702387	0.
1.862857626	0.
1.864012865	0.
1.865168104	0.
1.866323344	0.
1.867478583	0.
1.868633822	0.
1.869789061	0.
1.870944301	0.
1.87209954	-2.9433107238560156e-17
1.873254779	-2.904732515947649e-17
1.874410018	-2.7567351923782227e-17
1.875565258	-2.2438296764262676e-17
1.876720497	9.664612786588865e-19
1.877875736	3.1684419565934596e-17
1.879030976	4.319510352526878e-17
1.880186215	4.56418452985004e-17
1.881341454	4.1404796159499675e-17
1.882496693	3.612676601182829e-17
1.883651933	3.2381491944429495e-17
1.884807172	2.92862951845003e-17
1.885962411	2.5084851628904743e-17
1.88711765	2.0314059903054184e-17
1.88827289	2.0632823476248868e-17
1.889428129	3.352403216074638e-17
1.890583368	4.7007944912582975e-17
1.891738608	3.4679597056910285e-17
1.892893847	2.5272348376958603e-17
1.894049086	2.200863973331224e-17
1.895204325	2.2664142984741866e-17
1.896359565	2.6771129556888332e-17
1.897514804	3.781699837152088e-17
1.898670043	6.653924464441271e-17
1.899825282	1.4394726337333455e-16
1.900980522	2.495682353346789e-16
1.902135761	1.9575567814598517e-16
1.903291	1.1113795000174927e-16
1.904446239	6.653146748179368e-17
1.905601479	4.5630671145705086e-17
1.906756718	3.390078360378356e-17
1.907911957	2.2180603701038673e-17
1.909067197	4.559435840764859e-18
1.910222436	-1.3788366675009357e-17
1.911377675	-2.6782507859363964e-17
1.912532914	-2.9159791738118695e-17
1.913688154	-2.0445107478532932e-17
1.914843393	-6.17700789462868e-18
1.915998632	4.3116022811248224e-18
1.917153871	9.295885109138918e-18
1.918309111	1.0088961031267619e-17
1.91946435	9.213301351935501e-18
1.920619589	8.260150858688306e-18
1.921774828	7.412406294979962e-18
1.922930068	6.733823585061538e-18
1.924085307	6.297807376123835e-18
1.925240546	6.4560984108167415e-18
1.926395786	8.069806433948528e-18
1.927551025	1.115044757883201e-17
1.928706264	1.3011149551461896e-17
1.929861503	1.0392382040132624e-17
1.931016743	7.870368851781369e-18
1.932171982	7.395924560129752e-18
1.933327221	7.807807379986675e-18
1.93448246	8.3745680436151e-18
1.9356377	9.038015701550111e-18
1.936792939	9.188546238268396e-18
1.937948178	7.563729265352437e-18
1.939103418	5.229185508591287e-18
1.940258657	4.02676162285736e-18
1.941413896	4.21792416316123e-18
1.942569135	4.450006852082669e-18
1.943724375	4.2089603619012755e-18
1.944879614	2.9741911259116908e-18
1.946034853	7.874741853838749e-19
1.947190092	-1.3885359963489329e-18
1.948345332	-1.9984473269398907e-18
1.949500571	-5.078152744513133e-19
1.95065581	2.0467891240857767e-18
1.951811049	4.3289365407699324e-18
1.952966289	5.2757039079047255e-18
1.954121528	5.365819023758007e-18
1.955276767	5.5703971126591394e-18
1.956432007	6.09980216592459e-18
1.957587246	6.432404299632835e-18
1.958742485	6.3026147072547106e-18
1.959897724	6.069572397486926e-18
1.961052964	5.978368735629801e-18
1.962208203	6.0388903966879e-18
1.963363442	6.124199079580124e-18
1.964518681	6.097729374096727e-18
1.965673921	5.806153463763535e-18
1.96682916	5.29662794916191e-18
1.967984399	4.721422716099638e-18
1.969139639	4.363788562887707e-18
1.970294878	4.391940219108522e-18
1.971450117	4.6808479740199456e-18
1.972605356	5.00973394205264e-18
1.973760596	5.1367244719201835e-18
1.974915835	5.145253390927512e-18
1.976071074	5.06198200398874e-18
1.977226313	4.987856441439822e-18
1.978381553	4.9728591183898765e-18
1.979536792	4.9572401765784754e-18
1.980692031	5.000407429070482e-18
1.98184727	5.150841962605157e-18
1.98300251	5.2416951475186785e-18
1.984157749	5.105810626973983e-18
1.985312988	4.7528380034026334e-18
1.986468228	4.364491665372801e-18
1.987623467	4.081641688309375e-18
1.988778706	4.0411759087707515e-18
1.989933945	4.201090886403207e-18
1.991089185	4.3813950447518e-18
1.992244424	4.4754594060646886e-18
1.993399663	4.368773161156732e-18
1.994554902	4.1090635761553345e-18
1.995710142	3.807247820385624e-18
1.996865381	3.702406851154056e-18
1.99802062	3.782759321735779e-18
1.99917586	3.937515394987804e-18
2.000331099	4.118649968612482e-18
2.001486338	4.2793635725187726e-18
2.002641577	4.356716759904453e-18
2.003796817	4.794643235816196e-18
2.004952056	5.628553365563521e-18
2.006107295	6.094835919854447e-18
2.007262534	5.959281370055406e-18
2.008417774	5.3737699787790745e-18
2.009573013	4.598152367790651e-18
2.010728252	3.696253189116922e-18
2.011883491	2.8757518053773998e-18
2.013038731	2.5329993824416058e-18
2.01419397	3.0433955254233767e-18
2.015349209	4.008939633107549e-18
2.016504449	4.785552622977018e-18
2.017659688	5.1242264051710824e-18
2.018814927	5.16618970231481e-18
2.019970166	5.0752115579825464e-18
2.021125406	4.853343102776603e-18
2.022280645	4.446028204404052e-18
2.023435884	3.878625765365267e-18
2.024591123	3.416454106913785e-18
2.025746363	3.255278495675274e-18
2.026901602	3.2713503663261003e-18
2.028056841	3.379234454265836e-18
2.02921208	3.561531141089525e-18
2.03036732	3.801385490259209e-18
2.031522559	3.9602622051618294e-18
2.032677798	4.014828685620036e-18
2.033833038	3.980854341409122e-18
2.034988277	3.777832157178405e-18
2.036143516	3.51830347302044e-18
2.037298755	3.390744084860545e-18
2.038453995	3.3939157880536433e-18
2.039609234	3.4149763330689453e-18
2.040764473	3.501184282359064e-18
2.041919712	3.6414936069240956e-18
2.043074952	3.6809971021561e-18
2.044230191	3.584610363128687e-18
2.04538543	3.4021118997979877e-18
2.04654067	3.1846591638084207e-18
2.047695909	3.0068039252384275e-18
2.048851148	2.919381920419789e-18
2.050006387	2.915924399031823e-18
2.051161627	2.9826757266383097e-18
2.052316866	3.0878553090087354e-18
2.053472105	3.2195203991913483e-18
2.054627344	3.4018524163935954e-18
2.055782584	3.57849607437637e-18
2.056937823	3.662139152534072e-18
2.058093062	3.622909867503888e-18
2.059248301	3.539866844169121e-18
2.060403541	3.432754316080095e-18
2.06155878	3.2764975435334492e-18
2.062714019	3.220295936944056e-18
2.063869259	3.4080362215190995e-18
2.065024498	3.602462029361634e-18
2.066179737	3.643402117447868e-18
2.067334976	3.643518619049943e-18
2.068490216	3.62099735322122e-18
2.069645455	3.561440060123725e-18
2.070800694	3.4744863584756765e-18
2.071955933	3.3895136167976847e-18
2.073111173	3.3508767300455583e-18
2.074266412	3.337250126103986e-18
2.075421651	3.3244670584935653e-18
2.076576891	3.3044347289878854e-18
2.07773213	3.2436443329378e-18
2.078887369	3.171572560028589e-18
2.080042608	3.133690777252993e-18
2.081197848	3.1107492189602545e-18
2.082353087	3.0589092886017055e-18
2.083508326	2.9931480763285707e-18
2.084663565	2.8857377543656495e-18
2.085818805	2.795804925251347e-18
2.086974044	2.8667948300630027e-18
2.088129283	3.0583743184579742e-18
2.089284522	3.259666071297205e-18
2.090439762	3.4190871449576075e-18
2.091595001	3.5683418831782696e-18
2.09275024	3.6347675046925065e-18
2.09390548	3.5889708710534484e-18
2.095060719	3.534937290038432e-18
2.096215958	3.501774056453539e-18
2.097371197	3.473897705322835e-18
2.098526437	3.505413752803108e-18
2.099681676	3.520607316421153e-18
2.100836915	3.403413118848031e-18
2.101992154	3.138036967924266e-18
2.103147394	2.8704573771619523e-18
2.104302633	2.709873859208878e-18
2.105457872	2.7151873854401167e-18
2.106613112	2.9453221617341145e-18
2.107768351	3.4086278828557694e-18
2.10892359	3.904891078884064e-18
2.110078829	4.19096036722288e-18
2.111234069	4.203670083885298e-18
2.112389308	4.080214403670739e-18
2.113544547	3.986392338745975e-18
2.114699786	3.941044373038093e-18
2.115855026	3.988659906375336e-18
2.117010265	4.0503593402138095e-18
2.118165504	4.070258428207253e-18
2.119320743	4.109030277688928e-18
2.120475983	4.176167310245913e-18
2.121631222	4.205187423589576e-18
2.122786461	4.251910565492253e-18
2.123941701	4.365559626188682e-18
2.12509694	4.4821786063139896e-18
2.126252179	4.53857589701341e-18
2.127407418	4.542264165833009e-18
2.128562658	4.5081528236814435e-18
2.129717897	4.4752410439513174e-18
2.130873136	4.4285580383811385e-18
2.132028375	4.3731160624466354e-18
2.133183615	4.338797493320024e-18
2.134338854	4.326408374476195e-18
2.135494093	4.345319114307214e-18
2.136649332	4.340838387387148e-18
2.137804572	4.236625598615495e-18
2.138959811	4.134713965177368e-18
2.14011505	4.091350544726499e-18
2.14127029	4.093588112717083e-18
2.142425529	4.166152113853423e-18
2.143580768	4.28579664193015e-18
2.144736007	4.397373452323664e-18
2.145891247	4.475521784271062e-18
2.147046486	4.506256898132345e-18
2.148201725	4.497007144491031e-18
2.149356964	4.516486633530763e-18
2.150512204	4.599340554798392e-18
2.151667443	4.719406407512979e-18
2.152822682	4.766249275827991e-18
2.153977922	4.6376266860444875e-18
2.155133161	4.443691685414219e-18
2.1562884	4.3333021451213755e-18
2.157443639	4.3838752746556346e-18
2.158598879	4.517820394745799e-18
2.159754118	4.682732132301825e-18
2.160909357	4.8216460678377065e-18
2.162064596	4.871238237625518e-18
2.163219836	4.80381775469515e-18
2.164375075	4.754843276127437e-18
2.165530314	5.017142143378586e-18
2.166685553	5.342197809268265e-18
2.167840793	5.213052606859245e-18
2.168996032	5.093800153024196e-18
2.170151271	5.112575169876255e-18
2.171306511	5.119576837845314e-18
2.17246175	5.057872301086463e-18
2.173616989	4.8570194924731154e-18
2.174772228	4.51733913053338e-18
2.175927468	4.203621779439141e-18
2.177082707	4.0984566842865624e-18
2.178237946	4.152731307678809e-18
2.179393185	4.1538552856581135e-18
2.180548425	4.067711250454674e-18
2.181703664	4.089802919724886e-18
2.182858903	4.150756095027521e-18
2.184014143	4.2196737891143e-18
2.185169382	4.4073970046179864e-18
2.186324621	4.767944302750625e-18
2.18747986	5.1977726010570846e-18
2.1886351	5.427207843096021e-18
2.189790339	5.286793114493954e-18
2.190945578	5.065292679134404e-18
2.192100817	4.941167268559343e-18
2.193256057	4.888446274436297e-18
2.194411296	4.882817961149233e-18
2.195566535	4.884621622942294e-18
2.196721774	4.872619471155157e-18
2.197877014	4.844820035408048e-18
2.199032253	4.815084484608509e-18
2.200187492	4.7936570243810886e-18
2.201342732	4.784724409047601e-18
2.202497971	4.785920572680268e-18
2.20365321	4.7540014695041145e-18
2.204808449	4.7699983658558555e-18
2.205963689	4.90575166730601e-18
2.207118928	4.937236847448535e-18
2.208274167	4.788590816973592e-18
2.209429406	4.6026144777182766e-18
2.210584646	4.467284465140769e-18
2.211739885	4.44260199069233e-18
2.212895124	4.522798249087649e-18
2.214050364	4.663500287052387e-18
2.215205603	4.82895901707819e-18
2.216360842	4.945453935423266e-18
2.217516081	4.926969206051853e-18
2.218671321	4.764364565456973e-18
2.21982656	4.505766939142453e-18
2.220981799	4.224324468308983e-18
2.222137038	4.027445450048527e-18
2.223292278	3.988543877910836e-18
2.224447517	4.142401354551807e-18
2.225602756	4.372501001809141e-18
2.226757995	4.433702822693808e-18
2.227913235	4.300625462222846e-18
2.229068474	4.1715420750327015e-18
2.230223713	4.147109796479198e-18
2.231378953	4.166160926350512e-18
2.232534192	4.1884649987620344e-18
2.233689431	4.219999269385081e-18
2.23484467	4.284427976677361e-18
2.23599991	4.38578167904761e-18
2.237155149	4.487641833326746e-18
2.238310388	4.526170076507693e-18
2.239465627	4.4587567644530785e-18
2.240620867	4.374307761680088e-18
2.241776106	4.372371888998631e-18
2.242931345	4.4038631406687226e-18
2.244086585	4.4135304423622695e-18
2.245241824	4.384964441657902e-18
2.246397063	4.337156184473846e-18
2.247552302	4.3027806237927936e-18
2.248707542	4.0157769847624054e-18
2.249862781	3.170201470510505e-18
2.25101802	2.0968144785735653e-18
2.252173259	1.3969434686899918e-18
2.253328499	1.5064653271248269e-18
2.254483738	2.1123400247103645e-18
2.255638977	2.8264909936336584e-18
2.256794216	3.380540778173969e-18
2.257949456	3.652902326012024e-18
2.259104695	3.519002839513406e-18
2.260259934	3.2257129458948927e-18
2.261415174	3.100329379611338e-18
2.262570413	3.22779889512424e-18
2.263725652	3.3914376408127444e-18
2.264880891	3.517967580426205e-18
2.266036131	3.700847596616898e-18
2.26719137	3.997749934960706e-18
2.268346609	4.40325360912478e-18
2.269501848	4.643227286005921e-18
2.270657088	4.308709529326935e-18
2.271812327	3.751897505259019e-18
2.272967566	3.4043572549765778e-18
2.274122805	3.3667307528792537e-18
2.275278045	3.3982933813542374e-18
2.276433284	3.3449796487114405e-18
2.277588523	3.2640377855609766e-18
2.278743763	3.211623863765746e-18
2.279899002	3.219701668482066e-18
2.281054241	3.3372027967921467e-18
2.28220948	3.582144412981986e-18
2.28336472	3.726897909858591e-18
2.284519959	3.700353444757832e-18
2.285675198	3.611009502755467e-18
2.286830437	3.4965038016083635e-18
2.287985677	3.4056685934058646e-18
2.289140916	3.395150977740722e-18
2.290296155	3.4929628620170105e-18
2.291451395	3.722957735351298e-18
2.292606634	4.0333424778999015e-18
2.293761873	4.265341456578917e-18
2.294917112	4.145873254447845e-18
2.296072352	3.646187288473989e-18
2.297227591	2.967581346692696e-18
2.29838283	2.428594378801758e-18
2.299538069	2.223364788414626e-18
2.300693309	2.3031684866980716e-18
2.301848548	2.531365508956409e-18
2.303003787	2.7861932062239845e-18
2.304159026	3.0177145133548108e-18
2.305314266	3.145550233222519e-18
2.306469505	3.1477367325913004e-18
2.307624744	3.050994631910942e-18
2.308779984	2.901007000120684e-18
2.309935223	2.7371637044591577e-18
2.311090462	2.5880326698701387e-18
2.312245701	2.4861609976502404e-18
2.313400941	2.4615442177413956e-18
2.31455618	2.5414391501525563e-18
2.315711419	2.6566484179944565e-18
2.316866658	2.671598837608704e-18
2.318021898	2.5334199087297838e-18
2.319177137	2.303390590631045e-18
2.320332376	2.0640966842156424e-18
2.321487616	1.921506355001083e-18
2.322642855	1.9344484820571812e-18
2.323798094	2.0877004621797227e-18
2.324953333	2.2934690785227518e-18
2.326108573	2.4684593258735065e-18
2.327263812	2.5677402519341265e-18
2.328419051	2.574555760809797e-18
2.32957429	2.5117519371467666e-18
2.33072953	2.3911395491958778e-18
2.331884769	2.222436403300489e-18
2.333040008	2.044819454234082e-18
2.334195247	1.910539486741439e-18
2.335350487	1.8793262538570314e-18
2.336505726	1.934883596507981e-18
2.337660965	2.0440265835952294e-18
2.338816205	2.181260304636931e-18
2.339971444	2.3073958749740643e-18
2.341126683	2.4105380217398394e-18
2.342281922	2.4844117541535704e-18
2.343437162	2.533621110928746e-18
2.344592401	2.4711756981947994e-18
2.34574764	2.158780665413995e-18
2.346902879	1.4994371768893454e-18
2.348058119	7.665616905891043e-19
2.349213358	3.943286390020101e-19
2.350368597	5.212867342632059e-19
2.351523837	1.0644016726189124e-18
2.352679076	1.8044712734475096e-18
2.353834315	2.373145106318353e-18
2.354989554	2.564059055714921e-18
2.356144794	2.488750971001957e-18
2.357300033	2.3530179031222288e-18
2.358455272	2.260906221049271e-18
2.359610511	2.1669577681408206e-18
2.360765751	2.1196014720239974e-18
2.36192099	2.1108532410030604e-18
2.363076229	2.0765108918215093e-18
2.364231468	1.976633398558613e-18
2.365386708	1.8175594992596937e-18
2.366541947	1.6087613312406962e-18
2.367697186	1.3868306336008596e-18
2.368852426	1.2384115575463775e-18
2.370007665	1.263893239527517e-18
2.371162904	1.3791353953045701e-18
2.372318143	1.4804982584531916e-18
2.373473383	1.5915501477519237e-18
2.374628622	1.7400583667464748e-18
2.375783861	1.890473063754676e-18
2.3769391	1.966307813902023e-18
2.37809434	1.8692683944977727e-18
2.379249579	1.5875117412145076e-18
2.380404818	1.2417648637150961e-18
2.381560057	9.089514339610377e-19
2.382715297	7.320211076800243e-19
2.383870536	8.839579535821451e-19
2.385025775	1.3602765548500227e-18
2.386181015	1.9053540730067144e-18
2.387336254	2.295410774141931e-18
2.388491493	2.238783078474182e-18
2.389646732	1.5394731377552393e-18
2.390801972	1.9341210872822985e-19
2.391957211	-1.3751128392580208e-18
2.39311245	-2.739340488808012e-18
2.394267689	-3.351140834146875e-18
2.395422929	-2.6832679501201825e-18
2.396578168	-8.223422771218171e-19
2.397733407	1.0169950249686835e-18
2.398888647	1.7031154872495809e-18
2.400043886	1.5383662325715261e-18
2.401199125	1.097010647087245e-18
2.402354364	8.145859527142568e-19
2.403509604	6.426075013809061e-19
2.404664843	6.033982216003492e-19
2.405820082	6.784956681179896e-19
2.406975321	8.105492350596796e-19
2.408130561	9.368804560198778e-19
2.4092858	1.0591529960625045e-18
2.410441039	1.181489462144999e-18
2.411596278	1.2992050991126912e-18
2.412751518	1.4164106752036296e-18
2.413906757	1.5477256249121484e-18
2.415061996	1.6813286251350585e-18
2.416217236	1.8002830543382712e-18
2.417372475	1.77588741926791e-18
2.418527714	1.5949919195179996e-18
2.419682953	1.3457648471830398e-18
2.420838193	1.0073612637873629e-18
2.421993432	4.8047976665686545e-19
2.423148671	-8.90409956786171e-21
2.42430391	-3.0030491545572015e-21
2.42545915	7.947231522288077e-19
2.426614389	1.6131660123402567e-18
2.427769628	1.825154567305761e-18
2.428924868	1.5043118332670203e-18
2.430080107	1.0017362129147067e-18
2.431235346	4.923455718662854e-19
2.432390585	2.3029981662053028e-20
2.433545825	-1.629763943471312e-19
2.434701064	1.4817991894902452e-19
2.435856303	8.819068783108207e-19
2.437011542	1.822294817845604e-18
2.438166782	2.4009386140885194e-18
2.439322021	2.190724002344472e-18
2.44047726	1.3088737822930544e-18
2.441632499	-1.074916759846012e-19
2.442787739	-2.6562798258443058e-18
2.443942978	-6.012300605569e-18
2.445098217	-7.954328339911628e-18
2.446253457	-6.243764708871025e-18
2.447408696	-3.4172109214920664e-18
2.448563935	-2.501520340641841e-18
2.449719174	-2.672969331793636e-18
2.450874414	-2.4831213482733106e-18
2.452029653	-1.687895547024317e-18
2.453184892	-1.184002881147629e-18
2.454340131	-1.3126091657695353e-18
2.455495371	-1.8839744184572458e-18
2.45665061	-2.0809812403810783e-18
2.457805849	-1.272871657878786e-18
2.458961089	-5.843579820062377e-19
2.460116328	-1.9384467917959112e-19
2.461271567	8.886285981961716e-20
2.462426806	3.4635063714206633e-19
2.463582046	5.474000566089732e-19
2.464737285	5.994170398119514e-19
2.465892524	4.601019640396241e-19
2.467047763	2.3004828475264763e-19
2.468203003	-7.633595686125208e-21
2.469358242	-2.0153539128479765e-19
2.470513481	-1.419838502713505e-19
2.47166872	4.86306488311636e-19
2.47282396	1.317759421369222e-18
2.473979199	2.076507299992203e-18
2.475134438	2.6201714424525625e-18
2.476289678	2.025223137623323e-18
2.477444917	-2.6395770981596737e-18
2.478600156	-1.5685066460219632e-17
2.479755395	-6.615342390806062e-17
2.480910635	8.954691922104049e-17
2.482065874	3.7571921154482206e-17
2.483221113	1.0857655431823057e-16
2.484376352	-1.2680070730127003e-17
2.485531592	-2.8134103131938895e-18
2.486686831	-1.0810178218170061e-18
2.48784207	1.1169957298972512e-18
2.488997309	3.058500512726613e-18
2.490152549	6.632195634427122e-18
2.491307788	1.1932582160272491e-17
2.492463027	1.614755888426388e-17
2.493618267	1.568573850711884e-17
2.494773506	3.05331434689771e-18
2.495928745	-6.178247103090262e-18
2.497083984	-8.760243049987439e-18