0.45	2.1772369668256065e-12
0.451153287	1.9250356661994926e-12
0.452306574	1.9452645057836084e-12
0.453459861	1.9465674902347577e-12
0.454613148	1.93989476894308e-12
0.455766435	1.9466219838079173e-12
0.456919722	1.994875664365077e-12
0.45807301	1.9590779663643485e-12
0.459226297	1.990538473158352e-12
0.460379584	2.0944040927407372e-12
0.461532871	2.120510492617164e-12
0.462686158	1.9712635839221e-12
0.463839445	2.0459035220508616e-12
0.464992732	2.1188379026261105e-12
0.466146019	2.1448155978834912e-12
0.467299306	2.137265659649824e-12
0.468452593	2.111328530418471e-12
0.46960588	2.09837463015473e-12
0.470759167	2.1896483835866937e-12
0.471912455	2.0855993507365255e-12
0.473065742	2.1828476181770972e-12
0.474219029	2.2234922233627187e-12
0.475372316	2.2297492162888917e-12
0.476525603	2.305148756731857e-12
0.47767889	2.2128396418454757e-12
0.478832177	2.307280249886144e-12
0.479985464	2.257946326874396e-12
0.481138751	2.2234160063581463e-12
0.482292038	2.276103036724629e-12
0.483445325	2.3582768898396046e-12
0.484598612	2.277271915263368e-12
0.4857519	1.7449366045364466e-12
0.486905187	1.7970081319386163e-12
0.488058474	1.9809096714855395e-12
0.489211761	2.1866578267215158e-12
0.490365048	2.1842476843736285e-12
0.491518335	2.2597395679098965e-12
0.492671622	2.2226830138805435e-12
0.493824909	2.294537986382424e-12
0.494978196	2.299866412904819e-12
0.496131483	2.373631141632579e-12
0.49728477	2.261222723031918e-12
0.498438057	2.280140592197756e-12
0.499591345	2.0863940328412258e-12
0.500744632	2.1256549570839226e-12
0.501897919	2.1771879968897346e-12
0.503051206	2.2167416937125718e-12
0.504204493	2.309428606505291e-12
0.50535778	2.256024066308709e-12
0.506511067	2.3027832391097955e-12
0.507664354	2.3623914018349794e-12
0.508817641	2.336593659189434e-12
0.509970928	2.3462913824258e-12
0.511124215	2.2998214341979978e-12
0.512277502	2.2997557949216905e-12
0.51343079	2.3141282219249288e-12
0.514584077	2.2793333976340034e-12
0.515737364	2.208345088916844e-12
0.516890651	2.3333577000102052e-12
0.518043938	2.3213573039747646e-12
0.519197225	2.316561780173073e-12
0.520350512	2.3107257568713697e-12
0.521503799	2.309992840730662e-12
0.522657086	2.420697833703836e-12
0.523810373	2.3701973521580854e-12
0.52496366	2.307445717641436e-12
0.526116947	2.327997230135609e-12
0.527270234	2.2736589395283806e-12
0.528423522	2.3062732193941516e-12
0.529576809	2.440449117104602e-12
0.530730096	2.368308087107439e-12
0.531883383	2.3188118513757796e-12
0.53303667	2.3792936448413383e-12
0.534189957	2.392167312194562e-12
0.535343244	2.4098445421796264e-12
0.536496531	2.4683349222637276e-12
0.537649818	2.4622027546728137e-12
0.538803105	2.376721301341916e-12
0.539956392	2.4037193893101897e-12
0.541109679	2.339479090654146e-12
0.542262967	2.2967788680711357e-12
0.543416254	2.318930448856611e-12
0.544569541	2.38977147944711e-12
0.545722828	2.3947924439974867e-12
0.546876115	2.4420928566074563e-12
0.548029402	2.4791689461040436e-12
0.549182689	2.4453843539664764e-12
0.550335976	2.474376048239169e-12
0.551489263	2.4850707984395214e-12
0.55264255	2.502240360646505e-12
0.553795837	2.4776664264254784e-12
0.554949124	2.4891661885642513e-12
0.556102412	2.5557539540806243e-12
0.557255699	2.5417178823074765e-12
0.558408986	2.5390993213635007e-12
0.559562273	2.511993023208927e-12
0.56071556	2.505166658784824e-12
0.561868847	2.5408257503913543e-12
0.563022134	2.5209468142135065e-12
0.564175421	2.5209655635204616e-12
0.565328708	2.52934227731665e-12
0.566481995	2.463632853965418e-12
0.567635282	2.3909801224489617e-12
0.568788569	2.5061250162721596e-12
0.569941857	2.4465523309186587e-12
0.571095144	2.496003515407781e-12
0.572248431	2.482208273694999e-12
0.573401718	2.516231416014868e-12
0.574555005	2.4811572945090547e-12
0.575708292	2.507408984017358e-12
0.576861579	2.5020095818801142e-12
0.578014866	2.463497583679524e-12
0.579168153	2.5141235215915298e-12
0.58032144	2.5092309119116124e-12
0.581474727	2.541940458478512e-12
0.582628014	2.537470886031598e-12
0.583781301	2.5662782552580007e-12
0.584934589	2.5720518260609193e-12
0.586087876	2.6431751731780952e-12
0.587241163	2.528056431137608e-12
0.58839445	2.462234083492986e-12
0.589547737	2.6046994845173726e-12
0.590701024	2.4749837091904485e-12
0.591854311	2.552442961103858e-12
0.593007598	2.534745130586089e-12
0.594160885	2.556818884685289e-12
0.595314172	2.5491229868383347e-12
0.596467459	2.528094108941458e-12
0.597620746	2.5578361924507407e-12
0.598774034	2.560701978101022e-12
0.599927321	2.5137520306616363e-12
0.601080608	2.546932394764987e-12
0.602233895	2.582567896989005e-12
0.603387182	2.538194095872987e-12
0.604540469	2.5546424092476344e-12
0.605693756	2.6028667234347694e-12
0.606847043	2.6137942985787114e-12
0.60800033	2.561809646256567e-12
0.609153617	2.532326153197143e-12
0.610306904	2.516951699062157e-12
0.611460191	2.4094774713907797e-12
0.612613479	2.359461023812506e-12
0.613766766	2.285699016138485e-12
0.614920053	2.1331998522216514e-12
0.61607334	2.1150475508381353e-12
0.617226627	2.045513483803009e-12
0.618379914	1.91682206683977e-12
0.619533201	1.9383458220178565e-12
0.620686488	1.92811975948508e-12
0.621839775	2.0128851567824003e-12
0.622993062	2.0801807265085377e-12
0.624146349	2.1798816518594135e-12
0.625299636	2.309036976320963e-12
0.626452924	2.4064652075673483e-12
0.627606211	2.4234974331937527e-12
0.628759498	2.458668133777295e-12
0.629912785	2.4929087348595436e-12
0.631066072	2.5035390203512905e-12
0.632219359	2.537508198495709e-12
0.633372646	2.545317407879125e-12
0.634525933	2.510373817317743e-12
0.63567922	2.5350924820313216e-12
0.636832507	2.5235110662666863e-12
0.637985794	2.5352025366952573e-12
0.639139081	2.5336773188111746e-12
0.640292369	2.524124378112195e-12
0.641445656	2.517963595408622e-12
0.642598943	2.533648822347642e-12
0.64375223	2.486164495894838e-12
0.644905517	2.4089660083992365e-12
0.646058804	2.4335875896683313e-12
0.647212091	2.4588237807362544e-12
0.648365378	2.4040034802862623e-12
0.649518665	2.394403684121043e-12
0.650671952	2.4103376507391233e-12
0.651825239	2.404869189358793e-12
0.652978526	2.4206576328046576e-12
0.654131813	2.42036019181128e-12
0.655285101	2.180170107831834e-12
0.656438388	1.8116343876592037e-12
0.657591675	2.3134152350517515e-12
0.658744962	2.5233386209650106e-12
0.659898249	2.4484541010276092e-12
0.661051536	2.361987269904732e-12
0.662204823	2.356515325720221e-12
0.66335811	2.336734084438658e-12
0.664511397	2.294469818848044e-12
0.665664684	2.2551384964088967e-12
0.666817971	2.2510363084828127e-12
0.667971258	2.2444445942282882e-12
0.669124546	2.2514229166272877e-12
0.670277833	2.2671361712655204e-12
0.67143112	2.2861104448709536e-12
0.672584407	2.3140487272287536e-12
0.673737694	2.317907917838456e-12
0.674890981	2.3289298791499908e-12
0.676044268	2.358551549295531e-12
0.677197555	2.3711140069230844e-12
0.678350842	2.351862557834464e-12
0.679504129	2.3523160865970528e-12
0.680657416	2.3403661679688075e-12
0.681810703	2.3330998341809767e-12
0.682963991	2.3039867896334603e-12
0.684117278	2.308657535963996e-12
0.685270565	2.3260734096561146e-12
0.686423852	2.337660125503088e-12
0.687577139	2.3653958709313026e-12
0.688730426	2.367286783482391e-12
0.689883713	2.361950491704442e-12
0.691037	2.352476681931199e-12
0.692190287	2.3393762630336255e-12
0.693343574	2.298064349047415e-12
0.694496861	2.2716059133213676e-12
0.695650148	2.2536103102089822e-12
0.696803436	2.2249510785966568e-12
0.697956723	2.1852348342554793e-12
0.69911001	2.1070869629417115e-12
0.700263297	2.0306171871000756e-12
0.701416584	1.991550404051778e-12
0.702569871	1.9679085329254374e-12
0.703723158	1.9663807197268883e-12
0.704876445	1.9752966585521516e-12
0.706029732	1.990179620269254e-12
0.707183019	2.0478936162668227e-12
0.708336306	2.0987373880434497e-12
0.709489593	2.0986555137394652e-12
0.710642881	2.067913947121739e-12
0.711796168	2.0563559438077865e-12
0.712949455	2.0734777452224686e-12
0.714102742	2.081795493868876e-12
0.715256029	2.0377765638697795e-12
0.716409316	1.8842335048400716e-12
0.717562603	1.6326966779471155e-12
0.71871589	1.389545816756865e-12
0.719869177	1.240664406614597e-12
0.721022464	1.166741960599861e-12
0.722175751	1.0912236430368362e-12
0.723329038	9.596563905874806e-13
0.724482325	8.182653682257465e-13
0.725635613	6.813297525979639e-13
0.7267889	6.082600144597744e-13
0.727942187	6.032170285336493e-13
0.729095474	6.652555145751522e-13
0.730248761	7.778423215797627e-13
0.731402048	9.164480963646661e-13
0.732555335	1.0731066936661464e-12
0.733708622	1.2222473153015255e-12
0.734861909	1.3566256548466614e-12
0.736015196	1.484714020184499e-12
0.737168483	1.593080052164886e-12
0.73832177	1.7076081246411221e-12
0.739475058	1.7968951408467584e-12
0.740628345	1.872479834879067e-12
0.741781632	1.902123098758337e-12
0.742934919	1.916390855232428e-12
0.744088206	1.9228019858655757e-12
0.745241493	1.943864758385825e-12
0.74639478	1.9221696902276037e-12
0.747548067	1.917497928258265e-12
0.748701354	1.921069169660899e-12
0.749854641	1.922928437263247e-12
0.751007928	1.926921028408908e-12
0.752161215	1.9213594184782955e-12
0.753314503	1.8945752244716944e-12
0.75446779	1.882686892676645e-12
0.755621077	1.8576725300966894e-12
0.756774364	1.8075058084392184e-12
0.757927651	1.7893347540915394e-12
0.759080938	1.7872539984681614e-12
0.760234225	1.7151628597945097e-12
0.761387512	1.5618226135598336e-12
0.762540799	1.515854832404504e-12
0.763694086	1.5486681765886067e-12
0.764847373	1.5667570174204202e-12
0.76600066	1.6163381499089454e-12
0.767153948	1.6740635144842214e-12
0.768307235	1.7011788770447761e-12
0.769460522	1.6812202813197513e-12
0.770613809	1.645800733719342e-12
0.771767096	1.6211218023950686e-12
0.772920383	1.57567646963966e-12
0.77407367	1.5572731055791832e-12
0.775226957	1.5567239894776226e-12
0.776380244	1.50622552896234e-12
0.777533531	1.406691013317465e-12
0.778686818	1.4386333157655994e-12
0.779840105	1.3697296727412285e-12
0.780993392	1.269535903110998e-12
0.78214668	1.186584296755681e-12
0.783299967	1.1380628566999347e-12
0.784453254	1.1184051266551738e-12
0.785606541	1.1335355530449165e-12
0.786759828	1.1570343312862466e-12
0.787913115	1.160942859727485e-12
0.789066402	1.169916132375045e-12
0.790219689	1.1643558385938483e-12
0.791372976	1.1425551277740545e-12
0.792526263	1.1001141279972405e-12
0.79367955	1.0755438399515637e-12
0.794832837	1.0588515245188133e-12
0.795986125	1.0546983885243342e-12
0.797139412	1.055628601426587e-12
0.798292699	1.0553220850692556e-12
0.799445986	1.0671093122890886e-12
0.800599273	1.0820346823668078e-12
0.80175256	1.095883042092394e-12
0.802905847	1.1254874044252991e-12
0.804059134	1.163258128657419e-12
0.805212421	1.1940830494129197e-12
0.806365708	1.2078431315630081e-12
0.807518995	1.2255033960256416e-12
0.808672282	1.2498093295808726e-12
0.80982557	1.2687809869254368e-12
0.810978857	1.2868800602077132e-12
0.812132144	1.3092781777993791e-12
0.813285431	1.3154773148068523e-12
0.814438718	1.3154190997532239e-12
0.815592005	1.3089687308390077e-12
0.816745292	1.3061093137454454e-12
0.817898579	1.3330758423160204e-12
0.819051866	1.3594996552765462e-12
0.820205153	1.3919828331106989e-12
0.82135844	1.4154576060312729e-12
0.822511727	1.3846988245818964e-12
0.823665015	1.4137867175579397e-12
0.824818302	1.464417715609819e-12
0.825971589	1.4814895425908517e-12
0.827124876	1.4881659549536141e-12
0.828278163	1.4686977561236016e-12
0.82943145	1.4597260229782387e-12
0.830584737	1.4400541285940728e-12
0.831738024	1.4110627491613594e-12
0.832891311	1.3872882175698389e-12
0.834044598	1.337981210491228e-12
0.835197885	1.2547400647408601e-12
0.836351172	1.1436299438653412e-12
0.83750446	1.0467311456341902e-12
0.838657747	9.895427183168322e-13
0.839811034	9.431468515106266e-13
0.840964321	9.256572699742557e-13
0.842117608	9.616859594852918e-13
0.843270895	1.0093411027329155e-12
0.844424182	1.04081587543142e-12
0.845577469	1.1624932129284764e-12
0.846730756	1.1427224671645072e-12
0.847884043	1.2316477642056006e-12
0.84903733	1.2223792238062819e-12
0.850190617	1.000802592214783e-12
0.851343904	9.93526046963261e-13
0.852497192	1.0163530795585293e-12
0.853650479	8.209790014425171e-13
0.854803766	6.137769591480752e-13
0.855957053	7.348459604126911e-13
0.85711034	7.792783145667847e-13
0.858263627	6.743530029472113e-13
0.859416914	5.217422766285714e-13
0.860570201	4.583463156981921e-13
0.861723488	4.435525908163113e-13
0.862876775	4.137999753054597e-13
0.864030062	3.9845323036754377e-13
0.865183349	3.7099218406167653e-13
0.866336637	2.9791679072150646e-13
0.867489924	3.673041536350063e-13
0.868643211	5.205649053766057e-13
0.869796498	6.484628037695074e-13
0.870949785	7.16401383122227e-13
0.872103072	7.809219860200138e-13
0.873256359	7.922765974303984e-13
0.874409646	6.923089537597306e-13
0.875562933	6.679431954191077e-13
0.87671622	7.794403258203901e-13
0.877869507	7.489764004090148e-13
0.879022794	6.276214769960661e-13
0.880176082	4.86994595454804e-13
0.881329369	3.48427645831838e-13
0.882482656	2.3838348986585745e-13
0.883635943	1.7866228264346324e-13
0.88478923	1.548507279522774e-13
0.885942517	1.2709207735172098e-13
0.887095804	1.2759305401074285e-13
0.888249091	1.4486107531555412e-13
0.889402378	1.544961488060329e-13
0.890555665	1.5835903139778613e-13
0.891708952	1.5894245870303759e-13
0.892862239	1.5525085843599914e-13
0.894015527	1.5543450673146021e-13
0.895168814	1.588666948735925e-13
0.896322101	1.6942103644331404e-13
0.897475388	1.8564049046458026e-13
0.898628675	1.947750863477291e-13
0.899781962	2.0210002783792656e-13
0.900935249	2.0222047409529134e-13
0.902088536	2.491269385104536e-13
0.903241823	3.6566941880187637e-13
0.90439511	4.631581324380044e-13
0.905548397	5.257011736184161e-13
0.906701684	5.595493653633273e-13
0.907854972	5.967814986659636e-13
0.909008259	6.201087865173716e-13
0.910161546	6.462870380425297e-13
0.911314833	6.739108842555287e-13
0.91246812	6.781304388644942e-13
0.913621407	6.691720492433203e-13
0.914774694	6.862061236313669e-13
0.915927981	6.788878721861035e-13
0.917081268	6.929000972507357e-13
0.918234555	7.066131105466604e-13
0.919387842	7.275610624544914e-13
0.920541129	7.352594403842749e-13
0.921694416	6.742259328251055e-13
0.922847704	5.932140352236069e-13
0.924000991	6.638152008863174e-13
0.925154278	7.363908651051821e-13
0.926307565	7.244663763692616e-13
0.927460852	7.240070007229892e-13
0.928614139	7.187398268117462e-13
0.929767426	6.937454511002582e-13
0.930920713	6.524262956212636e-13
0.932074	5.896753479173656e-13
0.933227287	5.483614982996266e-13
0.934380574	5.000117145538833e-13
0.935533861	5.021464230262209e-13
0.936687149	5.050339023276372e-13
0.937840436	5.084745838078185e-13
0.938993723	5.510392235869315e-13
0.94014701	5.425909923607879e-13
0.941300297	5.038438980199026e-13
0.942453584	4.59549358767973e-13
0.943606871	4.2277555803337974e-13
0.944760158	4.190460594528413e-13
0.945913445	4.18777786978305e-13
0.947066732	4.2942928965725277e-13
0.948220019	4.1964914653075276e-13
0.949373306	4.104244630526812e-13
0.950526594	4.130293832885941e-13
0.951679881	4.324975957511179e-13
0.952833168	4.4822299341832505e-13
0.953986455	4.4561424913303827e-13
0.955139742	4.076136290597758e-13
0.956293029	4.1643562202680873e-13
0.957446316	4.1647646524285835e-13
0.958599603	3.8195263060671446e-13
0.95975289	3.613780990419609e-13
0.960906177	3.520140067997092e-13
0.962059464	3.3815921534336676e-13
0.963212751	3.358467409434293e-13
0.964366039	3.280977215464292e-13
0.965519326	3.247829553613642e-13
0.966672613	3.1559682640674283e-13
0.9678259	3.1541393995496625e-13
0.968979187	3.16079053810073e-13
0.970132474	0.
0.971285761	0.
0.972439048	0.
0.973592335	0.
0.974745622	0.
0.975898909	0.
0.977052196	0.
0.978205483	0.
0.979358771	0.
0.980512058	0.
0.981665345	0.
0.982818632	0.
0.983971919	0.
0.985125206	0.
0.986278493	0.
0.98743178	0.
0.988585067	0.
0.989738354	0.
0.990891641	0.
0.992044928	0.
0.993198216	0.
0.994351503	0.
0.99550479	0.
0.996658077	0.
0.997811364	2.320598617022154e-13
0.998964651	2.252147321852263e-13
1.000117938	2.1437265670758054e-13
1.001271225	1.8882830889236924e-13
1.002424512	1.655759008333152e-13
1.003577799	1.430052892347411e-13
1.004731086	1.272226253287698e-13
1.005884373	1.2656389129183452e-13
1.007037661	1.346501080182076e-13
1.008190948	1.4300173676801654e-13
1.009344235	1.6187870696181848e-13
1.010497522	1.8551635318741343e-13
1.011650809	2.0962505907550169e-13
1.012804096	2.3677257417821967e-13
1.013957383	2.6669774743829286e-13
1.01511067	2.9394257982128347e-13
1.016263957	3.198661020213404e-13
1.017417244	3.421138734282302e-13
1.018570531	3.5910733014119473e-13
1.019723818	3.797251951778416e-13
1.020877106	4.030986312176689e-13
1.022030393	4.231525035847768e-13
1.02318368	4.4607168403206013e-13
1.024336967	4.707965393112262e-13
1.025490254	4.964460153793197e-13
1.026643541	5.178828855013474e-13
1.027796828	5.339289694336997e-13
1.028950115	5.532487565364285e-13
1.030103402	5.755198935175888e-13
1.031256689	5.91798995048793e-13
1.032409976	6.148888595689968e-13
1.033563263	6.531674751532425e-13
1.034716551	6.832716438523061e-13
1.035869838	7.004325836551625e-13
1.037023125	7.269972626105157e-13
1.038176412	7.560121049237224e-13
1.039329699	7.694200142595754e-13
1.040482986	7.784947081949664e-13
1.041636273	7.904903128412457e-13
1.04278956	7.976041798266759e-13
1.043942847	7.971551932325144e-13
1.045096134	8.003734673398262e-13
1.046249421	8.035054891975063e-13
1.047402708	7.950970023871886e-13
1.048555995	7.884096977427851e-13
1.049709283	7.868883091635554e-13
1.05086257	7.929378329119241e-13
1.052015857	8.000736414725675e-13
1.053169144	8.118962641355452e-13
1.054322431	8.206597812426429e-13
1.055475718	8.182856815783952e-13
1.056629005	8.220049904232006e-13
1.057782292	8.361216071055611e-13
1.058935579	8.394599148026846e-13
1.060088866	8.317252865963314e-13
1.061242153	8.215223728624533e-13
1.06239544	8.280677662996184e-13
1.063548728	8.303710323218198e-13
1.064702015	8.22698144419839e-13
1.065855302	8.135239559582209e-13
1.067008589	8.052737335072001e-13
1.068161876	8.03934242607564e-13
1.069315163	8.118533693232626e-13
1.07046845	8.175964106969779e-13
1.071621737	8.116043926676002e-13
1.072775024	8.083873461623204e-13
1.073928311	8.115327256844734e-13
1.075081598	8.094911571616341e-13
1.076234885	8.041310215701297e-13
1.077388173	8.038054243828311e-13
1.07854146	7.989404035231653e-13
1.079694747	7.845691763798644e-13
1.080848034	7.855552117154296e-13
1.082001321	7.994040325030087e-13
1.083154608	7.938657348870042e-13
1.084307895	7.758873330639858e-13
1.085461182	7.574588213288673e-13
1.086614469	7.55177943694664e-13
1.087767756	7.709691815644034e-13
1.088921043	7.573571874125934e-13
1.09007433	7.181736709567789e-13
1.091227618	6.86574082551187e-13
1.092380905	6.659892196930808e-13
1.093534192	6.659212362149388e-13
1.094687479	6.544703606922224e-13
1.095840766	6.213984400474414e-13
1.096994053	5.970419212713484e-13
1.09814734	5.796300849968817e-13
1.099300627	5.557480367364095e-13
1.100453914	5.369205783194965e-13
1.101607201	5.312550354558873e-13
1.102760488	5.219074942018051e-13
1.103913775	5.039694060830616e-13
1.105067063	4.86087648440239e-13
1.10622035	4.672853559659983e-13
1.107373637	4.446876949022877e-13
1.108526924	4.148266163424753e-13
1.109680211	3.786172569350822e-13
1.110833498	3.41098690391494e-13
1.111986785	3.035223259961143e-13
1.113140072	2.667047131419182e-13
1.114293359	2.3133823823125467e-13
1.115446646	1.9835584663328572e-13
1.116599933	1.681016635738215e-13
1.11775322	1.4104299965700223e-13
1.118906507	1.1797853557427732e-13
1.120059795	9.781437078320155e-14
1.121213082	7.838838766849258e-14
1.122366369	6.019946511287228e-14
1.123519656	4.529497579240633e-14
1.124672943	3.3649742652788826e-14
1.12582623	2.5115292287479316e-14
1.126979517	1.9305774537095088e-14
1.128132804	1.577164683235403e-14
1.129286091	1.4453830145952677e-14
1.130439378	1.4679904001656638e-14
1.131592665	1.584265513820825e-14
1.132745952	1.7903433716590958e-14
1.13389924	2.0646451115104746e-14
1.135052527	2.3537786196539476e-14
1.136205814	2.6373447208623767e-14
1.137359101	2.9400019125596176e-14
1.138512388	3.212708036665991e-14
1.139665675	3.436766012413699e-14
1.140818962	3.608228962460175e-14
1.141972249	3.6909368687453534e-14
1.143125536	3.6938099646192665e-14
1.144278823	3.555199432886643e-14
1.14543211	3.246794016719047e-14
1.146585397	2.8604078585791426e-14
1.147738685	2.445550789965013e-14
1.148891972	2.014072235740519e-14
1.150045259	1.6038777759905737e-14
1.151198546	1.2471823092500113e-14
1.152351833	9.58886042858255e-15
1.15350512	7.59007051813593e-15
1.154658407	6.3387919759193656e-15
1.155811694	5.620901425181038e-15
1.156964981	5.220827162348784e-15
1.158118268	4.963950011309387e-15
1.159271555	4.870856477918494e-15
1.160424842	4.884379336331333e-15
1.16157813	4.930612883950206e-15
1.162731417	4.9038149780000035e-15
1.163884704	5.0467538120547905e-15
1.165037991	5.565665091606736e-15
1.166191278	6.5930126797412044e-15
1.167344565	8.221889417524636e-15
1.168497852	1.0452578196350376e-14
1.169651139	1.3309141771446571e-14
1.170804426	1.6537935941986154e-14
1.171957713	1.989108435105502e-14
1.173111	2.295938948879687e-14
1.174264287	2.5507768254133754e-14
1.175417574	2.743396846727237e-14
1.176570862	2.822707937442028e-14
1.177724149	2.79660660333141e-14
1.178877436	2.6854017518621147e-14
1.180030723	2.5165024412759987e-14
1.18118401	2.3671716424464803e-14
1.182337297	2.24883770060887e-14
1.183490584	2.1711301622310027e-14
1.184643871	2.1100433151607783e-14
1.185797158	2.0667828207105108e-14
1.186950445	2.1593061715230667e-14
1.188103732	2.4090775552272395e-14
1.189257019	2.7405523228352155e-14
1.190410307	3.151187801947168e-14
1.191563594	3.664047989356614e-14
1.192716881	4.2471018310842544e-14
1.193870168	4.856937856084024e-14
1.195023455	5.533319085047806e-14
1.196176742	6.317623975027617e-14
1.197330029	7.324717631518933e-14
1.198483316	8.446676216996356e-14
1.199636603	9.433262464792596e-14
1.20078989	1.0502503887387164e-13
1.201943177	1.181091325748762e-13
1.203096464	1.3645388356341436e-13
1.204249752	1.5824133543600129e-13
1.205403039	1.7502768358500502e-13
1.206556326	1.9311504104802322e-13
1.207709613	2.1920377413083348e-13
1.2088629	2.4229737301036525e-13
1.210016187	2.57850756992622e-13
1.211169474	2.722113705171159e-13
1.212322761	2.8509284843641733e-13
1.213476048	2.9742161307509346e-13
1.214629335	3.092360363454346e-13
1.215782622	3.216042041865361e-13
1.216935909	3.3640859975259336e-13
1.218089197	3.5021212724913165e-13
1.219242484	3.601235136886955e-13
1.220395771	3.6258483161717254e-13
1.221549058	3.5589134486148056e-13
1.222702345	3.4410375869998045e-13
1.223855632	3.2937508068484697e-13
1.225008919	3.129475162672266e-13
1.226162206	2.968797296979775e-13
1.227315493	2.841249521126522e-13
1.22846878	2.728552405861786e-13
1.229622067	2.6155163408438063e-13
1.230775354	2.548638119475748e-13
1.231928642	2.5372340007314384e-13
1.233081929	2.5571700451504524e-13
1.234235216	2.6058661363577554e-13
1.235388503	2.688893901293474e-13
1.23654179	2.8019336008660223e-13
1.237695077	2.941512453358174e-13
1.238848364	3.135437707984928e-13
1.240001651	3.3689031147073056e-13
1.241154938	3.5869277612355896e-13
1.242308225	3.762658187871295e-13
1.243461512	3.8585709076845305e-13
1.244614799	3.8918405527237817e-13
1.245768086	3.883202398939261e-13
1.246921374	3.876977074307347e-13
1.248074661	3.9136240262413273e-13
1.249227948	3.9581938464842254e-13
1.250381235	4.016237892310469e-13
1.251534522	4.1076095932446257e-13
1.252687809	4.1750702593689776e-13
1.253841096	4.1992927410205354e-13
1.254994383	4.226731503976863e-13
1.25614767	4.257383308822469e-13
1.257300957	4.267456804356003e-13
1.258454244	4.261163513300363e-13
1.259607531	4.235539698418524e-13
1.260760819	4.205392350910179e-13
1.261914106	4.177594231539426e-13
1.263067393	4.1450994274930405e-13
1.26422068	4.117271261150442e-13
1.265373967	4.118594134595567e-13
1.266527254	4.165182821988662e-13
1.267680541	4.252033301258207e-13
1.268833828	4.3052802536371113e-13
1.269987115	4.2880570290855334e-13
1.271140402	4.2778903374694397e-13
1.272293689	4.290784160390098e-13
1.273446976	4.323646861182927e-13
1.274600264	4.3749048217580783e-13
1.275753551	4.4117295120121697e-13
1.276906838	4.4442588256745956e-13
1.278060125	4.4497427245563905e-13
1.279213412	4.3763182594448124e-13
1.280366699	4.3298582766721033e-13
1.281519986	4.5144145323024704e-13
1.282673273	4.554191456795444e-13
1.28382656	4.306007165255133e-13
1.284979847	4.178790004490368e-13
1.286133134	4.1967144711439573e-13
1.287286421	4.2146215777355035e-13
1.288439709	4.188443995390978e-13
1.289592996	4.165727244015898e-13
1.290746283	4.1226812753450356e-13
1.29189957	4.0580578859130084e-13
1.293052857	4.0407285060496907e-13
1.294206144	4.045064584420463e-13
1.295359431	4.010391280459345e-13
1.296512718	3.9529311283660723e-13
1.297666005	3.8885915609438704e-13
1.298819292	3.785974894328415e-13
1.299972579	3.6487210328670466e-13
1.301125866	3.5374574483534285e-13
1.302279153	3.450844530705584e-13
1.303432441	3.3550959438618405e-13
1.304585728	3.2408502647193427e-13
1.305739015	3.099089313449462e-13
1.306892302	2.955417474132517e-13
1.308045589	2.8132186053242977e-13
1.309198876	2.654146242566776e-13
1.310352163	2.4873889344762346e-13
1.31150545	2.3367224226389545e-13
1.312658737	2.1540954229403187e-13
1.313812024	1.9295924804536703e-13
1.314965311	1.739422143156648e-13
1.316118598	1.5800289327867925e-13
1.317271886	1.3998736466353228e-13
1.318425173	1.2359803636757096e-13
1.31957846	1.123145809220102e-13
1.320731747	1.0441755118444959e-13
1.321885034	9.889436607595195e-14
1.323038321	9.448999692654081e-14
1.324191608	9.053013534789443e-14
1.325344895	8.761620157932886e-14
1.326498182	8.510699579875161e-14
1.327651469	8.229983966090423e-14
1.328804756	7.96658494480554e-14
1.329958043	7.71010481204661e-14
1.331111331	7.355466798683158e-14
1.332264618	6.905512048625673e-14
1.333417905	6.388706628231285e-14
1.334571192	5.867027905693252e-14
1.335724479	5.3820081604651934e-14
1.336877766	4.857324421614419e-14
1.338031053	4.269519566737524e-14
1.33918434	3.6949181404864286e-14
1.340337627	3.1405699407001065e-14
1.341490914	2.6161502981324093e-14
1.342644201	2.1873349722242147e-14
1.343797488	1.844898386138034e-14
1.344950776	1.578299994118248e-14
1.346104063	1.3830067704049815e-14
1.34725735	1.245386430763355e-14
1.348410637	1.156363902273613e-14
1.349563924	1.113544746304087e-14
1.350717211	1.0637811045751234e-14
1.351870498	9.831211595170624e-15
1.353023785	8.954015662398698e-15
1.354177072	8.01386573197649e-15
1.355330359	7.242163272568179e-15
1.356483646	6.593767699955509e-15
1.357636933	5.945439396378616e-15
1.358790221	5.609292142231555e-15
1.359943508	5.767208130650871e-15
1.361096795	6.342176038521005e-15
1.362250082	7.23174534241554e-15
1.363403369	8.267434333239508e-15
1.364556656	8.784221247037044e-15
1.365709943	8.761995974429674e-15
1.36686323	8.523618381830367e-15
1.368016517	8.37549165548817e-15
1.369169804	8.789994682048387e-15
1.370323091	9.143826064874693e-15
1.371476378	9.141858018730219e-15
1.372629665	8.772647027529841e-15
1.373782953	8.054581661576524e-15
1.37493624	7.469015695523494e-15
1.376089527	7.060443033552884e-15
1.377242814	6.792183878207081e-15
1.378396101	6.7659725025422e-15
1.379549388	6.8850502133113e-15
1.380702675	7.07890373009131e-15
1.381855962	7.229522822901169e-15
1.383009249	7.120751918151146e-15
1.384162536	6.805525721420652e-15
1.385315823	6.418138910713507e-15
1.38646911	6.018812303500588e-15
1.387622398	5.663097943288626e-15
1.388775685	5.4226021330837936e-15
1.389928972	5.287394747633811e-15
1.391082259	5.1616344852529035e-15
1.392235546	5.031912101202473e-15
1.393388833	4.9380613457874845e-15
1.39454212	4.85180168447265e-15
1.395695407	4.75221917207232e-15
1.396848694	4.629312372394239e-15
1.398001981	4.493224625218082e-15
1.399155268	4.410488845275891e-15
1.400308555	4.382923658510235e-15
1.401461843	4.302530828822736e-15
1.40261513	4.19451906007859e-15
1.403768417	4.084105747817881e-15
1.404921704	3.904806271029857e-15
1.406074991	3.7131252434613825e-15
1.407228278	3.577807170886598e-15
1.408381565	3.5458585404424865e-15
1.409534852	3.646729537971544e-15
1.410688139	3.9463584325839525e-15
1.411841426	4.4803037941282866e-15
1.412994713	5.1924866060291755e-15
1.414148	6.094993547597432e-15
1.415301288	7.10074994081675e-15
1.416454575	8.167061979825171e-15
1.417607862	9.267111571719455e-15
1.418761149	1.0336206945332728e-14
1.419914436	1.1485699832909865e-14
1.421067723	1.2804768468067508e-14
1.42222101	1.4268182385945002e-14
1.423374297	1.5579027554321388e-14
1.424527584	1.6860416455257754e-14
1.425680871	1.84311396480143e-14
1.426834158	2.0013442711231817e-14
1.427987445	2.1548383541500474e-14
1.429140733	2.32613102776131e-14
1.43029402	2.5232209448170056e-14
1.431447307	2.7585680090250664e-14
1.432600594	3.032587268880298e-14
1.433753881	3.3369117954824165e-14
1.434907168	3.641083107127225e-14
1.436060455	3.925430076959517e-14
1.437213742	4.1839401458736483e-14
1.438367029	4.41899120460249e-14
1.439520316	4.70375348408383e-14
1.440673603	4.8770224707649594e-14
1.44182689	4.8469670469794794e-14
1.442980177	4.840316371056321e-14
1.444133465	4.888692819792385e-14
1.445286752	4.8393813967540984e-14
1.446440039	4.742451959639534e-14
1.447593326	4.707234433058118e-14
1.448746613	4.66269920066729e-14
1.4498999	4.6222760373348296e-14
1.451053187	4.6627639150576105e-14
1.452206474	4.777295663986602e-14
1.453359761	4.9259041489167907e-14
1.454513048	5.120367721443954e-14
1.455666335	5.404627827930008e-14
1.456819622	5.723108069144041e-14
1.45797291	5.993308741284614e-14
1.459126197	6.308478143911322e-14
1.460279484	6.702325294921555e-14
1.461432771	7.185765096569025e-14
1.462586058	7.721483499921366e-14
1.463739345	8.248810556240198e-14
1.464892632	8.76866240447031e-14
1.466045919	9.241181381356436e-14
1.467199206	9.499356692008007e-14
1.468352493	9.525083675726294e-14
1.46950578	9.486931561558623e-14
1.470659067	9.384330202252869e-14
1.471812355	9.250560494851529e-14
1.472965642	9.14913383774849e-14
1.474118929	8.966238908238753e-14
1.475272216	8.580468233099753e-14
1.476425503	8.702590138225647e-14
1.47757879	8.852054990173819e-14
1.478732077	9.016664595548284e-14
1.479885364	9.139387040754483e-14
1.481038651	9.772411316334607e-14
1.482191938	1.0796293714835649e-13
1.483345225	1.16348157910583e-13
1.484498512	1.2703806791002922e-13
1.4856518	1.3447002730605666e-13
1.486805087	1.48631093043115e-13
1.487958374	1.6999301649609852e-13
1.489111661	1.7455733763311258e-13
1.490264948	1.730823706200735e-13
1.491418235	1.7900589082570955e-13
1.492571522	1.8729051858226994e-13
1.493724809	1.9085342597954444e-13
1.494878096	1.9351784192955466e-13
1.496031383	1.990104488915959e-13
1.49718467	1.995737396636203e-13
1.498337957	1.9590722176527448e-13
1.499491244	1.9237472375727843e-13
1.500644532	1.9368653568331342e-13
1.501797819	1.9549465367275007e-13
1.502951106	1.9474133022569806e-13
1.504104393	1.9579319216068122e-13
1.50525768	1.9839807956401062e-13
1.506410967	1.9951996532376163e-13
1.507564254	1.9682922044950702e-13
1.508717541	1.9668304841959994e-13
1.509870828	1.9691526319294655e-13
1.511024115	1.9991724160208965e-13
1.512177402	2.0488679069797573e-13
1.513330689	2.0804926496773355e-13
1.514483977	2.102377587176031e-13
1.515637264	2.100558859128723e-13
1.516790551	2.1062578479528386e-13
1.517943838	2.131603699373304e-13
1.519097125	2.1624060504557766e-13
1.520250412	2.194612258831857e-13
1.521403699	2.2389938027233442e-13
1.522556986	2.281907170503941e-13
1.523710273	2.2776416106987814e-13
1.52486356	2.2428087939883392e-13
1.526016847	2.2087171442410945e-13
1.527170134	2.2074114851393124e-13
1.528323422	2.2443797706954952e-13
1.529476709	2.323387701704139e-13
1.530629996	2.3552280177392976e-13
1.531783283	2.301386343521731e-13
1.53293657	2.2884217815548427e-13
1.534089857	2.3313095476581163e-13
1.535243144	2.3436482535730535e-13
1.536396431	2.3421737860652674e-13
1.537549718	2.3783223045186293e-13
1.538703005	2.4041345035111253e-13
1.539856292	2.402350852761654e-13
1.541009579	2.360815264986481e-13
1.542162867	2.308859353467034e-13
1.543316154	2.287767933531546e-13
1.544469441	2.3080359218360355e-13
1.545622728	2.3423994019228e-13
1.546776015	2.392622410310442e-13
1.547929302	2.4535480212536885e-13
1.549082589	2.4614465747968694e-13
1.550235876	2.429912842001524e-13
1.551389163	2.3756294964369184e-13
1.55254245	2.341132001437832e-13
1.553695737	2.3534148780869643e-13
1.554849024	2.34502542759578e-13
1.556002312	2.316338502016081e-13
1.557155599	2.3051376215941494e-13
1.558308886	2.3216089235483176e-13
1.559462173	2.3458488021941776e-13
1.56061546	2.3675609938894543e-13
1.561768747	2.359342755310405e-13
1.562922034	2.355473167604001e-13
1.564075321	2.3580746580799774e-13
1.565228608	2.343781631694869e-13
1.566381895	2.330288781553186e-13
1.567535182	2.307261565044272e-13
1.568688469	2.263671469620845e-13
1.569841756	2.211949110727145e-13
1.570995044	2.1983226288524746e-13
1.572148331	2.235688059425527e-13
1.573301618	2.307580934426182e-13
1.574454905	2.37403267926848e-13
1.575608192	2.4241462191658134e-13
1.576761479	2.4737912885641326e-13
1.577914766	2.4846861526738197e-13
1.579068053	2.4469543520691933e-13
1.58022134	2.383438719147219e-13
1.581374627	2.4395188526617534e-13
1.582527914	2.509048239058416e-13
1.583681201	2.440692161394359e-13
1.584834489	2.33804523116611e-13
1.585987776	2.2500482580291703e-13
1.587141063	2.211182228163005e-13
1.58829435	2.2789327022497347e-13
1.589447637	2.420270114240659e-13
1.590600924	2.5363051184528134e-13
1.591754211	2.5094824367331954e-13
1.592907498	2.462392598453768e-13
1.594060785	2.4450000020615525e-13
1.595214072	2.486348550992655e-13
1.596367359	2.5191654586422056e-13
1.597520646	2.4335395504199473e-13
1.598673934	2.362682982753498e-13
1.599827221	2.3895040686379395e-13
1.600980508	2.399642896020887e-13
1.602133795	2.366601303052274e-13
1.603287082	2.3455204388202423e-13
1.604440369	2.3265125732052584e-13
1.605593656	2.3189269715378256e-13
1.606746943	2.2936132697354975e-13
1.60790023	2.2406184369232267e-13
1.609053517	2.2238395453669198e-13
1.610206804	2.2282937027533323e-13
1.611360091	2.195680093810526e-13
1.612513379	2.1442956312353396e-13
1.613666666	2.0771019092263085e-13
1.614819953	2.0271085002450163e-13
1.61597324	2.007782206571003e-13
1.617126527	1.8860016310542822e-13
1.618279814	1.7224960010930969e-13
1.619433101	1.6215877903549527e-13
1.620586388	1.502978990912195e-13
1.621739675	1.3529473697184526e-13
1.622892962	1.1990140777211883e-13
1.624046249	1.0632483721840898e-13
1.625199536	9.445112982000964e-14
1.626352824	8.305994910541122e-14
1.627506111	7.125989381463291e-14
1.628659398	6.064347688794722e-14
1.629812685	5.132028713370433e-14
1.630965972	4.277259622488502e-14
1.632119259	3.4916996108808653e-14
1.633272546	2.8625986515508475e-14
1.634425833	2.3837928386326494e-14
1.63557912	2.014994418798659e-14
1.636732407	1.7751015250447608e-14
1.637885694	1.642143788677211e-14
1.639038981	1.590055333322513e-14
1.640192268	1.57703908371109e-14
1.641345556	1.5950448902979612e-14
1.642498843	1.6034401129678568e-14
1.64365213	1.5482701340443387e-14
1.644805417	1.4030139579744638e-14
1.645958704	1.2031023654806363e-14
1.647111991	9.927643757828747e-15
1.648265278	7.918600515436724e-15
1.649418565	6.113250623168221e-15
1.650571852	4.573157073207129e-15
1.651725139	3.575143688561544e-15
1.652878426	3.11226569424748e-15
1.654031713	3.088997735981901e-15
1.655185001	3.4100911139169022e-15
1.656338288	3.963964284308932e-15
1.657491575	4.614996401341522e-15
1.658644862	5.239932792136787e-15
1.659798149	5.687278189224503e-15
1.660951436	5.667227315517574e-15
1.662104723	5.388104568850888e-15
1.66325801	5.092920547267788e-15
1.664411297	4.934716992654401e-15
1.665564584	5.211891610532734e-15
1.666717871	5.7228451342343e-15
1.667871158	6.332855148625467e-15
1.669024446	6.8546414970894774e-15
1.670177733	7.252705972646601e-15
1.67133102	7.823757966363585e-15
1.672484307	8.451019107585796e-15
1.673637594	8.776525974543415e-15
1.674790881	9.194025390162158e-15
1.675944168	9.842243022023377e-15
1.677097455	1.0370544065583858e-14
1.678250742	1.0829202490819188e-14
1.679404029	1.1699639613871425e-14
1.680557316	1.2733439659432529e-14
1.681710603	1.377883065370916e-14
1.682863891	1.4187537843678601e-14
1.684017178	1.3747313608222107e-14
1.685170465	1.3049732947259303e-14
1.686323752	1.2263477513760604e-14
1.687477039	1.1264894006229095e-14
1.688630326	1.0121650619615722e-14
1.689783613	9.004712013722054e-15
1.6909369	7.876047716961769e-15
1.692090187	6.770479795253021e-15
1.693243474	5.87641131659838e-15
1.694396761	5.088096800203238e-15
1.695550048	4.408432107166967e-15
1.696703335	3.837434994564886e-15
1.697856623	3.3496195076431923e-15
1.69900991	2.9657477842850255e-15
1.700163197	2.634250506680783e-15
1.701316484	2.294807296904945e-15
1.702469771	1.9858308392823906e-15
1.703623058	1.721017825687126e-15
1.704776345	1.5022889830698092e-15
1.705929632	1.352709827369289e-15
1.707082919	1.2583374622302203e-15
1.708236206	1.21440438841117e-15
1.709389493	1.1974982228817834e-15
1.71054278	1.2191887931532484e-15
1.711696068	1.2978778054080863e-15
1.712849355	1.3854449329918408e-15
1.714002642	1.4390382975271817e-15
1.715155929	1.5260877971875471e-15
1.716309216	1.6257751475770647e-15
1.717462503	1.6849469806133617e-15
1.71861579	1.6729274854313208e-15
1.719769077	1.5950711786863053e-15
1.720922364	1.477496593113613e-15
1.722075651	1.3382025489762128e-15
1.723228938	1.2499430213599871e-15
1.724382225	1.214110371171678e-15
1.725535513	1.1925411758301616e-15
1.7266888	1.2181387953254713e-15
1.727842087	1.3240906444332475e-15
1.728995374	1.505135531023802e-15
1.730148661	1.7567762956277053e-15
1.731301948	2.112237717026858e-15
1.732455235	2.5847409519907162e-15
1.733608522	3.207664076370859e-15
1.734761809	4.007909381596287e-15
1.735915096	4.9387429398462626e-15
1.737068383	5.957127008915055e-15
1.73822167	7.133103987455409e-15
1.739374958	8.354953058938125e-15
1.740528245	9.5691087364365e-15
1.741681532	1.0798275965468666e-14
1.742834819	1.1878054425523027e-14
1.743988106	1.256281172679382e-14
1.745141393	1.3033227371622485e-14
1.74629468	1.3153668215985429e-14
1.747447967	1.2780410725974618e-14
1.748601254	1.2128775390350525e-14
1.749754541	1.1369574188578197e-14
1.750907828	1.061380511823276e-14
1.752061115	9.918209363846619e-15
1.753214403	9.256723315339455e-15
1.75436769	8.647861558663294e-15
1.755520977	8.185819777606838e-15
1.756674264	7.828956910930009e-15
1.757827551	7.45358712542338e-15
1.758980838	7.040743825371669e-15
1.760134125	6.586981168721266e-15
1.761287412	6.164727126616573e-15
1.762440699	5.710184111167426e-15
1.763593986	5.097692709371766e-15
1.764747273	4.462176459748937e-15
1.76590056	3.8754361442479186e-15
1.767053847	3.3434810791815074e-15
1.768207135	2.87806151444491e-15
1.769360422	2.4735688201256717e-15
1.770513709	2.1331270650411523e-15
1.771666996	1.8623812908077145e-15
1.772820283	1.6833159593708133e-15
1.77397357	1.5960751541805693e-15
1.775126857	1.5966728511568786e-15
1.776280144	1.6698228496722325e-15
1.777433431	1.7871713657000403e-15
1.778586718	1.939742141254699e-15
1.779740005	2.122273147263888e-15
1.780893292	2.3374693745963618e-15
1.78204658	2.5689212466962353e-15
1.783199867	2.8075726690726773e-15
1.784353154	3.05235917854339e-15
1.785506441	3.3187460977664433e-15
1.786659728	3.596423029213434e-15
1.787813015	3.896630328805551e-15
1.788966302	4.2896399239256685e-15
1.790119589	4.823197857242322e-15
1.791272876	5.504190741426993e-15
1.792426163	6.2991701664461e-15
1.79357945	7.226882604049441e-15
1.794732737	8.263443898047064e-15
1.795886025	9.369446604134455e-15
1.797039312	1.0668795219376051e-14
1.798192599	1.2244626077242425e-14
1.799345886	1.4197350896201735e-14
1.800499173	1.66596848020518e-14
1.80165246	1.972297280145196e-14
1.802805747	2.3041713384570022e-14
1.803959034	2.615816955653216e-14
1.805112321	2.929655864795568e-14
1.806265608	3.253999141266428e-14
1.807418895	3.569591473229774e-14
1.808572182	3.896016681321691e-14
1.80972547	4.25550337765127e-14
1.810878757	4.665114078721297e-14
1.812032044	5.140371746076162e-14
1.813185331	5.6650138068805317e-14
1.814338618	6.228745328879975e-14
1.815491905	6.829879219159798e-14
1.816645192	7.508518351785635e-14
1.817798479	8.336717948688609e-14
1.818951766	8.768435387980151e-14
1.820105053	8.651852193253464e-14
1.82125834	8.713749683097153e-14
1.822411627	8.887474184505307e-14
1.823564915	8.824268193326846e-14
1.824718202	8.756330062334752e-14
1.825871489	8.828277585597991e-14
1.827024776	9.022096673485449e-14
1.828178063	9.265440776697958e-14
1.82933135	9.417343929341037e-14
1.830484637	9.494640884483835e-14
1.831637924	9.572225337202193e-14
1.832791211	9.609553001653924e-14
1.833944498	0.
1.835097785	0.
1.836251072	0.
1.837404359	0.
1.838557647	0.
1.839710934	0.
1.840864221	0.
1.842017508	0.
1.843170795	0.
1.844324082	0.
1.845477369	0.
1.846630656	0.
1.847783943	0.
1.84893723	0.
1.850090517	0.
1.851243804	0.
1.852397092	0.
1.853550379	0.
1.854703666	0.
1.855856953	0.
1.85701024	0.
1.858163527	0.
1.859316814	0.
1.860470101	0.
1.861623388	0.
1.862776675	0.
1.863929962	0.
1.865083249	0.
1.866236537	0.
1.867389824	0.
1.868543111	0.
1.869696398	0.
1.870849685	0.
1.872002972	4.006853959330322e-15
1.873156259	5.319470682612426e-15
1.874309546	1.0666090308064049e-14
1.875462833	2.5918235317480057e-14
1.87661612	4.6294890207212543e-14
1.877769407	5.0232128197782284e-14
1.878922694	4.8687028693629084e-14
1.880075982	4.879040823218954e-14
1.881229269	4.802620178615565e-14
1.882382556	4.674321893925995e-14
1.883535843	4.5952172987379566e-14
1.88468913	4.617882302231391e-14
1.885842417	4.7898641323282123e-14
1.886995704	4.910462433795359e-14
1.888148991	4.858591968314307e-14
1.889302278	4.7254461511005767e-14
1.890455565	4.639475698074148e-14
1.891608852	4.740203301073176e-14
1.892762139	5.0027334999056386e-14
1.893915426	5.160299680308025e-14
1.895068714	5.103676230057271e-14
1.896222001	4.931282012210849e-14
1.897375288	4.487260793294156e-14
1.898528575	3.789215399764266e-14
1.899681862	3.0038154507315156e-14
1.900835149	2.3004809017672764e-14
1.901988436	1.8765952346607538e-14
1.903141723	2.050611880573104e-14
1.90429501	2.7227391268185846e-14
1.905448297	3.393718364632495e-14
1.906601584	3.800767437034912e-14
1.907754871	3.994034524778456e-14
1.908908159	3.960888106312589e-14
1.910061446	3.7583103952153894e-14
1.911214733	3.6040056636742705e-14
1.91236802	3.620862205772634e-14
1.913521307	3.770254321519381e-14
1.914674594	4.0028216911499904e-14
1.915827881	4.179612645541833e-14
1.916981168	4.1698882775945745e-14
1.918134455	3.964364658527808e-14
1.919287742	3.686686305950297e-14
1.920441029	3.370045384331058e-14
1.921594316	2.971050427473376e-14
1.922747604	2.6088624836082786e-14
1.923900891	2.4216096826393736e-14
1.925054178	2.401003994659234e-14
1.926207465	2.5455227346908393e-14
1.927360752	2.9261896156035954e-14
1.928514039	3.6030503516918605e-14
1.929667326	4.5777392722664915e-14
1.930820613	5.4652880531231655e-14
1.9319739	5.44936546037586e-14
1.933127187	4.770664257858887e-14
1.934280474	4.180435330516278e-14
1.935433761	3.863269700167331e-14
1.936587049	3.690971499314535e-14
1.937740336	3.655825397592849e-14
1.938893623	3.80703725886096e-14
1.94004691	3.989717827437616e-14
1.941200197	3.881121216162926e-14
1.942353484	3.626970729406967e-14
1.943506771	3.569797621289214e-14
1.944660058	3.611777183907382e-14
1.945813345	3.64032340346212e-14
1.946966632	3.6968349684741906e-14
1.948119919	3.7423958285950643e-14
1.949273206	3.904719812889487e-14
1.950426494	4.139815965932422e-14
1.951579781	4.365312442566577e-14
1.952733068	4.397709144352703e-14
1.953886355	4.152305556785075e-14
1.955039642	3.971757384330849e-14
1.956192929	4.03437777367007e-14
1.957346216	4.1164148329925394e-14
1.958499503	4.0617198218151223e-14
1.95965279	3.958754281351134e-14
1.960806077	3.871681464262011e-14
1.961959364	3.802023727037406e-14
1.963112651	3.8145572661900226e-14
1.964265938	3.942117936020481e-14
1.965419226	4.0605477587266936e-14
1.966572513	4.117590855028451e-14
1.9677258	4.114166174437115e-14
1.968879087	4.112235025708726e-14
1.970032374	4.1631627370504174e-14
1.971185661	4.262270691467269e-14
1.972338948	4.3560012885344006e-14
1.973492235	4.3279043417797966e-14
1.974645522	4.243123075203297e-14
1.975798809	4.1701058260056215e-14
1.976952096	4.1408987092326056e-14
1.978105383	4.1727151636426565e-14
1.979258671	4.165354627930301e-14
1.980411958	4.1313436776175646e-14
1.981565245	4.140960096408464e-14
1.982718532	4.179734486128225e-14
1.983871819	4.2273566688401e-14
1.985025106	4.328110012628447e-14
1.986178393	4.441394513685055e-14
1.98733168	4.371902434010219e-14
1.988484967	4.188044584448251e-14
1.989638254	4.08313492706659e-14
1.990791541	4.038165805444754e-14
1.991944828	4.0173270866113605e-14
1.993098116	4.0032486797985616e-14
1.994251403	3.9629677087895966e-14
1.99540469	3.844927311926927e-14
1.996557977	3.687792472898716e-14
1.997711264	3.5659163750356165e-14
1.998864551	3.4204859351223876e-14
2.000017838	3.251695901187969e-14
2.001171125	3.115575853945417e-14
2.002324412	3.019372308049611e-14
2.003477699	2.9655355365942496e-14
2.004630986	2.9729590502437534e-14
2.005784273	3.0241667117269224e-14
2.006937561	3.0422697292233357e-14
2.008090848	2.9660715253113444e-14
2.009244135	2.938297713744643e-14
2.010397422	3.147009106513708e-14
2.011550709	3.872017139704361e-14
2.012703996	5.024329989050344e-14
2.013857283	5.003987085098431e-14
2.01501057	3.915153756874752e-14
2.016163857	3.138909728944169e-14
2.017317144	2.807642413767035e-14
2.018470431	2.680955425987664e-14
2.019623718	2.6792716211850267e-14
2.020777006	2.7240795147637765e-14
2.021930293	2.7479482409804375e-14
2.02308358	2.6803266472969222e-14
2.024236867	2.5584169288873278e-14
2.025390154	2.4513607487151704e-14
2.026543441	2.3657726235339876e-14
2.027696728	2.294049225716986e-14
2.028850015	2.2454530264988662e-14
2.030003302	2.2156866051205043e-14
2.031156589	2.1499040396784476e-14
2.032309876	2.0582248818664488e-14
2.033463163	2.0061076980717756e-14
2.03461645	1.9686858232052337e-14
2.035769738	1.9131984063862843e-14
2.036923025	1.8745727540915683e-14
2.038076312	1.8581732320539068e-14
2.039229599	1.8036558669239384e-14
2.040382886	1.7237994011793154e-14
2.041536173	1.6731715119293943e-14
2.04268946	1.624132110556924e-14
2.043842747	1.556978760641735e-14
2.044996034	1.4923333507707478e-14
2.046149321	1.436179647769946e-14
2.047302608	1.386635416707574e-14
2.048455895	1.3396808286397232e-14
2.049609183	1.2886713306867736e-14
2.05076247	1.241984009833294e-14
2.051915757	1.2073677570994043e-14
2.053069044	1.1686844825057965e-14
2.054222331	1.1210824695445095e-14
2.055375618	1.0728748182730636e-14
2.056528905	1.022753592649666e-14
2.057682192	9.667625376765803e-15
2.058835479	9.18356390364203e-15
2.059988766	8.854101294205749e-15
2.061142053	8.491342202499637e-15
2.06229534	8.073546159357367e-15
2.063448628	7.884085081221333e-15
2.064601915	7.70739294576405e-15
2.065755202	7.196515463845539e-15
2.066908489	6.715135186952519e-15
2.068061776	6.399214805293617e-15
2.069215063	6.1530681028889246e-15
2.07036835	5.918541998610602e-15
2.071521637	5.61832943940721e-15
2.072674924	5.299607778608001e-15
2.073828211	5.006402789470552e-15
2.074981498	4.73344173425759e-15
2.076134785	4.483440467192137e-15
2.077288073	4.240784476587024e-15
2.07844136	4.018763093161898e-15
2.079594647	3.855197879668306e-15
2.080747934	3.688445896252637e-15
2.081901221	3.4667046361693704e-15
2.083054508	3.281555196010129e-15
2.084207795	3.143519194873907e-15
2.085361082	2.958882252011096e-15
2.086514369	2.7407901862497964e-15
2.087667656	2.551999278854566e-15
2.088820943	2.3883121731869637e-15
2.08997423	2.2516237010361473e-15
2.091127517	2.1618252189237748e-15
2.092280805	2.0979356869673575e-15
2.093434092	1.9999566904837623e-15
2.094587379	1.8953302080643495e-15
2.095740666	1.8243514305645482e-15
2.096893953	1.7558842472081697e-15
2.09804724	1.674222027823986e-15
2.099200527	1.5952540441507643e-15
2.100353814	1.5409157392400126e-15
2.101507101	1.5258905714265805e-15
2.102660388	1.5327444028449593e-15
2.103813675	1.5356640363018503e-15
2.104966962	1.518691591619984e-15
2.10612025	1.4786357953022273e-15
2.107273537	1.414440031206838e-15
2.108426824	1.3523997858234642e-15
2.109580111	1.3229295755432882e-15
2.110733398	1.3216074333198198e-15
2.111886685	1.318790209780321e-15
2.113039972	1.3241376469121778e-15
2.114193259	1.3419992440673864e-15
2.115346546	1.3708675305238644e-15
2.116499833	1.4016759209614722e-15
2.11765312	1.4149737744230722e-15
2.118806407	1.4383596243868782e-15
2.119959695	1.4924275030172763e-15
2.121112982	1.5579753601255868e-15
2.122266269	1.6345747628644734e-15
2.123419556	1.739149518325173e-15
2.124572843	1.852607790546875e-15
2.12572613	1.9441619796656027e-15
2.126879417	2.0314820487804156e-15
2.128032704	2.1260176016606593e-15
2.129185991	2.2348463976965055e-15
2.130339278	2.359425714680306e-15
2.131492565	2.482192059722156e-15
2.132645852	2.6029746044167144e-15
2.13379914	2.7239230180496007e-15
2.134952427	2.8645767085976363e-15
2.136105714	3.03767824749944e-15
2.137259001	3.176730075825569e-15
2.138412288	3.2709029613087453e-15
2.139565575	3.3751035869784463e-15
2.140718862	3.4765651153040026e-15
2.141872149	3.565285524045688e-15
2.143025436	3.6531819775310085e-15
2.144178723	3.7058043447328455e-15
2.14533201	3.681568243789835e-15
2.146485297	3.609082302611899e-15
2.147638585	3.518840584045299e-15
2.148791872	3.459185551129259e-15
2.149945159	3.4075289177744713e-15
2.151098446	3.313195207786626e-15
2.152251733	3.1980787115951836e-15
2.15340502	3.0961665030250037e-15
2.154558307	3.025936755235491e-15
2.155711594	2.939017215207482e-15
2.156864881	2.7944019191678723e-15
2.158018168	2.615376904723381e-15
2.159171455	2.4409530003128e-15
2.160324742	2.283719101371997e-15
2.161478029	2.12647507804432e-15
2.162631317	1.9662716200897085e-15
2.163784604	1.8041925069560565e-15
2.164937891	1.6949733433933798e-15
2.166091178	1.6552631557419829e-15
2.167244465	1.519651689453647e-15
2.168397752	1.3281189608248128e-15
2.169551039	1.21299227937711e-15
2.170704326	1.1448488897948138e-15
2.171857613	1.103293876283605e-15
2.1730109	1.0780277078592138e-15
2.174164187	1.0594401641520466e-15
2.175317474	1.0554865903277385e-15
2.176470762	1.076850973233959e-15
2.177624049	1.1346100724180852e-15
2.178777336	1.1925333989971565e-15
2.179930623	1.2103509810770762e-15
2.18108391	1.2233309395352764e-15
2.182237197	1.2525790204124044e-15
2.183390484	1.2710057352442938e-15
2.184543771	1.2781862118561856e-15
2.185697058	1.286679643333181e-15
2.186850345	1.3001653545313358e-15
2.188003632	1.3262986425141834e-15
2.189156919	1.327746303828961e-15
2.190310207	1.2987796037215044e-15
2.191463494	1.2702928657935742e-15
2.192616781	1.2427400169518742e-15
2.193770068	1.2149450548624211e-15
2.194923355	1.1840294580366963e-15
2.196076642	1.1470682501709476e-15
2.197229929	1.1069078197122571e-15
2.198383216	1.0689365455631185e-15
2.199536503	1.0411300283003e-15
2.20068979	1.0257495552364556e-15
2.201843077	1.026969572492806e-15
2.202996364	1.0472788050160288e-15
2.204149652	1.0846003477206973e-15
2.205302939	1.1435680225941473e-15
2.206456226	1.1895793913337372e-15
2.207609513	1.175496393509278e-15
2.2087628	1.1487833576325774e-15
2.209916087	1.1446092518504634e-15
2.211069374	1.1490545891215718e-15
2.212222661	1.1528579527112028e-15
2.213375948	1.1485872935681475e-15
2.214529235	1.1378268763880786e-15
2.215682522	1.1259424667414103e-15
2.216835809	1.1120441892580608e-15
2.217989097	1.0965510333322818e-15
2.219142384	1.0818383004631e-15
2.220295671	1.0696277319259852e-15
2.221448958	1.0653083454571264e-15
2.222602245	1.0642250585785453e-15
2.223755532	1.0575313768031958e-15
2.224908819	1.0532295094920943e-15
2.226062106	1.0577558443198757e-15
2.227215393	1.0556078358701118e-15
2.22836868	1.04373483046991e-15
2.229521967	1.0352543182142485e-15
2.230675254	1.0280891804775214e-15
2.231828541	1.0232793215064759e-15
2.232981829	1.0263383550818598e-15
2.234135116	1.0303953616799142e-15
2.235288403	1.0272799376461193e-15
2.23644169	1.019829249762889e-15
2.237594977	1.0257338749725627e-15
2.238748264	1.046009130982362e-15
2.239901551	1.0540873577755132e-15
2.241054838	1.0450045825271624e-15
2.242208125	1.0215792967092605e-15
2.243361412	9.988253497345453e-16
2.244514699	9.95400840117517e-16
2.245667986	9.966703840117111e-16
2.246821274	9.87569043423396e-16
2.247974561	9.678322057168444e-16
2.249127848	9.426109099842975e-16
2.250281135	9.293446071272447e-16
2.251434422	9.34666111328907e-16
2.252587709	9.46750746838136e-16
2.253740996	9.574269568923574e-16
2.254894283	9.553631994776818e-16
2.25604757	9.327439269197326e-16
2.257200857	9.058556748087246e-16
2.258354144	8.850922554851377e-16
2.259507431	8.726239822519471e-16
2.260660719	8.674364836796207e-16
2.261814006	8.730678196307252e-16
2.262967293	8.715226906995024e-16
2.26412058	8.54632371845431e-16
2.265273867	8.401119682057092e-16
2.266427154	8.283577182216034e-16
2.267580441	8.087847269823134e-16
2.268733728	7.919092373606016e-16
2.269887015	7.904412893189494e-16
2.271040302	8.080761867414594e-16
2.272193589	8.333625163986961e-16
2.273346876	8.539973958086202e-16
2.274500164	8.631944954625055e-16
2.275653451	8.558974331963652e-16
2.276806738	8.360169633917274e-16
2.277960025	8.1363511736244e-16
2.279113312	7.937822604725082e-16
2.280266599	7.795123672938792e-16
2.281419886	7.8133357415738095e-16
2.282573173	7.843008503378245e-16
2.28372646	7.596071572606955e-16
2.284879747	7.420174234369998e-16
2.286033034	7.459137588907054e-16
2.287186321	7.495188437707127e-16
2.288339608	7.451772196208023e-16
2.289492896	7.327650593886023e-16
2.290646183	7.060819506533431e-16
2.29179947	6.691166056073056e-16
2.292952757	6.46415050874127e-16
2.294106044	6.557564636295869e-16
2.295259331	6.736090211627498e-16
2.296412618	6.895888803957785e-16
2.297565905	7.076442616329266e-16
2.298719192	7.181049739322999e-16
2.299872479	7.094869981256343e-16
2.301025766	6.894841912417399e-16
2.302179053	6.664602234803028e-16
2.303332341	6.459441182076326e-16
2.304485628	6.302536170491365e-16
2.305638915	6.21677382127955e-16
2.306792202	6.181815178303537e-16
2.307945489	6.165928637878781e-16
2.309098776	6.14656811402734e-16
2.310252063	6.09449514956557e-16
2.31140535	5.959056631225966e-16
2.312558637	5.778590920154303e-16
2.313711924	5.612617637158636e-16
2.314865211	5.515519364617569e-16
2.316018498	5.476905691400007e-16
2.317171786	5.445305236054835e-16
2.318325073	5.40268138657592e-16
2.31947836	5.31145885157487e-16
2.320631647	5.221328032379546e-16
2.321784934	5.236967257562931e-16
2.322938221	5.308247457543315e-16
2.324091508	5.379860680349141e-16
2.325244795	5.396076507009505e-16
2.326398082	5.324412221985967e-16
2.327551369	5.176880907465322e-16
2.328704656	5.006089060511802e-16
2.329857943	4.874753773952623e-16
2.331011231	4.790559275909161e-16
2.332164518	4.760693858898325e-16
2.333317805	4.722087520391664e-16
2.334471092	4.672765792894509e-16
2.335624379	4.668139947626923e-16
2.336777666	4.674550307869588e-16
2.337930953	4.658127883715529e-16
2.33908424	4.612591082938553e-16
2.340237527	4.543247946726811e-16
2.341390814	4.493189101580093e-16
2.342544101	4.450527137443443e-16
2.343697388	4.3842616021998e-16
2.344850676	4.30602361077135e-16
2.346003963	4.223464191965783e-16
2.34715725	4.13005949242206e-16
2.348310537	4.040952671214202e-16
2.349463824	3.981189533633185e-16
2.350617111	3.9543672686147505e-16
2.351770398	3.990943736717485e-16
2.352923685	3.988445703310422e-16
2.354076972	3.909042876895745e-16
2.355230259	3.796848342963857e-16
2.356383546	3.693963993317441e-16
2.357536833	3.6799296710472433e-16
2.35869012	3.714383017576949e-16
2.359843408	3.702380099220408e-16
2.360996695	3.676014044626776e-16
2.362149982	3.643736427869125e-16
2.363303269	3.5889350631762284e-16
2.364456556	3.5043235059315687e-16
2.365609843	3.400939989149741e-16
2.36676313	3.3056130709946194e-16
2.367916417	3.2279398911203666e-16
2.369069704	3.1866786471093873e-16
2.370222991	3.1864728955848225e-16
2.371376278	3.170721171479733e-16
2.372529565	3.1387276521120785e-16
2.373682853	3.17318648663768e-16
2.37483614	3.193672954771009e-16
2.375989427	3.1224584939867633e-16
2.377142714	3.0647684728825236e-16
2.378296001	3.0434582724790374e-16
2.379449288	3.0326170901160714e-16
2.380602575	3.0330075252622305e-16
2.381755862	3.0404635167665345e-16
2.382909149	3.0830386975561863e-16
2.384062436	3.1761676364551233e-16
2.385215723	3.2355841813158183e-16
2.38636901	3.2526277833862474e-16
2.387522298	3.2609745560475327e-16
2.388675585	3.2748379766496714e-16
2.389828872	3.331285634432622e-16
2.390982159	3.3815781318610857e-16
2.392135446	3.404752604033159e-16
2.393288733	3.383720972574178e-16
2.39444202	3.3661805364958835e-16
2.395595307	3.4220286957126736e-16
2.396748594	3.5303232692136783e-16
2.397901881	3.591146893169494e-16
2.399055168	3.5734420112919817e-16
2.400208455	3.511548774856148e-16
2.401361743	3.379183988777902e-16
2.40251503	3.2161178632241234e-16
2.403668317	3.0972380537687824e-16
2.404821604	3.045340133550595e-16
2.405974891	3.0507054310193937e-16
2.407128178	3.1031697841479617e-16
2.408281465	3.168248080132141e-16
2.409434752	3.179167468208405e-16
2.410588039	3.0749122778096417e-16
2.411741326	2.876534198148606e-16
2.412894613	2.656889794971152e-16
2.4140479	2.46825917973477e-16
2.415201188	2.3320911691667375e-16
2.416354475	2.3241609472966314e-16
2.417507762	2.346485684310329e-16
2.418661049	2.3506757401291717e-16
2.419814336	2.365850971056669e-16
2.420967623	2.3337309697131e-16
2.42212091	2.2143497626508644e-16
2.423274197	2.1201595486811866e-16
2.424427484	2.1709551547214882e-16
2.425580771	2.4120805450364343e-16
2.426734058	2.656544590828517e-16
2.427887345	2.7169429028735807e-16
2.429040632	2.59324359184174e-16
2.43019392	2.3752574543672593e-16
2.431347207	2.134605563198701e-16
2.432500494	1.956306196621718e-16
2.433653781	1.9950435096511224e-16
2.434807068	2.2408124582465133e-16
2.435960355	2.490851290447628e-16
2.437113642	2.5421457700518745e-16
2.438266929	2.467259177445228e-16
2.439420216	2.3468640198114767e-16
2.440573503	2.1942224949522663e-16
2.44172679	1.9926673946101256e-16
2.442880077	1.7039752652595335e-16
2.444033365	1.524207222131502e-16
2.445186652	1.7782990699327647e-16
2.446339939	2.5786447981477235e-16
2.447493226	3.674931780013514e-16
2.448646513	4.768202495105535e-16
2.4497998	5.738191622681101e-16
2.450953087	6.405438241610609e-16
2.452106374	6.873464994567437e-16
2.453259661	7.493961400359682e-16
2.454412948	8.542119679623466e-16
2.455566235	9.922080244371085e-16
2.456719522	1.1468636524996695e-15
2.45787281	1.2989761458141387e-15
2.459026097	1.4148639932592516e-15
2.460179384	1.459994273463824e-15
2.461332671	1.5070704237982084e-15
2.462485958	1.6105148362814256e-15
2.463639245	1.7541665472255443e-15
2.464792532	1.85519989602439e-15
2.465945819	1.8549339276519177e-15
2.467099106	1.805877136639435e-15
2.468252393	1.7882270472474083e-15
2.46940568	1.8921879668112046e-15
2.470558967	2.122806314443291e-15
2.471712255	2.410233779494484e-15
2.472865542	2.674004238484675e-15
2.474018829	2.8453762878364456e-15
2.475172116	2.796622809340131e-15
2.476325403	2.6531620716951263e-15
2.47747869	2.5802688978150803e-15
2.478631977	2.6109360817666083e-15
2.479785264	2.7761891474136257e-15
2.480938551	3.0310686442249264e-15
2.482091838	3.2585580774727316e-15
2.483245125	3.343272876814603e-15
2.484398412	3.323574030320085e-15
2.485551699	3.4114614632262488e-15
2.486704987	3.609095787816879e-15
2.487858274	3.732401920688677e-15
2.489011561	3.8888206620407065e-15
2.490164848	4.1505814318610225e-15
2.491318135	4.491209101226507e-15
2.492471422	4.890309121445536e-15
2.493624709	5.0362288498239756e-15