0.45	2.036114325767994e-12
0.451153287	2.020562785464647e-12
0.452306574	2.0621237825761075e-12
0.453459862	2.0575380745961386e-12
0.454613149	2.0547611737124375e-12
0.455766436	2.072872483115841e-12
0.456919723	2.1159648578209577e-12
0.45807301	2.071528371918981e-12
0.459226298	2.123903171017563e-12
0.460379585	2.2200337627626516e-12
0.461532872	2.22455459702574e-12
0.462686159	2.0665222782390794e-12
0.463839446	2.162183779004073e-12
0.464992733	2.2477161744936276e-12
0.466146021	2.2697967159822922e-12
0.467299308	2.2605891312028792e-12
0.468452595	2.2429102600307903e-12
0.469605882	2.2377405167989085e-12
0.470759169	2.3286497719554503e-12
0.471912457	2.2155638331461483e-12
0.473065744	2.311605357302227e-12
0.474219031	2.34956466324038e-12
0.475372318	2.3707666540432133e-12
0.476525605	2.4399965670519625e-12
0.477678893	2.3352440382438486e-12
0.47883218	2.4479994705023405e-12
0.479985467	2.407467848967644e-12
0.481138754	2.388950082733036e-12
0.482292041	2.507315168922388e-12
0.483445329	2.698422538596642e-12
0.484598616	2.5268316207957222e-12
0.485751903	1.7381522320102405e-12
0.48690519	1.7468367072088515e-12
0.488058477	2.006964620468208e-12
0.489211765	2.2887622255294074e-12
0.490365052	2.303179575733381e-12
0.491518339	2.3846226157136398e-12
0.492671626	2.351012693546231e-12
0.493824913	2.4248087695944015e-12
0.4949782	2.428796188930352e-12
0.496131488	2.5046697087697114e-12
0.497284775	2.3760196273683877e-12
0.498438062	2.391395097226832e-12
0.499591349	2.1935562072418e-12
0.500744636	2.23488605987559e-12
0.501897924	2.2815805117821926e-12
0.503051211	2.3148676411376863e-12
0.504204498	2.4155232848096715e-12
0.505357785	2.369063140630688e-12
0.506511072	2.413255203209279e-12
0.50766436	2.4721128088340705e-12
0.508817647	2.445544067726447e-12
0.509970934	2.4525452592760565e-12
0.511124221	2.4046086907904048e-12
0.512277508	2.402920525840561e-12
0.513430796	2.423967436768172e-12
0.514584083	2.3744655943169226e-12
0.51573737	2.281493294860588e-12
0.516890657	2.4250824670627834e-12
0.518043944	2.4314279759357068e-12
0.519197232	2.418550304131915e-12
0.520350519	2.406404817211466e-12
0.521503806	2.4089870751989278e-12
0.522657093	2.5180087648537273e-12
0.52381038	2.44201816556903e-12
0.524963667	2.3561308717360468e-12
0.526116955	2.3794870391777807e-12
0.527270242	2.348422292516874e-12
0.528423529	2.3906713785042133e-12
0.529576816	2.5182166063911858e-12
0.530730103	2.4291666793566463e-12
0.531883391	2.3709858186038225e-12
0.533036678	2.4349068488870434e-12
0.534189965	2.443872368027164e-12
0.535343252	2.4549747539635788e-12
0.536496539	2.5101105502824046e-12
0.537649827	2.500896469448998e-12
0.538803114	2.4096233508595896e-12
0.539956401	2.4229639069536117e-12
0.541109688	2.349567357389661e-12
0.542262975	2.307633382816979e-12
0.543416263	2.3373321096403374e-12
0.54456955	2.408537163761613e-12
0.545722837	2.416522570686487e-12
0.546876124	2.4666827666000565e-12
0.548029411	2.5116170853413434e-12
0.549182699	2.48127922731236e-12
0.550335986	2.4934380760269613e-12
0.551489273	2.4915935289947063e-12
0.55264256	2.512468252239195e-12
0.553795847	2.4901613538855246e-12
0.554949134	2.493224290832203e-12
0.556102422	2.5578648058985023e-12
0.557255709	2.5406108428329377e-12
0.558408996	2.5282279362828825e-12
0.559562283	2.5092428685811988e-12
0.56071557	2.513470217141601e-12
0.561868858	2.5453028394198584e-12
0.563022145	2.5163037402825744e-12
0.564175432	2.5116161115741485e-12
0.565328719	2.5134688121463087e-12
0.566482006	2.438525285109805e-12
0.567635294	2.354178592701983e-12
0.568788581	2.4599354589208153e-12
0.569941868	2.399423323350993e-12
0.571095155	2.451776076852456e-12
0.572248442	2.4416822289637637e-12
0.57340173	2.462025372288023e-12
0.574555017	2.413010212068967e-12
0.575708304	2.4382553865812927e-12
0.576861591	2.436513549620665e-12
0.578014878	2.401918158984104e-12
0.579168165	2.453807829722301e-12
0.580321453	2.4502508939508735e-12
0.58147474	2.4793432178320297e-12
0.582628027	2.4768521185661968e-12
0.583781314	2.503106808816839e-12
0.584934601	2.500099582996818e-12
0.586087889	2.5679904489607284e-12
0.587241176	2.469043389121135e-12
0.588394463	2.4004030848005113e-12
0.58954775	2.5306286986110343e-12
0.590701037	2.407386672481476e-12
0.591854325	2.485332390017199e-12
0.593007612	2.4551740236749942e-12
0.594160899	2.4691744882021397e-12
0.595314186	2.462448544096263e-12
0.596467473	2.4411260333943095e-12
0.597620761	2.465403457161304e-12
0.598774048	2.4677313154195174e-12
0.599927335	2.419916141931535e-12
0.601080622	2.4316034797536517e-12
0.602233909	2.477762339380503e-12
0.603387197	2.4505320528621552e-12
0.604540484	2.452079834287948e-12
0.605693771	2.4939467640878475e-12
0.606847058	2.5101397933744553e-12
0.608000345	2.4519217987967525e-12
0.609153632	2.3977546046556663e-12
0.61030692	2.3741260461005654e-12
0.611460207	2.2826109238437665e-12
0.612613494	2.2336799158712515e-12
0.613766781	2.158163158610539e-12
0.614920068	1.99855294696993e-12
0.616073356	1.9544951730278736e-12
0.617226643	1.9007975050772414e-12
0.61837993	1.8085571951674735e-12
0.619533217	1.8226249462014035e-12
0.620686504	1.8283884449893506e-12
0.621839792	1.931611663677567e-12
0.622993079	1.955772539688332e-12
0.624146366	2.0321833846156885e-12
0.625299653	2.1520322139099085e-12
0.62645294	2.2656361698553246e-12
0.627606228	2.2797078501800783e-12
0.628759515	2.3032542425152675e-12
0.629912802	2.312571814833643e-12
0.631066089	2.3142721906027553e-12
0.632219376	2.3470006516189015e-12
0.633372664	2.37969396606426e-12
0.634525951	2.3706011751230915e-12
0.635679238	2.390183759169609e-12
0.636832525	2.350477567688695e-12
0.637985812	2.3649073408554868e-12
0.639139099	2.3685148971594028e-12
0.640292387	2.348010542877386e-12
0.641445674	2.3566860621837798e-12
0.642598961	2.3660328488537112e-12
0.643752248	2.2985905185868676e-12
0.644905535	2.23653939544715e-12
0.646058823	2.2519058342398597e-12
0.64721211	2.252335424038633e-12
0.648365397	2.204637991415724e-12
0.649518684	2.187501071020278e-12
0.650671971	2.2174051141372598e-12
0.651825259	2.2462280753672374e-12
0.652978546	2.304528877333949e-12
0.654131833	2.3299619161708803e-12
0.65528512	2.12756853927516e-12
0.656438407	1.7015541891371445e-12
0.657591695	2.0626739376859868e-12
0.658744982	2.2437317721462002e-12
0.659898269	2.2434130494458308e-12
0.661051556	2.2172421324940774e-12
0.662204843	2.2161457537950137e-12
0.663358131	2.1903229391494203e-12
0.664511418	2.151871724154277e-12
0.665664705	2.1159743803896015e-12
0.666817992	2.1006060897819724e-12
0.667971279	2.096367693605597e-12
0.669124566	2.1344148806107834e-12
0.670277854	2.158911598410671e-12
0.671431141	2.1758694971360937e-12
0.672584428	2.2285076196641576e-12
0.673737715	2.26788695330517e-12
0.674891002	2.2907574155494744e-12
0.67604429	2.324508115917924e-12
0.677197577	2.338959943850724e-12
0.678350864	2.3078680245508668e-12
0.679504151	2.3197179379825946e-12
0.680657438	2.3040127847372495e-12
0.681810726	2.2660130000736426e-12
0.682964013	2.216100686455307e-12
0.6841173	2.2057471663709863e-12
0.685270587	2.2242987427732403e-12
0.686423874	2.2239770618374185e-12
0.687577162	2.1809111395697663e-12
0.688730449	2.132914443870856e-12
0.689883736	2.1398462078207514e-12
0.691037023	2.1721507572399777e-12
0.69219031	2.174453557774072e-12
0.693343597	2.1572430087369316e-12
0.694496885	2.142644051650557e-12
0.695650172	2.1350700232763944e-12
0.696803459	2.1062878828453698e-12
0.697956746	2.040374585582945e-12
0.699110033	1.9437717902989964e-12
0.700263321	1.841752916878498e-12
0.701416608	1.7966519691910284e-12
0.702569895	1.7907619152968338e-12
0.703723182	1.7983348030770317e-12
0.704876469	1.815233750129142e-12
0.706029757	1.8479795684062696e-12
0.707183044	1.8971770417042534e-12
0.708336331	1.944103978313456e-12
0.709489618	1.9566932288126455e-12
0.710642905	1.9415204503918597e-12
0.711796193	1.949199927383337e-12
0.71294948	1.975146124571419e-12
0.714102767	1.948496633075735e-12
0.715256054	1.8728932687435802e-12
0.716409341	1.7292108235536405e-12
0.717562629	1.4808410646732686e-12
0.718715916	1.2533471857278363e-12
0.719869203	1.13717972476477e-12
0.72102249	1.0981773965986375e-12
0.722175777	1.0435143157282015e-12
0.723329064	9.234714886979239e-13
0.724482352	7.974756997860046e-13
0.725635639	6.86621430350969e-13
0.726788926	6.37910176861236e-13
0.727942213	6.449882057035789e-13
0.7290955	7.095792623267141e-13
0.730248788	8.144867154578321e-13
0.731402075	9.269685502459408e-13
0.732555362	1.0522249511174658e-12
0.733708649	1.1834490011040074e-12
0.734861936	1.2948198523522063e-12
0.736015224	1.3938311600346296e-12
0.737168511	1.4847591163990415e-12
0.738321798	1.5934208866303155e-12
0.739475085	1.6701723611725194e-12
0.740628372	1.7316055588688837e-12
0.74178166	1.7684591976747832e-12
0.742934947	1.8080508884358358e-12
0.744088234	1.8339095085236716e-12
0.745241521	1.8582688551466875e-12
0.746394808	1.8335915372552573e-12
0.747548096	1.829489644739672e-12
0.748701383	1.832629690219443e-12
0.74985467	1.8328533582000584e-12
0.751007957	1.8308138864912433e-12
0.752161244	1.8189493917905924e-12
0.753314531	1.7852105608787702e-12
0.754467819	1.7672619012017458e-12
0.755621106	1.7420065565956876e-12
0.756774393	1.687710832939283e-12
0.75792768	1.6717411638147519e-12
0.759080967	1.6797863742296513e-12
0.760234255	1.5332896127703053e-12
0.761387542	1.2814376400200684e-12
0.762540829	1.2417679579487102e-12
0.763694116	1.2959996100450377e-12
0.764847403	1.3465974422685432e-12
0.766000691	1.4336506942103493e-12
0.767153978	1.5188122972275262e-12
0.768307265	1.5596270144374395e-12
0.769460552	1.5415764930740411e-12
0.770613839	1.5023410190900425e-12
0.771767127	1.483021530548022e-12
0.772920414	1.4542495955746097e-12
0.774073701	1.4435117605863453e-12
0.775226988	1.4392937042498914e-12
0.776380275	1.3887887587776885e-12
0.777533562	1.3006194945366622e-12
0.77868685	1.333389923031315e-12
0.779840137	1.2679919851803615e-12
0.780993424	1.182265609983747e-12
0.782146711	1.1180910296708782e-12
0.783299998	1.0828799079786793e-12
0.784453286	1.0693585238401538e-12
0.785606573	1.0805663487573825e-12
0.78675986	1.101025885982323e-12
0.787913147	1.1064606184500766e-12
0.789066434	1.109200731409906e-12
0.790219722	1.0963231339622302e-12
0.791373009	1.0747866767246932e-12
0.792526296	1.0415019726971864e-12
0.793679583	1.0240564647087184e-12
0.79483287	1.0112712371807215e-12
0.795986158	1.0036615814299763e-12
0.797139445	9.983622548142535e-13
0.798292732	9.99815581355332e-13
0.799446019	1.0178520454802158e-12
0.800599306	1.0355632993446736e-12
0.801752594	1.0469607490168426e-12
0.802905881	1.0656621525758014e-12
0.804059168	1.0964143106041772e-12
0.805212455	1.1267741629677763e-12
0.806365742	1.1359420400215438e-12
0.807519029	1.149293617775453e-12
0.808672317	1.1707282630273375e-12
0.809825604	1.1868894737286318e-12
0.810978891	1.1978278955052081e-12
0.812132178	1.2120983268150373e-12
0.813285465	1.217460639922285e-12
0.814438753	1.2152243943351978e-12
0.81559204	1.2010136067007014e-12
0.816745327	1.1946713483646473e-12
0.817898614	1.219362103004909e-12
0.819051901	1.2418951591462544e-12
0.820205189	1.2710016545377922e-12
0.821358476	1.2961738547356348e-12
0.822511763	1.2649203909159016e-12
0.82366505	1.2879040925735082e-12
0.824818337	1.3367723241582964e-12
0.825971625	1.3577450082384328e-12
0.827124912	1.3703195610484752e-12
0.828278199	1.3532719252596782e-12
0.829431486	1.344060474729013e-12
0.830584773	1.3279830919511616e-12
0.831738061	1.3034224826381875e-12
0.832891348	1.2775076161549294e-12
0.834044635	1.2282565618515196e-12
0.835197922	1.1516401144753374e-12
0.836351209	1.0483186451040948e-12
0.837504496	9.623410384806146e-13
0.838657784	9.190214035026366e-13
0.839811071	8.863248069228582e-13
0.840964358	8.804199981440675e-13
0.842117645	9.26451383678963e-13
0.843270932	9.7669426293194e-13
0.84442422	1.0004112086238832e-12
0.845577507	1.095711562986799e-12
0.846730794	1.042660572446108e-12
0.847884081	1.1073390232976147e-12
0.849037368	1.1060008468547544e-12
0.850190656	9.126430635938373e-13
0.851343943	9.071644752921492e-13
0.85249723	9.290487756553858e-13
0.853650517	7.530229157439074e-13
0.854803804	5.677679348148611e-13
0.855957092	6.855894041568026e-13
0.857110379	7.405432781761956e-13
0.858263666	6.565219724280186e-13
0.859416953	5.113726374029331e-13
0.86057024	4.5109954245309516e-13
0.861723528	4.497238477726145e-13
0.862876815	4.3555258845399873e-13
0.864030102	4.2722836081639776e-13
0.865183389	3.9882627676873616e-13
0.866336676	3.1820908634141475e-13
0.867489963	3.8331729416698605e-13
0.868643251	5.27367789613012e-13
0.869796538	6.475195611147165e-13
0.870949825	7.113608905722739e-13
0.872103112	7.710475571498406e-13
0.873256399	7.83835209666255e-13
0.874409687	6.792915394138342e-13
0.875562974	6.375423575775217e-13
0.876716261	7.303594011171745e-13
0.877869548	6.98691036419372e-13
0.879022835	5.89248219410074e-13
0.880176123	4.639696621190204e-13
0.88132941	3.406686653521413e-13
0.882482697	2.4749903568844846e-13
0.883635984	2.0123038826927493e-13
0.884789271	1.8144346695077023e-13
0.885942559	1.467788131801361e-13
0.887095846	1.439295856601208e-13
0.888249133	1.636073924917483e-13
0.88940242	1.7639929383473556e-13
0.890555707	1.824324241131745e-13
0.891708994	1.8355263366247525e-13
0.892862282	1.7788261387904732e-13
0.894015569	1.7715557157163117e-13
0.895168856	1.8236281313661482e-13
0.896322143	1.9364099081587742e-13
0.89747543	2.1022879112754742e-13
0.898628718	2.223385386579193e-13
0.899782005	2.338547943902322e-13
0.900935292	2.317795950461434e-13
0.902088579	2.7625716037286174e-13
0.903241866	3.929394260942184e-13
0.904395154	4.829809059215245e-13
0.905548441	5.330231248320004e-13
0.906701728	5.564761722234262e-13
0.907855015	5.841354570597012e-13
0.909008302	6.004614867358553e-13
0.91016159	6.185699064361466e-13
0.911314877	6.377307607162388e-13
0.912468164	6.422873782458522e-13
0.913621451	6.360017157001682e-13
0.914774738	6.51733909518448e-13
0.915928026	6.431858808007645e-13
0.917081313	6.627622493537843e-13
0.9182346	6.82303566351094e-13
0.919387887	7.066812337120921e-13
0.920541174	7.185629203745282e-13
0.921694461	6.616041921412301e-13
0.922847749	5.779936128843803e-13
0.924001036	6.324073019661989e-13
0.925154323	6.874329822285918e-13
0.92630761	6.771313449953201e-13
0.927460897	6.879827951220107e-13
0.928614185	6.84710904493772e-13
0.929767472	6.547028395028522e-13
0.930920759	6.01828558553644e-13
0.932074046	5.314580024118003e-13
0.933227333	4.968242730504912e-13
0.934380621	4.678774147992161e-13
0.935533908	4.818961465570312e-13
0.936687195	4.885397101180658e-13
0.937840482	4.913171108616809e-13
0.938993769	5.234092280922174e-13
0.940147057	5.081179132350226e-13
0.941300344	4.773582552597572e-13
0.942453631	4.4677577741268347e-13
0.943606918	4.172381336218743e-13
0.944760205	4.1153679624558194e-13
0.945913493	4.066643498326084e-13
0.94706678	4.12811940939595e-13
0.948220067	4.0888160957671286e-13
0.949373354	4.129585412707619e-13
0.950526641	4.295279002358192e-13
0.951679928	4.594010558506677e-13
0.952833216	4.739510033969795e-13
0.953986503	4.3805470873405385e-13
0.95513979	3.646032071758581e-13
0.956293077	3.7044198508547264e-13
0.957446364	3.892711960306532e-13
0.958599652	3.699782998317978e-13
0.959752939	3.557126746852111e-13
0.960906226	3.500737568111497e-13
0.962059513	3.3673394540922477e-13
0.9632128	3.335861558535596e-13
0.964366088	3.264233498855419e-13
0.965519375	3.2382930228659696e-13
0.966672662	3.160130528577194e-13
0.967825949	3.183438870223481e-13
0.968979236	3.2021135469156253e-13
0.970132524	0.
0.971285811	0.
0.972439098	0.
0.973592385	0.
0.974745672	0.
0.97589896	0.
0.977052247	0.
0.978205534	0.
0.979358821	0.
0.980512108	0.
0.981665395	0.
0.982818683	0.
0.98397197	0.
0.985125257	0.
0.986278544	0.
0.987431831	0.
0.988585119	0.
0.989738406	0.
0.990891693	0.
0.99204498	0.
0.993198267	0.
0.994351555	0.
0.995504842	0.
0.996658129	0.
0.997811416	2.639880470895527e-13
0.998964703	2.5661061699455695e-13
1.000117991	2.461211768962909e-13
1.001271278	2.2068842630849817e-13
1.002424565	1.9792764705525946e-13
1.003577852	1.7494763023883496e-13
1.004731139	1.5818974194048956e-13
1.005884426	1.573809650043503e-13
1.007037714	1.6524976841344502e-13
1.008191001	1.7139050806469752e-13
1.009344288	1.883798824706793e-13
1.010497575	2.0956577253414856e-13
1.011650862	2.3065312335474303e-13
1.01280415	2.549401481085114e-13
1.013957437	2.8231532958352635e-13
1.015110724	3.069638120689084e-13
1.016264011	3.3018552581447424e-13
1.017417298	3.494778237798189e-13
1.018570586	3.6315072078067356e-13
1.019723873	3.8016182508891143e-13
1.02087716	3.996030712357008e-13
1.022030447	4.1551546536992084e-13
1.023183734	4.341139425157196e-13
1.024337022	4.545551408905251e-13
1.025490309	4.761871284880856e-13
1.026643596	4.942621320723869e-13
1.027796883	5.081997105595838e-13
1.02895017	5.256693286830562e-13
1.030103458	5.456113731481568e-13
1.031256745	5.588961653307154e-13
1.032410032	5.762836916914281e-13
1.033563319	6.06144314928686e-13
1.034716606	6.273592437997416e-13
1.035869893	6.36652611152475e-13
1.037023181	6.558753670460245e-13
1.038176468	6.78550784216367e-13
1.039329755	6.886477217770702e-13
1.040483042	6.96480051675093e-13
1.041636329	7.085927186403583e-13
1.042789617	7.175866277623054e-13
1.043942904	7.205724055591899e-13
1.045096191	7.271240694529699e-13
1.046249478	7.332665186098277e-13
1.047402765	7.283066106610685e-13
1.048556053	7.240575943556516e-13
1.04970934	7.233810820561069e-13
1.050862627	7.283253765095578e-13
1.052015914	7.333801379499125e-13
1.053169201	7.421277497921296e-13
1.054322489	7.479262215243435e-13
1.055475776	7.438151193823214e-13
1.056629063	7.455181831618014e-13
1.05778235	7.570316427329424e-13
1.058935637	7.594043804690043e-13
1.060088925	7.523551210343863e-13
1.061242212	7.433242801822275e-13
1.062395499	7.494533857866186e-13
1.063548786	7.513320675722012e-13
1.064702073	7.437094979608987e-13
1.06585536	7.343732946870985e-13
1.067008648	7.255489348495232e-13
1.068161935	7.224754055728203e-13
1.069315222	7.275713350995606e-13
1.070468509	7.309722698573525e-13
1.071621796	7.245161137156178e-13
1.072775084	7.218857542833673e-13
1.073928371	7.257298029502306e-13
1.075081658	7.252003150762663e-13
1.076234945	7.215068701217842e-13
1.077388232	7.214652071595406e-13
1.07854152	7.167094980126799e-13
1.079694807	7.029259597989551e-13
1.080848094	7.02487246537912e-13
1.082001381	7.131576169330529e-13
1.083154668	7.065959944048741e-13
1.084307956	6.894354196630101e-13
1.085461243	6.72717098411353e-13
1.08661453	6.715558222326882e-13
1.087767817	6.873711585857753e-13
1.088921104	6.777012681118433e-13
1.090074392	6.454490712469822e-13
1.091227679	6.198679010986918e-13
1.092380966	6.039839399104877e-13
1.093534253	6.063485460205886e-13
1.09468754	5.97821058018503e-13
1.095840827	5.688166701195883e-13
1.096994115	5.470265894601497e-13
1.098147402	5.309407133179419e-13
1.099300689	5.082434010660073e-13
1.100453976	4.897901042353264e-13
1.101607263	4.834760494015258e-13
1.102760551	4.742288060782442e-13
1.103913838	4.58220050122735e-13
1.105067125	4.4315342460504054e-13
1.106220412	4.27661141003188e-13
1.107373699	4.0892303491371054e-13
1.108526987	3.833413173855877e-13
1.109680274	3.5195481070798296e-13
1.110833561	3.1969445330956343e-13
1.111986848	2.8772850576629904e-13
1.113140135	2.5646226545694036e-13
1.114293423	2.2635200628918928e-13
1.11544671	1.981599177029028e-13
1.116599997	1.7211320461134104e-13
1.117753284	1.4876532846931838e-13
1.118906571	1.2880066972397995e-13
1.120059858	1.1102456720106371e-13
1.121213146	9.301992723857659e-14
1.122366433	7.551518203460758e-14
1.12351972	6.081760596056216e-14
1.124673007	4.905878446448317e-14
1.125826294	4.0182057044725934e-14
1.126979582	3.356384251895456e-14
1.128132869	2.9161558950251796e-14
1.129286156	2.74099952431216e-14
1.130439443	2.759751512436765e-14
1.13159273	2.9053003839507336e-14
1.132746018	3.17166373887295e-14
1.133899305	3.5307480638591235e-14
1.135052592	3.893848197396112e-14
1.136205879	4.2330689041110404e-14
1.137359166	4.601886156880782e-14
1.138512454	4.927540421368712e-14
1.139665741	5.182404756405071e-14
1.140819028	5.36928255951922e-14
1.141972315	5.454094302476416e-14
1.143125602	5.4619794696694087e-14
1.14427889	5.3266459441823206e-14
1.145432177	4.9913766402889606e-14
1.146585464	4.5555581989310774e-14
1.147738751	4.071661569716186e-14
1.148892038	3.5232641436651004e-14
1.150045325	2.9651318738494226e-14
1.151198613	2.4570545938092988e-14
1.1523519	2.0268330087756256e-14
1.153505187	1.7092393384754002e-14
1.154658474	1.497065995367931e-14
1.155811761	1.365411030292515e-14
1.156965049	1.281876650109057e-14
1.158118336	1.2261275106122386e-14
1.159271623	1.2064686902914435e-14
1.16042491	1.211792456889831e-14
1.161578197	1.22829493443193e-14
1.162731485	1.2398785462755436e-14
1.163884772	1.2762199590927897e-14
1.165038059	1.3697092897500623e-14
1.166191346	1.5362558098977886e-14
1.167344633	1.7819514671905204e-14
1.168497921	2.1122440951223526e-14
1.169651208	2.532582162312561e-14
1.170804495	2.994744364533082e-14
1.171957782	3.4645977766507056e-14
1.173111069	3.899638556843037e-14
1.174264357	4.271025953846613e-14
1.175417644	4.572248560021593e-14
1.176570931	4.720833063517192e-14
1.177724218	4.7136675095914607e-14
1.178877505	4.575899305154554e-14
1.180030792	4.33853282796837e-14
1.18118408	4.125917993813667e-14
1.182337367	3.962783916155425e-14
1.183490654	3.860859550418032e-14
1.184643941	3.7795634394565024e-14
1.185797228	3.703920545205331e-14
1.186950516	3.8172644316548683e-14
1.188103803	4.137151510365541e-14
1.18925709	4.493170558939344e-14
1.190410377	4.9006810702983574e-14
1.191563664	5.421228665828672e-14
1.192716952	6.013225476117542e-14
1.193870239	6.63945446216573e-14
1.195023526	7.335728249677479e-14
1.196176813	8.132046193335832e-14
1.1973301	9.152404495190825e-14
1.198483388	1.0228797902191513e-13
1.199636675	1.1062262930501721e-13
1.200789962	1.1929954040350116e-13
1.201943249	1.3011875372820373e-13
1.203096536	1.4619180279672508e-13
1.204249824	1.6519301660952126e-13
1.205403111	1.7828074126421437e-13
1.206556398	1.9201161819038892e-13
1.207709685	2.1244663841479642e-13
1.208862972	2.295505280284284e-13
1.210016259	2.400064716769406e-13
1.211169547	2.5096755907994027e-13
1.212322834	2.633385367489535e-13
1.213476121	2.7601639033371586e-13
1.214629408	2.8788429021813587e-13
1.215782695	2.9784302736868313e-13
1.216935983	3.0586044127523936e-13
1.21808927	3.1180816344630983e-13
1.219242557	3.148616714329943e-13
1.220395844	3.152678129096487e-13
1.221549131	3.1308336918969687e-13
1.222702419	3.0866708919627064e-13
1.223855706	3.024278361118445e-13
1.225008993	2.9304862329389885e-13
1.22616228	2.819080732715874e-13
1.227315567	2.730725557508686e-13
1.228468855	2.6506907092336704e-13
1.229622142	2.571802323636565e-13
1.230775429	2.536555868738018e-13
1.231928716	2.54753637022479e-13
1.233082003	2.577489718203066e-13
1.23423529	2.617370128938015e-13
1.235388578	2.6722236760637944e-13
1.236541865	2.7380720855903694e-13
1.237695152	2.8101667675479516e-13
1.238848439	2.9062495121813827e-13
1.240001726	3.0210991553898954e-13
1.241155014	3.1194909360303386e-13
1.242308301	3.198945447744439e-13
1.243461588	3.2649020704570965e-13
1.244614875	3.3146680156918886e-13
1.245768162	3.3491949899117445e-13
1.24692145	3.389337207897422e-13
1.248074737	3.447744928481757e-13
1.249228024	3.502444566117012e-13
1.250381311	3.559234827757014e-13
1.251534598	3.635633516543397e-13
1.252687886	3.6814685206512476e-13
1.253841173	3.682446854481034e-13
1.25499446	3.6831135615058015e-13
1.256147747	3.688843968853151e-13
1.257301034	3.6842977049866016e-13
1.258454322	3.669829135967686e-13
1.259607609	3.642107816104394e-13
1.260760896	3.6122952554780485e-13
1.261914183	3.584595768128511e-13
1.26306747	3.5532162941816964e-13
1.264220757	3.525814041065006e-13
1.265374045	3.5219044586529045e-13
1.266527332	3.556534501695401e-13
1.267680619	3.6284446068656615e-13
1.268833906	3.6762228073275656e-13
1.269987193	3.6717483143148097e-13
1.271140481	3.678647669419019e-13
1.272293768	3.7058763258816466e-13
1.273447055	3.7481820655654376e-13
1.274600342	3.798669861193342e-13
1.275753629	3.8307683518113073e-13
1.276906917	3.8569899166357614e-13
1.278060204	3.860305796022049e-13
1.279213491	3.8012562609188595e-13
1.280366778	3.7696399155671907e-13
1.281520065	3.9417275482003676e-13
1.282673353	3.988362210736113e-13
1.28382664	3.779124533632656e-13
1.284979927	3.674129566757159e-13
1.286133214	3.6961198736865985e-13
1.287286501	3.7187368689322724e-13
1.288439789	3.7053559213172265e-13
1.289593076	3.6933328062248584e-13
1.290746363	3.6591124141712774e-13
1.29189965	3.5985937437290075e-13
1.293052937	3.569326640587293e-13
1.294206224	3.5557629947158095e-13
1.295359512	3.508714582462492e-13
1.296512799	3.448131902484712e-13
1.297666086	3.3926534749109306e-13
1.298819373	3.310861907306302e-13
1.29997266	3.204278077959601e-13
1.301125948	3.1236579986448007e-13
1.302279235	3.0662001297993835e-13
1.303432522	3.001541742811967e-13
1.304585809	2.920021209350915e-13
1.305739096	2.811647516587118e-13
1.306892384	2.6991586733345453e-13
1.308045671	2.5871512340578713e-13
1.309198958	2.459461871556391e-13
1.310352245	2.3259960348208945e-13
1.311505532	2.208724592389579e-13
1.31265882	2.0608711908522644e-13
1.313812107	1.8707722447585967e-13
1.314965394	1.7100347395703477e-13
1.316118681	1.575522043812409e-13
1.317271968	1.4156319151051725e-13
1.318425256	1.26625873822058e-13
1.319578543	1.1623317775993905e-13
1.32073183	1.0881690904772796e-13
1.321885117	1.0349210601582597e-13
1.323038404	9.910286447365182e-14
1.324191691	9.516686330620538e-14
1.325344979	9.234203010028741e-14
1.326498266	8.99875395253555e-14
1.327651553	8.74005521515966e-14
1.32880484	8.509251059164128e-14
1.329958127	8.29523474522714e-14
1.331111415	7.985297554100736e-14
1.332264702	7.579535189516562e-14
1.333417989	7.108059735115638e-14
1.334571276	6.639119970259578e-14
1.335724563	6.219254866232801e-14
1.336877851	5.763689520208337e-14
1.338031138	5.242169375503681e-14
1.339184425	4.727528837152438e-14
1.340337712	4.216491886063175e-14
1.341490999	3.697081228538229e-14
1.342644287	3.240376752894871e-14
1.343797574	2.8545242045747426e-14
1.344950861	2.5317877152755215e-14
1.346104148	2.2740476374411995e-14
1.347257435	2.068717158954696e-14
1.348410722	1.9084334882993684e-14
1.34956401	1.7989672929662214e-14
1.350717297	1.679955010014586e-14
1.351870584	1.5262224167947287e-14
1.353023871	1.3706419067795637e-14
1.354177158	1.2163085548478182e-14
1.355330446	1.0872119697821141e-14
1.356483733	9.726594378402438e-15
1.35763702	8.554301243715422e-15
1.358790307	7.784402533970296e-15
1.359943594	7.585110850804823e-15
1.361096882	7.964648602411982e-15
1.362250169	8.972454618087216e-15
1.363403456	1.0463810102259852e-14
1.364556743	1.1668226654339506e-14
1.36571003	1.232137692567146e-14
1.366863318	1.2615088390441265e-14
1.368016605	1.2707275609111351e-14
1.369169892	1.28424483454205e-14
1.370323179	1.2727647444676311e-14
1.371476466	1.2269935659378796e-14
1.372629754	1.1599296268628953e-14
1.373783041	1.0833376363808287e-14
1.374936328	1.0217190999248312e-14
1.376089615	9.744319787879834e-15
1.377242902	9.294677085008528e-15
1.378396189	8.8942968933938e-15
1.379549477	8.62787175661259e-15
1.380702764	8.483163297568496e-15
1.381856051	8.506543474375168e-15
1.383009338	8.678426973712124e-15
1.384162625	8.853068034639843e-15
1.385315913	9.023036124669317e-15
1.3864692	8.9023962823732e-15
1.387622487	8.389947532715308e-15
1.388775774	7.879347746273187e-15
1.389929061	7.47876073949742e-15
1.391082349	7.147462278701736e-15
1.392235636	6.870957551847273e-15
1.393388923	6.6700059500130584e-15
1.39454221	6.507115551292456e-15
1.395695497	6.349994522597122e-15
1.396848785	6.196326721759513e-15
1.398002072	6.066556951374999e-15
1.399155359	6.047366700331494e-15
1.400308646	6.146874787732821e-15
1.401461933	6.19390161214482e-15
1.402615221	6.196049773940251e-15
1.403768508	6.179119115835828e-15
1.404921795	6.0362462190437745e-15
1.406075082	5.8668755939953466e-15
1.407228369	5.7702552526069006e-15
1.408381656	5.794519229343471e-15
1.409534944	5.967117912230334e-15
1.410688231	6.3832458872095565e-15
1.411841518	7.100888037504541e-15
1.412994805	8.02527592052634e-15
1.414148092	9.155022850714467e-15
1.41530138	1.0404752340530237e-14
1.416454667	1.172200040632269e-14
1.417607954	1.3083095656668816e-14
1.418761241	1.4408465285827742e-14
1.419914528	1.577506484298806e-14
1.421067816	1.7268968120244763e-14
1.422221103	1.8803341289587368e-14
1.42337439	1.997875786640619e-14
1.424527677	2.106388509160215e-14
1.425680964	2.247770705828003e-14
1.426834252	2.392087319330685e-14
1.427987539	2.531998233173203e-14
1.429140826	2.6820714656282228e-14
1.430294113	2.847018587787741e-14
1.4314474	3.0334505257853814e-14
1.432600687	3.2431976011249615e-14
1.433753975	3.4778047909819746e-14
1.434907262	3.7116709763156507e-14
1.436060549	3.929573566387735e-14
1.437213836	4.1328654276725087e-14
1.438367123	4.3307139006746526e-14
1.439520411	4.598605955767004e-14
1.440673698	4.7876789024076045e-14
1.441826985	4.799173303310155e-14
1.442980272	4.843890668667799e-14
1.444133559	4.948085316813702e-14
1.445286847	4.9517960921395086e-14
1.446440134	4.897601884863192e-14
1.447593421	4.8927700629751735e-14
1.448746708	4.858890436426806e-14
1.449899995	4.7998207922464494e-14
1.451053283	4.806378502026942e-14
1.45220657	4.880111863953787e-14
1.453359857	4.9878552737159555e-14
1.454513144	5.155635503272124e-14
1.455666431	5.413378138370422e-14
1.456819719	5.69618691349685e-14
1.457973006	5.915224095125389e-14
1.459126293	6.154593167294556e-14
1.46027958	6.452709477606955e-14
1.461432867	6.820029951472461e-14
1.462586154	7.217599892242969e-14
1.463739442	7.589191609255777e-14
1.464892729	7.95599810093407e-14
1.466046016	8.296872101030494e-14
1.467199303	8.490156538172224e-14
1.46835259	8.535238294804854e-14
1.469505878	8.558489493406457e-14
1.470659165	8.544371001431523e-14
1.471812452	8.49559341400182e-14
1.472965739	8.454585684997178e-14
1.474119026	8.311115269327063e-14
1.475272314	7.946717149650447e-14
1.476425601	8.018808063439662e-14
1.477578888	8.077383723293221e-14
1.478732175	8.117933094125405e-14
1.479885462	8.097971464539065e-14
1.48103875	8.512351980970356e-14
1.482192037	9.2567664700836e-14
1.483345324	9.843562687810681e-14
1.484498611	1.0640790758939465e-13
1.485651898	1.1189686390464438e-13
1.486805186	1.2329023824531185e-13
1.487958473	1.4097676795809384e-13
1.48911176	1.4504187915967148e-13
1.490265047	1.4431861016351486e-13
1.491418334	1.4987366545132337e-13
1.492571621	1.5747330909363884e-13
1.493724909	1.6114631885244324e-13
1.494878196	1.6405956690182861e-13
1.496031483	1.6937885681948997e-13
1.49718477	1.7050340281313552e-13
1.498338057	1.6797549326370384e-13
1.499491345	1.655321826272419e-13
1.500644632	1.6712137322339508e-13
1.501797919	1.6893389514041682e-13
1.502951206	1.6824341015456234e-13
1.504104493	1.6871592658244804e-13
1.505257781	1.7029151788001998e-13
1.506411068	1.7047256504862677e-13
1.507564355	1.6739928503997575e-13
1.508717642	1.6666070468253441e-13
1.509870929	1.665015325666301e-13
1.511024217	1.6902252874691334e-13
1.512177504	1.7375176388931166e-13
1.513330791	1.7749776454369758e-13
1.514484078	1.8062383868829903e-13
1.515637365	1.8170862984401344e-13
1.516790653	1.8302445676963945e-13
1.51794394	1.856058095124516e-13
1.519097227	1.8849043985128405e-13
1.520250514	1.9143542586660273e-13
1.521403801	1.9566591401022243e-13
1.522557088	1.999305541944101e-13
1.523710376	2.0005461206903037e-13
1.524863663	1.9738272963657278e-13
1.52601695	1.945858763259389e-13
1.527170237	1.9443259094643413e-13
1.528323524	1.9730204344193078e-13
1.529476812	2.034143002703066e-13
1.530630099	2.04616399902092e-13
1.531783386	1.9811435575833363e-13
1.532936673	1.9536215731064166e-13
1.53408996	1.9791269666378195e-13
1.535243248	1.9907527240538725e-13
1.536396535	1.9980465058924906e-13
1.537549822	2.0412769185797916e-13
1.538703109	2.0759851918731083e-13
1.539856396	2.0813714273426156e-13
1.541009684	2.0486033525753584e-13
1.542162971	2.003715225362699e-13
1.543316258	1.9829904625980676e-13
1.544469545	1.9962843857929e-13
1.545622832	2.02143685027185e-13
1.546776119	2.061210394883408e-13
1.547929407	2.113506265262974e-13
1.549082694	2.1249572571831443e-13
1.550235981	2.1039526253405305e-13
1.551389268	2.0631889316977944e-13
1.552542555	2.0366042383681135e-13
1.553695843	2.0469963538158388e-13
1.55484913	2.0386215425454798e-13
1.556002417	2.0129666299509544e-13
1.557155704	2.0056276560050705e-13
1.558308991	2.0253108018127936e-13
1.559462279	2.0520541708046359e-13
1.560615566	2.0754652344896254e-13
1.561768853	2.06844359105005e-13
1.56292214	2.061318702108521e-13
1.564075427	2.0577837857179159e-13
1.565228715	2.03848913564321e-13
1.566382002	2.0204640011294198e-13
1.567535289	1.9952882968033284e-13
1.568688576	1.953851792827329e-13
1.569841863	1.907402099073574e-13
1.570995151	1.896974498524892e-13
1.572148438	1.9326917623729266e-13
1.573301725	1.9990589724368255e-13
1.574455012	2.0600521833708724e-13
1.575608299	2.1032491733381125e-13
1.576761586	2.1425671384913224e-13
1.577914874	2.1456031034407705e-13
1.579068161	2.10456489727046e-13
1.580221448	2.0403203534492662e-13
1.581374735	2.079018602716309e-13
1.582528022	2.1304587976999716e-13
1.58368131	2.0683638962747258e-13
1.584834597	1.9825309035254525e-13
1.585987884	1.9115838295884318e-13
1.587141171	1.8835708526962514e-13
1.588294458	1.9461303813737313e-13
1.589447746	2.0701504894826316e-13
1.590601033	2.171865657161303e-13
1.59175432	2.1503940722869077e-13
1.592907607	2.1103898951660996e-13
1.594060894	2.094817098476969e-13
1.595214182	2.1304689093903635e-13
1.596367469	2.1608355312417666e-13
1.597520756	2.0940695727556646e-13
1.598674043	2.044046584161828e-13
1.59982733	2.0788668823238686e-13
1.600980618	2.0976239692976505e-13
1.602133905	2.0722792474996455e-13
1.603287192	2.050549159861806e-13
1.604440479	2.027003952125118e-13
1.605593766	2.0114851538553422e-13
1.606747053	1.980987439401733e-13
1.607900341	1.9292730166432652e-13
1.609053628	1.9127434603489713e-13
1.610206915	1.9200413287298877e-13
1.611360202	1.9043070717563415e-13
1.612513489	1.8781483321606155e-13
1.613666777	1.8406086724966759e-13
1.614820064	1.8183465748449038e-13
1.615973351	1.8204929127676656e-13
1.617126638	1.7279320194737798e-13
1.618279925	1.595380365848582e-13
1.619433213	1.5202011334668043e-13
1.6205865	1.4290353829041245e-13
1.621739787	1.3076299531647445e-13
1.622893074	1.1812335387425524e-13
1.624046361	1.0711126333688415e-13
1.625199649	9.767885393762024e-14
1.626352936	8.84975294066551e-14
1.627506223	7.848646119656456e-14
1.62865951	6.925748613015445e-14
1.629812797	6.091120162617598e-14
1.630966085	5.2902046631314185e-14
1.632119372	4.509388633320336e-14
1.633272659	3.8579098145411383e-14
1.634425946	3.3349211107836246e-14
1.635579233	2.897235679673549e-14
1.63673252	2.5817717796145712e-14
1.637885808	2.363878344103834e-14
1.639039095	2.2279579570782723e-14
1.640192382	2.1470323368822208e-14
1.641345669	2.130377358217398e-14
1.642498956	2.1575507274428448e-14
1.643652244	2.1534477487615435e-14
1.644805531	2.0488440933365547e-14
1.645958818	1.8679665456722686e-14
1.647112105	1.638516837784397e-14
1.648265392	1.3901986318163156e-14
1.64941868	1.151605137705863e-14
1.650571967	9.29376687361469e-15
1.651725254	7.616822594167043e-15
1.652878541	6.579734346325519e-15
1.654031828	6.1261210715372896e-15
1.655185116	6.1902750026236096e-15
1.656338403	6.714654431547207e-15
1.65749169	7.531895089210861e-15
1.658644977	8.462487501113997e-15
1.659798264	9.296570771592934e-15
1.660951551	9.630214110526816e-15
1.662104839	9.602242371885013e-15
1.663258126	9.488355306757326e-15
1.664411413	9.375937754010933e-15
1.6655647	9.548019108296251e-15
1.666717987	9.920444279812386e-15
1.667871275	1.0404164176358424e-14
1.669024562	1.0888055011685063e-14
1.670177849	1.1513773087909095e-14
1.671331136	1.2541442797784159e-14
1.672484423	1.3701964627648517e-14
1.673637711	1.4295649772266292e-14
1.674790998	1.4849536448471567e-14
1.675944285	1.5655758589787053e-14
1.677097572	1.6171410858903572e-14
1.678250859	1.6494549422499562e-14
1.679404147	1.742508112587396e-14
1.680557434	1.866302286662721e-14
1.681710721	2.0049482833678998e-14
1.682864008	2.0784961312641213e-14
1.684017295	2.0538408694495675e-14
1.685170583	2.003939358225891e-14
1.68632387	1.9472774905234982e-14
1.687477157	1.8529370081218655e-14
1.688630444	1.72675338652129e-14
1.689783731	1.596774857833803e-14
1.690937018	1.4537035227954502e-14
1.692090306	1.2981984442846426e-14
1.693243593	1.1679970662957245e-14
1.69439688	1.0466424793143829e-14
1.695550167	9.373053224376417e-15
1.696703454	8.445303497620896e-15
1.697856742	7.636082768413706e-15
1.699010029	7.001423392000577e-15
1.700163316	6.4416551584170756e-15
1.701316603	5.830302763718161e-15
1.70246989	5.242269781668906e-15
1.703623178	4.7059164703528334e-15
1.704776465	4.218379928177753e-15
1.705929752	3.829339887019258e-15
1.707083039	3.5288025735132903e-15
1.708236326	3.32141819833647e-15
1.709389614	3.1643172435322716e-15
1.710542901	3.1158065183278597e-15
1.711696188	3.2164953567427868e-15
1.712849475	3.345876335785973e-15
1.714002762	3.3994962502026497e-15
1.71515605	3.538670735598718e-15
1.716309337	3.732623941810726e-15
1.717462624	3.866624302611449e-15
1.718615911	3.892564347680421e-15
1.719769198	3.821344448521409e-15
1.720922485	3.673634995966125e-15
1.722075773	3.4640461212414587e-15
1.72322906	3.3224020248067687e-15
1.724382347	3.2356678543745548e-15
1.725535634	3.1258452657053097e-15
1.726688921	3.0863343170347403e-15
1.727842209	3.2248108807875876e-15
1.728995496	3.515003221125596e-15
1.730148783	3.918017206539255e-15
1.73130207	4.4898436504721235e-15
1.732455357	5.240156126509414e-15
1.733608645	6.1856335054663584e-15
1.734761932	7.331267886256761e-15
1.735915219	8.563892674931147e-15
1.737068506	9.793791846407968e-15
1.738221793	1.1189717276256173e-14
1.739375081	1.2614806748442692e-14
1.740528368	1.4023943066400349e-14
1.741681655	1.5469413777589983e-14
1.742834942	1.6784038650639563e-14
1.743988229	1.7670137123149312e-14
1.745141517	1.8431099089433758e-14
1.746294804	1.8938015660689963e-14
1.747448091	1.884912228683084e-14
1.748601378	1.8381225341235757e-14
1.749754665	1.7701119313527718e-14
1.750907952	1.689992575974623e-14
1.75206124	1.6118071731316328e-14
1.753214527	1.5321075862107533e-14
1.754367814	1.4527831235089945e-14
1.755521101	1.3893013965776439e-14
1.756674388	1.3404942453754143e-14
1.757827676	1.2888989886348498e-14
1.758980963	1.2372684817618058e-14
1.76013425	1.1882687281799656e-14
1.761287537	1.1486280739116975e-14
1.762440824	1.1046247852991654e-14
1.763594112	1.0272067234727819e-14
1.764747399	9.385546178899041e-15
1.765900686	8.537289653860248e-15
1.767053973	7.73347478495336e-15
1.76820726	6.976051679038235e-15
1.769360548	6.245968104366649e-15
1.770513835	5.560504216919554e-15
1.771667122	4.937646301255916e-15
1.772820409	4.443228442111899e-15
1.773973696	4.0951519885965375e-15
1.775126983	3.899072290899103e-15
1.776280271	3.831062491836823e-15
1.777433558	3.855562291192254e-15
1.778586845	3.9566052806819516e-15
1.779740132	4.118450255736602e-15
1.780893419	4.341859757829518e-15
1.782046707	4.5833490340577774e-15
1.783199994	4.827624961887755e-15
1.784353281	5.069526549745852e-15
1.785506568	5.32459109679699e-15
1.786659855	5.558732258343459e-15
1.787813143	5.778137489132091e-15
1.78896643	6.081917462307616e-15
1.790119717	6.525541699478117e-15
1.791273004	7.116758133288741e-15
1.792426291	7.826008691690817e-15
1.793579579	8.674453306621836e-15
1.794732866	9.630389972463702e-15
1.795886153	1.0625804261561414e-14
1.79703944	1.1725941168121e-14
1.798192727	1.2976749522176843e-14
1.799346015	1.4434419374429863e-14
1.800499302	1.6225445790716272e-14
1.801652589	1.8527698001399407e-14
1.802805876	2.1077200959602934e-14
1.803959163	2.3557948778752186e-14
1.80511245	2.6196145316051976e-14
1.806265738	2.891956364042348e-14
1.807419025	3.1461218345096853e-14
1.808572312	3.382027790008677e-14
1.809725599	3.613928083533414e-14
1.810878886	3.873825050172212e-14
1.812032174	4.187269700842737e-14
1.813185461	4.5742620532348025e-14
1.814338748	5.043308092520579e-14
1.815492035	5.59121405901527e-14
1.816645322	6.24943113107625e-14
1.81779861	7.060765469456536e-14
1.818951897	7.538579802497316e-14
1.820105184	7.514640711706627e-14
1.821258471	7.598196350870373e-14
1.822411758	7.715537057898968e-14
1.823565046	7.585836263557229e-14
1.824718333	7.433958354813929e-14
1.82587162	7.394149053569465e-14
1.827024907	7.459743462651962e-14
1.828178194	7.568564517248778e-14
1.829331482	7.610750925197924e-14
1.830484769	7.61168887568692e-14
1.831638056	7.645999787052153e-14
1.832791343	7.670697409274316e-14
1.83394463	0.
1.835097917	0.
1.836251205	0.
1.837404492	0.
1.838557779	0.
1.839711066	0.
1.840864353	0.
1.842017641	0.
1.843170928	0.
1.844324215	0.
1.845477502	0.
1.846630789	0.
1.847784077	0.
1.848937364	0.
1.850090651	0.
1.851243938	0.
1.852397225	0.
1.853550513	0.
1.8547038	0.
1.855857087	0.
1.857010374	0.
1.858163661	0.
1.859316949	0.
1.860470236	0.
1.861623523	0.
1.86277681	0.
1.863930097	0.
1.865083384	0.
1.866236672	0.
1.867389959	0.
1.868543246	0.
1.869696533	0.
1.87084982	0.
1.872003108	-1.8087514282567407e-15
1.873156395	-3.0006171502723185e-16
1.874309682	4.660981951554216e-15
1.875462969	1.3999408888919555e-14
1.876616256	2.2474552906810263e-14
1.877769544	2.348632097663235e-14
1.878922831	2.2838260110136337e-14
1.880076118	2.3037576501906162e-14
1.881229405	2.34580064350905e-14
1.882382692	2.46405503115278e-14
1.88353598	2.7415270812338713e-14
1.884689267	3.181890526982261e-14
1.885842554	3.6846624463566674e-14
1.886995841	4.080097794642465e-14
1.888149128	4.4162186901909345e-14
1.889302415	4.9444393612249205e-14
1.890455703	5.362037798704789e-14
1.89160899	4.828797885470097e-14
1.892762277	3.967997880967005e-14
1.893915564	3.4438096988013156e-14
1.895068851	3.28984244905099e-14
1.896222139	3.283155257664462e-14
1.897375426	3.2326770065670525e-14
1.898528713	3.1722526899625776e-14
1.899682	3.2088572022865566e-14
1.900835287	3.229963259396149e-14
1.901988575	2.9610170977138654e-14
1.903141862	2.3924269588512363e-14
1.904295149	2.2342305638567032e-14
1.905448436	2.2677843836018134e-14
1.906601723	2.3275411524023792e-14
1.907755011	2.342500507239002e-14
1.908908298	2.2386555449067557e-14
1.910061585	2.0575321719693902e-14
1.911214872	1.9275961972793644e-14
1.912368159	1.9421928455232422e-14
1.913521447	2.1843049214153245e-14
1.914674734	2.632167107246191e-14
1.915828021	2.954774532624401e-14
1.916981308	3.024829169658434e-14
1.918134595	2.885929418446768e-14
1.919287882	2.642595001373292e-14
1.92044117	2.3188673992120392e-14
1.921594457	1.9553671794056275e-14
1.922747744	1.6931931707578753e-14
1.923901031	1.6114128222102133e-14
1.925054318	1.6492399663294818e-14
1.926207606	1.803334021096844e-14
1.927360893	2.1529744169880492e-14
1.92851418	2.7014506930799275e-14
1.929667467	3.188708938445681e-14
1.930820754	3.4736252158293484e-14
1.931974042	3.5678585159383504e-14
1.933127329	3.508717273601954e-14
1.934280616	3.377905461431379e-14
1.935433903	3.2682650567975865e-14
1.93658719	3.1636254912261076e-14
1.937740478	3.056577253794768e-14
1.938893765	3.009922870391295e-14
1.940047052	3.011929910158418e-14
1.941200339	2.9318410440661776e-14
1.942353626	2.8130787137742257e-14
1.943506914	2.8394913769256697e-14
1.944660201	2.912259856074336e-14
1.945813488	2.9477038658055506e-14
1.946966775	2.974755309750766e-14
1.948120062	2.962527693487332e-14
1.949273349	3.022162949619224e-14
1.950426637	3.119778582837683e-14
1.951579924	3.1935949681917416e-14
1.952733211	3.11275982910293e-14
1.953886498	2.8299688611446134e-14
1.955039785	2.5926873620516124e-14
1.956193073	2.5471232357646948e-14
1.95734636	2.619428671318748e-14
1.958499647	2.750215438505869e-14
1.959652934	2.883860775465907e-14
1.960806221	2.9837435732775486e-14
1.961959509	3.0451567858480664e-14
1.963112796	3.1407576742384436e-14
1.964266083	3.295301851070924e-14
1.96541937	3.412698175563964e-14
1.966572657	3.473083235630732e-14
1.967725945	3.492600695364075e-14
1.968879232	3.511805197132161e-14
1.970032519	3.565724718715762e-14
1.971185806	3.66153700323561e-14
1.972339093	3.764605149025269e-14
1.973492381	3.7761339935742773e-14
1.974645668	3.7389550426637085e-14
1.975798955	3.706097714487149e-14
1.976952242	3.7079064398668134e-14
1.978105529	3.759290188341478e-14
1.979258816	3.769100322608936e-14
1.980412104	3.747806551924562e-14
1.981565391	3.7604738963719836e-14
1.982718678	3.787998956440862e-14
1.983871965	3.808614521270721e-14
1.985025252	3.860233992678038e-14
1.98617854	3.929901692136936e-14
1.987331827	3.8735376821534237e-14
1.988485114	3.751384188904159e-14
1.989638401	3.7041917099149335e-14
1.990791688	3.689452402410231e-14
1.991944976	3.678420595272684e-14
1.993098263	3.664229982378475e-14
1.99425155	3.622881010885866e-14
1.995404837	3.499968661541347e-14
1.996558124	3.322463212746975e-14
1.997711412	3.15124621807197e-14
1.998864699	2.925740499674739e-14
2.000017986	2.6498212117730956e-14
2.001171273	2.3861481789195392e-14
2.00232456	2.1972731362979282e-14
2.003477847	2.1269438317353085e-14
2.004631135	2.158274069252585e-14
2.005784422	2.180788279884631e-14
2.006937709	2.162091723807168e-14
2.008090996	2.0975242544937967e-14
2.009244283	2.0156349405385775e-14
2.010397571	1.9242924019411026e-14
2.011550858	1.8206276734598982e-14
2.012704145	1.7328508619144904e-14
2.013857432	1.709236073783961e-14
2.015010719	1.7662402815061204e-14
2.016164007	1.889594054253021e-14
2.017317294	2.0571272673093954e-14
2.018470581	2.2183340645159256e-14
2.019623868	2.3337008622430705e-14
2.020777155	2.4035259790804213e-14
2.021930443	2.4503808527724922e-14
2.02308373	2.4586529654650162e-14
2.024237017	2.4318344594083255e-14
2.025390304	2.416729055059749e-14
2.026543591	2.4051211343168212e-14
2.027696879	2.3726114344645068e-14
2.028850166	2.317888602559588e-14
2.030003453	2.266465354774861e-14
2.03115674	2.1889508631092346e-14
2.032310027	2.1016318771402718e-14
2.033463314	2.060755960257305e-14
2.034616602	2.0354613245770507e-14
2.035769889	1.9888863453222073e-14
2.036923176	1.9528648031385336e-14
2.038076463	1.9349899668859375e-14
2.03922975	1.8832224027865174e-14
2.040383038	1.8194526497066357e-14
2.041536325	1.796661341050415e-14
2.042689612	1.780212221237728e-14
2.043842899	1.7403463427349797e-14
2.044996186	1.6926454917355455e-14
2.046149474	1.6384801352794812e-14
2.047302761	1.5792471763847696e-14
2.048456048	1.514288379567753e-14
2.049609335	1.4395773111826506e-14
2.050762622	1.3681953530022446e-14
2.05191591	1.3147291848032225e-14
2.053069197	1.26691459861632e-14
2.054222484	1.2225049903759157e-14
2.055375771	1.189834677159453e-14
2.056529058	1.1682335353798428e-14
2.057682346	1.1529248621895515e-14
2.058835633	1.1396155054354708e-14
2.05998892	1.1216573991938285e-14
2.061142207	1.0718814738693852e-14
2.062295494	1.0036172225024033e-14
2.063448781	9.631126780495037e-15
2.064602069	9.303384778946541e-15
2.065755356	8.711484224359877e-15
2.066908643	8.321149066914496e-15
2.06806193	8.183091570309263e-15
2.069215217	8.082485286387005e-15
2.070368505	7.943094510245983e-15
2.071521792	7.691883096436338e-15
2.072675079	7.407214067873128e-15
2.073828366	7.15869737532083e-15
2.074981653	6.954262899039396e-15
2.076134941	6.783421506020139e-15
2.077288228	6.590580694393616e-15
2.078441515	6.374762166337983e-15
2.079594802	6.2156041466789345e-15
2.080748089	6.032741686913134e-15
2.081901377	5.753147260850964e-15
2.083054664	5.5305408792816806e-15
2.084207951	5.3884304557176305e-15
2.085361238	5.17845788780569e-15
2.086514525	4.92867790020098e-15
2.087667812	4.729470287035239e-15
2.0888211	4.5401577451448976e-15
2.089974387	4.3439794099081365e-15
2.091127674	4.207246758687662e-15
2.092280961	4.118947542267821e-15
2.093434248	3.968551635187933e-15
2.094587536	3.789311181561986e-15
2.095740823	3.6472680217966246e-15
2.09689411	3.5013480252084253e-15
2.098047397	3.344034823258634e-15
2.099200684	3.203777882624222e-15
2.100353972	3.0866329036464087e-15
2.101507259	2.9923584997608985e-15
2.102660546	2.9117754523183673e-15
2.103813833	2.831032920496156e-15
2.10496712	2.7529329426718157e-15
2.106120408	2.689217791173992e-15
2.107273695	2.6516870756226724e-15
2.108426982	2.638342919783659e-15
2.109580269	2.6529859465729856e-15
2.110733556	2.6606298535485405e-15
2.111886844	2.6318818021288876e-15
2.113040131	2.610977010747138e-15
2.114193418	2.615855879013607e-15
2.115346705	2.6489976783891005e-15
2.116499992	2.6971109531425402e-15
2.117653279	2.714309854797175e-15
2.118806567	2.743246508472332e-15
2.119959854	2.8166367598006372e-15
2.121113141	2.8928914144548428e-15
2.122266428	2.968734232469595e-15
2.123419715	3.083963233121356e-15
2.124573003	3.2163949047943113e-15
2.12572629	3.3150977101616374e-15
2.126879577	3.4042953977996525e-15
2.128032864	3.4952549392828758e-15
2.129186151	3.596600805235474e-15
2.130339439	3.706101524721372e-15
2.131492726	3.802137262389439e-15
2.132646013	3.899492301152148e-15
2.1337993	4.015106016603234e-15
2.134952587	4.1600392492192515e-15
2.136105875	4.3300015689733964e-15
2.137259162	4.426433939397907e-15
2.138412449	4.4560800375417166e-15
2.139565736	4.5100892873231875e-15
2.140719023	4.570922412907335e-15
2.141872311	4.624752384358598e-15
2.143025598	4.695165613647301e-15
2.144178885	4.754986359088234e-15
2.145332172	4.766657927610278e-15
2.146485459	4.7367192940255e-15
2.147638746	4.663921319081888e-15
2.148792034	4.5951420965871664e-15
2.149945321	4.52835313697705e-15
2.151098608	4.423830686742132e-15
2.152251895	4.287124103032553e-15
2.153405182	4.128423911275676e-15
2.15455847	3.965903683571712e-15
2.155711757	3.7967804255951546e-15
2.156865044	3.624007947204778e-15
2.158018331	3.446882087870077e-15
2.159171618	3.26227095227007e-15
2.160324906	3.0542770975807897e-15
2.161478193	2.8292577797693853e-15
2.16263148	2.61201174108109e-15
2.163784767	2.399779054237385e-15
2.164938054	2.2463188986241706e-15
2.166091342	2.1565592619910347e-15
2.167244629	1.9221592525403343e-15
2.168397916	1.6160026556973727e-15
2.169551203	1.4147184157977714e-15
2.17070449	1.2837078297244693e-15
2.171857778	1.2001625413967247e-15
2.173011065	1.1484705582425899e-15
2.174164352	1.1149168963831958e-15
2.175317639	1.1061711898677494e-15
2.176470926	1.1328036778773074e-15
2.177624213	1.2059673051855709e-15
2.178777501	1.2877626145158794e-15
2.179930788	1.333296934492229e-15
2.181084075	1.3778597228511389e-15
2.182237362	1.442991678650828e-15
2.183390649	1.4956867328450243e-15
2.184543937	1.5308107320433864e-15
2.185697224	1.5583072728281403e-15
2.186850511	1.5816474641166857e-15
2.188003798	1.6144964008789803e-15
2.189157085	1.6157927997344356e-15
2.190310373	1.5709843304518212e-15
2.19146366	1.5094795969991744e-15
2.192616947	1.4311275254390201e-15
2.193770234	1.3434423095058309e-15
2.194923521	1.249914250008235e-15
2.196076809	1.1494961949659018e-15
2.197230096	1.0483497607604057e-15
2.198383383	9.554969667116844e-16
2.19953667	8.812358999932356e-16
2.200689957	8.301823228037099e-16
2.201843244	8.071246880930712e-16
2.202996532	8.139275373836388e-16
2.204149819	8.480799812606865e-16
2.205303106	9.155589076004252e-16
2.206456393	9.94361870131998e-16
2.20760968	1.0306437983637075e-15
2.208762968	1.040738614708856e-15
2.209916255	1.0431753547172829e-15
2.211069542	1.0373653086708392e-15
2.212222829	1.0253316033899542e-15
2.213376116	1.0031947394320258e-15
2.214529404	9.737208307183381e-16
2.215682691	9.439636806028445e-16
2.216835978	9.144294961763502e-16
2.217989265	8.864499754126276e-16
2.219142552	8.632843820848315e-16
2.22029584	8.468552391837809e-16
2.221449127	8.412445885477399e-16
2.222602414	8.439930885534059e-16
2.223755701	8.497670763279826e-16
2.224908988	8.636162440917599e-16
2.226062276	8.86392878049435e-16
2.227215563	9.000300751590242e-16
2.22836885	9.033146465733137e-16
2.229522137	9.1130343695051e-16
2.230675424	9.204450661897816e-16
2.231828711	9.241066563781e-16
2.232981999	9.209956505606945e-16
2.234135286	9.120511193050259e-16
2.235288573	8.983491989774397e-16
2.23644186	8.874959502319892e-16
2.237595147	8.953154470904573e-16
2.238748435	9.21671198033039e-16
2.239901722	9.479912236842903e-16
2.241055009	9.775302813938303e-16
2.242208296	1.0050153478138114e-15
2.243361583	1.0135609818796515e-15
2.244514871	9.915968591388327e-16
2.245668158	9.501097081998378e-16
2.246821445	9.074541926163343e-16
2.247974732	8.749478186853839e-16
2.249128019	8.390640450051811e-16
2.250281307	8.022647878959622e-16
2.251434594	7.795345613630287e-16
2.252587881	7.708308658069694e-16
2.253741168	7.756173811985095e-16
2.254894455	7.853671583536614e-16
2.256047743	7.947191389369709e-16
2.25720103	8.034258387753087e-16
2.258354317	8.044692288757186e-16
2.259507604	7.923120220811741e-16
2.260660891	7.77335222418973e-16
2.261814178	7.732783550239331e-16
2.262967466	7.670620512536352e-16
2.264120753	7.522642315598229e-16
2.26527404	7.442233266235701e-16
2.266427327	7.399480818395754e-16
2.267580614	7.271000772663678e-16
2.268733902	7.086050837722982e-16
2.269887189	6.888636869744515e-16
2.271040476	6.685047393136198e-16
2.272193763	6.506684053338801e-16
2.27334705	6.379259112633989e-16
2.274500338	6.289747820261565e-16
2.275653625	6.197182357237623e-16
2.276806912	6.116879187482973e-16
2.277960199	6.061285526093952e-16
2.279113486	5.995825667926714e-16
2.280266774	5.929982569093622e-16
2.281420061	5.969781678076512e-16
2.282573348	6.021141383945907e-16
2.283726635	5.83351618669982e-16
2.284879922	5.651771813453024e-16
2.28603321	5.597369383744639e-16
2.287186497	5.53700427327795e-16
2.288339784	5.439087704691401e-16
2.289493071	5.359865862962513e-16
2.290646358	5.323041725326672e-16
2.291799645	5.310008210871976e-16
2.292952933	5.32860754142138e-16
2.29410622	5.350411239354201e-16
2.295259507	5.265301768734498e-16
2.296412794	5.107417976630532e-16
2.297566081	4.995372030570189e-16
2.298719369	4.91944609682925e-16
2.299872656	4.863277776247427e-16
2.301025943	4.83270314810537e-16
2.30217923	4.818110887091347e-16
2.303332517	4.805507882391615e-16
2.304485805	4.789245853900949e-16
2.305639092	4.75765821595807e-16
2.306792379	4.731192176851748e-16
2.307945666	4.734838462265323e-16
2.309098953	4.774609516105453e-16
2.310252241	4.802857994024424e-16
2.311405528	4.768101634333908e-16
2.312558815	4.671668045664177e-16
2.313712102	4.52235822032864e-16
2.314865389	4.345504099869217e-16
2.316018676	4.1937422818261833e-16
2.317171964	4.1056879192017225e-16
2.318325251	4.0835053351474765e-16
2.319478538	4.0792061458754567e-16
2.320631825	4.1000798495554394e-16
2.321785112	4.1824707354888324e-16
2.3229384	4.2421654725071695e-16
2.324091687	4.257288206833721e-16
2.325244974	4.2334344166731044e-16
2.326398261	4.18212072774205e-16
2.327551548	4.095237692695725e-16
2.328704836	3.999370120766159e-16
2.329858123	3.931620250519604e-16
2.33101141	3.886924583831735e-16
2.332164697	3.861743788825104e-16
2.333317984	3.819823767379407e-16
2.334471272	3.7770709120084254e-16
2.335624559	3.778795336462862e-16
2.336777846	3.783517774808631e-16
2.337931133	3.752001172892426e-16
2.33908442	3.691337708247317e-16
2.340237708	3.6194470607365356e-16
2.341390995	3.575315451361344e-16
2.342544282	3.5462177086172913e-16
2.343697569	3.505730954245062e-16
2.344850856	3.4519160862853214e-16
2.346004143	3.3787750683013096e-16
2.347157431	3.2812782567679603e-16
2.348310718	3.183351999175155e-16
2.349464005	3.112522190554129e-16
2.350617292	3.0961386652703825e-16
2.351770579	3.187102432137616e-16
2.352923867	3.308425025442264e-16
2.354077154	3.390661811977112e-16
2.355230441	3.437579629375113e-16
2.356383728	3.460937952362341e-16
2.357537015	3.5117818337645656e-16
2.358690303	3.5485750322532454e-16
2.35984359	3.5152032000964627e-16
2.360996877	3.4738873388849083e-16
2.362150164	3.4473808453298947e-16
2.363303451	3.431766789522861e-16
2.364456739	3.422529847652187e-16
2.365610026	3.4038541923828713e-16
2.366763313	3.3730845635559336e-16
2.3679166	3.334046612368343e-16
2.369069887	3.3045319214548334e-16
2.370223175	3.2931584075118703e-16
2.371376462	3.271211013211763e-16
2.372529749	3.2722441316068197e-16
2.373683036	3.359004700935815e-16
2.374836323	3.4074020701124126e-16
2.37598961	3.31105630341407e-16
2.377142898	3.199712709070628e-16
2.378296185	3.1087560528320687e-16
2.379449472	3.023794676696083e-16
2.380602759	2.95867152193708e-16
2.381756046	2.9193637869214098e-16
2.382909334	2.923564759154435e-16
2.384062621	2.975623495709356e-16
2.385215908	2.9946093751537896e-16
2.386369195	2.9806627806135205e-16
2.387522482	2.9721743869699613e-16
2.38867577	2.9856543103392855e-16
2.389829057	3.0558149289727923e-16
2.390982344	3.138383616947319e-16
2.392135631	3.212774844361223e-16
2.393288918	3.2608438073266686e-16
2.394442206	3.300795353788108e-16
2.395595493	3.3682607826210753e-16
2.39674878	3.454004975396472e-16
2.397902067	3.5172925924173904e-16
2.399055354	3.57346541012236e-16
2.400208642	3.6361876662104665e-16
2.401361929	3.6551159663144093e-16
2.402515216	3.6405929333539056e-16
2.403668503	3.6313678079908667e-16
2.40482179	3.605118426613512e-16
2.405975077	3.583417164336462e-16
2.407128365	3.6058127441482836e-16
2.408281652	3.6765688892370516e-16
2.409434939	3.7427353080163963e-16
2.410588226	3.7562042486765665e-16
2.411741513	3.7036346342797035e-16
2.412894801	3.634509900532622e-16
2.414048088	3.5846598284429733e-16
2.415201375	3.513336975181366e-16
2.416354662	3.4176440400550983e-16
2.417507949	3.222847247328619e-16
2.418661237	3.012202318676354e-16
2.419814524	2.918061234369414e-16
2.420967811	2.875113054399739e-16
2.422121098	2.852414617276608e-16
2.423274385	2.924406144015647e-16
2.424427673	3.1462883224602836e-16
2.42558096	3.51148178351408e-16
2.426734247	3.895847965095406e-16
2.427887534	4.1814559939494394e-16
2.429040821	4.3302507785229375e-16
2.430194108	4.373836485524869e-16
2.431347396	4.3653536382906766e-16
2.432500683	4.316896581561152e-16
2.43365397	4.2295971617756346e-16
2.434807257	4.141588431320833e-16
2.435960544	4.1225507686764063e-16
2.437113832	4.206241380719908e-16
2.438267119	4.3306339801021626e-16
2.439420406	4.4403351470402067e-16
2.440573693	4.561384287934439e-16
2.44172698	4.774525035111542e-16
2.442880268	5.102659112292718e-16
2.444033555	5.501264508568931e-16
2.445186842	5.98305522988963e-16
2.446340129	6.574196189128576e-16
2.447493416	7.270730270799214e-16
2.448646704	8.075934201883391e-16
2.449799991	8.93518091351209e-16
2.450953278	9.770068662750476e-16
2.452106565	1.062606724707094e-15
2.453259852	1.1596843605946364e-15
2.45441314	1.2793918650114027e-15
2.455566427	1.4360358225113548e-15
2.456719714	1.6258873808361765e-15
2.457873001	1.820343355680743e-15
2.459026288	1.9546956355397714e-15
2.460179575	1.9797434948242176e-15
2.461332863	1.9923083709570655e-15
2.46248615	2.0588179768366754e-15
2.463639437	2.1709467600742962e-15
2.464792724	2.25212045270759e-15
2.465946011	2.2455686588858083e-15
2.467099299	2.18572502532392e-15
2.468252586	2.132037269896009e-15
2.469405873	2.162326155941452e-15
2.47055916	2.2909496836729142e-15
2.471712447	2.4761561378870012e-15
2.472865735	2.7157994700833374e-15
2.474019022	2.9882398589749437e-15
2.475172309	3.1430598666387223e-15
2.476325596	3.1553492228227834e-15
2.477478883	3.077922625240217e-15
2.478632171	2.967025974201135e-15
2.479785458	2.9197879253923305e-15
2.480938745	2.953496256050668e-15
2.482092032	2.9776797939076086e-15
2.483245319	2.935085537871165e-15
2.484398607	2.856037542640056e-15
2.485551894	2.8780323996873077e-15
2.486705181	2.9554472810124837e-15
2.487858468	2.956630884688681e-15
2.489011755	2.9940018984010513e-15
2.490165042	3.1044053971371582e-15
2.49131833	3.2229485051033206e-15
2.492471617	3.3094966496400748e-15
2.493624904	3.315448786624641e-15