0.45	1.9813417312435896e-15
0.451153288	1.9578210723985566e-15
0.452306575	1.9840858322241174e-15
0.453459863	1.997349786961796e-15
0.454613151	1.9970271877347147e-15
0.455766439	1.9774806132162575e-15
0.456919726	2.0467853734740384e-15
0.458073014	1.995490378629792e-15
0.459226302	2.066975413781404e-15
0.46037959	2.1535819557454797e-15
0.461532877	2.1439500445923814e-15
0.462686165	2.02739438697995e-15
0.463839453	2.134534060210472e-15
0.464992741	2.1805487022555093e-15
0.466146028	2.215879738652979e-15
0.467299316	2.2396477658829326e-15
0.468452604	2.2346619428432507e-15
0.469605892	2.1872544374529336e-15
0.470759179	2.273342496902413e-15
0.471912467	2.144187687992239e-15
0.473065755	2.2447751038481115e-15
0.474219043	2.3243820034411487e-15
0.47537233	2.346168904589953e-15
0.476525618	2.4125857951377513e-15
0.477678906	2.3092279382667786e-15
0.478832194	2.4512756082205076e-15
0.479985481	2.4428660848197004e-15
0.481138769	2.4928387188910386e-15
0.482292057	2.727732447614263e-15
0.483445345	2.994893744472779e-15
0.484598632	2.711977082767853e-15
0.48575192	1.7764804957113486e-15
0.486905208	1.81332379046825e-15
0.488058495	2.1086632006410793e-15
0.489211783	2.4066219224198846e-15
0.490365071	2.40575979049673e-15
0.491518359	2.464906075551425e-15
0.492671646	2.410291192786136e-15
0.493824934	2.5237610476951796e-15
0.494978222	2.504130453436495e-15
0.49613151	2.5858177245206576e-15
0.497284797	2.4748810479624613e-15
0.498438085	2.5027976714243534e-15
0.499591373	2.280697546468367e-15
0.500744661	2.2894880648148224e-15
0.501897948	2.3281092698480863e-15
0.503051236	2.377190427438851e-15
0.504204524	2.463032520308059e-15
0.505357812	2.4477586341783702e-15
0.506511099	2.492898273950307e-15
0.507664387	2.5757756067175973e-15
0.508817675	2.5479079953259293e-15
0.509970963	2.529858456272285e-15
0.51112425	2.4985569051864113e-15
0.512277538	2.460585661494263e-15
0.513430826	2.4846865320381712e-15
0.514584114	2.4450981251895177e-15
0.515737401	2.3550108136422424e-15
0.516890689	2.4504190627734755e-15
0.518043977	2.509289820767343e-15
0.519197265	2.478022633878098e-15
0.520350552	2.4683095366920973e-15
0.52150384	2.4678717790329745e-15
0.522657128	2.5588394984941384e-15
0.523810415	2.5236737189992226e-15
0.524963703	2.500594923773175e-15
0.526116991	2.5270078270449992e-15
0.527270279	2.439454366180299e-15
0.528423566	2.500518791465482e-15
0.529576854	2.6533929800554543e-15
0.530730142	2.582222552895019e-15
0.53188343	2.5026200777723365e-15
0.533036717	2.5655984475337045e-15
0.534190005	2.571240635848108e-15
0.535343293	2.632845714181486e-15
0.536496581	2.6746726393126853e-15
0.537649868	2.6841842964533155e-15
0.538803156	2.608222023171131e-15
0.539956444	2.6248126935054857e-15
0.541109732	2.571923942650577e-15
0.542263019	2.537636338316183e-15
0.543416307	2.6036899555078216e-15
0.544569595	2.6845837914829595e-15
0.545722883	2.6789013123283793e-15
0.54687617	2.7059904827773027e-15
0.548029458	2.7407192294160306e-15
0.549182746	2.7141895623100586e-15
0.550336034	2.7318259123446126e-15
0.551489321	2.7585395163888927e-15
0.552642609	2.7750164391251522e-15
0.553795897	2.750394581521656e-15
0.554949185	2.7675773162783156e-15
0.556102472	2.7973401612154033e-15
0.55725576	2.771278436766278e-15
0.558409048	2.8097443529194143e-15
0.559562335	2.7963527124034786e-15
0.560715623	2.7920290221932983e-15
0.561868911	2.8397243307200686e-15
0.563022199	2.8068830834457182e-15
0.564175486	2.7923916052703143e-15
0.565328774	2.8037382399779462e-15
0.566482062	2.7383805410435254e-15
0.56763535	2.6904275537594427e-15
0.568788637	2.821143263777323e-15
0.569941925	2.7332308566202768e-15
0.571095213	2.7887767999292417e-15
0.572248501	2.7733239798331377e-15
0.573401788	2.7927831139945682e-15
0.574555076	2.7430714244674116e-15
0.575708364	2.79034687478258e-15
0.576861652	2.7665729922121263e-15
0.578014939	2.699001305427639e-15
0.579168227	2.7418638472468747e-15
0.580321515	2.7555200630008914e-15
0.581474803	2.816742785400264e-15
0.58262809	2.8238976626852218e-15
0.583781378	2.8742884890718293e-15
0.584934666	2.890251310030219e-15
0.586087954	2.9876106494159005e-15
0.587241241	2.8920300185095307e-15
0.588394529	2.7630051391607616e-15
0.589547817	2.8188349757304643e-15
0.590701105	2.760340492812954e-15
0.591854392	2.84384114226669e-15
0.59300768	2.813725473346099e-15
0.594160968	2.8137856191528027e-15
0.595314256	2.826321825943406e-15
0.596467543	2.787908925424263e-15
0.597620831	2.8230238276790544e-15
0.598774119	2.8430926566707464e-15
0.599927406	2.7983698387243786e-15
0.601080694	2.8052633714474437e-15
0.602233982	2.849970589548567e-15
0.60338727	2.8074617526306974e-15
0.604540557	2.788604239509358e-15
0.605693845	2.7907421727492706e-15
0.606847133	2.771101625722766e-15
0.608000421	2.7392807425505428e-15
0.609153708	2.7184579272857434e-15
0.610306996	2.742396482497758e-15
0.611460284	2.6658434794181067e-15
0.612613572	2.6135507260989963e-15
0.613766859	2.5398847648509432e-15
0.614920147	2.427488985898276e-15
0.616073435	2.4088167865853274e-15
0.617226723	2.368253202688837e-15
0.61838001	2.2987624127876832e-15
0.619533298	2.3688915635661556e-15
0.620686586	2.4281894749885696e-15
0.621839874	2.45335212847165e-15
0.622993161	2.3793944887378464e-15
0.624146449	2.361205397122727e-15
0.625299737	2.462404369380064e-15
0.626453025	2.58259731592642e-15
0.627606312	2.5271763355554425e-15
0.6287596	2.567458408407181e-15
0.629912888	2.737918823749532e-15
0.631066176	2.7476696820484185e-15
0.632219463	2.7615721115710698e-15
0.633372751	2.7965541169462517e-15
0.634526039	2.7608867447709278e-15
0.635679326	2.8321134336451006e-15
0.636832614	2.793846548261153e-15
0.637985902	2.798190070664886e-15
0.63913919	2.835335041005808e-15
0.640292477	2.8205563572361423e-15
0.641445765	2.766911714282519e-15
0.642599053	2.787303727832938e-15
0.643752341	2.791841081059606e-15
0.644905628	2.722300257571265e-15
0.646058916	2.7301890662396887e-15
0.647212204	2.7893649711654764e-15
0.648365492	2.76607080831595e-15
0.649518779	2.7216699785619436e-15
0.650672067	2.7293620779053146e-15
0.651825355	2.768895601788962e-15
0.652978643	2.8131196205120002e-15
0.65413193	2.843104424435697e-15
0.655285218	2.621485937122479e-15
0.656438506	2.2272618985155364e-15
0.657591794	2.2891490947768173e-15
0.658745081	2.5613673783949948e-15
0.659898369	2.5940772991500795e-15
0.661051657	2.5351292716848104e-15
0.662204945	2.5489019758150847e-15
0.663358232	2.5803808220621425e-15
0.66451152	2.52354955280999e-15
0.665664808	2.4658459633630552e-15
0.666818096	2.457096248838447e-15
0.667971383	2.4601561610576917e-15
0.669124671	2.497686745833334e-15
0.670277959	2.5211183329168378e-15
0.671431246	2.5552996374529945e-15
0.672584534	2.60237615774345e-15
0.673737822	2.6379998709231044e-15
0.67489111	2.666950630353714e-15
0.676044397	2.718465851681937e-15
0.677197685	2.729123779903997e-15
0.678350973	2.71518342394814e-15
0.679504261	2.69657648303469e-15
0.680657548	2.6617294168221212e-15
0.681810836	2.620925211581297e-15
0.682964124	2.5799225106643982e-15
0.684117412	2.5890531439275136e-15
0.685270699	2.6231332600915472e-15
0.686423987	2.5099891560474394e-15
0.687577275	2.334914531497954e-15
0.688730563	2.3046651192629697e-15
0.68988385	2.415594599830902e-15
0.691037138	2.4750347385869476e-15
0.692190426	2.5049593195105423e-15
0.693343714	2.5110665315336093e-15
0.694497001	2.482926700167669e-15
0.695650289	2.4289744468867704e-15
0.696803577	2.397200721508404e-15
0.697956865	2.3724315997104205e-15
0.699110152	2.2604841115144245e-15
0.70026344	2.1440984382287092e-15
0.701416728	2.0975717354489865e-15
0.702570016	2.075881939894533e-15
0.703723303	2.071925311129708e-15
0.704876591	2.0800585957461405e-15
0.706029879	2.1266675891835534e-15
0.707183166	2.1787248334765352e-15
0.708336454	2.2479721554142917e-15
0.709489742	2.281645129451929e-15
0.71064303	2.2510408800434527e-15
0.711796317	2.247193671660846e-15
0.712949605	2.291326437462043e-15
0.714102893	2.27587116575278e-15
0.715256181	2.2440844310118943e-15
0.716409468	2.0669268086098504e-15
0.717562756	1.777159034430271e-15
0.718716044	1.5682055624731828e-15
0.719869332	1.4771276182871696e-15
0.721022619	1.564579840671336e-15
0.722175907	1.6092933708966025e-15
0.723329195	1.4675075352348608e-15
0.724482483	1.32602458872187e-15
0.72563577	1.2542835122029411e-15
0.726789058	1.2231145508674623e-15
0.727942346	1.2220086219462867e-15
0.729095634	1.2808108163741778e-15
0.730248921	1.345967863654652e-15
0.731402209	1.4330881428909497e-15
0.732555497	1.584379563865919e-15
0.733708785	1.6169399327922742e-15
0.734862072	1.6571104028215663e-15
0.73601536	1.715948103050168e-15
0.737168648	1.783684627617083e-15
0.738321936	1.8391611373712546e-15
0.739475223	1.9047423849253026e-15
0.740628511	1.993859792347686e-15
0.741781799	2.059400364790653e-15
0.742935086	2.0655435298472187e-15
0.744088374	2.0951482222800546e-15
0.745241662	2.1300469307438407e-15
0.74639495	2.1056848600310502e-15
0.747548237	2.0684157830979792e-15
0.748701525	2.007326510175405e-15
0.749854813	1.959455429795247e-15
0.751008101	1.9441885107189272e-15
0.752161388	1.9223613345579217e-15
0.753314676	1.9063412142021795e-15
0.754467964	1.8845349541697994e-15
0.755621252	1.8544393171807653e-15
0.756774539	1.875703189240077e-15
0.757927827	2.1199091132158194e-15
0.759081115	2.4211399641420086e-15
0.760234403	1.931132701960596e-15
0.76138769	1.362732515398634e-15
0.762540978	1.2915112819199004e-15
0.763694266	1.2953656716486573e-15
0.764847554	1.2968553519818087e-15
0.766000841	1.4000604097971086e-15
0.767154129	1.533580932321684e-15
0.768307417	1.5872522435922328e-15
0.769460705	1.5843393029711225e-15
0.770613992	1.5792555341404258e-15
0.77176728	1.5664296538508592e-15
0.772920568	1.5308486026504737e-15
0.774073856	1.5248939617874189e-15
0.775227143	1.5517036697262373e-15
0.776380431	1.5157326414317425e-15
0.777533719	1.3755230744666505e-15
0.778687006	1.4004110715423063e-15
0.779840294	1.3322610987144946e-15
0.780993582	1.2742490007067629e-15
0.78214687	1.23869802247294e-15
0.783300157	1.2024643657265636e-15
0.784453445	1.167614195760366e-15
0.785606733	1.1747918611286024e-15
0.786760021	1.201475394672771e-15
0.787913308	1.1998768879784235e-15
0.789066596	1.1896195747041153e-15
0.790219884	1.173487015724411e-15
0.791373172	1.1628974805871804e-15
0.792526459	1.1407937836950995e-15
0.793679747	1.1323683628476374e-15
0.794833035	1.1279670624969059e-15
0.795986323	1.1185603520057553e-15
0.79713961	1.099512109006534e-15
0.798292898	1.096666290245284e-15
0.799446186	1.1059849593727514e-15
0.800599474	1.1017862388834463e-15
0.801752761	1.0903264761349685e-15
0.802906049	1.0861739465793961e-15
0.804059337	1.1041018343650054e-15
0.805212625	1.127460770392274e-15
0.806365912	1.1299882504857896e-15
0.8075192	1.1385876103923982e-15
0.808672488	1.1594336477281523e-15
0.809825776	1.181193457060059e-15
0.810979063	1.204382802335488e-15
0.812132351	1.2547980261861182e-15
0.813285639	1.3025813755175593e-15
0.814438926	1.3212487962773365e-15
0.815592214	1.3018747556266896e-15
0.816745502	1.2869044547884102e-15
0.81789879	1.2948443443015378e-15
0.819052077	1.3182008076814e-15
0.820205365	1.3785169577365614e-15
0.821358653	1.426698034339467e-15
0.822511941	1.3875940582643867e-15
0.823665228	1.376863111988499e-15
0.824818516	1.4197269322483666e-15
0.825971804	1.4643908900337476e-15
0.827125092	1.463847177430299e-15
0.828278379	1.4279748641770269e-15
0.829431667	1.401009841232971e-15
0.830584955	1.3882426337555328e-15
0.831738243	1.3441429596214995e-15
0.83289153	1.2873387722469892e-15
0.834044818	1.215502294310886e-15
0.835198106	1.1353132611495312e-15
0.836351394	1.0236871387300897e-15
0.837504681	9.342187791878977e-16
0.838657969	9.132236428901375e-16
0.839811257	8.921888708723916e-16
0.840964545	8.876474883729842e-16
0.842117832	9.21078166589744e-16
0.84327112	9.621482781206854e-16
0.844424408	9.648102526418214e-16
0.845577696	1.0359263786488324e-15
0.846730983	9.79165810498506e-16
0.847884271	1.05743795434747e-15
0.849037559	1.0961971685831489e-15
0.850190847	9.910405042429573e-16
0.851344134	8.90382435868901e-16
0.852497422	9.202101265039836e-16
0.85365071	8.146068813203652e-16
0.854803997	6.490171867354866e-16
0.855957285	7.040662617423892e-16
0.857110573	8.037504198043141e-16
0.858263861	7.659481082312922e-16
0.859417148	6.48304645979656e-16
0.860570436	6.020100195998437e-16
0.861723724	6.349525096620118e-16
0.862877012	6.485597219777712e-16
0.864030299	6.568570555427031e-16
0.865183587	6.125513888009171e-16
0.866336875	5.343004407094222e-16
0.867490163	4.90107096997727e-16
0.86864345	6.104348050607649e-16
0.869796738	7.234428740670776e-16
0.870950026	7.579781675965961e-16
0.872103314	7.910778563269709e-16
0.873256601	8.123411167117803e-16
0.874409889	7.26975083686797e-16
0.875563177	6.749876281948284e-16
0.876716465	7.464589169665458e-16
0.877869752	7.454994095317247e-16
0.87902304	6.944882335703738e-16
0.880176328	6.271486106041716e-16
0.881329616	5.506092603022603e-16
0.882482903	4.882085922805683e-16
0.883636191	4.604270316692779e-16
0.884789479	4.47215734126724e-16
0.885942767	3.8029501999261507e-16
0.887096054	3.555925461313593e-16
0.888249342	3.8375436720381323e-16
0.88940263	4.050420342196313e-16
0.890555917	4.0976479551338945e-16
0.891709205	4.101685874400894e-16
0.892862493	4.07595308521482e-16
0.894015781	4.13244251816615e-16
0.895169068	4.100737957046171e-16
0.896322356	4.128161357661288e-16
0.897475644	4.2033467897448315e-16
0.898628932	4.203531078065138e-16
0.899782219	4.1577904839126565e-16
0.900935507	3.884829218291432e-16
0.902088795	3.963033853328439e-16
0.903242083	4.747121710777347e-16
0.90439537	5.345464034920177e-16
0.905548658	5.74508771966959e-16
0.906701946	5.910446349598987e-16
0.907855234	6.061165395503591e-16
0.909008521	5.861281749360068e-16
0.910161809	5.712648934913787e-16
0.911315097	5.680659495097916e-16
0.912468385	5.758928036221052e-16
0.913621672	5.85536291031612e-16
0.91477496	6.168809184863724e-16
0.915928248	6.142466488011493e-16
0.917081536	6.052389795777585e-16
0.918234823	5.881257774850217e-16
0.919388111	6.083086405648281e-16
0.920541399	6.428059128153886e-16
0.921694687	6.28089363626849e-16
0.922847974	5.756825172786994e-16
0.924001262	6.094096644121672e-16
0.92515455	6.48595901326806e-16
0.926307837	6.28662092605323e-16
0.927461125	6.263774309113653e-16
0.928614413	6.376141822296714e-16
0.929767701	6.447277287873437e-16
0.930920988	6.157359252257832e-16
0.932074276	5.424724926472252e-16
0.933227564	4.821591078524497e-16
0.934380852	4.346711088311562e-16
0.935534139	4.4381841352637215e-16
0.936687427	4.674540125529113e-16
0.937840715	4.685079739305968e-16
0.938994003	4.722929768121223e-16
0.94014729	4.733235505360816e-16
0.941300578	4.659828152433318e-16
0.942453866	4.5047407367156e-16
0.943607154	4.192128433608771e-16
0.944760441	4.081854775295536e-16
0.945913729	4.0843175492310223e-16
0.947067017	4.125489002236659e-16
0.948220305	4.0606044614072896e-16
0.949373592	4.1415186151696906e-16
0.95052688	4.481804331924196e-16
0.951680168	5.034402991493626e-16
0.952833456	5.105690476079904e-16
0.953986743	4.442899464726654e-16
0.955140031	3.646356669866471e-16
0.956293319	3.610958250686524e-16
0.957446607	3.8434346612310055e-16
0.958599894	3.846577376978681e-16
0.959753182	3.7920301380017276e-16
0.96090647	3.709347725941239e-16
0.962059757	3.6533386843996993e-16
0.963213045	3.604858557307011e-16
0.964366333	3.5073634151105495e-16
0.965519621	3.4352765506514133e-16
0.966672908	3.401566059786609e-16
0.967826196	3.4796532817217345e-16
0.968979484	3.4937482114608564e-16
0.970132772	0.
0.971286059	0.
0.972439347	0.
0.973592635	0.
0.974745923	0.
0.97589921	0.
0.977052498	0.
0.978205786	0.
0.979359074	0.
0.980512361	0.
0.981665649	0.
0.982818937	0.
0.983972225	0.
0.985125512	0.
0.9862788	0.
0.987432088	0.
0.988585376	0.
0.989738663	0.
0.990891951	0.
0.992045239	0.
0.993198527	0.
0.994351814	0.
0.995505102	0.
0.99665839	0.
0.997811677	3.970370485124295e-16
0.998964965	3.9350980238269337e-16
1.000118253	3.909207048581866e-16
1.001271541	3.822709997190187e-16
1.002424828	3.736267170158493e-16
1.003578116	3.568023604960292e-16
1.004731404	3.395113505687957e-16
1.005884692	3.42976419346192e-16
1.007037979	3.516308781147012e-16
1.008191267	3.482213999040304e-16
1.009344555	3.4954835126802955e-16
1.010497843	3.5452291514299066e-16
1.01165113	3.6781891722339374e-16
1.012804418	3.6926042956216083e-16
1.013957706	3.7547472384039336e-16
1.015110994	3.8187214014914055e-16
1.016264281	3.863650011707337e-16
1.017417569	3.7350393813508824e-16
1.018570857	3.7119748593230827e-16
1.019724145	3.783225735178935e-16
1.020877432	3.8945152450707096e-16
1.02203072	3.9925286230578497e-16
1.023184008	4.054843483373218e-16
1.024337296	4.1398095633499084e-16
1.025490583	4.2893384311119676e-16
1.026643871	4.426645154482528e-16
1.027797159	4.54103513000944e-16
1.028950447	4.738009717549203e-16
1.030103734	4.934581342367001e-16
1.031257022	4.98052881656984e-16
1.03241031	5.033520147360368e-16
1.033563597	5.1788660300785745e-16
1.034716885	5.296553948781268e-16
1.035870173	5.340024403161287e-16
1.037023461	5.436895624901782e-16
1.038176748	5.57850563960475e-16
1.039330036	5.695466054968627e-16
1.040483324	5.823540076540484e-16
1.041636612	5.95973965486352e-16
1.042789899	6.035545190739593e-16
1.043943187	6.080617390465149e-16
1.045096475	6.233105653052035e-16
1.046249763	6.379493248788191e-16
1.04740305	6.37887343868748e-16
1.048556338	6.47115748543043e-16
1.049709626	6.634589471935983e-16
1.050862914	6.641738843256084e-16
1.052016201	6.61627533342663e-16
1.053169489	6.767059858628755e-16
1.054322777	6.922685974642551e-16
1.055476065	6.925782113976154e-16
1.056629352	7.029931194111524e-16
1.05778264	7.289046711780913e-16
1.058935928	7.428882540192597e-16
1.060089216	7.474198538352473e-16
1.061242503	7.564295501171552e-16
1.062395791	7.638490673319906e-16
1.063549079	7.62078519406743e-16
1.064702367	7.555952684511052e-16
1.065855654	7.467634167472011e-16
1.067008942	7.391031705986441e-16
1.06816223	7.401408348793114e-16
1.069315517	7.520516004810688e-16
1.070468805	7.640364685138341e-16
1.071622093	7.670436398932287e-16
1.072775381	7.746013474467166e-16
1.073928668	7.894129563016238e-16
1.075081956	7.992786383462331e-16
1.076235244	8.046700057271009e-16
1.077388532	8.12615807417882e-16
1.078541819	8.123288779063458e-16
1.079695107	7.977629829252097e-16
1.080848395	7.93471631477878e-16
1.082001683	7.957995670707426e-16
1.08315497	7.743313515611628e-16
1.084308258	7.381519893462619e-16
1.085461546	7.0022536762152e-16
1.086614834	6.760163467126352e-16
1.087768121	6.672816103599957e-16
1.088921409	6.339353091557492e-16
1.090074697	5.832130865553272e-16
1.091227985	5.440958825403683e-16
1.092381272	5.16562912430056e-16
1.09353456	5.065975874823164e-16
1.094687848	4.887091187559149e-16
1.095841136	4.557926316110657e-16
1.096994423	4.3154536911938346e-16
1.098147711	4.1460406682061586e-16
1.099300999	3.9575102972087896e-16
1.100454287	3.8274952339977085e-16
1.101607574	3.7998405712710735e-16
1.102760862	3.746137710910949e-16
1.10391415	3.6159017411694747e-16
1.105067438	3.47269107635044e-16
1.106220725	3.3204655703919757e-16
1.107374013	3.1460277365159756e-16
1.108527301	2.9385176845048436e-16
1.109680588	2.7094627195750324e-16
1.110833876	2.4943976227239993e-16
1.111987164	2.3005540931983444e-16
1.113140452	2.1222536579219164e-16
1.114293739	1.9591819725515958e-16
1.115447027	1.814911780614286e-16
1.116600315	1.6870453831580216e-16
1.117753603	1.5736559145737914e-16
1.11890689	1.484227853381321e-16
1.120060178	1.4100651120321015e-16
1.121213466	1.3251826386454815e-16
1.122366754	1.2500347331723037e-16
1.123520041	1.2001838438245764e-16
1.124673329	1.1717652286826176e-16
1.125826617	1.1569979167761132e-16
1.126979905	1.1241623574095326e-16
1.128133192	1.0924924417819158e-16
1.12928648	1.0937970441903063e-16
1.130439768	1.1184308927118679e-16
1.131593056	1.1547093387298025e-16
1.132746343	1.2014829583861989e-16
1.133899631	1.2536909402239998e-16
1.135052919	1.284226447051962e-16
1.136206207	1.291606536470727e-16
1.137359494	1.2998638743741195e-16
1.138512782	1.2909343957541023e-16
1.13966607	1.2558233958389237e-16
1.140819358	1.2023203319258993e-16
1.141972645	1.1423333153494457e-16
1.143125933	1.0912080866203237e-16
1.144279221	1.0528461161575669e-16
1.145432508	1.0147269217816379e-16
1.146585796	9.820568804462073e-17
1.147739084	9.574096917215413e-17
1.148892372	9.255498308010988e-17
1.150045659	8.887301425428224e-17
1.151198947	8.533689185931407e-17
1.152352235	8.191061108098369e-17
1.153505523	7.844924498181678e-17
1.15465881	7.556581699451381e-17
1.155812098	7.345122509938714e-17
1.156965386	7.142914418190953e-17
1.158118674	6.94260631565255e-17
1.159271961	6.85421327941666e-17
1.160425249	6.857410875211889e-17
1.161578537	6.918668860625146e-17
1.162731825	7.043623315532887e-17
1.163885112	7.201835431417597e-17
1.1650384	7.456230644843601e-17
1.166191688	7.792317291193417e-17
1.167344976	8.137481976594512e-17
1.168498263	8.569455593875026e-17
1.169651551	9.113697377704559e-17
1.170804839	9.586607074481587e-17
1.171958127	9.923482602295343e-17
1.173111414	1.0215048657077981e-16
1.174264702	1.0490226879509443e-16
1.17541799	1.0844708860545832e-16
1.176571278	1.1153118889879444e-16
1.177724565	1.1307360364778204e-16
1.178877853	1.1313024724635209e-16
1.180031141	1.1163962784433711e-16
1.181184428	1.1107858275549822e-16
1.182337716	1.1177365687755716e-16
1.183491004	1.1353672202465376e-16
1.184644292	1.1438974428927046e-16
1.185797579	1.1320126744318596e-16
1.186950867	1.153269933200111e-16
1.188104155	1.209069142223368e-16
1.189257443	1.2466617008965026e-16
1.19041073	1.271943084561155e-16
1.191564018	1.3007650031054234e-16
1.192717306	1.3209730870378144e-16
1.193870594	1.3167174968813573e-16
1.195023881	1.307526646758671e-16
1.196177169	1.3093985388993046e-16
1.197330457	1.3467237843295798e-16
1.198483745	1.409783007968372e-16
1.199637032	1.4485351144734905e-16
1.20079032	1.4941176911157057e-16
1.201943608	1.561024873070314e-16
1.203096896	1.6683346251218695e-16
1.204250183	1.7894331654233368e-16
1.205403471	1.8315294813528467e-16
1.206556759	1.8684750567088446e-16
1.207710047	1.954428452356451e-16
1.208863334	1.9995954918861086e-16
1.210016622	1.9880564820403241e-16
1.21116991	1.9910473018386554e-16
1.212323198	2.0210591096033355e-16
1.213476485	2.0644402261856417e-16
1.214629773	2.111855557503244e-16
1.215783061	2.1540253014673244e-16
1.216936348	2.1888265338618912e-16
1.218089636	2.2143100342607917e-16
1.219242924	2.223074450624432e-16
1.220396212	2.2129659275076516e-16
1.221549499	2.1841815680424745e-16
1.222702787	2.147385816355482e-16
1.223856075	2.1092155313198154e-16
1.225009363	2.068706807216871e-16
1.22616265	2.033163216695269e-16
1.227315938	2.0192523113440504e-16
1.228469226	2.0090291194993766e-16
1.229622514	1.9849175496254055e-16
1.230775801	1.9756408481322013e-16
1.231929089	1.9845917315618283e-16
1.233082377	1.989740500199365e-16
1.234235665	1.9820321134415758e-16
1.235388952	1.971822293185162e-16
1.23654224	1.963840977487095e-16
1.237695528	1.9611461934927744e-16
1.238848816	1.9845546099693227e-16
1.240002103	2.0306676382453693e-16
1.241155391	2.0766187374432512e-16
1.242308679	2.1224901202975344e-16
1.243461967	2.1739346044129053e-16
1.244615254	2.223640591276133e-16
1.245768542	2.2667692936945853e-16
1.24692183	2.311015080573455e-16
1.248075118	2.355414232647346e-16
1.249228405	2.3917496062573684e-16
1.250381693	2.4277266666798634e-16
1.251534981	2.4807520896141887e-16
1.252688268	2.5244390043570755e-16
1.253841556	2.53853112347633e-16
1.254994844	2.5485912674572273e-16
1.256148132	2.550668543995125e-16
1.257301419	2.527343490468163e-16
1.258454707	2.4926536392398046e-16
1.259607995	2.4512052280729927e-16
1.260761283	2.4228746051502545e-16
1.26191457	2.417616091672381e-16
1.263067858	2.4178212987776775e-16
1.264221146	2.4229810226922684e-16
1.265374434	2.4321807249489537e-16
1.266527721	2.4538952936907414e-16
1.267681009	2.5046525118629423e-16
1.268834297	2.5510367286333427e-16
1.269987585	2.5926422634612386e-16
1.271140872	2.671598353576911e-16
1.27229416	2.779693116367866e-16
1.273447448	2.9053819776358576e-16
1.274600736	3.0247063345181136e-16
1.275754023	3.1188543559582675e-16
1.276907311	3.206212832707737e-16
1.278060599	3.277466761863146e-16
1.279213887	3.310311374974628e-16
1.280367174	3.376593738946495e-16
1.281520462	3.6351501249248817e-16
1.28267375	3.7866258713201646e-16
1.283827038	3.689024819922728e-16
1.284980325	3.676095492777579e-16
1.286133613	3.7714220900912306e-16
1.287286901	3.8416105188182155e-16
1.288440188	3.8358259731529575e-16
1.289593476	3.798619125726194e-16
1.290746764	3.711577985443411e-16
1.291900052	3.577399877952141e-16
1.293053339	3.4590655918991964e-16
1.294206627	3.3454604004835886e-16
1.295359915	3.1954637098633355e-16
1.296513203	3.035212919915818e-16
1.29766649	2.8858746636193003e-16
1.298819778	2.71582290345454e-16
1.299973066	2.527478916089616e-16
1.301126354	2.3594577326129425e-16
1.302279641	2.2080985816869642e-16
1.303432929	2.060281710115281e-16
1.304586217	1.916259067969481e-16
1.305739505	1.7793862556058602e-16
1.306892792	1.668073887731818e-16
1.30804608	1.5788997775213956e-16
1.309199368	1.4987220163921683e-16
1.310352656	1.4288642420580954e-16
1.311505943	1.378972327154214e-16
1.312659231	1.3169803743886635e-16
1.313812519	1.2306388236367913e-16
1.314965807	1.161287412243155e-16
1.316119094	1.1081790221689985e-16
1.317272382	1.0352614133926157e-16
1.31842567	9.652193302299333e-17
1.319578958	9.238909120572471e-17
1.320732245	8.979003405821808e-17
1.321885533	8.791277346718311e-17
1.323038821	8.570788397092998e-17
1.324192108	8.260479885020283e-17
1.325345396	7.954589244587397e-17
1.326498684	7.634251776356963e-17
1.327651972	7.275155728336906e-17
1.328805259	6.958866636021253e-17
1.329958547	6.700558513905809e-17
1.331111835	6.435277653167159e-17
1.332265123	6.192005874096436e-17
1.33341841	6.019961505950808e-17
1.334571698	5.926369299315412e-17
1.335724986	5.922254647061443e-17
1.336878274	5.900486949605339e-17
1.338031561	5.79995936855626e-17
1.339184849	5.663482850292417e-17
1.340338137	5.4611378902232534e-17
1.341491425	5.130658105993432e-17
1.342644712	4.7333906445054385e-17
1.343798	4.3363738550247836e-17
1.344951288	3.9481388921103486e-17
1.346104576	3.5857007665349426e-17
1.347257863	3.238570683414063e-17
1.348411151	2.912074234696915e-17
1.349564439	2.633879185068176e-17
1.350717727	2.3719911979735045e-17
1.351871014	2.1225238630967782e-17
1.353024302	1.9086577087764035e-17
1.35417759	1.735022835330878e-17
1.355330878	1.598250217652092e-17
1.356484165	1.476445729318191e-17
1.357637453	1.3650662443343477e-17
1.358790741	1.3363124667731543e-17
1.359944028	1.399595254956857e-17
1.361097316	1.5870765733875298e-17
1.362250604	2.025311773697204e-17
1.363403892	2.8602967815069475e-17
1.364557179	4.2979615505571234e-17
1.365710467	6.248412514918105e-17
1.366863755	8.048821318411018e-17
1.368017043	8.960597906232469e-17
1.36917033	9.14949714824192e-17
1.370323618	8.607520180267383e-17
1.371476906	7.57313231062036e-17
1.372630194	6.34878622658068e-17
1.373783481	5.119215375894263e-17
1.374936769	4.080165903171503e-17
1.376090057	3.260788603233337e-17
1.377243345	2.606454086796341e-17
1.378396632	2.1182648571793086e-17
1.37954992	1.8457976218998173e-17
1.380703208	1.7282009752772104e-17
1.381856496	1.7605565990902492e-17
1.383009783	1.9556753905590084e-17
1.384163071	2.2602998270075627e-17
1.385316359	2.6699868221996427e-17
1.386469647	2.9956843529553485e-17
1.387622934	3.0079283380075764e-17
1.388776222	2.8198579073672345e-17
1.38992951	2.5370648147384187e-17
1.391082798	2.1861040182532627e-17
1.392236085	1.8545442057976193e-17
1.393389373	1.62478333875359e-17
1.394542661	1.4834373346577923e-17
1.395695949	1.4534359826825978e-17
1.396849236	1.5000747502772946e-17
1.398002524	1.5738645698264567e-17
1.399155812	1.66678586308885e-17
1.400309099	1.7180981360333856e-17
1.401462387	1.7013670999238322e-17
1.402615675	1.6600600147748453e-17
1.403768963	1.6201345325513898e-17
1.40492225	1.556319942535474e-17
1.406075538	1.5129832848120344e-17
1.407228826	1.5278440770993883e-17
1.408382114	1.6257924565764577e-17
1.409535401	1.865528041166305e-17
1.410688689	2.1745642892727312e-17
1.411841977	2.487126782827303e-17
1.412995265	2.6862588126996822e-17
1.414148552	2.6858987587021833e-17
1.41530184	2.638234713280796e-17
1.416455128	2.6049738182887655e-17
1.417608416	2.6251384160241535e-17
1.418761703	2.7183585072999756e-17
1.419914991	2.840328798706367e-17
1.421068279	2.986249733802734e-17
1.422221567	3.120925454491241e-17
1.423374854	3.167525231469027e-17
1.424528142	3.187167718520729e-17
1.42568143	3.2407038404227156e-17
1.426834718	3.278482154761791e-17
1.427988005	3.286309844530797e-17
1.429141293	3.278094838859213e-17
1.430294581	3.245998998224667e-17
1.431447869	3.2097106488170275e-17
1.432601156	3.2180102521819566e-17
1.433754444	3.230809860658941e-17
1.434907732	3.2431301766625806e-17
1.436061019	3.278608419865791e-17
1.437214307	3.3213390641005594e-17
1.438367595	3.39847355744881e-17
1.439520883	3.609455456375799e-17
1.44067417	3.8280188724864364e-17
1.441827458	3.895421477645248e-17
1.442980746	3.946434388489844e-17
1.444134034	4.059956559313587e-17
1.445287321	4.10898477922005e-17
1.446440609	4.1001095681886474e-17
1.447593897	4.1577209129296544e-17
1.448747185	4.2607030872139117e-17
1.449900472	4.459049975728444e-17
1.45105376	4.52136612901769e-17
1.452207048	4.5034472880614605e-17
1.453360336	4.6891412772183754e-17
1.454513623	4.96493752223597e-17
1.455666911	5.032344050848726e-17
1.456820199	4.9575694711084656e-17
1.457973487	4.971700243542753e-17
1.459126774	5.0216671709062894e-17
1.460280062	4.920964340109404e-17
1.46143335	4.766755097425399e-17
1.462586638	4.7472280643144356e-17
1.463739925	4.689797998710973e-17
1.464893213	4.4547784873635727e-17
1.466046501	4.235953397254052e-17
1.467199789	4.1920581568657225e-17
1.468353076	4.178553798938129e-17
1.469506364	4.1369744268632594e-17
1.470659652	4.138959449341283e-17
1.471812939	4.256610518429324e-17
1.472966227	4.464113485826485e-17
1.474119515	4.7281367657973515e-17
1.475272803	4.998451619808548e-17
1.47642609	5.1005210321543706e-17
1.477579378	4.983068228851991e-17
1.478732666	4.831008217743352e-17
1.479885954	4.80609698799029e-17
1.481039241	5.003780090408922e-17
1.482192529	5.2581916798523795e-17
1.483345817	5.44539764778165e-17
1.484499105	5.4894804826885597e-17
1.485652392	5.401691417177374e-17
1.48680568	5.791557520702328e-17
1.487958968	6.706644712523735e-17
1.489112256	7.226235826378147e-17
1.490265543	7.060315695531642e-17
1.491418831	7.08175308588067e-17
1.492572119	7.20013436390281e-17
1.493725407	7.094652064750195e-17
1.494878694	6.977236252111624e-17
1.496031982	7.105674063856963e-17
1.49718527	7.325117335071978e-17
1.498338558	7.35372034060869e-17
1.499491845	7.209956133616583e-17
1.500645133	7.110411414344165e-17
1.501798421	6.977183244093813e-17
1.502951709	6.772954974469684e-17
1.504104996	6.752739852284934e-17
1.505258284	7.06336261503749e-17
1.506411572	7.327059556737023e-17
1.507564859	7.35854128856499e-17
1.508718147	7.292609357973834e-17
1.509871435	7.2781249133472e-17
1.511024723	7.358636300263633e-17
1.51217801	7.422312305132308e-17
1.513331298	7.4397951358182e-17
1.514484586	7.594946328825964e-17
1.515637874	7.767656294708092e-17
1.516791161	7.769030340566384e-17
1.517944449	7.731360768572289e-17
1.519097737	7.881051256515063e-17
1.520251025	8.126225314908273e-17
1.521404312	8.249997216439718e-17
1.5225576	8.236144518655258e-17
1.523710888	8.24736873960462e-17
1.524864176	8.354556043238485e-17
1.526017463	8.304768396418556e-17
1.527170751	8.149450543665711e-17
1.528324039	8.213955924635493e-17
1.529477327	8.648249546258905e-17
1.530630614	8.972887756108207e-17
1.531783902	8.90883135272797e-17
1.53293719	9.13445278878937e-17
1.534090478	9.758105521812471e-17
1.535243765	1.0103759768542045e-16
1.536397053	1.0142416647590094e-16
1.537550341	1.0318498219453163e-16
1.538703629	1.0550686979718348e-16
1.539856916	1.058930453536219e-16
1.541010204	1.0267580036622311e-16
1.542163492	9.977309812073141e-17
1.543316779	1.0067317076145514e-16
1.544470067	1.0237602015123126e-16
1.545623355	1.0128527147137642e-16
1.546776643	9.95084576338146e-17
1.54792993	1.0106115818817309e-16
1.549083218	1.0470049258002836e-16
1.550236506	1.0658087503396002e-16
1.551389794	1.0451154940791387e-16
1.552543081	1.0233539385515147e-16
1.553696369	1.0410467117925075e-16
1.554849657	1.0643982149745282e-16
1.556002945	1.0449897509412599e-16
1.557156232	1.0014527004612286e-16
1.55830952	9.889049359016629e-17
1.559462808	1.0061789580337895e-16
1.560616096	1.0195985749053751e-16
1.561769383	1.0013042357611112e-16
1.562922671	9.69456796964007e-17
1.564075959	9.523658797142513e-17
1.565229247	9.520728597926883e-17
1.566382534	9.44680776599233e-17
1.567535822	9.150643755575214e-17
1.56868911	8.820256944931265e-17
1.569842398	8.658541502416688e-17
1.570995685	8.762608899861867e-17
1.572148973	9.115845060853198e-17
1.573302261	9.558929831029951e-17
1.574455549	1.0185419894639496e-16
1.575608836	1.0881957640796137e-16
1.576762124	1.137444213753734e-16
1.577915412	1.164064452581225e-16
1.579068699	1.1573433980121343e-16
1.580221987	1.1531841354792306e-16
1.581375275	1.2034059692831528e-16
1.582528563	1.2460133382986955e-16
1.58368185	1.2229005293525504e-16
1.584835138	1.195483164783445e-16
1.585988426	1.1772229108707232e-16
1.587141714	1.1648423588547396e-16
1.588295001	1.1630966058852258e-16
1.589448289	1.1927115394919332e-16
1.590601577	1.2401472450152092e-16
1.591754865	1.2395470018200566e-16
1.592908152	1.2052012137256121e-16
1.59406144	1.1738167727307473e-16
1.595214728	1.1816457885950604e-16
1.596368016	1.184707774491165e-16
1.597521303	1.110374541908439e-16
1.598674591	1.047138368656625e-16
1.599827879	1.046008496475141e-16
1.600981167	1.0568090295375857e-16
1.602134454	1.0343634999808885e-16
1.603287742	9.819073651900799e-17
1.60444103	9.304666073248013e-17
1.605594318	8.977479182115299e-17
1.606747605	8.559444713655008e-17
1.607900893	7.894600198200835e-17
1.609054181	7.394005186683383e-17
1.610207469	7.223071797951984e-17
1.611360756	7.055062816679203e-17
1.612514044	6.811083139357465e-17
1.613667332	6.509443394620659e-17
1.614820619	6.316182747102324e-17
1.615973907	6.265031224973522e-17
1.617127195	6.06754485144977e-17
1.618280483	5.692209231897759e-17
1.61943377	5.4367415382604836e-17
1.620587058	5.147140010081374e-17
1.621740346	4.7853270049693566e-17
1.622893634	4.553313095421942e-17
1.624046921	4.4082724066551345e-17
1.625200209	4.243273327946294e-17
1.626353497	4.0032683167547075e-17
1.627506785	3.7206410822144115e-17
1.628660072	3.500759253159385e-17
1.62981336	3.3612237825978554e-17
1.630966648	3.2171939322018884e-17
1.632119936	3.036424860195474e-17
1.633273223	2.8724301874020645e-17
1.634426511	2.7629695759210793e-17
1.635579799	2.6872086093564627e-17
1.636733087	2.6167312287756683e-17
1.637886374	2.558460896378305e-17
1.639039662	2.505509010957621e-17
1.64019295	2.4702361578066906e-17
1.641346238	2.470890215821775e-17
1.642499525	2.4765393023650824e-17
1.643652813	2.4627436875431866e-17
1.644806101	2.4007750871448068e-17
1.645959389	2.308801430504166e-17
1.647112676	2.2085590009145077e-17
1.648265964	2.125138712462901e-17
1.649419252	2.0353858415582288e-17
1.65057254	1.945316014701415e-17
1.651725827	1.8773046772134527e-17
1.652879115	1.8470397930970872e-17
1.654032403	1.8426319477317366e-17
1.65518569	1.8636289244906975e-17
1.656338978	1.9152133237768928e-17
1.657492266	1.9808612762206492e-17
1.658645554	2.0414646531820602e-17
1.659798841	2.0799249588885894e-17
1.660952129	2.0674096970382827e-17
1.662105417	2.0344614960008067e-17
1.663258705	2.008598022255884e-17
1.664411992	1.9782436548058715e-17
1.66556528	1.9403910641858072e-17
1.666718568	1.8998393489268214e-17
1.667871856	1.871567738309478e-17
1.669025143	1.837054750321692e-17
1.670178431	1.8060274171234767e-17
1.671331719	1.8418825427996904e-17
1.672485007	1.903061501791737e-17
1.673638294	1.8962384446850816e-17
1.674791582	1.891033761661877e-17
1.67594487	1.9147926525075395e-17
1.677098158	1.9110490898198042e-17
1.678251445	1.887632847864775e-17
1.679404733	1.918629454039549e-17
1.680558021	1.978268054810945e-17
1.681711309	2.0235620730817047e-17
1.682864596	2.0394258669919066e-17
1.684017884	2.018726439433271e-17
1.685171172	2.0079188704700167e-17
1.68632446	1.9965190303484714e-17
1.687477747	1.9584765324120954e-17
1.688631035	1.906804365734543e-17
1.689784323	1.86683239382246e-17
1.69093761	1.822812516524347e-17
1.692090898	1.7594363443641923e-17
1.693244186	1.6899112654174923e-17
1.694397474	1.6113564405555576e-17
1.695550761	1.529023309859962e-17
1.696704049	1.4580897372301905e-17
1.697857337	1.398612105399594e-17
1.699010625	1.3430021515399127e-17
1.700163912	1.283336028535835e-17
1.7013172	1.2171708280095557e-17
1.702470488	1.1540320506920067e-17
1.703623776	1.100185530133908e-17
1.704777063	1.0581925342182111e-17
1.705930351	1.0281104331630049e-17
1.707083639	1.0181023677397708e-17
1.708236927	1.0259743626080784e-17
1.709390214	1.0385546064810735e-17
1.710543502	1.0796575548608691e-17
1.71169679	1.1424804160306439e-17
1.712850078	1.1503394978458504e-17
1.714003365	1.0599932122308537e-17
1.715156653	9.471941380820833e-18
1.716309941	8.77509125220228e-18
1.717463229	8.346241083990566e-18
1.718616516	8.294606440173137e-18
1.719769804	8.650748667275199e-18
1.720923092	9.118777385047923e-18
1.72207638	9.70940794266274e-18
1.723229667	1.0457016969941164e-17
1.724382955	1.1053095723512134e-17
1.725536243	1.1182122063891278e-17
1.72668953	1.0975754174071971e-17
1.727842818	1.0699417332443403e-17
1.728996106	1.031135975973225e-17
1.730149394	9.955945369952677e-18
1.731302681	9.829507012035358e-18
1.732455969	9.955511243574321e-18
1.733609257	1.038470626590148e-17
1.734762545	1.0977632456508132e-17
1.735915832	1.17491054012512e-17
1.73706912	1.2605199036763676e-17
1.738222408	1.3444790817787274e-17
1.739375696	1.424582676899895e-17
1.740528983	1.4856905811081665e-17
1.741682271	1.538610544390686e-17
1.742835559	1.5589794084856486e-17
1.743988847	1.566963241755391e-17
1.745142134	1.6089782133919124e-17
1.746295422	1.6728210938295056e-17
1.74744871	1.7003768564978364e-17
1.748601998	1.6806687953207438e-17
1.749755285	1.6316938930498434e-17
1.750908573	1.584380658141075e-17
1.752061861	1.5589332352995368e-17
1.753215149	1.5389379721825476e-17
1.754368436	1.5169706797095042e-17
1.755521724	1.49866834810687e-17
1.756675012	1.4713621160181367e-17
1.7578283	1.4396345300302792e-17
1.758981587	1.4112803982663545e-17
1.760134875	1.3846801919784597e-17
1.761288163	1.3719234162118591e-17
1.76244145	1.3551005689627982e-17
1.763594738	1.3156052737987497e-17
1.764748026	1.2935367867907611e-17
1.765901314	1.2986084580631913e-17
1.767054601	1.3154914605047853e-17
1.768207889	1.3125889136290013e-17
1.769361177	1.2711715935742779e-17
1.770514465	1.2044566011867581e-17
1.771667752	1.1301736160191442e-17
1.77282104	1.0687337685037334e-17
1.773974328	1.024727859721856e-17
1.775127616	9.949807659751325e-18
1.776280903	9.733389506199335e-18
1.777434191	9.664488054394809e-18
1.778587479	9.79302099816067e-18
1.779740767	1.0124047979680897e-17
1.780894054	1.0592613590707696e-17
1.782047342	1.091945285595136e-17
1.78320063	1.1036300603756676e-17
1.784353918	1.09987872468219e-17
1.785507205	1.0956067284746692e-17
1.786660493	1.0970258630500958e-17
1.787813781	1.0911483465626573e-17
1.788967069	1.0863736831413886e-17
1.790120356	1.0863062662726088e-17
1.791273644	1.0879881897256349e-17
1.792426932	1.1097512761527508e-17
1.79358022	1.1608329230338654e-17
1.794733507	1.2289726906604658e-17
1.795886795	1.2990188572618132e-17
1.797040083	1.3678709344941602e-17
1.79819337	1.4437684790245408e-17
1.799346658	1.5390580673976657e-17
1.800499946	1.6654772529419822e-17
1.801653234	1.835280861583035e-17
1.802806521	2.0281953201063182e-17
1.803959809	2.2306694834384843e-17
1.805113097	2.4789206805393665e-17
1.806266385	2.7668369088266545e-17
1.807419672	3.061140438763897e-17
1.80857296	3.3331210513243636e-17
1.809726248	3.584359084905074e-17
1.810879536	3.8558656319177283e-17
1.812032823	4.1779712663307015e-17
1.813186111	4.602281504886536e-17
1.814339399	5.141636223185499e-17
1.815492687	5.784142832520429e-17
1.816645974	6.55328200620542e-17
1.817799262	7.453420585093793e-17
1.81895255	7.96269204666964e-17
1.820105838	7.911411461036854e-17
1.821259125	7.952389661916724e-17
1.822412413	8.027130215576784e-17
1.823565701	7.838394623414888e-17
1.824718989	7.616377650993699e-17
1.825872276	7.496027532086131e-17
1.827025564	7.45513604432163e-17
1.828178852	7.445623778196071e-17
1.82933214	7.375045633227403e-17
1.830485427	7.286752107112425e-17
1.831638715	7.276774487614032e-17
1.832792003	7.28625290171031e-17
1.83394529	0.
1.835098578	0.
1.836251866	0.
1.837405154	0.
1.838558441	0.
1.839711729	0.
1.840865017	0.
1.842018305	0.
1.843171592	0.
1.84432488	0.
1.845478168	0.
1.846631456	0.
1.847784743	0.
1.848938031	0.
1.850091319	0.
1.851244607	0.
1.852397894	0.
1.853551182	0.
1.85470447	0.
1.855857758	0.
1.857011045	0.
1.858164333	0.
1.859317621	0.
1.860470909	0.
1.861624196	0.
1.862777484	0.
1.863930772	0.
1.86508406	0.
1.866237347	0.
1.867390635	0.
1.868543923	0.
1.86969721	0.
1.870850498	0.
1.872003786	-6.288764077390614e-18
1.873157074	-5.548976575465315e-18
1.874310361	-6.432648822098663e-18
1.875463649	-2.3168627510655045e-17
1.876616937	2.1835231172026735e-17
1.877770225	2.3617135897436214e-17
1.878923512	3.4079922003718926e-17
1.8800768	5.281855670147661e-17
1.881230088	1.1279129768805726e-16
1.882383376	-1.0545464124862744e-16
1.883536663	-1.1421743403796414e-17
1.884689951	5.834396199388826e-18
1.885843239	1.7985854294902898e-17
1.886996527	2.880562241705343e-17
1.888149814	3.1924836955510747e-18
1.889303102	1.2084629370341695e-14
1.89045639	-3.172473774064563e-15
1.891609678	-2.1748576094659442e-16
1.892762965	-1.5688680807032408e-16
1.893916253	-7.601177604026639e-16
1.895069541	3.8293000070903624e-17
1.896222829	5.1235123080161316e-18
1.897376116	-4.6668806791163265e-19
1.898529404	-1.0912641783867456e-18
1.899682692	-1.7800245286882127e-18
1.90083598	-8.702384807788041e-18
1.901989267	4.529753879188447e-18
1.903142555	-1.045430814200524e-17
1.904295843	-2.4411732023494818e-17
1.905449131	-3.4850114283130614e-17
1.906602418	-3.4855385620903205e-17
1.907755706	-4.9140370747347757e-17
1.908908994	8.429762574819087e-17
1.910062281	1.529825391499967e-17
1.911215569	8.201366100796516e-18
1.912368857	6.216286838485089e-18
1.913522145	5.099681573227708e-18
1.914675432	3.975689924391913e-18
1.91582872	2.6111225150909104e-18
1.916982008	2.073051671967423e-18
1.918135296	1.3463625147866582e-17
1.919288583	2.683274736880118e-17
1.920441871	1.5695415869517342e-17
1.921595159	7.679539623987168e-18
1.922748447	3.859708330522484e-18
1.923901734	1.6175379257890642e-18
1.925055022	-8.287152692267122e-19
1.92620831	-5.6975068188407436e-18
1.927361598	-1.8376846653435075e-17
1.928514885	1.2093712630504025e-17
1.929668173	8.434058518285198e-18
1.930821461	7.395073395093295e-18
1.931974749	6.979217191079893e-18
1.933128036	6.945287078075565e-18
1.934281324	7.196068541952281e-18
1.935434612	7.45006604934417e-18
1.9365879	6.21589117680892e-18
1.937741187	3.9701591570522876e-18
1.938894475	1.1520635202717049e-18
1.940047763	-3.480827928481519e-19
1.941201051	1.0221891027716904e-18
1.942354338	3.196818615806364e-18
1.943507626	4.274836196878607e-18
1.944660914	4.928356651103741e-18
1.945814201	5.422197770320998e-18
1.946967489	5.7166516469788956e-18
1.948120777	5.3884462484638874e-18
1.949274065	4.720893830818425e-18
1.950427352	3.735711761627997e-18
1.95158064	2.6530909188071753e-18
1.952733928	2.0088688906291697e-18
1.953887216	2.6358550359868707e-18
1.955040503	3.827600796101402e-18
1.956193791	5.037862635933674e-18
1.957347079	5.654387816397049e-18
1.958500367	5.0232974583991264e-18
1.959653654	3.2940942430835328e-18
1.960806942	1.33076675335417e-18
1.96196023	2.33771197608896e-19
1.963113518	2.559947455265812e-19
1.964266805	1.0732875502143276e-18
1.965420093	1.9622183470139726e-18
1.966573381	2.768638952153569e-18
1.967726669	3.656846831067241e-18
1.968879956	4.270481232352133e-18
1.970033244	3.918908772273988e-18
1.971186532	2.7823043881730914e-18
1.97233982	2.0221613675499908e-18
1.973493107	2.6326838994659088e-18
1.974646395	4.363926297319861e-18
1.975799683	6.131173671107608e-18
1.976952971	7.032994974970712e-18
1.978106258	6.8519968403712126e-18
1.979259546	5.642140356013832e-18
1.980412834	4.1459069947729985e-18
1.981566121	2.9875154298695035e-18
1.982719409	2.754486220164313e-18
1.983872697	3.838312159005288e-18
1.985025985	6.02087200897531e-18
1.986179272	7.673138747458153e-18
1.98733256	7.834524509084016e-18
1.988485848	6.932050961432291e-18
1.989639136	5.8495129647717224e-18
1.990792423	4.7199514785781995e-18
1.991945711	3.754932418084079e-18
1.993098999	3.2814168165569307e-18
1.994252287	3.4233491406245098e-18
1.995405574	3.495979179747711e-18
1.996558862	2.812644556956829e-18
1.99771215	1.9776831865333006e-18
1.998865438	1.356018182552183e-18
2.000018725	9.904821798665065e-19
2.001172013	7.8156317399936e-19
2.002325301	7.81207924280069e-19
2.003478589	1.1551731338548955e-18
2.004631876	2.3831125308913814e-18
2.005785164	4.048973178385639e-18
2.006938452	4.720588435540705e-18
2.00809174	4.4081126729277395e-18
2.009245027	4.653394894474427e-18
2.010398315	5.6908739274129606e-18
2.011551603	7.015529387129552e-18
2.012704891	7.970399328136429e-18
2.013858178	8.688393897699424e-18
2.015011466	8.790412580129173e-18
2.016164754	7.323034787078015e-18
2.017318041	4.745575162965802e-18
2.018471329	3.572212079777885e-18
2.019624617	4.71388327576163e-18
2.020777905	6.176741430407355e-18
2.021931192	7.027678874014952e-18
2.02308448	7.151886138878978e-18
2.024237768	6.906379618545484e-18
2.025391056	6.6468987946482075e-18
2.026544343	6.720823827001094e-18
2.027697631	7.06620503909946e-18
2.028850919	7.494154421141914e-18
2.030004207	7.299151645206861e-18
2.031157494	6.418615219593196e-18
2.032310782	5.5278913063754305e-18
2.03346407	5.133151176609637e-18
2.034617358	4.87709753947255e-18
2.035770645	4.585025813186483e-18
2.036923933	4.482599303879456e-18
2.038077221	4.702824210722039e-18
2.039230509	4.995869900879351e-18
2.040383796	5.071408715905194e-18
2.041537084	4.897065195047524e-18
2.042690372	4.482348692770296e-18
2.04384366	3.977204510224874e-18
2.044996947	3.6353393632557355e-18
2.046150235	3.555248303393e-18
2.047303523	3.8432709865435226e-18
2.048456811	4.5337850420069165e-18
2.049610098	5.203197815674694e-18
2.050763386	5.39318740685841e-18
2.051916674	4.976630981616236e-18
2.053069961	4.231190205119157e-18
2.054223249	3.642574682690423e-18
2.055376537	3.5503872755128206e-18
2.056529825	3.754302981968307e-18
2.057683112	3.92807889215044e-18
2.0588364	3.9229229727686676e-18
2.059989688	3.828961754312375e-18
2.061142976	3.6677670689086184e-18
2.062296263	3.482401154867833e-18
2.063449551	3.3894715598933417e-18
2.064602839	3.3126096776494902e-18
2.065756127	3.134065147359592e-18
2.066909414	3.013767376654052e-18
2.068062702	2.98959670863048e-18
2.06921599	3.011745612952976e-18
2.070369278	3.0332316631680407e-18
2.071522565	3.0821041773758956e-18
2.072675853	3.265493894112815e-18
2.073829141	3.71015292325324e-18
2.074982429	4.37009011453235e-18
2.076135716	5.081975700723712e-18
2.077289004	5.548286877704016e-18
2.078442292	5.5072526809805105e-18
2.07959558	5.017914808849001e-18
2.080748867	4.158336198205135e-18
2.081902155	3.2928717076506505e-18
2.083055443	2.8574728769714015e-18
2.084208731	2.983016846267879e-18
2.085362018	3.3093403156039264e-18
2.086515306	3.6741449844777195e-18
2.087668594	3.994227458796269e-18
2.088821881	4.091853667768286e-18
2.089975169	3.7435637195041375e-18
2.091128457	3.2836099454649645e-18
2.092281745	3.428493471757633e-18
2.093435032	4.675188324322188e-18
2.09458832	6.11577415659269e-18
2.095741608	6.707345640809399e-18
2.096894896	6.1142820372501755e-18
2.098048183	4.916609316163536e-18
2.099201471	3.606090795735794e-18
2.100354759	2.5553114103831867e-18
2.101508047	2.0056513502783485e-18
2.102661334	1.9582174137290675e-18
2.103814622	2.27381708520256e-18
2.10496791	2.7050281591477573e-18
2.106121198	3.0499273692146318e-18
2.107274485	3.1512543721104707e-18
2.108427773	3.0258773612723487e-18
2.109581061	2.7696840417380975e-18
2.110734349	2.4243359270461647e-18
2.111887636	2.0895411085825108e-18
2.113040924	1.944259286787386e-18
2.114194212	1.989998621936685e-18
2.1153475	2.1121128978620967e-18
2.116500787	2.1493707047087193e-18
2.117654075	2.067689675754538e-18
2.118807363	1.9578423548225828e-18
2.119960651	1.8843249079173044e-18
2.121113938	1.8336370553437383e-18
2.122267226	1.8215668747097244e-18
2.123420514	1.8505708867751563e-18
2.124573801	1.858083393352206e-18
2.125727089	1.7888308917038167e-18
2.126880377	1.7580016929674405e-18
2.128033665	1.8674379350504625e-18
2.129186952	2.2415175916114168e-18
2.13034024	2.9147341058472912e-18
2.131493528	3.7566575036068e-18
2.132646816	4.35867750327109e-18
2.133800103	4.403364424458309e-18
2.134953391	3.8292725088694286e-18
2.136106679	2.9457983990590986e-18
2.137259967	2.1135308302792015e-18
2.138413254	1.5915574475576803e-18
2.139566542	1.5566755317443288e-18
2.14071983	1.78988231964059e-18
2.141873118	2.025356438908715e-18
2.143026405	2.0772005988869456e-18
2.144179693	1.944465100318492e-18
2.145332981	1.6655073964795286e-18
2.146486269	1.3693368411640933e-18
2.147639556	1.123023219501914e-18
2.148792844	9.818299575920257e-19
2.149946132	9.20811059379378e-19
2.15109942	9.058520734662793e-19
2.152252707	9.175863666857546e-19
2.153405995	9.445862893109304e-19
2.154559283	9.701582390934006e-19
2.155712571	9.744506560409963e-19
2.156865858	9.440278360637259e-19
2.158019146	8.8904817594271e-19
2.159172434	8.298659333173e-19
2.160325722	7.813191836936902e-19
2.161479009	7.359039009245298e-19
2.162632297	6.918175245103904e-19
2.163785585	6.448330530038068e-19
2.164938872	5.94741104273606e-19
2.16609216	5.173837719952866e-19
2.167245448	4.277420278049884e-19
2.168398736	4.60904622506536e-19
2.169552023	7.596935049610484e-19
2.170705311	1.3077329826920515e-18
2.171858599	2.0825691541166613e-18
2.173011887	2.713684273571065e-18
2.174165174	2.7687350648758985e-18
2.175318462	2.1563431085648717e-18
2.17647175	1.3414118430476865e-18
2.177625038	7.433805406349603e-19
2.178778325	4.672321644694338e-19
2.179931613	4.53686440100967e-19
2.181084901	5.992717624726504e-19
2.182238189	7.716761569286473e-19
2.183391476	8.141200522392462e-19
2.184544764	7.947213490142164e-19
2.185698052	8.467445193830203e-19
2.18685134	1.0219707724775157e-18
2.188004627	1.210499076404937e-18
2.189157915	1.2906917371770638e-18
2.190311203	1.2393242534639924e-18
2.191464491	1.1179465635241923e-18
2.192617778	9.760632708119882e-19
2.193771066	8.703822532736193e-19
2.194924354	8.731403747672785e-19
2.196077642	9.45021674738741e-19
2.197230929	1.0145582626957981e-18
2.198384217	1.0121718461142482e-18
2.199537505	9.559890505829857e-19
2.200690792	8.689082331154487e-19
2.20184408	8.383093060823081e-19
2.202997368	9.049700119849661e-19
2.204150656	1.032144572692326e-18
2.205303943	1.1367417648708086e-18
2.206457231	1.131190419711035e-18
2.207610519	1.0854476022005427e-18
2.208763807	1.1330472129772161e-18
2.209917094	1.3546092094227182e-18
2.211070382	1.6232970369778497e-18
2.21222367	1.8275886028997534e-18
2.213376958	1.9272110106690892e-18
2.214530245	2.006118325588413e-18
2.215683533	2.139000098457108e-18
2.216836821	2.2096889706721374e-18
2.217990109	2.064328161184854e-18
2.219143396	1.733974129215633e-18
2.220296684	1.4218581479571927e-18
2.221449972	1.2983702339871964e-18
2.22260326	1.2381920726301627e-18
2.223756547	1.0943407898572623e-18
2.224909835	8.876118495734309e-19
2.226063123	7.440853350224406e-19
2.227216411	7.762036265529859e-19
2.228369698	1.0183701527439966e-18
2.229522986	1.5336422039044964e-18
2.230676274	2.145239071220931e-18
2.231829562	2.5193749238908317e-18
2.232982849	2.3799809146557707e-18
2.234136137	1.8867677174556445e-18
2.235289425	1.259484026492593e-18
2.236442712	6.833450424925678e-19
2.237596	2.972009992730157e-19
2.238749288	2.080374545849171e-19
2.239902576	4.687060107019906e-19
2.241055863	1.1282424834989259e-18
2.242209151	2.024301133516598e-18
2.243362439	2.6430729508671185e-18
2.244515727	2.44708755902892e-18
2.245669014	1.7982596450026905e-18
2.246822302	1.1021704704133732e-18
2.24797559	4.800315349536214e-19
2.249128878	6.310209249149084e-20
2.250282165	8.530927213905452e-20
2.251435453	1.0023267228345743e-18
2.252588741	3.0095186199695865e-18
2.253742029	5.855594397242778e-18
2.254895316	7.932983411116261e-18
2.256048604	7.73123540739323e-18
2.257201892	5.608458637265428e-18
2.25835518	2.888136501695833e-18
2.259508467	9.578862286654855e-19
2.260661755	-1.0131438384880623e-19
2.261815043	-3.612093106767241e-19
2.262968331	-1.145273410033235e-19
2.264121618	2.5624695067564655e-19
2.265274906	3.4123437370151794e-19
2.266428194	2.44192384035738e-19
2.267581482	1.337149916848925e-19
2.268734769	8.546157814313038e-20
2.269888057	6.652404978033975e-20
2.271041345	6.685560064074932e-20
2.272194632	1.0410776311712097e-19
2.27334792	2.271901744613401e-19
2.274501208	4.442875078625644e-19
2.275654496	6.672005639591071e-19
2.276807783	7.629872965070081e-19
2.277961071	7.49997901367902e-19
2.279114359	7.040397793936268e-19
2.280267647	6.611162654915744e-19
2.281420934	6.231775933042797e-19
2.282574222	5.781973255834878e-19
2.28372751	5.697048619632672e-19
2.284880798	6.966637265005663e-19
2.286034085	9.232918466006525e-19
2.287187373	1.086323519894403e-18
2.288340661	1.0571382379668133e-18
2.289493949	7.747500073886183e-19
2.290647236	3.909322604130206e-19
2.291800524	1.549591647320465e-19
2.292953812	4.7724888792226987e-20
2.2941071	6.213516445824239e-21
2.295260387	-8.321158689275731e-21
2.296413675	-1.1229776073924131e-20
2.297566963	-1.1889232118865791e-20
2.298720251	-9.638345557320154e-21
2.299873538	-1.422086294859697e-20
2.301026826	-2.270828044785062e-20
2.302180114	-1.7496526909163124e-20
2.303333402	9.599291581284997e-21
2.304486689	8.285198717540006e-21
2.305639977	-6.073505284290837e-20
2.306793265	-1.718395708289585e-19
2.307946552	-2.546082408782226e-19
2.30909984	-1.6595725164527575e-19
2.310253128	4.322141371563402e-19
2.311406416	1.8988376401019872e-18
2.312559703	3.641214143341622e-18
2.313712991	4.648161865920934e-18
2.314866279	4.2447110592328516e-18
2.316019567	3.1217313408915245e-18
2.317172854	1.8605408858486318e-18
2.318326142	8.48658049027733e-19
2.31947943	3.5639161370114687e-19
2.320632718	5.721200789393324e-19
2.321786005	1.026797218514075e-18
2.322939293	1.2563031261629563e-18
2.324092581	1.1801521344657692e-18
2.325245869	9.199600489048949e-19
2.326399156	5.956696864818756e-19
2.327552444	3.050725486774312e-19
2.328705732	1.626668729088124e-19
2.32985902	1.4907660480197285e-19
2.331012307	1.7628480000411487e-19
2.332165595	1.7506394192675322e-19
2.333318883	1.6196086109836143e-19
2.334472171	1.5100483237643367e-19
2.335625458	1.5189375232220636e-19
2.336778746	1.7278864749622434e-19
2.337932034	2.2671790521932837e-19
2.339085322	2.963900237574718e-19
2.340238609	3.520310091769839e-19
2.341391897	3.706462427036108e-19
2.342545185	3.608809599152744e-19
2.343698472	3.316811997122247e-19
2.34485176	3.0121104719249206e-19
2.346005048	2.840671239813041e-19
2.347158336	2.950108205912648e-19
2.348311623	3.153777508137844e-19
2.349464911	3.20481856560496e-19
2.350618199	3.094284005135193e-19
2.351771487	3.154733090339556e-19
2.352924774	3.5195523677560735e-19
2.354078062	3.7162024038268402e-19
2.35523135	3.350014500220605e-19
2.356384638	2.8325820828132804e-19
2.357537925	2.50116356463389e-19
2.358691213	2.3382564008585044e-19
2.359844501	2.2710332668472205e-19
2.360997789	2.3805515438507634e-19
2.362151076	2.7160505639902756e-19
2.363304364	3.2248675301610903e-19
2.364457652	3.7660704981940694e-19
2.36561094	4.1516361945350786e-19
2.366764227	4.284588887803652e-19
2.367917515	4.2187381395143263e-19
2.369070803	4.130788180491762e-19
2.370224091	4.132541558634462e-19
2.371377378	4.198540324731477e-19
2.372530666	4.407291715856392e-19
2.373683954	4.771709384311788e-19
2.374837242	4.799213059651391e-19
2.375990529	4.1110810193416565e-19
2.377143817	2.8564664207113667e-19
2.378297105	7.006187119631698e-20
2.379450392	-5.804266031623933e-20
2.38060368	2.7051815366187455e-19
2.381756968	1.3773188856980648e-18
2.382910256	2.8011298155107245e-18
2.384063543	4.057783504143822e-18
2.385216831	4.596373618705896e-18
2.386370119	4.188736744318917e-18
2.387523407	2.842858387519337e-18
2.388676694	1.364522300751633e-18
2.389829982	5.640245914317761e-19
2.39098327	4.571104635822334e-19
2.392136558	5.036741838021637e-19
2.393289845	3.500543286271815e-19
2.394443133	1.529323981309245e-19
2.395596421	9.679637835744874e-20
2.396749709	2.177976308763634e-19
2.397902996	3.4687252947956563e-19
2.399056284	3.3675322109930585e-19
2.400209572	2.4935595573918364e-19
2.40136286	1.586631817439605e-19
2.402516147	1.0389266424880528e-19
2.403669435	9.971513710073305e-20
2.404822723	1.7666772867344143e-19
2.405976011	2.8484890751556095e-19
2.407129298	3.405427953615682e-19
2.408282586	3.021550188614376e-19
2.409435874	2.088207090137232e-19
2.410589162	8.239681104864869e-20
2.411742449	-4.276788141420577e-20
2.412895737	-1.272459050224709e-19
2.414049025	-1.1665608551980629e-19
2.415202313	8.617604272714081e-20
2.4163556	5.999837398850299e-19
2.417508888	1.1251562860557481e-18
2.418662176	1.2696563441009647e-18
2.419815463	1.0628649509596989e-18
2.420968751	7.821679737524763e-19
2.422122039	5.749519453148485e-19
2.423275327	4.471404803291279e-19
2.424428614	3.744049886517591e-19
2.425581902	3.4012601223401665e-19
2.42673519	2.7127093388632977e-19
2.427888478	7.932013925674439e-20
2.429041765	-1.9596439823950474e-19
2.430195053	-4.293711852499096e-19
2.431348341	-4.797321764580191e-19
2.432501629	-3.101706866296705e-19
2.433654916	7.618752105377188e-20
2.434808204	5.08440864147522e-19
2.435961492	8.03684082944551e-19
2.43711478	8.987687314531464e-19
2.438268067	8.001238362376663e-19
2.439421355	5.429316168510377e-19
2.440574643	1.8866733980564438e-19
2.441727931	-9.078592563825279e-20
2.442881218	-1.7533160403472446e-19
2.444034506	-1.7624042912262683e-19
2.445187794	-1.5714116439689366e-19
2.446341082	-1.2133140302253629e-19
2.447494369	-5.958592585808605e-20
2.448647657	-9.077440048609203e-20
2.449800945	-1.748310819540817e-19
2.450954233	1.5402380850540036e-20
2.45210752	5.977434899094284e-19
2.453260808	1.3254313401141004e-18
2.454414096	2.041243589440657e-18
2.455567383	2.412054211685083e-18
2.456720671	2.4021250862523857e-18
2.457873959	1.9559470539877802e-18
2.459027247	1.1741998957122094e-18
2.460180534	3.794436977764133e-19
2.461333822	-1.906542346779884e-19
2.46248711	-4.0105804781113924e-19
2.463640398	-2.178892674110287e-19
2.464793685	2.2368125271366415e-19
2.465946973	8.242998117028465e-19
2.467100261	1.5100464859090009e-18
2.468253549	1.952330388402554e-18
2.469406836	1.6584454866029914e-18
2.470560124	8.787193908373705e-19
2.471713412	2.544030800064107e-19
2.4728667	-4.139775768072789e-20
2.474019987	-1.8027095598071328e-19
2.475173275	-2.831769185989432e-19
2.476326563	-4.2105816108363954e-19
2.477479851	-7.128981444952206e-19
2.478633138	-1.1775267041886612e-18
2.479786426	-1.8647295919473233e-18
2.480939714	-3.128309287990523e-18
2.482093002	-9.085847679835838e-18
2.483246289	4.5384137821825046e-18
2.484399577	4.601071643110232e-19
2.485552865	-7.236256344477721e-19
2.486706153	-2.4160419355121344e-18
2.48785944	-1.1949279543339087e-18
2.489012728	-5.258719064326956e-18
2.490166016	-2.973536920476527e-17
2.491319303	1.5134312956096818e-17
2.492472591	2.8825746179463357e-18
2.493625879	-1.6796564444387206e-18