0.45	0.6093381484937814
0.451155239	0.5897249651967413
0.452310478	0.6297543715827681
0.453465717	0.6425779558069906
0.454620957	0.6207213792349247
0.455776196	0.5779222513028396
0.456931435	0.5642318012428782
0.458086674	0.583175408985941
0.459241913	0.6200076457503426
0.460397152	0.6334098260792715
0.461552392	0.6313462127315325
0.462707631	0.599516830099078
0.46386287	0.6185474651285345
0.465018109	0.6209758753820876
0.466173348	0.6285808579796645
0.467328587	0.6314642059768361
0.468483827	0.6352570518709584
0.469639066	0.6371801675965868
0.470794305	0.6676045741557575
0.471949544	0.6167141818607978
0.473104783	0.6176282789611927
0.474260022	0.6106239334575492
0.475415261	0.6028701571199989
0.476570501	0.611278473761284
0.47772574	0.5655442811202522
0.478880979	0.5607538293954165
0.480036218	0.5325032063354141
0.481191457	0.5113804410671714
0.482346696	0.5053642394135468
0.483501936	0.5126946092086704
0.484657175	0.5036876796588378
0.485812414	0.4339711915256758
0.486967653	0.5320255172554743
0.488122892	0.5696543696751457
0.489278131	0.5878072149022345
0.490433371	0.5808855672482235
0.49158861	0.6060373672352023
0.492743849	0.6039873906136118
0.493899088	0.6017029308121382
0.495054327	0.58458731633687
0.496209566	0.5894201487717596
0.497364806	0.5634421896310045
0.498520045	0.5881867638594775
0.499675284	0.551035254437279
0.500830523	0.5670809618346708
0.501985762	0.5526384866287513
0.503141001	0.5243466296308061
0.50429624	0.5231451864431604
0.50545148	0.4839884615247433
0.506606719	0.4653296232366164
0.507761958	0.44978095119133926
0.508917197	0.4386345680714624
0.510072436	0.4427158675916358
0.511227675	0.45779505584532854
0.512382915	0.5151033114201288
0.513538154	0.5461490320693155
0.514693393	0.5384580698137481
0.515848632	0.527011617427861
0.517003871	0.5486968350266519
0.51815911	0.5436300361714089
0.51931435	0.5146869294485727
0.520469589	0.49791021109488975
0.521624828	0.48151480199147595
0.522780067	0.49889933145769666
0.523935306	0.48893154208985184
0.525090545	0.4832745423935244
0.526245784	0.5329383771474796
0.527401024	0.5265560314958719
0.528556263	0.5088286133627069
0.529711502	0.5045600894477273
0.530866741	0.4740143615091475
0.53202198	0.46186381981401875
0.533177219	0.441033854827262
0.534332459	0.4098920216421727
0.535487698	0.36372203218452676
0.536642937	0.34299083944985825
0.537798176	0.30946952261642835
0.538953415	0.27853473027239384
0.540108654	0.26136493422108603
0.541263894	0.23354094811687767
0.542419133	0.22129074193847445
0.543574372	0.22396725467692222
0.544729611	0.2539678938994876
0.54588485	0.303785631123846
0.547040089	0.37382426324664303
0.548195328	0.4307568169989931
0.549350568	0.4605527077574573
0.550505807	0.4832433486686382
0.551661046	0.48527633062538145
0.552816285	0.47645500892668763
0.553971524	0.4567635317593203
0.555126763	0.44473640142148535
0.556282003	0.44917270969496
0.557437242	0.44112426858312703
0.558592481	0.45082916975827464
0.55974772	0.4467263482539956
0.560902959	0.4453621614639594
0.562058198	0.44633207704527605
0.563213438	0.4354046116735939
0.564368677	0.42535233705154224
0.565523916	0.41335827050070545
0.566679155	0.38657247403136624
0.567834394	0.35822949077893146
0.568989633	0.34649708860490225
0.570144872	0.3296240065961716
0.571300112	0.319629811745355
0.572455351	0.2925205072031255
0.57361059	0.277276772620333
0.574765829	0.2603895230133403
0.575921068	0.25502495165687644
0.577076307	0.25096971383822675
0.578231547	0.2630578407246387
0.579386786	0.28823451179113085
0.580542025	0.31707150425546116
0.581697264	0.34670829899866507
0.582852503	0.370436304044339
0.584007742	0.3913420524880806
0.585162982	0.41063252266156064
0.586318221	0.4209773870699233
0.58747346	0.4082548798827558
0.588628699	0.40147010014228385
0.589783938	0.411758623080648
0.590939177	0.3594188924206515
0.592094417	0.33975224609176097
0.593249656	0.31214800636241363
0.594404895	0.2889415086430806
0.595560134	0.2678265099559401
0.596715373	0.2542775121116687
0.597870612	0.2578942829297214
0.599025851	0.26554700044112267
0.600181091	0.27653709417986405
0.60133633	0.29299465212790615
0.602491569	0.3152646485147759
0.603646808	0.3143908527744993
0.604802047	0.31765654045830166
0.605957286	0.30523406303709627
0.607112526	0.2805973295651774
0.608267765	0.2520438000710736
0.609423004	0.2277834098865536
0.610578243	0.21070586583117457
0.611733482	0.1835024311357918
0.612888721	0.1616055138586356
0.614043961	0.1374585682707628
0.6151992	0.11765300444558537
0.616354439	0.1133100448560969
0.617509678	0.10252978918999174
0.618664917	0.09502798746503548
0.619820156	0.09298076548366471
0.620975395	0.09342611293823726
0.622130635	0.10099644902198149
0.623285874	0.1146290905009298
0.624441113	0.1377166059249434
0.625596352	0.17016086412577558
0.626751591	0.19545331424232265
0.62790683	0.22317963631747306
0.62906207	0.2596880926394677
0.630217309	0.2880887648297702
0.631372548	0.30828776447499856
0.632527787	0.31769815949949465
0.633683026	0.31917271752352167
0.634838265	0.31279104431844096
0.635993505	0.3100245520669252
0.637148744	0.2974705014112439
0.638303983	0.28768056397984215
0.639459222	0.2744281286759505
0.640614461	0.2624929324933157
0.6417697	0.24929709179441356
0.642924939	0.24142871821789047
0.644080179	0.23762075553957726
0.645235418	0.23571367364254397
0.646390657	0.23726108772243582
0.647545896	0.23344724385593013
0.648701135	0.22547954730741948
0.649856374	0.21591510905425304
0.651011614	0.20808751852049984
0.652166853	0.20367068297481747
0.653322092	0.20020832722721094
0.654477331	0.1933456067426314
0.65563257	0.16844184175825092
0.656787809	0.16592426443290884
0.657943049	0.18306169211906734
0.659098288	0.16241687185768144
0.660253527	0.1501891399154655
0.661408766	0.14299891607913717
0.662564005	0.13606433787219813
0.663719244	0.12840950677694501
0.664874484	0.12216612393746094
0.666029723	0.11739902868817603
0.667184962	0.11491082551566152
0.668340201	0.11456354417824062
0.66949544	0.11926301444613209
0.670650679	0.12888811784040902
0.671805918	0.143087258294437
0.672961158	0.16087707922500374
0.674116397	0.18105575345970865
0.675271636	0.20377646229390392
0.676426875	0.22421094525273744
0.677582114	0.2353840545142461
0.678737353	0.23219719923613877
0.679892593	0.21558168901741478
0.681047832	0.19094557041621946
0.682203071	0.1705432090957094
0.68335831	0.15920865465247447
0.684513549	0.15901579397860216
0.685668788	0.1652566728588848
0.686824028	0.1716515453631489
0.687979267	0.17913166328927185
0.689134506	0.18744761797178888
0.690289745	0.1934377257333797
0.691444984	0.1970060909937197
0.692600223	0.19558844081148025
0.693755462	0.1873191072787787
0.694910702	0.17255305648026298
0.696065941	0.1532879487083409
0.69722118	0.1334432214255548
0.698376419	0.11457795488988762
0.699531658	0.10009155353414248
0.700686897	0.08931021403616965
0.701842137	0.08193729232270955
0.702997376	0.07841121632943703
0.704152615	0.0787116466629588
0.705307854	0.08305568061829291
0.706463093	0.09013131661541152
0.707618332	0.09826580991794748
0.708773572	0.10634769947230278
0.709928811	0.11356488510802433
0.71108405	0.11944649215852718
0.712239289	0.12415628622883089
0.713394528	0.12413410778330396
0.714549767	0.11684910210591339
0.715705006	0.10282300950602824
0.716860246	0.08276891608880702
0.718015485	0.06467425258297103
0.719170724	0.05404451914669938
0.720325963	0.04969537497239092
0.721481202	0.04969024199522046
0.722636441	0.04786777473856506
0.723791681	0.044722116733913755
0.72494692	0.04179935982357736
0.726102159	0.03946264080007015
0.727257398	0.03831517594019054
0.728412637	0.039205868643080184
0.729567876	0.040609084534036534
0.730723116	0.04231191146781432
0.731878355	0.04424438910571644
0.733033594	0.04660689755871564
0.734188833	0.049457994696584254
0.735344072	0.05266266353542079
0.736499311	0.05669398030156917
0.73765455	0.06341321205914949
0.73880979	0.07414086419074438
0.739965029	0.0889544058428159
0.741120268	0.10648126208894768
0.742275507	0.1250620296855819
0.743430746	0.14151975417296703
0.744585985	0.15338771494307102
0.745741225	0.1605141996075376
0.746896464	0.16101201379102187
0.748051703	0.1632717910918682
0.749206942	0.1634383144066168
0.750362181	0.16385115869155947
0.75151742	0.16563841096249907
0.75267266	0.16865815048220334
0.753827899	0.16850104287160553
0.754983138	0.16527094905175596
0.756138377	0.15641248118420362
0.757293616	0.14699293833730892
0.758448855	0.14197055548201282
0.759604095	0.13416410517622637
0.760759334	0.11582818368283221
0.761914573	0.09690905486032403
0.763069812	0.08840066562382343
0.764225051	0.08304121013149193
0.76538029	0.08055018032112025
0.766535529	0.08188807702949827
0.767690769	0.08301532316527989
0.768846008	0.08267328680851983
0.770001247	0.08111586338178972
0.771156486	0.07864454257250635
0.772311725	0.07446742093380845
0.773466964	0.06950706758337068
0.774622204	0.06597845164507671
0.775777443	0.0633958556035133
0.776932682	0.057716743783694284
0.778087921	0.05459407366099537
0.77924316	0.0521247465547235
0.780398399	0.048299028922779264
0.781553639	0.045473276905337826
0.782708878	0.044297917471444175
0.783864117	0.044491810806872326
0.785019356	0.045320912139136964
0.786174595	0.04634487994923802
0.787329834	0.047115156874158924
0.788485073	0.04771068247613486
0.789640313	0.04727678935642943
0.790795552	0.04699494324284207
0.791950791	0.0453030515818155
0.79310603	0.043394331829949284
0.794261269	0.041963693372072945
0.795416508	0.04042246435725894
0.796571748	0.03945356226658793
0.797726987	0.039473574424244574
0.798882226	0.04015231577947878
0.800037465	0.04044655580658499
0.801192704	0.040709289259992905
0.802347943	0.041720139887747865
0.803503183	0.043498861900262635
0.804658422	0.0455873821121639
0.805813661	0.04766964288162613
0.8069689	0.04960941220688423
0.808124139	0.051898277985925896
0.809279378	0.05397862062059474
0.810434617	0.055555950009428506
0.811589857	0.05785240374501771
0.812745096	0.06148555055179257
0.813900335	0.06495183824718859
0.815055574	0.06836173304767099
0.816210813	0.07221502253575204
0.817366052	0.08022443230398338
0.818521292	0.08892166445709404
0.819676531	0.09799327736917555
0.82083177	0.10634987912789873
0.821987009	0.10838479994971091
0.823142248	0.104883642465689
0.824297487	0.10840311246468333
0.825452727	0.10760723224834716
0.826607966	0.10885834714111475
0.827763205	0.11264820833024833
0.828918444	0.12205076680743239
0.830073683	0.13128484143662758
0.831228922	0.13459543332547869
0.832384162	0.12761650006992503
0.833539401	0.10913714326935556
0.83469464	0.08545339338041602
0.835849879	0.06610997418668861
0.837005118	0.054163683409206
0.838160357	0.048271981148347874
0.839315596	0.045381211580950966
0.840470836	0.045968773783255826
0.841626075	0.04677982507042733
0.842781314	0.050611492498283416
0.843936553	0.05036605042351261
0.845091792	0.055330050132389126
0.846247031	0.05690649418720507
0.847402271	0.05877037950089496
0.84855751	0.06503885362285143
0.849712749	0.060158930928894135
0.850867988	0.05594886294842209
0.852023227	0.056371768305284835
0.853178466	0.05191261140228983
0.854333706	0.045201285210709784
0.855488945	0.047714298158008484
0.856644184	0.046093904924056614
0.857799423	0.04356306662403354
0.858954662	0.04041807819546494
0.860109901	0.036736559637657665
0.86126514	0.041499035810583264
0.86242038	0.04320583549382584
0.863575619	0.04422594583426768
0.864730858	0.045269144967666076
0.865886097	0.04283963734771489
0.867041336	0.04463790977843276
0.868196575	0.04931876211581609
0.869351815	0.050875933909783594
0.870507054	0.05263767207277412
0.871662293	0.05439819026764316
0.872817532	0.05586350588912508
0.873972771	0.05344135793664349
0.87512801	0.04709499100093559
0.87628325	0.053447781823942865
0.877438489	0.05573358288563391
0.878593728	0.0537687073047608
0.879748967	0.051706739868025854
0.880904206	0.05069601711919494
0.882059445	0.04922910534464979
0.883214684	0.04705868510787087
0.884369924	0.044772043690135224
0.885525163	0.04086245858126583
0.886680402	0.03906865669733475
0.887835641	0.04602050721954602
0.88899088	0.04852055541947955
0.890146119	0.04859113851385922
0.891301359	0.04897138370220473
0.892456598	0.04916614416973891
0.893611837	0.04994266537686308
0.894767076	0.0512748191632334
0.895922315	0.05260335223229786
0.897077554	0.05389389041199847
0.898232794	0.05543852799685124
0.899388033	0.05519019800978474
0.900543272	0.05521470750427575
0.901698511	0.05303822938593784
0.90285375	0.0648034161358449
0.904008989	0.07172262364843597
0.905164228	0.0716262391990078
0.906319468	0.07072735645511521
0.907474707	0.07318958435017489
0.908629946	0.0758689036614866
0.909785185	0.07764931959308935
0.910940424	0.07893710813649163
0.912095663	0.0787582769619932
0.913250903	0.07694051613949832
0.914406142	0.08023047036318644
0.915561381	0.08145140425954747
0.91671662	0.08866873677548916
0.917871859	0.09127920080468632
0.919027098	0.0949647613746917
0.920182338	0.09677199472548437
0.921337577	0.0962024478066701
0.922492816	0.09225884830062843
0.923648055	0.10057234111286784
0.924803294	0.11749947979132719
0.925958533	0.12553282358610834
0.927113773	0.13368450618535818
0.928269012	0.13902570726987173
0.929424251	0.14530169131594642
0.93057949	0.152288356970499
0.931734729	0.15644926106506502
0.932889968	0.16600173677711097
0.934045207	0.16724987869722968
0.935200447	0.1775158664259916
0.936355686	0.18489332770248548
0.937510925	0.18637528868555586
0.938666164	0.19504405291447957
0.939821403	0.20415351216192668
0.940976642	0.19463429177994482
0.942131882	0.18452838218531745
0.943287121	0.16968240603150814
0.94444236	0.1646757827594864
0.945597599	0.17238065720894105
0.946752838	0.17719994156745572
0.947908077	0.17520603037750584
0.949063317	0.1748225169633782
0.950218556	0.16333531305773782
0.951373795	0.16928817157390902
0.952529034	0.15917988159544905
0.953684273	0.17180230613019912
0.954839512	0.17331904651481064
0.955994751	0.1874390397963518
0.957149991	0.2003803355624297
0.95830523	0.20491821388940887
0.959460469	0.2024167129620755
0.960615708	0.21350945527742285
0.961770947	0.21774105297009505
0.962926186	0.21912040825476886
0.964081426	0.21415453153409617
0.965236665	0.21217215519778707
0.966391904	0.20876148272305176
0.967547143	0.21524663151191287
0.968702382	0.21727868124729446
0.969857621	0.21525267626890962
0.971012861	0.
0.9721681	0.
0.973323339	0.
0.974478578	0.
0.975633817	0.
0.976789056	0.
0.977944295	0.
0.979099535	0.
0.980254774	0.
0.981410013	0.
0.982565252	0.
0.983720491	0.
0.98487573	0.
0.98603097	0.
0.987186209	0.
0.988341448	0.
0.989496687	0.
0.990651926	0.
0.991807165	0.
0.992962405	0.
0.994117644	0.
0.995272883	0.
0.996428122	0.
0.997583361	0.018024881146261714
0.9987386	0.017690235403369135
0.999893839	0.01733811390554245
1.001049079	0.016284541798947175
1.002204318	0.015281540302693237
1.003359557	0.014286553074773986
1.004514796	0.013419934231040594
1.005670035	0.013365863742920498
1.006825274	0.014136952219166997
1.007980514	0.014195616519463064
1.009135753	0.014750854569614127
1.010290992	0.015339125822672262
1.011446231	0.015752921871286213
1.01260147	0.01611272483546553
1.013756709	0.01675605790618154
1.014911949	0.01718476356839115
1.016067188	0.0175606700943731
1.017222427	0.01776008541552263
1.018377666	0.017714739185997756
1.019532905	0.017786440488816137
1.020688144	0.018147717705383433
1.021843384	0.018251820334128723
1.022998623	0.018434259075954397
1.024153862	0.018659822859221166
1.025309101	0.018948300865889972
1.02646434	0.019160504282039834
1.027619579	0.019279772192449727
1.028774818	0.019611095016532874
1.029930058	0.020148820946524267
1.031085297	0.02050634631602802
1.032240536	0.020936430364848917
1.033395775	0.021858618544079996
1.034551014	0.02266308282610518
1.035706253	0.02306902161663334
1.036861493	0.02395806797414177
1.038016732	0.025264073889428865
1.039171971	0.026299026328246256
1.04032721	0.027302850829994178
1.041482449	0.028589417124913457
1.042637688	0.029926543790936795
1.043792928	0.031160497278312098
1.044948167	0.03257705954039308
1.046103406	0.034078875182427124
1.047258645	0.035095602425550335
1.048413884	0.03587481301128451
1.049569123	0.03672148895177792
1.050724362	0.03777582818741281
1.051879602	0.038857717321973254
1.053034841	0.04025010774239552
1.05419008	0.041748272261730654
1.055345319	0.04289209705133922
1.056500558	0.04435514637827582
1.057655797	0.0466052616384367
1.058811037	0.04838409520507937
1.059966276	0.04944602776453796
1.061121515	0.050444447264475084
1.062276754	0.052420737184113886
1.063431993	0.05501031506472774
1.064587232	0.05707725851754517
1.065742472	0.05902891496120399
1.066897711	0.060836946831089596
1.06805295	0.06250934226013033
1.069208189	0.0642702037035004
1.070363428	0.06553261917848616
1.071518667	0.0653543873375079
1.072673906	0.06498525481039023
1.073829146	0.06500266935588885
1.074984385	0.0643878937728689
1.076139624	0.06320820396290154
1.077294863	0.06218782579837881
1.078450102	0.0607372891518016
1.079605341	0.05830692919182223
1.080760581	0.05673113387829957
1.08191582	0.05607336330572712
1.083071059	0.05389589014136079
1.084226298	0.05055060636472616
1.085381537	0.0470014064902418
1.086536776	0.04412738079467986
1.087692016	0.04233579960502431
1.088847255	0.03921693224735029
1.090002494	0.034878940386839676
1.091157733	0.03125363030119382
1.092312972	0.02840784336667299
1.093468211	0.026510319810367607
1.094623451	0.02449931423985594
1.09577869	0.022036303077170846
1.096933929	0.020247540121484532
1.098089168	0.019091744004437385
1.099244407	0.01800115813265734
1.100399646	0.01721705346000945
1.101554885	0.0170232453946892
1.102710125	0.016847936459895217
1.103865364	0.01645047514996154
1.105020603	0.01611380010537067
1.106175842	0.015845650055823536
1.107331081	0.015563696492718647
1.10848632	0.015219909984045875
1.10964156	0.01478278482459493
1.110796799	0.014362428385002768
1.111952038	0.013963214905027594
1.113107277	0.013464948118982797
1.114262516	0.01288791353112892
1.115417755	0.012299536326363344
1.116572995	0.011717917384158283
1.117728234	0.011192525246039888
1.118883473	0.01077371089314736
1.120038712	0.01040862409575631
1.121193951	0.00987929349793173
1.12234919	0.0092796476609701
1.123504429	0.00882332019697951
1.124659669	0.008494011723858807
1.125814908	0.00828289500870832
1.126970147	0.008025234711437998
1.128125386	0.007749277117946619
1.129280625	0.007649153349893468
1.130435864	0.007619096120837899
1.131591104	0.007544160194466708
1.132746343	0.007524957609318122
1.133901582	0.007576833383591322
1.135056821	0.0075972936468896276
1.13621206	0.007616472343361432
1.137367299	0.007755117762229164
1.138522539	0.007918717623246415
1.139677778	0.008042352043317335
1.140833017	0.008123275249102477
1.141988256	0.008134000149590547
1.143143495	0.008095989566825395
1.144298734	0.007937701929689116
1.145453973	0.007589224833371965
1.146609213	0.007162647937702379
1.147764452	0.006719590614530395
1.148919691	0.0062147802090924366
1.15007493	0.005687152616146023
1.151230169	0.005200085341895136
1.152385408	0.004766015892416406
1.153540648	0.004386859985955431
1.154695887	0.004098168952973065
1.155851126	0.0039044712068813515
1.157006365	0.00376493145418777
1.158161604	0.0036787176784431994
1.159316843	0.0037033394314648638
1.160472083	0.0038217538375728707
1.161627322	0.0040147958449888
1.162782561	0.004270979835839402
1.1639378	0.004570454581255253
1.165093039	0.004949669720710097
1.166248278	0.005398860007081572
1.167403517	0.005870640107893354
1.168558757	0.006371925417055235
1.169713996	0.006915000302378794
1.170869235	0.007350010755089251
1.172024474	0.0076284235635613
1.173179713	0.0078391640203234
1.174334952	0.00799180971410853
1.175490192	0.008103403859915925
1.176645431	0.008065255702792446
1.17780067	0.00784784412393095
1.178955909	0.007468080321204401
1.180111148	0.007032707551272396
1.181266387	0.006721307454635181
1.182421627	0.006518650942785455
1.183576866	0.006429416196383357
1.184732105	0.006305841321265872
1.185887344	0.006124184001337434
1.187042583	0.006191474095096047
1.188197822	0.006454151804118926
1.189353062	0.006634405339421305
1.190508301	0.006825496306308516
1.19166354	0.0071070206959305705
1.192818779	0.0074354892048941615
1.193974018	0.007816303112555044
1.195129257	0.008188911440975647
1.196284496	0.008537569680416739
1.197439736	0.00891737755921032
1.198594975	0.00897724161095393
1.199750214	0.008693867893987234
1.200905453	0.008433440622650135
1.202060692	0.008428932119895146
1.203215931	0.008964360390379346
1.204371171	0.009711652734735215
1.20552641	0.010151224371224527
1.206681649	0.010735213653889342
1.207836888	0.011663825258951951
1.208992127	0.01232534677011448
1.210147366	0.012636698735850787
1.211302606	0.012928713297601799
1.212457845	0.013175164317359005
1.213613084	0.013376205898125616
1.214768323	0.013507276583050305
1.215923562	0.013566019417027486
1.217078801	0.013593035069374686
1.21823404	0.01358770185799765
1.21938928	0.013529814351554087
1.220544519	0.013440924814948641
1.221699758	0.0133167345758165
1.222854997	0.013169570525551217
1.224010236	0.012996556731609444
1.225165475	0.012751037826444949
1.226320715	0.012481128144851835
1.227475954	0.012293136200595732
1.228631193	0.01203513624824906
1.229786432	0.011637768376849263
1.230941671	0.011319707770912724
1.23209691	0.011117054972611028
1.23325215	0.010955685081805795
1.234407389	0.010888483992991306
1.235562628	0.010922185465201451
1.236717867	0.011029831902224401
1.237873106	0.011201911930635109
1.239028345	0.011496725707416682
1.240183584	0.011899316758860988
1.241338824	0.012295310977765561
1.242494063	0.012724971307457165
1.243649302	0.013232181630552052
1.244804541	0.013766793564767375
1.24595978	0.01431882924799812
1.247115019	0.014949936084043077
1.248270259	0.015654718433146753
1.249425498	0.016369059557063356
1.250580737	0.017166083342001162
1.251735976	0.018113662462522107
1.252891215	0.018959988402498046
1.254046454	0.01961000540640839
1.255201694	0.02024022138009215
1.256356933	0.020745104398954273
1.257512172	0.021049581793933094
1.258667411	0.021216928171920918
1.25982265	0.021290233126911584
1.260977889	0.021430596396078187
1.262133129	0.021649746934808586
1.263288368	0.02186578965950281
1.264443607	0.02212214915560688
1.265598846	0.022456323048495763
1.266754085	0.02299190611213351
1.267909324	0.023742603988695946
1.269064563	0.024323049084972577
1.270219803	0.024798683538024377
1.271375042	0.02554413683098453
1.272530281	0.02643615570138678
1.27368552	0.027392893881830745
1.274840759	0.028273109947266045
1.275995998	0.028996330901831947
1.277151238	0.029745811241538467
1.278306477	0.03051851928993533
1.279461716	0.031121274033864835
1.280616955	0.03238565883734983
1.281772194	0.034919795222227545
1.282927433	0.035095047631960814
1.284082673	0.03276015043083975
1.285237912	0.03150651954701031
1.286393151	0.030866737894304955
1.28754839	0.030150573778964483
1.288703629	0.02957056209423124
1.289858868	0.02908843180749367
1.291014107	0.028404126817975238
1.292169347	0.027591272851427515
1.293324586	0.02695471601411104
1.294479825	0.026258442317383127
1.295635064	0.025273869233249206
1.296790303	0.02423861759529951
1.297945542	0.023229650188186266
1.299100782	0.021990287992583252
1.300256021	0.0206481744632974
1.30141126	0.019490522356913564
1.302566499	0.01837966275661943
1.303721738	0.017249695301904393
1.304876977	0.016113563597975396
1.306032217	0.015069688389157152
1.307187456	0.01424992885250937
1.308342695	0.013610973385797424
1.309497934	0.013060168983098827
1.310653173	0.012671641160334047
1.311808412	0.012453095450813268
1.312963651	0.012079524830578552
1.314118891	0.011584959338352088
1.31527413	0.011357536229260242
1.316429369	0.011166644425295212
1.317584608	0.01066722678432163
1.318739847	0.010183767305973656
1.319895086	0.009827397935376868
1.321050326	0.009529768737188147
1.322205565	0.0092605909891866
1.323360804	0.00895829864991801
1.324516043	0.008676078795726894
1.325671282	0.008472468494931497
1.326826521	0.008293870581355589
1.327981761	0.008148330937037233
1.329137	0.008116056710089956
1.330292239	0.00814619617585203
1.331447478	0.00813591003486073
1.332602717	0.008092577134359857
1.333757956	0.008014659743874988
1.334913195	0.007990828730708397
1.336068435	0.008023316971666944
1.337223674	0.008014876114620905
1.338378913	0.007979135538700721
1.339534152	0.00796292578539042
1.340689391	0.007893894195423233
1.34184463	0.007746659267892109
1.34299987	0.007606931228544677
1.344155109	0.007490736818092438
1.345310348	0.0073922816220945865
1.346465587	0.007282342608362885
1.347620826	0.007121388714899145
1.348776065	0.0069835642922533026
1.349931305	0.0068840355624531805
1.351086544	0.0067291361832797995
1.352241783	0.006535399279920591
1.353397022	0.006382992479998041
1.354552261	0.00628403348606231
1.3557075	0.006247672782348949
1.35686274	0.006130489185307536
1.358017979	0.0059063440519008005
1.359173218	0.0055124561355918925
1.360328457	0.0038603947059369014
1.361483696	-0.0000555678475572975
1.362638935	-0.004093826791429925
1.363794174	-0.004709420409301078
1.364949414	-0.0026873814319393575
1.366104653	0.0017898353076056309
1.367259892	0.010112885455488118
1.368415131	0.03771279052074878
1.36957037	-0.1748216059203886
1.370725609	-0.05317224470983134
1.371880849	-0.07743929473872371
1.373036088	0.02756804988587603
1.374191327	0.008187912777511512
1.375346566	0.004364770629990027
1.376501805	0.0029076163769526492
1.377657044	0.002494385968429963
1.378812284	0.0024076430640759578
1.379967523	0.0023675806898572306
1.381122762	0.0021898339876470045
1.382278001	0.0012119937988687088
1.38343324	0.000043026379079751324
1.384588479	-0.00040172958196036095
1.385743718	0.0007743043836913148
1.386898958	0.0036016319259103763
1.388054197	0.005708091382360074
1.389209436	0.007040921620866343
1.390364675	0.007803329977727393
1.391519914	0.008038562817841682
1.392675153	0.00792117179565098
1.393830393	0.00746941613627733
1.394985632	0.006646164915764005
1.396140871	0.005601054439367749
1.39729611	0.004607329071658295
1.398451349	0.003823858608343571
1.399606588	0.0033395404897877687
1.400761828	0.003077507223647646
1.401917067	0.0029525216641945917
1.403072306	0.0029762475720168705
1.404227545	0.0031380103479680148
1.405382784	0.0034126540238978258
1.406538023	0.0037654222436059506
1.407693262	0.0041363748368355505
1.408848502	0.004391241166727865
1.410003741	0.004574061447581739
1.41115898	0.004815794700113444
1.412314219	0.005113026068861896
1.413469458	0.005409819022652162
1.414624697	0.005708539430089432
1.415779937	0.00601296024661525
1.416935176	0.006336495204054559
1.418090415	0.0067042972226659505
1.419245654	0.007078752633775439
1.420400893	0.007433459267926433
1.421556132	0.007774472501399879
1.422711372	0.007931103215546484
1.423866611	0.007897402620899378
1.42502185	0.007907234939682877
1.426177089	0.0079893743799868
1.427332328	0.008035786696482503
1.428487567	0.008048128971323511
1.429642807	0.00804650423259596
1.430798046	0.008037971668809391
1.431953285	0.008037040361934682
1.433108524	0.008068553580567352
1.434263763	0.008124970733289109
1.435419002	0.00818149710255382
1.436574241	0.008259921525441844
1.437729481	0.00836651155730281
1.43888472	0.008599421061760933
1.440039959	0.00889293922539734
1.441195198	0.008875964956128593
1.442350437	0.008700719233181192
1.443505676	0.008691292769010856
1.444660916	0.008669996797718401
1.445816155	0.008515223610142616
1.446971394	0.008409360121848486
1.448126633	0.00840028740043077
1.449281872	0.008371002313008405
1.450437111	0.008336859625360037
1.451592351	0.00843253150370456
1.45274759	0.00852136351154696
1.453902829	0.00858108418032996
1.455058068	0.008682739677399949
1.456213307	0.008839949929080436
1.457368546	0.008897573553280398
1.458523785	0.008879742691004097
1.459679025	0.008915737099699412
1.460834264	0.009019867406800622
1.461989503	0.009177093293584458
1.463144742	0.009285739052495124
1.464299981	0.00935834755012698
1.46545522	0.00946828196272756
1.46661046	0.009542216509983813
1.467765699	0.009540342683154896
1.468920938	0.009554729532270953
1.470076177	0.009606787561189664
1.471231416	0.0096004386997111
1.472386655	0.00966616876268148
1.473541895	0.009424391283542617
1.474697134	0.009175898566042303
1.475852373	0.009067893199475034
1.477007612	0.009048589082777484
1.478162851	0.00931546253945927
1.47931809	0.008996968465925468
1.480473329	0.009152419695697814
1.481628569	0.009314382273444097
1.482783808	0.00969469210705164
1.483939047	0.009847700593707303
1.485094286	0.010070520883827424
1.486249525	0.010199012220329465
1.487404764	0.011127922196303215
1.488560004	0.011839211680674668
1.489715243	0.011302554655953324
1.490870482	0.011014831087414996
1.492025721	0.011395270031410122
1.49318096	0.011570790463560176
1.494336199	0.011671874008955387
1.495491439	0.012008028819291406
1.496646678	0.012353683600046279
1.497801917	0.012208929707104143
1.498957156	0.011902714925798741
1.500112395	0.01176007295427031
1.501267634	0.011764576902323054
1.502422873	0.011692692876755189
1.503578113	0.011556133711453382
1.504733352	0.011629786193344996
1.505888591	0.011732504852596073
1.50704383	0.0116262581296812
1.508199069	0.011472360637033822
1.509354308	0.011495699136799079
1.510509548	0.011498142550431478
1.511664787	0.01179851449566232
1.512820026	0.012101013113370333
1.513975265	0.012385736878175528
1.515130504	0.012600407369517225
1.516285743	0.012732475491119725
1.517440983	0.012981207581935095
1.518596222	0.01323966877165409
1.519751461	0.013531727220378709
1.5209067	0.01387592118897312
1.522061939	0.014375596378888935
1.523217178	0.014680528252167408
1.524372418	0.014786378840952661
1.525527657	0.014696597700583226
1.526682896	0.014734013535914652
1.527838135	0.01502420650908796
1.528993374	0.015670084315820468
1.530148613	0.01650107914491374
1.531303852	0.016789889615210832
1.532459092	0.0169279957539045
1.533614331	0.017591430906027664
1.53476957	0.018019505503352354
1.535924809	0.01806034078303764
1.537080048	0.01823769360799577
1.538235287	0.01853234015596467
1.539390527	0.018797512883658024
1.540545766	0.01871473066131937
1.541701005	0.01838754321378495
1.542856244	0.01809482284895846
1.544011483	0.017957872193882292
1.545166722	0.01800443534026351
1.546321962	0.01818909620348937
1.547477201	0.018730739394589167
1.54863244	0.019309275416747654
1.549787679	0.01962598731745647
1.550942918	0.01971806009441594
1.552098157	0.01967004933230714
1.553253396	0.01979395595312264
1.554408636	0.019912619921404983
1.555563875	0.019569562746776906
1.556719114	0.019373311053397166
1.557874353	0.019355713092635642
1.559029592	0.019324736440181338
1.560184831	0.019202570882006734
1.561340071	0.01870661387132837
1.56249531	0.018019031162164835
1.563650549	0.017593343439199584
1.564805788	0.01715629835844176
1.565961027	0.016935194346737167
1.567116266	0.016901527991766092
1.568271506	0.016965276919208294
1.569426745	0.017098553739622886
1.570581984	0.017581218014719676
1.571737223	0.01859937482662847
1.572892462	0.0200035735994855
1.574047701	0.021493017391678217
1.57520294	0.022715467086923468
1.57635818	0.023911255418600594
1.577513419	0.024640002074558916
1.578668658	0.024924862653809183
1.579823897	0.02423234268082537
1.580979136	0.02423150538743706
1.582134375	0.024954090270043156
1.583289615	0.02483770107804602
1.584444854	0.024349813981245586
1.585600093	0.02387331209873881
1.586755332	0.023703597926997323
1.587910571	0.024128819790380118
1.58906581	0.024954374309350706
1.59022105	0.025664424128558783
1.591376289	0.02496621507637681
1.592531528	0.023733308656181604
1.593686767	0.02308497988368918
1.594842006	0.02304719685705488
1.595997245	0.023310690869268447
1.597152485	0.022658428899585414
1.598307724	0.02159178822738852
1.599462963	0.021348049895823087
1.600618202	0.02135722615015431
1.601773441	0.020814623194656417
1.60292868	0.020351212197746014
1.604083919	0.019918955276961775
1.605239159	0.019473527770187137
1.606394398	0.01896026340797305
1.607549637	0.018063025029266096
1.608704876	0.01728897625405977
1.609860115	0.016936570257493722
1.611015354	0.01651433392578307
1.612170594	0.016031003940651937
1.613325833	0.015517229095005717
1.614481072	0.015026936033741013
1.615636311	0.014882245067420405
1.61679155	0.014253452668542234
1.617946789	0.013107139164903732
1.619102029	0.012442388136805569
1.620257268	0.012060100380362138
1.621412507	0.011548126332116907
1.622567746	0.010979861013164964
1.623722985	0.010594577444154409
1.624878224	0.010343786044203149
1.626033463	0.01018869934861773
1.627188703	0.009920736751742624
1.628343942	0.009660060599811697
1.629499181	0.009476509173208582
1.63065442	0.009299702107545155
1.631809659	0.009000723295496452
1.632964898	0.008692617960259658
1.634120138	0.00846957326546239
1.635275377	0.008234445926285678
1.636430616	0.008055601958992716
1.637585855	0.007942089175701801
1.638741094	0.007799694314924163
1.639896333	0.007623654601506227
1.641051573	0.007521042253095387
1.642206812	0.007627654988333157
1.643362051	0.007768415507934106
1.64451729	0.007683063668795172
1.645672529	0.0073190802394874615
1.646827768	0.006835434965234695
1.647983007	0.006370129634238497
1.649138247	0.005992728419207539
1.650293486	0.005670364588643702
1.651448725	0.005427538255464773
1.652603964	0.005258061533888734
1.653759203	0.005169202256286068
1.654914442	0.00514571978301855
1.656069682	0.0051327320063112615
1.657224921	0.0051470086663153135
1.65838016	0.005211507328381217
1.659535399	0.005302838672854235
1.660690638	0.005382279264502838
1.661845877	0.005374369297041382
1.663001117	0.005361342188506722
1.664156356	0.005322614214644842
1.665311595	0.005278260671523153
1.666466834	0.005255512117162395
1.667622073	0.005217613645720237
1.668777312	0.005120745974743271
1.669932551	0.005024227668166021
1.671087791	0.005103916321772596
1.67224303	0.0053525143038021285
1.673398269	0.005556144648990162
1.674553508	0.005840355510167187
1.675708747	0.006335782139432421
1.676863986	0.006765825746858059
1.678019226	0.006973807005223388
1.679174465	0.007270958283758385
1.680329704	0.007694641005217961
1.681484943	0.008193760746275397
1.682640182	0.008601743170937625
1.683795421	0.008670090690249684
1.684950661	0.0086307816122027
1.6861059	0.008586039632701232
1.687261139	0.0083712904313174
1.688416378	0.00798702725597515
1.689571617	0.007632472748912806
1.690726856	0.007284202512586402
1.691882096	0.006930829654361992
1.693037335	0.006715206194432852
1.694192574	0.006587870465774305
1.695347813	0.006507375878009815
1.696503052	0.006486707094130835
1.697658291	0.0064454755187351095
1.69881353	0.00642750639526472
1.69996877	0.0063864445675542525
1.701124009	0.006201189895417489
1.702279248	0.005916907029637509
1.703434487	0.005559732563137349
1.704589726	0.005108546303188301
1.705744965	0.004609166723233475
1.706900205	0.004101557069904906
1.708055444	0.003631404791285781
1.709210683	0.0031645557817632326
1.710365922	0.002809955076560292
1.711521161	0.0027480655932294144
1.7126764	0.0029808752348338347
1.71383164	0.0035701422398468348
1.714986879	0.004431620068297929
1.716142118	0.005308561958627414
1.717297357	0.005944978105922272
1.718452596	0.005973917815654505
1.719607835	0.00560957347144158
1.720763074	0.005027732016274542
1.721918314	0.004329922560143293
1.723073553	0.003982561348964872
1.724228792	0.003891674141432327
1.725384031	0.0038978783361417893
1.72653927	0.004006546116758174
1.727694509	0.004268824325641582
1.728849749	0.004637759487609821
1.730004988	0.005040215462404855
1.731160227	0.00550761069560119
1.732315466	0.0060447196165857855
1.733470705	0.006619856905674713
1.734625944	0.007226307785767356
1.735781184	0.00773087996960523
1.736936423	0.00806727255468069
1.738091662	0.008428449909896968
1.739246901	0.008708173955833693
1.74040214	0.008867200773316259
1.741557379	0.008916910347471154
1.742712618	0.008884240338828025
1.743867858	0.008665268534628264
1.745023097	0.00851377771896146
1.746178336	0.008472690773674707
1.747333575	0.008343395553093155
1.748488814	0.008160336981547103
1.749644053	0.007980134744521965
1.750799293	0.007823464216697967
1.751954532	0.007707725364319988
1.753109771	0.007630072216776425
1.75426501	0.007538732898888311
1.755420249	0.007487313619324137
1.756575488	0.0074777419779230875
1.757730728	0.007421765488393002
1.758885967	0.007313674156700061
1.760041206	0.007198621627031988
1.761196445	0.0071405936660521
1.762351684	0.007103510244397124
1.763506923	0.006927366823876842
1.764662163	0.0067150083993886755
1.765817402	0.006544376728972141
1.766972641	0.0064040969861892845
1.76812788	0.00628556207680041
1.769283119	0.006137038234580433
1.770438358	0.00593771673399041
1.771593597	0.005662774189125216
1.772748837	0.005331866732156801
1.773904076	0.00502820529756045
1.775059315	0.004801247950996624
1.776214554	0.004680524449887587
1.777369793	0.004661127802429293
1.778525032	0.0046722649436041295
1.779680272	0.004695991677903836
1.780835511	0.004698198967201768
1.78199075	0.00462702512885794
1.783145989	0.004532121653011568
1.784301228	0.004436630119105735
1.785456467	0.004409920580729764
1.786611707	0.004458076453861073
1.787766946	0.004527694508391366
1.788922185	0.0046639473269466675
1.790077424	0.004862441034374937
1.791232663	0.005078996523980338
1.792387902	0.0053198334253094035
1.793543141	0.0056060565019080116
1.794698381	0.005944221435748605
1.79585362	0.00629307851261053
1.797008859	0.006637762081554846
1.798164098	0.006968751499139888
1.799319337	0.007246811862281641
1.800474576	0.007543188377799527
1.801629816	0.007966391185159754
1.802785055	0.008445634876335728
1.803940294	0.008951328629422902
1.805095533	0.009615675556141954
1.806250772	0.01045600151942998
1.807406011	0.011380244500235025
1.808561251	0.012408483058743218
1.80971649	0.013596216676807726
1.810871729	0.015005058215733006
1.812026968	0.016723207029791857
1.813182207	0.01876553873984448
1.814337446	0.021047818022275653
1.815492685	0.02351983465364325
1.816647925	0.026199498405059793
1.817803164	0.029305354590557723
1.818958403	0.031060005358850607
1.820113642	0.03095582128369714
1.821268881	0.031606352380771426
1.82242412	0.032850437501962086
1.82357936	0.0334134694245389
1.824734599	0.034150758861120276
1.825889838	0.03583890148633589
1.827045077	0.03820131054674966
1.828200316	0.04072687755785863
1.829355555	0.042633201931734206
1.830510795	0.0435182108668665
1.831666034	0.04399451303680688
1.832821273	0.
1.833976512	0.
1.835131751	0.
1.83628699	0.
1.837442229	0.
1.838597469	0.
1.839752708	0.
1.840907947	0.
1.842063186	0.
1.843218425	0.
1.844373664	0.
1.845528904	0.
1.846684143	0.
1.847839382	0.
1.848994621	0.
1.85014986	0.
1.851305099	0.
1.852460339	0.
1.853615578	0.
1.854770817	0.
1.855926056	0.
1.857081295	0.
1.858236534	0.
1.859391774	0.
1.860547013	0.
1.861702252	0.
1.862857491	0.
1.86401273	0.
1.865167969	0.
1.866323208	0.
1.867478448	0.
1.868633687	0.
1.869788926	0.
1.870944165	0.
1.872099404	0.068974399014427
1.873254643	0.06675286648067615
1.874409883	0.05793686519001039
1.875565122	0.03927474732678382
1.876720361	0.01513137627589097
1.8778756	0.00725370391597623
1.879030839	0.008881321140657995
1.880186078	0.012849420547239317
1.881341318	0.01822259239682608
1.882496557	0.021831135826429395
1.883651796	0.022997603454359777
1.884807035	0.024210935456364567
1.885962274	0.029952735341471387
1.887117513	0.056670901946925874
1.888272752	-0.0037592518047066216
1.889427992	0.033869918830479684
1.890583231	0.0557435390454304
1.89173847	0.0758465431098712
1.892893709	0.043142853745689526
1.894048948	0.030006072317221123
1.895204187	0.01845968444426728
1.896359427	0.011545063425134977
1.897514666	0.008336648961501391
1.898669905	0.008033481503431285
1.899825144	0.012877690337705267
1.900980383	0.017522935060886643
1.902135622	0.019261823975022064
1.903290862	0.01981854200498264
1.904446101	0.020666835740939377
1.90560134	0.022371823802094147
1.906756579	0.024554557755480103
1.907911818	0.024648812793758117
1.909067057	0.01900794095710626
1.910222296	0.011037831847177297
1.911377536	0.0060921547365776225
1.912532775	0.010313568615342987
1.913688014	0.0319940582457642
1.914843253	0.07338062136200436
1.915998492	0.08325197495566464
1.917153731	0.05605033254248304
1.918308971	0.03143050791796739
1.91946421	0.01844111929123774
1.920619449	0.013232253542745652
1.921774688	0.011464375054103419
1.922929927	0.011575873461071352
1.924085166	0.012761142077163107
1.925240406	0.014413200854594578
1.926395645	0.01678812161682849
1.927550884	0.02060026405875692
1.928706123	0.024006739645956243
1.929861362	0.023471661440665547
1.931016601	0.02100853331891537
1.932171841	0.017693271864052208
1.93332708	0.013835577202154633
1.934482319	0.009999403290260844
1.935637558	0.006555963935250668
1.936792797	0.004392107761003581
1.937948036	0.00613950753191256
1.939103275	0.009770561947726115
1.940258515	0.01238777067225272
1.941413754	0.012957106242251668
1.942568993	0.012348505921082765
1.943724232	0.010689136168457156
1.944879471	0.005424680023310038
1.94603471	-0.0026472774118474454
1.94718995	0.0003557629881343384
1.948345189	0.004804259546631032
1.949500428	0.007008542091684604
1.950655667	0.008111329978201276
1.951810906	0.00869550536849673
1.952966145	0.00853523360184362
1.954121385	0.008109783729364248
1.955276624	0.008845758551836561
1.956431863	0.010702809030373446
1.957587102	0.011918011836945932
1.958742341	0.011577107198793589
1.95989758	0.010595771865628547
1.961052819	0.009577642137925458
1.962208059	0.008645827448903402
1.963363298	0.007738112887684243
1.964518537	0.00667336416480718
1.965673776	0.005799026197776509
1.966829015	0.005832040888540744
1.967984254	0.0064547564664836085
1.969139494	0.006949074675555475
1.970294733	0.00710396705313698
1.971449972	0.0072141853229014735
1.972605211	0.007406122130316396
1.97376045	0.007555803441126367
1.974915689	0.007658109882097823
1.976070929	0.007726800711597809
1.977226168	0.007800868033882464
1.978381407	0.0077748044202134905
1.979536646	0.007445253243858857
1.980691885	0.00706510800976727
1.981847124	0.006878847711364096
1.983002363	0.0068523949828242
1.984157603	0.006961548494695036
1.985312842	0.007245251045396616
1.986468081	0.00743143266845604
1.98762332	0.007042561586915755
1.988778559	0.00641773504161424
1.989933798	0.005912502525019847
1.991089038	0.005653959400699866
1.992244277	0.0056267645407295005
1.993399516	0.0058804346959104225
1.994554755	0.006076094906579243
1.995709994	0.005622418643687065
1.996865233	0.003927942326209618
1.998020473	0.0008484500761689022
1.999175712	-0.0023721018604187594
2.000330951	-0.0029698350981181908
2.00148619	0.00025883245460130014
2.002641429	0.005204555225212063
2.003796668	0.008884749255879584
2.004951907	0.009876997716157791
2.006107147	0.009137167685832465
2.007262386	0.007886994126576959
2.008417625	0.007009292447768692
2.009572864	0.006384088987893785
2.010728103	0.005733617936540298
2.011883342	0.005041236740245352
2.013038582	0.004753583656745324
2.014193821	0.005348500669094214
2.01534906	0.006183579150498998
2.016504299	0.006745019540949968
2.017659538	0.0067895663083804205
2.018814777	0.006190293836281749
2.019970017	0.004643712116965286
2.021125256	0.002891731187004794
2.022280495	0.0025914057881318868
2.023435734	0.003671296814484627
2.024590973	0.004717716189185713
2.025746212	0.005436213142240427
2.026901452	0.005871589041076762
2.028056691	0.006035705624073612
2.02921193	0.006023807111021954
2.030367169	0.005929757244886849
2.031522408	0.005729458200485326
2.032677647	0.00545428117021055
2.033832886	0.005079622350235961
2.034988126	0.004467600131870589
2.036143365	0.004000028339224806
2.037298604	0.004248538784574996
2.038453843	0.00492193644959784
2.039609082	0.005487953756202897
2.040764321	0.005842180339973092
2.041919561	0.005901996265814802
2.0430748	0.005255099089066086
2.044230039	0.0042357808805092954
2.045385278	0.0035246305976279558
2.046540517	0.0035834535998710356
2.047695756	0.003979301272238415
2.048850996	0.004265337705457527
2.050006235	0.004336440317196149
2.051161474	0.0042015255222989135
2.052316713	0.0038564832597041
2.053471952	0.0036568080931999635
2.054627191	0.004231073329600563
2.05578243	0.005201560411183808
2.05693767	0.0058450521631445975
2.058092909	0.005881188917474295
2.059248148	0.005663865733124534
2.060403387	0.0053544626123321224
2.061558626	0.004936489971993614
2.062713865	0.004630760588350497
2.063869105	0.004644278970204195
2.065024344	0.0046107646481398975
2.066179583	0.0043023764283303
2.067334822	0.003976697896843717
2.068490061	0.003829353590647224
2.0696453	0.003958313156674762
2.07080054	0.004197666398475103
2.071955779	0.0043854396477083415
2.073111018	0.0044873394874030016
2.074266257	0.0044772622646156975
2.075421496	0.004331158299946675
2.076576735	0.004079158376465274
2.077731974	0.0037360547432728763
2.078887214	0.0034064623190667993
2.080042453	0.003199255814414147
2.081197692	0.0031290192230188354
2.082352931	0.003063151178365536
2.08350817	0.0029324821389283104
2.084663409	0.0025894531391384814
2.085818649	0.0019481526082621317
2.086973888	0.0010346254152742455
2.088129127	0.0003497030504277645
2.089284366	0.0005243083101587867
2.090439605	0.001494302282416668
2.091594844	0.0025281991022131347
2.092750084	0.003209359616302549
2.093905323	0.0034329981812254878
2.095060562	0.003193368393120625
2.096215801	0.002551337647359618
2.09737104	0.0018292725842723669
2.098526279	0.001432064054559311
2.099681518	0.001415872661044347
2.100836758	0.0017181684053055864
2.101991997	0.0022004119046085896
2.103147236	0.0026106708129425013
2.104302475	0.0027329111609348832
2.105457714	0.002493462837430466
2.106612953	0.001835441211536041
2.107768193	0.0007738634421845791
2.108923432	-0.00031223056318784785
2.110078671	-0.0009147218917110849
2.11123391	-0.0008423615888058824
2.112389149	-0.000161201588841159
2.113544388	0.0009006133130949913
2.114699628	0.0019338929022687237
2.115854867	0.00260796824568754
2.117010106	0.002886040846148158
2.118165345	0.0028604938073376824
2.119320584	0.0026977564144701157
2.120475823	0.0025049913735229203
2.121631063	0.002380806959947872
2.122786302	0.0023998779437161746
2.123941541	0.002575521264975788
2.12509678	0.002844495961394724
2.126252019	0.0030354505645607903
2.127407258	0.002991156602724034
2.128562497	0.00274626702257517
2.129717737	0.0024701650437528784
2.130872976	0.0022808698272176243
2.132028215	0.002225302772559651
2.133183454	0.0023836396834048834
2.134338693	0.0027164733047636558
2.135493932	0.0031023621998221536
2.136649172	0.0033796223970120626
2.137804411	0.0034792835568873497
2.13895965	0.003485522121452524
2.140114889	0.003451198655512662
2.141270128	0.0033676769530692056
2.142425367	0.0032771128155578808
2.143580607	0.0031562584225079543
2.144735846	0.002944519053507165
2.145891085	0.0026686708388448713
2.147046324	0.002470808988452052
2.148201563	0.0024985685738570552
2.149356802	0.0027519149990099514
2.150512041	0.0031779512627321672
2.151667281	0.0036378069975317403
2.15282252	0.003907078957705998
2.153977759	0.00378940747808101
2.155132998	0.003421757309513587
2.156288237	0.003000216371495486
2.157443476	0.0026629694509368706
2.158598716	0.002410775235332995
2.159753955	0.0022553560375335943
2.160909194	0.0022037060977886775
2.162064433	0.0022675166073920245
2.163219672	0.0024234646908538296
2.164374911	0.002595341456566174
2.165530151	0.0027679861844257057
2.16668539	0.0028324755681461617
2.167840629	0.002653634229702605
2.168995868	0.0025627822354868214
2.170151107	0.002533020736427315
2.171306346	0.0024413597292580248
2.172461585	0.002215634253228752
2.173616825	0.0017657814906191797
2.174772064	0.001075593099257922
2.175927303	0.0005442779553962211
2.177082542	0.0006754651603269533
2.178237781	0.0013917807811833864
2.17939302	0.002287780454289135
2.18054826	0.0030868947738377085
2.181703499	0.0036260816745039906
2.182858738	0.003501010240586724
2.184013977	0.00285716499246182
2.185169216	0.0023184445850156325
2.186324455	0.002414983231693593
2.187479695	0.0026215352991594736
2.188634934	0.00211814063439226
2.189790173	0.0009648934969838879
2.190945412	0.00006410471251958715
2.192100651	-0.00002691594299112835
2.19325589	0.00025133205843993334
2.19441113	0.0004451705209539755
2.195566369	0.0005750242014261513
2.196721608	0.0010481429126071317
2.197876847	0.0021455850069632795
2.199032086	0.003238733708243163
2.200187325	0.003684583701224753
2.201342564	0.0034392921133435676
2.202497804	0.003060947369128368
2.203653043	0.0030395893159439772
2.204808282	0.0031195383294406976
2.205963521	0.0029483150575845057
2.20711876	0.0023710197805931733
2.208273999	0.0019511948048984414
2.209429239	0.0022444311552707666
2.210584478	0.002831991166320149
2.211739717	0.0032373767454466377
2.212894956	0.003250924572447632
2.214050195	0.0030454800204807696
2.215205434	0.0027559234252095923
2.216360674	0.0024161182698899182
2.217515913	0.002052400472350956
2.218671152	0.001732693001189452
2.219826391	0.0015528797982804967
2.22098163	0.0016129428845380175
2.222136869	0.00180730842591398
2.223292108	0.0019632630162757254
2.224447348	0.0019998564669191053
2.225602587	0.002079308245699157
2.226757826	0.0024260326895547578
2.227913065	0.002418681685135967
2.229068304	0.001409243942168838
2.230223543	-0.0007763536237884077
2.231378783	-0.0026703690408505323
2.232534022	-0.0025484332419294163
2.233689261	-0.0008115475899825216
2.2348445	0.00123953196701072
2.235999739	0.00268087228153261
2.237154978	0.003685606703681789
2.238310218	0.004387211173081548
2.239465457	0.004286043097283565
2.240620696	0.002823054926172113
2.241775935	-0.0002849479194449606
2.242931174	-0.003390756371647143
2.244086413	-0.00415063439630714
2.245241652	-0.0026454542488434886
2.246396892	-0.0006555744399829634
2.247552131	0.0005121456208849139
2.24870737	0.0011816851118453507
2.249862609	0.0015682587196273981
2.251017848	0.0017373091674712992
2.252173087	0.0016447531894859036
2.253328327	0.001292906432046215
2.254483566	0.0008916982275936359
2.255638805	0.0007725683573440238
2.256794044	0.0009408523564802368
2.257949283	0.0010575998727583786
2.259104522	0.0008496288806072889
2.260259762	0.0006159214860058144
2.261415001	0.0007367764888775742
2.26257024	0.0012569440573914107
2.263725479	0.0018032732745876941
2.264880718	0.002169989074983817
2.266035957	0.0021837500711830156
2.267191196	0.0014605346379045535
2.268346436	-0.0006165556516276164
2.269501675	-0.003976875496863299
2.270656914	-0.0039390974696293145
2.271812153	-0.0013483535312407576
2.272967392	0.00033251748617054626
2.274122631	0.0009199084911642445
2.275277871	0.0011159821761857628
2.27643311	0.001166088199848307
2.277588349	0.0011369648860819759
2.278743588	0.0010659657858112055
2.279898827	0.0009807065133664893
2.281054066	0.0008791550310356736
2.282209306	0.0007423315025598723
2.283364545	0.0005481498726360493
2.284519784	0.00032723012930034996
2.285675023	0.00013483782370851737
2.286830262	0.00008486559227922128
2.287985501	0.00034046095438457886
2.289140741	0.000549216781719792
2.29029598	0.00016777110003782632
2.291451219	-0.0013285408445948346
2.292606458	-0.003290573268718577
2.293761697	-0.0038134797906752686
2.294916936	-0.0026744018301264176
2.296072175	-0.0012657437511675999
2.297227415	-0.0003465738614308622
2.298382654	0.0002666201343164735
2.299537893	0.0006086589867758204
2.300693132	0.000775088943671442
2.301848371	0.0008945244142129575
2.30300361	0.001056371248712693
2.30415885	0.0011571029264274833
2.305314089	0.0011298569957999944
2.306469328	0.000863170525842144
2.307624567	0.0002136450298270576
2.308779806	-0.0008921955054331817
2.309935045	-0.001800533262029155
2.311090285	-0.0017459862342451451
2.312245524	-0.0009614055191752576
2.313400763	-0.00020802582804788677
2.314556002	0.00006724067052695351
2.315711241	-0.000032342633315506953
2.31686648	-0.00046374397165906036
2.318021719	-0.0011736661528252677
2.319176959	-0.0021422729110231213
2.320332198	-0.003408287890416961
2.321487437	-0.004426403545092954
2.322642676	-0.0040099720702228055
2.323797915	-0.0023175881173776334
2.324953154	-0.0007081669166834688
2.326108394	0.00034029059790030195
2.327263633	0.0009544893195816798
2.328418872	0.0012865201159305427
2.329574111	0.001328217442014556
2.33072935	0.0007872286117740555
2.331884589	-0.0006483290286289605
2.333039829	-0.002232149847694155
2.334195068	-0.003032334273435722
2.335350307	-0.0027101095653686374
2.336505546	-0.0017154361202299947
2.337660785	-0.0004580782227723634
2.338816024	0.0007688488177938872
2.339971263	0.0016303887061021173
2.341126503	0.001968109502966341
2.342281742	0.0019982790941043852
2.343436981	0.0019333234653797972
2.34459222	0.0017316515572639605
2.345747459	0.0012357513359721134
2.346902698	0.00022166002016233224
2.348057938	-0.0011400601695704463
2.349213177	-0.001908739287407763
2.350368416	-0.001297288353452812
2.351523655	0.0002533954712853284
2.352678894	0.001733809327697928
2.353834133	0.0025036902398307376
2.354989373	0.002543908937780069
2.356144612	0.0021008983778880723
2.357299851	0.0014015625790534628
2.35845509	0.0006252979501437536
2.359610329	-0.00005107585828910647
2.360765568	-0.00023309906687957275
2.361920808	-4.871592290817072e-6
2.363076047	0.00030788791516085
2.364231286	0.0005307501172271181
2.365386525	0.0006914083097817693
2.366541764	0.0007790460286983698
2.367697003	0.000776168486137141
2.368852242	0.0006659811272311981
2.370007482	0.0004769286195411185
2.371162721	0.00024214122369327286
2.37231796	-0.000021637685354197303
2.373473199	-0.0003315475450531876
2.374628438	-0.0007182643544292979
2.375783677	-0.0011939716902538134
2.376938917	-0.0017194705050161585
2.378094156	-0.0020982285443754993
2.379249395	-0.0021683107974969774
2.380404634	-0.0020593462053692443
2.381559873	-0.0018959888060997828
2.382715112	-0.0016136729662730568
2.383870352	-0.0011661880338480432
2.385025591	-0.0005312830321790867
2.38618083	0.00013652821198436522
2.387336069	0.000667125555021624
2.388491308	0.0007939388589936758
2.389646547	0.00028215024427023555
2.390801786	-0.0014375266044056307
2.391957026	-0.0057696091514916024
2.393112265	-0.01699666593073899
2.394267504	-0.03161926996101365
2.395422743	-0.016553311980484223
2.396577982	-0.004887067764889181
2.397733221	-0.001042839642854824
2.398888461	0.0001463973467829772
2.4000437	0.0005349452045704948
2.401198939	0.0006448382053789282
2.402354178	0.0006909813943021609
2.403509417	0.000646860215811773
2.404664656	0.0005603656819737054
2.405819896	0.0003918810463691234
2.406975135	0.00005806631462597871
2.408130374	-0.0004867106285998253
2.409285613	-0.00110756057760738
2.410440852	-0.0017265968597212683
2.411596091	-0.0019969315188948632
2.41275133	-0.001186975559138195
2.41390657	0.0008094318784624025
2.415061809	0.0023624067818015767
2.416217048	0.0025127041180481257
2.417372287	0.0014619138843754227
2.418527526	-0.000076446127606055
2.419682765	-0.0014449626173942379
2.420838005	-0.0024415261372200524
2.421993244	-0.0030389784213562887
2.423148483	-0.003198650204186041
2.424303722	-0.0026446867014296486
2.425458961	-0.001435382398886398
2.4266142	-0.0005152597780077512
2.42776944	-0.0003045156169985714
2.428924679	-0.0007456180328356372
2.430079918	-0.0018654930083126038
2.431235157	-0.004448214452882046
2.432390396	-0.008911221899268846
2.433545635	-0.011568507012997642
2.434700874	-0.006525035274794714
2.435856114	-0.00035409969885728224
2.437011353	0.002059523225410942
2.438166592	0.002415634921475904
2.439321831	0.0020258947831969026
2.44047707	0.00134003144287734
2.441632309	-0.0004385926596715755
2.442787549	0.07107473830517343
2.443942788	0.007475659576295093
2.445098027	0.0062176868886252125
2.446253266	0.00675337115272324
2.447408505	0.011310540596112792
2.448563744	0.06388292247921376
2.449718984	-0.11507248690890026
2.450874223	-0.02799896845174285
2.452029462	-0.0030484399369474302
2.453184701	0.004992844299162878
2.45433994	0.016865125511827436
2.455495179	-0.05707696377795708
2.456650419	0.04902531499103227
2.457805658	0.0024751622476624677
2.458960897	-0.0013058305080796719
2.460116136	-0.006345047156066274
2.461271375	-0.013319912622127965
2.462426614	-0.018488736270931137
2.463581853	-0.01534995640287771
2.464737093	-0.008810915535947466
2.465892332	-0.002956740764030864
2.467047571	0.000966877446844734
2.46820281	0.0029289950452145845
2.469358049	0.0032828096864788193
2.470513288	0.003060240205437801
2.471668528	0.0034766605248621914
2.472823767	-0.06378114731795435
2.473979006	-0.0005751131726188564
2.475134245	0.0002778342081272683
2.476289484	0.00353251716569313
2.477444723	0.008247779258955866
2.478599963	0.01027160685551211
2.479755202	0.01163621493275139
2.480910441	0.013982231869134174
2.48206568	0.041424144357066046
2.483220919	0.005825344402997453
2.484376158	0.008055961304492638
2.485531397	0.008288745484304654
2.486686637	0.007809556612372909
2.487841876	0.007156294741467312
2.488997115	0.007065764842594987
2.490152354	0.007548532806093145
2.491307593	0.00832003198505667
2.492462832	0.009455738163191495
2.493618072	0.010977969068988059
2.494773311	0.012587124572336874
2.49592855	0.014056541827989912
2.497083789	0.015614150815003466