0.45	0.8287747109099154
0.451155239	0.772578038460336
0.452310479	0.8005627829185474
0.453465718	0.8320805055157621
0.454620957	0.8257769445049935
0.455776196	0.7882464259257215
0.456931436	0.7778939368309981
0.458086675	0.7734724092034934
0.459241914	0.8241625280007003
0.460397153	0.8286110888347034
0.461552393	0.8120974314642947
0.462707632	0.7681968951932743
0.463862871	0.7905336869275548
0.46501811	0.7879776387628683
0.46617335	0.795976420886438
0.467328589	0.8001168490911617
0.468483828	0.8195692168818425
0.469639068	0.8359891568579566
0.470794307	0.8742378673770421
0.471949546	0.8061230568504234
0.473104785	0.798054510057422
0.474260025	0.8122271510877133
0.475415264	0.8031479670137732
0.476570503	0.8216668648787867
0.477725742	0.7999385440315733
0.478880982	0.8374431514423112
0.480036221	0.8230241598569008
0.48119146	0.847576669211599
0.4823467	0.9176503882440573
0.483501939	0.9955099848101692
0.484657178	0.94960586812306
0.485812417	0.6938995903414092
0.486967657	0.7598954599856389
0.488122896	0.7766889159631605
0.489278135	0.7947980903035375
0.490433374	0.7894455415009637
0.491588614	0.8184415735336079
0.492743853	0.802002211334864
0.493899092	0.8135461207946701
0.495054331	0.7970461870318245
0.496209571	0.8007481495451492
0.49736481	0.766977698923521
0.498520049	0.811584278063294
0.499675289	0.7719696549770201
0.500830528	0.8003561665445926
0.501985767	0.784918822262599
0.503141006	0.7749552439850595
0.504296246	0.7918674884500466
0.505451485	0.7650534267750664
0.506606724	0.7760585104787736
0.507761963	0.7979053324184613
0.508917203	0.7841998757492246
0.510072442	0.7680185754075884
0.511227681	0.7615178741552586
0.512382921	0.7856053717872815
0.51353816	0.7883061800998127
0.514693399	0.7774308952296457
0.515848638	0.7782682629500475
0.517003878	0.7980235548150256
0.518159117	0.7964036981312271
0.519314356	0.765068521406914
0.520469595	0.7706751434692943
0.521624835	0.7596567577132741
0.522780074	0.7837283152792595
0.523935313	0.7519391406025974
0.525090552	0.7359011246512155
0.526245792	0.805734706897465
0.527401031	0.769814487197027
0.52855627	0.7496706051489707
0.52971151	0.7688069168195621
0.530866749	0.7548944909304578
0.532021988	0.7724334387351098
0.533177227	0.7829797839506069
0.534332467	0.7658806044819525
0.535487706	0.7435150538027998
0.536642945	0.7692664736313375
0.537798184	0.7726143900433048
0.538953424	0.7698478687383417
0.540108663	0.7910272753031427
0.541263902	0.7635463731543061
0.542419142	0.7612783143635747
0.543574381	0.7620381518844479
0.54472962	0.7558640819126784
0.545884859	0.7518281348835761
0.547040099	0.7665784484837573
0.548195338	0.7626137196255652
0.549350577	0.7488680426678607
0.550505816	0.7584427376608404
0.551661056	0.7634055589924472
0.552816295	0.7552631095441484
0.553971534	0.7474643202042182
0.555126773	0.7504317587249377
0.556282013	0.7638693268390536
0.557437252	0.7524608426116323
0.558592491	0.7651623764255449
0.559747731	0.7522234495487506
0.56090297	0.746944703601488
0.562058209	0.7505654762543984
0.563213448	0.73815959157194
0.564368688	0.7369685158250722
0.565523927	0.7528303857911819
0.566679166	0.741767196527312
0.567834405	0.7292487293847524
0.568989645	0.7461950642232259
0.570144884	0.743292610300649
0.571300123	0.7463444278310126
0.572455362	0.7133915123706855
0.573610602	0.7199214143520991
0.574765841	0.7243399355965322
0.57592108	0.7369382435986747
0.57707632	0.7186929355382005
0.578231559	0.7143869675236844
0.579386798	0.7181706428707249
0.580542037	0.719486992498914
0.581697277	0.7298111013654986
0.582852516	0.7190413136597426
0.584007755	0.72466276334544
0.585162994	0.7368816492961902
0.586318234	0.7483990595103189
0.587473473	0.72721701792909
0.588628712	0.7160847768417498
0.589783952	0.7479631130355758
0.590939191	0.6990030283597951
0.59209443	0.7122243869378719
0.593249669	0.7179045135268405
0.594404909	0.7253135933949529
0.595560148	0.7256111467224636
0.596715387	0.7073794822878544
0.597870626	0.7136493925791692
0.599025866	0.7141605089651326
0.600181105	0.7120449703519791
0.601336344	0.7151930222821468
0.602491583	0.7247650725846773
0.603646823	0.692553569614665
0.604802062	0.7043485660320776
0.605957301	0.714981472749552
0.607112541	0.7171044796262296
0.60826778	0.7146726108453121
0.609423019	0.7057293403641713
0.610578258	0.7157106511019573
0.611733498	0.7000321674870242
0.612888737	0.7087028572562819
0.614043976	0.7041274056016363
0.615199215	0.6951324258170591
0.616354455	0.7212391315789112
0.617509694	0.6898823351397319
0.618664933	0.6792331842809444
0.619820173	0.6892605704382542
0.620975412	0.6878906891248434
0.622130651	0.69396220577137
0.62328589	0.6996190344212916
0.62444113	0.7083804376756037
0.625596369	0.7200500498888707
0.626751608	0.6816364020196205
0.627906847	0.6633709194330154
0.629062087	0.6758402090209386
0.630217326	0.6924365852135024
0.631372565	0.6959337453297528
0.632527804	0.7000974204495576
0.633683044	0.698967423679775
0.634838283	0.6819468540492052
0.635993522	0.6974230254100219
0.637148762	0.6823709997547291
0.638304001	0.6888212725477574
0.63945924	0.7013844118845741
0.640614479	0.7026027131150603
0.641769719	0.6967230745373526
0.642924958	0.6975864892496818
0.644080197	0.6956160763797011
0.645235436	0.6866521777249129
0.646390676	0.6932967420570239
0.647545915	0.7032263129777049
0.648701154	0.7106491675944029
0.649856394	0.7030822868604798
0.651011633	0.6913846518084675
0.652166872	0.6938894209324709
0.653322111	0.7088843075753358
0.654477351	0.7388298229515353
0.65563259	0.747105937996654
0.656787829	0.8170266635844464
0.657943068	0.7855340544355739
0.659098308	0.7144844417443752
0.660253547	0.7001689055274333
0.661408786	0.6888304870813021
0.662564025	0.6935170482474944
0.663719265	0.6956558386082956
0.664874504	0.6879719921079476
0.666029743	0.6868903874715044
0.667184983	0.689893475474124
0.668340222	0.6832825101434074
0.669495461	0.6847037358957099
0.6706507	0.6874606157099965
0.67180594	0.686272167867114
0.672961179	0.6820630041933244
0.674116418	0.6842681835338436
0.675271657	0.6908875583974415
0.676426897	0.6976979462836447
0.677582136	0.6917911225801422
0.678737375	0.6933672016401065
0.679892614	0.6924809937457868
0.681047854	0.6860542749922312
0.682203093	0.6831289598964171
0.683358332	0.6848483851014261
0.684513572	0.6920099925097435
0.685668811	0.7080033236463964
0.68682405	0.721959860781021
0.687979289	0.6961559998962702
0.689134529	0.6597922871921234
0.690289768	0.6540824625865846
0.691445007	0.6588683808691693
0.692600246	0.6626384711043195
0.693755486	0.6682839700184635
0.694910725	0.6734228476204751
0.696065964	0.6721737506220075
0.697221204	0.6749076994895377
0.698376443	0.6772394991874691
0.699531682	0.6737940527835957
0.700686921	0.6764061834118388
0.701842161	0.6788521609103816
0.7029974	0.6697136083445052
0.704152639	0.666408842600507
0.705307878	0.6636811070012476
0.706463118	0.6665294659004264
0.707618357	0.6709045429353973
0.708773596	0.6778279838910357
0.709928835	0.6761845746807645
0.711084075	0.6745745993905595
0.712239314	0.6765063812247725
0.713394553	0.6800818689120632
0.714549793	0.679719659271049
0.715705032	0.6928441363804383
0.716860271	0.6839848929925537
0.71801551	0.6741708702973217
0.71917075	0.6572320794328955
0.720325989	0.6324340732156281
0.721481228	0.6458582641894012
0.722636467	0.65267752846023
0.723791707	0.6487761320402831
0.724946946	0.6365661209006133
0.726102185	0.6235823248518663
0.727257425	0.620225120500946
0.728412664	0.6287236606753877
0.729567903	0.6338016826004582
0.730723142	0.6229477322799624
0.731878382	0.6300152730528674
0.733033621	0.6355046785603514
0.73418886	0.6377921118330371
0.735344099	0.6427727163841632
0.736499339	0.641456660217532
0.737654578	0.6424542397234138
0.738809817	0.6541677194212283
0.739965056	0.668088278157923
0.741120296	0.6632268350476929
0.742275535	0.6504281852914215
0.743430774	0.639718986022664
0.744586014	0.6401667747515419
0.745741253	0.6480543331271317
0.746896492	0.6369450277624457
0.748051731	0.643219852267329
0.749206971	0.6452828102795516
0.75036221	0.6408311305909601
0.751517449	0.6368558321570874
0.752672688	0.6354261256205551
0.753827928	0.6291795139790592
0.754983167	0.6204446457990181
0.756138406	0.619295678085696
0.757293646	0.633242112555963
0.758448885	0.6846079130436296
0.759604124	0.7791146984884083
0.760759363	0.7519887618233129
0.761914603	0.5558172435852405
0.763069842	0.5329260624405708
0.764225081	0.5498699154946507
0.76538032	0.5374151977352764
0.76653556	0.5503500996391102
0.767690799	0.5775397581236507
0.768846038	0.604159875415452
0.770001277	0.6118608586907608
0.771156517	0.6064417850236625
0.772311756	0.6082676667542928
0.773466995	0.6206038171906743
0.774622235	0.625325812536555
0.775777474	0.6172950784409608
0.776932713	0.595767037334861
0.778087952	0.6063857948989265
0.779243192	0.6205575278446501
0.780398431	0.6071623828845144
0.78155367	0.6001707488879658
0.782708909	0.6028790912975999
0.783864149	0.6014817609867416
0.785019388	0.5913070355135648
0.786174627	0.5863058217787626
0.787329866	0.5861578571884011
0.788485106	0.5893369482718036
0.789640345	0.5832302991761088
0.790795584	0.588143043303396
0.791950824	0.5915472892286517
0.793106063	0.5953256904977551
0.794261302	0.5951697191978739
0.795416541	0.5990571373967735
0.796571781	0.5991864087307799
0.79772702	0.5941513007124477
0.798882259	0.5940764645851264
0.800037498	0.597730276255296
0.801192738	0.596715298786581
0.802347977	0.5958966027833448
0.803503216	0.5876790242491473
0.804658456	0.5880713694126275
0.805813695	0.583018765313518
0.806968934	0.5726670142645143
0.808124173	0.5723047035056718
0.809279413	0.5782751833485476
0.810434652	0.5696135245062786
0.811589891	0.5654334960030521
0.81274513	0.5736138683511282
0.81390037	0.5779351824761768
0.815055609	0.5722982669725878
0.816210848	0.556965945193384
0.817366087	0.5473999468301409
0.818521327	0.5482338836971573
0.819676566	0.5558032736024245
0.820831805	0.5631795811816526
0.821987045	0.5651559666926985
0.823142284	0.557487185805751
0.824297523	0.5572830040345269
0.825452762	0.5704508570275695
0.826608002	0.5829628988019879
0.827763241	0.5722928974162216
0.82891848	0.5621720266460544
0.830073719	0.5581011386702469
0.831228959	0.5581074849347593
0.832384198	0.5600725892266533
0.833539437	0.5571735120026761
0.834694677	0.550590714985196
0.835849916	0.5466580805946109
0.837005155	0.5411661249467604
0.838160394	0.5376330252995324
0.839315634	0.5327424369816353
0.840470873	0.5520727261283933
0.841626112	0.5464894029443528
0.842781351	0.5782744893822037
0.843936591	0.5529528353807543
0.84509183	0.587395285746899
0.846247069	0.5757630330592869
0.847402308	0.5708847824704191
0.848557548	0.6062330620318764
0.849712787	0.6255739721885575
0.850868026	0.5487151542218582
0.852023266	0.5707417484102428
0.853178505	0.5863470925989077
0.854333744	0.6452579030260256
0.855488983	0.5834125795145664
0.856644223	0.5565125765417849
0.857799462	0.5463051819763313
0.858954701	0.5313854093256725
0.86010994	0.49404642548767136
0.86126518	0.5419760283667847
0.862420419	0.5485087544780961
0.863575658	0.54874789989261
0.864730898	0.5577783509507293
0.865886137	0.5978967681318732
0.867041376	0.5696509980352737
0.868196615	0.5236747838453232
0.869351855	0.5318322494918994
0.870507094	0.5449475211562909
0.871662333	0.5391655265361828
0.872817572	0.5491376957933747
0.873972812	0.5457390978191241
0.875128051	0.5082233761970139
0.87628329	0.5483939167694547
0.877438529	0.5649360240238707
0.878593769	0.5536712261654276
0.879749008	0.5487765312894659
0.880904247	0.5554584475452906
0.882059487	0.560301380860233
0.883214726	0.5493704430141487
0.884369965	0.5373660589107301
0.885525204	0.5117696391052723
0.886680444	0.49854055540850306
0.887835683	0.545881718274996
0.888990922	0.5475132890966218
0.890146161	0.5351028509048593
0.891301401	0.527215680854583
0.89245664	0.5312626924101921
0.893611879	0.5390379290372231
0.894767119	0.5324518010393275
0.895922358	0.5225111265260405
0.897077597	0.5136174319477503
0.898232836	0.5091397811739725
0.899388076	0.49304842512224073
0.900543315	0.4875875207599218
0.901698554	0.46015208547981945
0.902853793	0.50035753690674
0.904009033	0.5142100180317896
0.905164272	0.516729524030164
0.906319511	0.516832510942411
0.90747475	0.5345732772749764
0.90862999	0.5270733570633129
0.909785229	0.5018469538205435
0.910940468	0.4847937855697271
0.912095708	0.47638354632646507
0.913250947	0.4761187124526985
0.914406186	0.49077874474309874
0.915561425	0.4804717255593693
0.916716665	0.4818946596273288
0.917871904	0.4680354388639627
0.919027143	0.4625145433950843
0.920182382	0.45920022450571907
0.921337622	0.4514811128162924
0.922492861	0.43471567449422527
0.9236481	0.44439104322854467
0.924803339	0.4646168007771079
0.925958579	0.4569857604984005
0.927113818	0.4468071543643364
0.928269057	0.4455993617430991
0.929424297	0.43766964902307764
0.930579536	0.4277516675523945
0.931734775	0.4157359811327502
0.932890014	0.40474797653294353
0.934045254	0.37555835577165314
0.935200493	0.35875941569860964
0.936355732	0.3565764603868984
0.937510971	0.3625681025960333
0.938666211	0.3704826023728021
0.93982145	0.3865425876045221
0.940976689	0.3964901571784595
0.942131929	0.39332139541815886
0.943287168	0.3702468765829044
0.944442407	0.3607083793359187
0.945597646	0.3814910372767922
0.946752886	0.3904731827089206
0.947908125	0.38941661649821424
0.949063364	0.39695362394984723
0.950218603	0.40454242895399606
0.951373843	0.4482880722351845
0.952529082	0.47717379893479883
0.953684321	0.4971574705032921
0.95483956	0.4240964445574592
0.9559948	0.387210788796935
0.957150039	0.37723386362717864
0.958305278	0.3768847698599488
0.959460518	0.37050575002465524
0.960615757	0.36465572675287966
0.961770996	0.36636925101689616
0.962926235	0.36735435804206007
0.964081475	0.3686371200676717
0.965236714	0.3657195408567311
0.966391953	0.35115004893082563
0.967547192	0.35683656753032844
0.968702432	0.3623310737808057
0.969857671	0.36015548094403166
0.97101291	0.
0.97216815	0.
0.973323389	0.
0.974478628	0.
0.975633867	0.
0.976789107	0.
0.977944346	0.
0.979099585	0.
0.980254824	0.
0.981410064	0.
0.982565303	0.
0.983720542	0.
0.984875781	0.
0.986031021	0.
0.98718626	0.
0.988341499	0.
0.989496739	0.
0.990651978	0.
0.991807217	0.
0.992962456	0.
0.994117696	0.
0.995272935	0.
0.996428174	0.
0.997583413	0.7153364784166483
0.998738653	0.7113094164964106
0.999893892	0.7065317055162249
1.001049131	0.6932858389458316
1.002204371	0.6777517751444888
1.00335961	0.6493796133837015
1.004514849	0.616423450952251
1.005670088	0.6170213002364986
1.006825328	0.6384090358686394
1.007980567	0.6335702890877007
1.009135806	0.6307106173779107
1.010291045	0.6282597059216168
1.011446285	0.639040317182341
1.012601524	0.6335532186112995
1.013756763	0.6379747854801511
1.014912002	0.6412414168381476
1.016067242	0.6498211310858907
1.017222481	0.6309015504971665
1.01837772	0.6212999335522184
1.01953296	0.6299505008936948
1.020688199	0.6442398155898479
1.021843438	0.6531605065961548
1.022998677	0.6476831964608613
1.024153917	0.6362799097248025
1.025309156	0.6314887091892781
1.026464395	0.6254480327271706
1.027619634	0.6177119087642102
1.028774874	0.6237356448019356
1.029930113	0.6359280882025939
1.031085352	0.6295936857486026
1.032240591	0.623724146012377
1.033395831	0.6293397073604077
1.03455107	0.6343767473511082
1.035706309	0.629026717787233
1.036861549	0.6274027038616206
1.038016788	0.6313683445185925
1.039172027	0.6324735823261408
1.040327266	0.6334833610152707
1.041482506	0.6357260521030186
1.042637745	0.6329366178120756
1.043792984	0.6275659038497675
1.044948223	0.6330701438413036
1.046103463	0.6411748809435874
1.047258702	0.6349131879408079
1.048413941	0.6327349107258714
1.049569181	0.6398514814265618
1.05072442	0.6338152002007889
1.051879659	0.6221919870206033
1.053034898	0.6275760852234952
1.054190138	0.6370315413690166
1.055345377	0.6320382006971808
1.056500616	0.6328582482765144
1.057655855	0.6491721020427136
1.058811095	0.654889584524412
1.059966334	0.6494667935684393
1.061121573	0.6493108039514498
1.062276812	0.6525280220149688
1.063432052	0.6565537867063953
1.064587291	0.6628112368446905
1.06574253	0.6678375773277069
1.06689777	0.6716141469269454
1.068053009	0.6738853121114105
1.069208248	0.6780669105562841
1.070363487	0.679350968447983
1.071518727	0.6693844870810868
1.072673966	0.6632779621626639
1.073829205	0.665886936521347
1.074984444	0.6657566185361921
1.076139684	0.6626652028247203
1.077294923	0.662213034601245
1.078450162	0.6599121141205931
1.079605402	0.6506866708519898
1.080760641	0.6558866707702623
1.08191588	0.6793686096519037
1.083071119	0.6903883546130378
1.084226359	0.689863209545982
1.085381598	0.6880337946302265
1.086536837	0.6974796629559626
1.087692076	0.7275434128740973
1.088847316	0.7374314033788227
1.090002555	0.7208900728974303
1.091157794	0.7107562188952303
1.092313033	0.7101100386142333
1.093468273	0.7251040185283784
1.094623512	0.7260515118081423
1.095778751	0.6977380479270984
1.096933991	0.6758781344619497
1.09808923	0.6632429324498823
1.099244469	0.6449020063230619
1.100399708	0.6316562310935324
1.101554948	0.6349798291105992
1.102710187	0.6355291071590812
1.103865426	0.6255280362191404
1.105020665	0.6164878070694263
1.106175905	0.6092519191158732
1.107331144	0.6011531789145601
1.108486383	0.5902113473980297
1.109641623	0.5760923213139979
1.110796862	0.5641762252178054
1.111952101	0.5557854967132978
1.11310734	0.5483047501806757
1.11426258	0.5420285938720478
1.115417819	0.5389269449604911
1.116573058	0.5382823670744157
1.117728297	0.5378272524630968
1.118883537	0.5423646422631692
1.120038776	0.5509121860707109
1.121194015	0.5536632257901465
1.122349254	0.5586609133517578
1.123504494	0.569122479176
1.124659733	0.580420467230755
1.125814972	0.5873278225187399
1.126970212	0.5737179900523456
1.128125451	0.5528551470034577
1.12928069	0.5442546535691228
1.130435929	0.5488229032514476
1.131591169	0.5620002001277794
1.132746408	0.578646898641282
1.133901647	0.5955209755353431
1.135056886	0.5979561948299068
1.136212126	0.5882279199594534
1.137367365	0.5833357345840663
1.138522604	0.5785009535679713
1.139677843	0.5718969041860349
1.140833083	0.565515850692171
1.141988322	0.5595354018612465
1.143143561	0.5582208834421533
1.144298801	0.560402041804235
1.14545404	0.5606502147265716
1.146609279	0.564308345942376
1.147764518	0.5735695277134379
1.148919758	0.5815382696684189
1.150074997	0.5867811106946214
1.151230236	0.5913395688105287
1.152385475	0.5936129690131863
1.153540715	0.5909798702905545
1.154695954	0.5886247344055139
1.155851193	0.588542126645891
1.157006433	0.5859203182987326
1.158161672	0.5823702400940052
1.159316911	0.5845756401873747
1.16047215	0.5885179378221341
1.16162739	0.5902952122427967
1.162782629	0.588283189009138
1.163937868	0.5820157958626007
1.165093107	0.5779434565963596
1.166248347	0.5749352883654405
1.167403586	0.5687879983255114
1.168558825	0.5653869033759236
1.169714064	0.5681011847050159
1.170869304	0.5675726597731284
1.172024543	0.5632721895486231
1.173179782	0.5619414494946856
1.174335022	0.5641694288786763
1.175490261	0.5713081720076228
1.1766455	0.575173431221015
1.177800739	0.5719917623170376
1.178955979	0.5609954599977449
1.180111218	0.54741829827149
1.181266457	0.5435370781704727
1.182421696	0.5474321224477033
1.183576936	0.5583089464386699
1.184732175	0.5620347015622018
1.185887414	0.5536436287343184
1.187042654	0.5592942674661792
1.188197893	0.5732232414881451
1.189353132	0.5689478198734492
1.190508371	0.5584685846486367
1.191663611	0.5513844107498084
1.19281885	0.545815004747925
1.193974089	0.5424705344803225
1.195129328	0.5418029845668922
1.196284568	0.545697519407649
1.197439807	0.5612515601899131
1.198595046	0.5729468619520257
1.199750285	0.5667909255274945
1.200905525	0.5577310425303487
1.202060764	0.5511715866910954
1.203216003	0.5560899806204108
1.204371243	0.5621564718678506
1.205526482	0.5456904591864083
1.206681721	0.5394565627880306
1.20783696	0.5550487587451532
1.2089922	0.5599551949832557
1.210147439	0.5521013662164617
1.211302678	0.5475075405900215
1.212457917	0.5439845452773856
1.213613157	0.53854152005035
1.214768396	0.5288397355292911
1.215923635	0.5098695488761849
1.217078875	0.48609925504133455
1.218234114	0.46543872400362934
1.219389353	0.451866202357351
1.220544592	0.4567447766014164
1.221699832	0.4756376413779965
1.222855071	0.5006239958368994
1.22401031	0.5261629138416793
1.225165549	0.5403274849797484
1.226320789	0.5469444709585346
1.227476028	0.5532435518580783
1.228631267	0.5536911791810344
1.229786506	0.5477830040948297
1.230941746	0.5437842975874181
1.232096985	0.5424101643238943
1.233252224	0.5392271439730516
1.234407464	0.5354376074622595
1.235562703	0.5323128069926791
1.236717942	0.5291007704443944
1.237873181	0.5259955528615108
1.239028421	0.5264152623966842
1.24018366	0.5290954479824698
1.241338899	0.5289048547352695
1.242494138	0.5278370704274206
1.243649378	0.5278279360735959
1.244804617	0.5269915336951534
1.245959856	0.5251787965384683
1.247115095	0.5247847779191205
1.248270335	0.5255626581566568
1.249425574	0.5255062441746935
1.250580813	0.5272692608033936
1.251736053	0.5325423290174702
1.252891292	0.5345329819704043
1.254046531	0.5325163480649268
1.25520177	0.532411719148475
1.25635701	0.5330012217925009
1.257512249	0.532014555734139
1.258667488	0.5298395407226291
1.259822727	0.5267401580342943
1.260977967	0.5251139782059873
1.262133206	0.52502272312993
1.263288445	0.5244710976127797
1.264443685	0.5242837121527408
1.265598924	0.525564445548104
1.266754163	0.5301192389493746
1.267909402	0.53733906276448
1.269064642	0.5380723591207969
1.270219881	0.5337148777507662
1.27137512	0.5340142112168181
1.272530359	0.5370834087481013
1.273685599	0.5417506838893179
1.274840838	0.5456105064309201
1.275996077	0.5479339912893861
1.277151316	0.5527141685021373
1.278306556	0.5604638851771777
1.279461795	0.5681854596605663
1.280617034	0.5892551026857957
1.281772274	0.6337165353518657
1.282927513	0.6344410417803331
1.284082752	0.5885443538447755
1.285237991	0.5629137957731121
1.286393231	0.5496508122369573
1.28754847	0.5375147253197468
1.288703709	0.5305966218526137
1.289858948	0.5273217292392508
1.291014188	0.5220418617061624
1.292169427	0.5150867014789412
1.293324666	0.5124275987480278
1.294479906	0.510764931236746
1.295635145	0.5060384053665531
1.296790384	0.5040835027483503
1.297945623	0.5056741239037292
1.299100863	0.5037243491115638
1.300256102	0.49957681483082406
1.301411341	0.4986592259589245
1.30256658	0.49799496882014105
1.30372182	0.4955652058055943
1.304877059	0.49069247024833945
1.306032298	0.4848261316455193
1.307187537	0.4817836392403108
1.308342777	0.4804543671025965
1.309498016	0.4778985769869322
1.310653255	0.47727320691587494
1.311808495	0.48047877556935237
1.312963734	0.4762089230619947
1.314118973	0.46683713944812527
1.315274212	0.46963748698109636
1.316429452	0.4750076638376014
1.317584691	0.4678091838744213
1.31873993	0.4612072710066962
1.319895169	0.45999917058733464
1.321050409	0.4606627117082562
1.322205648	0.4612264664822721
1.323360887	0.45746369859689484
1.324516127	0.4513355211205068
1.325671366	0.44700094681399233
1.326826605	0.4422403067103379
1.327981844	0.4385055889150001
1.329137084	0.44072401026760233
1.330292323	0.44593852361952563
1.331447562	0.4484800841240985
1.332602801	0.4484561055017286
1.333758041	0.44565513287395697
1.33491328	0.4452084806344237
1.336068519	0.4474096274859367
1.337223758	0.44719564584323157
1.338378998	0.4452078217715186
1.339534237	0.4438292540654999
1.340689476	0.4388338705262546
1.341844716	0.42818007563490046
1.342999955	0.4171553820040729
1.344155194	0.4070489328389456
1.345310433	0.39796843897844586
1.346465673	0.389536150131776
1.347620912	0.3792109328020327
1.348776151	0.3707407247527661
1.34993139	0.3646002380713459
1.35108663	0.3546305111373958
1.352241869	0.34212919981500267
1.353397108	0.33144172488566337
1.354552347	0.32370705316218595
1.355707587	0.32133241224646003
1.356862826	0.319348971704359
1.358018065	0.32181618440355186
1.359173305	0.3402321644357906
1.360328544	0.36399988963887053
1.361483783	0.37708702713899384
1.362639022	0.3644280428786775
1.363794262	0.3269791289623978
1.364949501	0.26947727447814823
1.36610474	0.2160323666830501
1.367259979	0.19840308945548468
1.368415219	0.25921683672068785
1.369570458	0.36348224456660316
1.370725697	0.437290517425006
1.371880937	0.4617338386903477
1.373036176	0.4400192871850805
1.374191415	0.41290625143729565
1.375346654	0.3938831542728442
1.376501894	0.3787554223153481
1.377657133	0.3628848336515659
1.378812372	0.351337847788094
1.379967611	0.3484376480866182
1.381122851	0.3604247395046085
1.38227809	0.4041907348044234
1.383433329	0.47256103411568595
1.384588568	0.5462864499890965
1.385743808	0.5850136392568945
1.386899047	0.5530612187121711
1.388054286	0.5108306373693454
1.389209526	0.4802414494481848
1.390364765	0.4601774379430929
1.391520004	0.4458434946759032
1.392675243	0.43345678673880594
1.393830483	0.4230856686350569
1.394985722	0.4118646587430249
1.396140961	0.39956417364562524
1.3972962	0.3879350655808199
1.39845144	0.38070139906050016
1.399606679	0.3827667001677087
1.400761918	0.38688658147246546
1.401917158	0.388758140720341
1.403072397	0.39320092717553734
1.404227636	0.3995545967808956
1.405382875	0.40520121783986596
1.406538115	0.41017599410724936
1.407693354	0.413936246918442
1.408848593	0.41604603311397564
1.410003832	0.41666784727028405
1.411159072	0.4199744260278239
1.412314311	0.42353273978752753
1.41346955	0.4190592717846306
1.414624789	0.4123162543734666
1.415780029	0.40705551816642005
1.416935268	0.40500784477536134
1.418090507	0.4083868045975312
1.419245747	0.41376701375185676
1.420400986	0.41962845069494137
1.421556225	0.4268577076085309
1.422711464	0.4269563176190953
1.423866704	0.4186577355464989
1.425021943	0.41358535332094487
1.426177182	0.4123279833143825
1.427332421	0.40850493449782926
1.428487661	0.4030405590953864
1.4296429	0.3971960087122866
1.430798139	0.38885545131330707
1.431953379	0.3864583148208386
1.433108618	0.38804543857969975
1.434263857	0.3879171967885683
1.435419096	0.3874529903000937
1.436574336	0.3865289199594509
1.437729575	0.3847719157286962
1.438884814	0.3926655115095994
1.440040053	0.4105523793869765
1.441195293	0.41741396752842985
1.442350532	0.40970232680635155
1.443505771	0.40539834006294356
1.44466101	0.3996303055827968
1.44581625	0.38590422183432593
1.446971489	0.3740235656345685
1.448126728	0.3713926577622125
1.449281968	0.3780836164255102
1.450437207	0.3898676927429343
1.451592446	0.3813235222590587
1.452747685	0.3797223771098314
1.453902925	0.3885413636733251
1.455058164	0.3907672658711432
1.456213403	0.3760713011399005
1.457368642	0.36514647506993503
1.458523882	0.36710068593498485
1.459679121	0.36911719977718743
1.46083436	0.36079697268751587
1.461989599	0.35819195485118277
1.463144839	0.36079949883588647
1.464300078	0.3520632297535011
1.465455317	0.33428913490698237
1.466610557	0.32718533257944615
1.467765796	0.3308166821810048
1.468921035	0.3319776267544328
1.470076274	0.3296327090326764
1.471231514	0.32812113374666585
1.472386753	0.3253082376059641
1.473541992	0.3228852814679803
1.474697231	0.32305224019601597
1.475852471	0.3234588848953048
1.47700771	0.3178821756892015
1.478162949	0.3075232592115313
1.479318189	0.30044778631756225
1.480473428	0.3027814689176137
1.481628667	0.3103997388122973
1.482783906	0.3120453617502472
1.483939146	0.30612770846825754
1.485094385	0.28694246536626494
1.486249624	0.275980092305102
1.487404863	0.29772467123745494
1.488560103	0.32389616650982633
1.489715342	0.3158306848894479
1.490870581	0.3034733627862002
1.49202582	0.30451046791025266
1.49318106	0.30289087092538436
1.494336299	0.29467400193691295
1.495491538	0.2934908062073456
1.496646778	0.301005976736831
1.497802017	0.3046832802938419
1.498957256	0.29758297155847624
1.500112495	0.29001089475547953
1.501267735	0.2833234196178009
1.502422974	0.2738965852631288
1.503578213	0.2661562766158387
1.504733452	0.27158456928970043
1.505888692	0.28414339700144137
1.507043931	0.28950676983997464
1.50819917	0.2895123004137661
1.50935441	0.2893097054029799
1.510509649	0.29210765771034236
1.511664888	0.29618232810289025
1.512820127	0.2958388059716907
1.513975367	0.2973668561548298
1.515130606	0.3031066293486509
1.516285845	0.30416381953583654
1.517441084	0.2998742295085068
1.518596324	0.2998164274807702
1.519751563	0.30709452874051213
1.520906802	0.3138426599118398
1.522062041	0.3155169233735786
1.523217281	0.31599268677357556
1.52437252	0.32098983291153294
1.525527759	0.32215364442379857
1.526682999	0.31439314731506246
1.527838238	0.3078797692982579
1.528993477	0.31281761380317924
1.530148716	0.320930352942941
1.531303956	0.31235062050832996
1.532459195	0.3023639922424455
1.533614434	0.30942838089467256
1.534769673	0.31615780878086247
1.535924913	0.3116873784753303
1.537080152	0.3089287910052349
1.538235391	0.31489988499624155
1.539390631	0.32337166466476
1.54054587	0.32322476596051003
1.541701109	0.3179570250435655
1.542856348	0.3208201961078815
1.544011588	0.3287172296057896
1.545166827	0.3287037661278094
1.546322066	0.3198348142744243
1.547477305	0.3171536338751813
1.548632545	0.3238632938119568
1.549787784	0.32930492046886073
1.550943023	0.3242109422527255
1.552098262	0.3142073450276096
1.553253502	0.31738686719356113
1.554408741	0.33101537513851076
1.55556398	0.33522903709824686
1.55671922	0.3251297592998488
1.557874459	0.31705488313778013
1.559029698	0.3169711798855883
1.560184937	0.32109344332099693
1.561340177	0.3193138510641083
1.562495416	0.31333976271925534
1.563650655	0.3131194879849775
1.564805894	0.32090285479585484
1.565961134	0.329855348160189
1.567116373	0.3298905536530355
1.568271612	0.3231700070179178
1.569426852	0.3171130874213374
1.570582091	0.31432624922991304
1.57173733	0.31826549372043916
1.572892569	0.3213954810802767
1.574047809	0.3271356920717431
1.575203048	0.3386094246608127
1.576358287	0.3466718171721547
1.577513526	0.34779436193400337
1.578668766	0.34032975065925253
1.579824005	0.32485829003969996
1.580979244	0.3223768877816125
1.582134483	0.3277304019134278
1.583289723	0.32368451112795016
1.584444962	0.32017837578919955
1.585600201	0.3225753412442695
1.586755441	0.32834830529773784
1.58791068	0.3339978593444882
1.589065919	0.3416181659954499
1.590221158	0.35689319113052953
1.591376398	0.36246544545719406
1.592531637	0.3556113332425799
1.593686876	0.34907007420358704
1.594842115	0.35245108749095627
1.595997355	0.362409942153851
1.597152594	0.35345493253889
1.598307833	0.3355120387440502
1.599463072	0.3372166119117238
1.600618312	0.3509486279570532
1.601773551	0.3592420450496621
1.60292879	0.35858056987651227
1.60408403	0.35638291237006786
1.605239269	0.3621039829199217
1.606394508	0.3699833875978591
1.607549747	0.3651153798676313
1.608704987	0.35851901870311
1.609860226	0.3672287690813592
1.611015465	0.3801065452534205
1.612170704	0.38636538047834645
1.613325944	0.3857051718542342
1.614481183	0.38367957924452095
1.615636422	0.39000144877170617
1.616791662	0.3918266589609147
1.617946901	0.3776893274910836
1.61910214	0.367426953020365
1.620257379	0.3609293243435816
1.621412619	0.347919409408952
1.622567858	0.34148026486622934
1.623723097	0.3443746344991001
1.624878336	0.3476792827846184
1.626033576	0.345870831251508
1.627188815	0.33824031232970037
1.628344054	0.3321556227000899
1.629499293	0.33381097082708394
1.630654533	0.33671193731752913
1.631809772	0.3339351159064614
1.632965011	0.3290440229492294
1.634120251	0.3269319863653291
1.63527549	0.32776875043657805
1.636430729	0.3275583062790663
1.637585968	0.3270880621569172
1.638741208	0.3255214420650559
1.639896447	0.32353719120373137
1.641051686	0.3250253761578356
1.642206925	0.32766517203253354
1.643362165	0.32832995320519937
1.644517404	0.32487626171682743
1.645672643	0.3161976742022538
1.646827883	0.30848952796662105
1.647983122	0.30555219683082463
1.649138361	0.3031384774850511
1.6502936	0.29958483187957996
1.65144884	0.2955606663318789
1.652604079	0.2935036435968456
1.653759318	0.29255845102178274
1.654914557	0.29236255358042335
1.656069797	0.29412493612110024
1.657225036	0.2971186866109477
1.658380275	0.30006458811347364
1.659535514	0.3022619613229685
1.660690754	0.3019192660995493
1.661845993	0.3009649413074218
1.663001232	0.30340570102601994
1.664156472	0.3077752807840475
1.665311711	0.3112967542841127
1.66646695	0.3137544864866233
1.667622189	0.3176741402232434
1.668777429	0.3206494720836551
1.669932668	0.3203828890800611
1.671087907	0.3280115517286756
1.672243146	0.3418850049919822
1.673398386	0.34425389468726675
1.674553625	0.3420058331939147
1.675708864	0.3469288846430115
1.676864104	0.3484837535730155
1.678019343	0.3457267522689418
1.679174582	0.3508553568220427
1.680329821	0.3638037361686035
1.681485061	0.37473909036244707
1.6826403	0.3802266089093675
1.683795539	0.376786069312981
1.684950778	0.3743703711457301
1.686106018	0.37261267351030886
1.687261257	0.36798046735803214
1.688416496	0.3616541515869814
1.689571735	0.35933030983686165
1.690726975	0.359763456955116
1.691882214	0.35889403642807416
1.693037453	0.3579396780051219
1.694192693	0.35649957662551796
1.695347932	0.35475929131307593
1.696503171	0.3562968742996015
1.69765841	0.36159555043589836
1.69881365	0.368252502375817
1.699968889	0.3735641367038045
1.701124128	0.37459240132073335
1.702279367	0.3724735788381587
1.703434607	0.36916290392972306
1.704589846	0.3656413795770122
1.705745085	0.36209980950914006
1.706900324	0.3609254215525137
1.708055564	0.36252147376035526
1.709210803	0.36100811766457885
1.710366042	0.35949159501545186
1.711521282	0.36849497802070436
1.712676521	0.37376815154111664
1.71383176	0.36294710706178773
1.714986999	0.35573204714129913
1.716142239	0.3575058418633275
1.717297478	0.36068675204999556
1.718452717	0.3656182317948291
1.719607956	0.372554717206863
1.720763196	0.37500787162481747
1.721918435	0.37207811040888267
1.723073674	0.3747437998008765
1.724228914	0.38518511314425047
1.725384153	0.3901345062322883
1.726539392	0.39088089598312326
1.727694631	0.3933616762796339
1.728849871	0.39196780350970106
1.73000511	0.3889047003169017
1.731160349	0.3905686468149012
1.732315588	0.39505672188776914
1.733470828	0.40364819896343623
1.734626067	0.41181486227790104
1.735781306	0.418053649514298
1.736936545	0.4215604906113987
1.738091785	0.42070048277042843
1.739247024	0.4177177591994561
1.740402263	0.41040581922265146
1.741557503	0.4046987673232391
1.742712742	0.39526683273588104
1.743867981	0.3849738286436619
1.74502322	0.3859968334771437
1.74617846	0.39599176905936473
1.747333699	0.4004524239070971
1.748488938	0.3956137992531134
1.749644177	0.3848018439845114
1.750799417	0.37577549392206416
1.751954656	0.3734529328504762
1.753109895	0.3739085986205549
1.754265135	0.37469648070042816
1.755420374	0.3756363789470926
1.756575613	0.37410731775157935
1.757730852	0.37063540198673833
1.758886092	0.36723114429733256
1.760041331	0.3650529391807719
1.76119657	0.3664026229602505
1.762351809	0.3672975336356951
1.763507049	0.3619582855199335
1.764662288	0.35843575429420316
1.765817527	0.36244733775756
1.766972766	0.37070349109035744
1.768128006	0.37602637331701483
1.769283245	0.3743171167432488
1.770438484	0.367099147199746
1.771593724	0.3586499166407386
1.772748963	0.35515588946197096
1.773904202	0.3562489847227412
1.775059441	0.3589198043487002
1.776214681	0.3590345906901559
1.77736992	0.353594093801176
1.778525159	0.3478336421799315
1.779680398	0.34623453667512544
1.780835638	0.3497676487397915
1.781990877	0.3554312147640851
1.783146116	0.3582499336602816
1.784301356	0.3575389809118613
1.785456595	0.35527327252556584
1.786611834	0.35110177260243575
1.787767073	0.34386594128407655
1.788922313	0.33743409352203124
1.790077552	0.3358946154837637
1.791232791	0.3375724113511331
1.79238803	0.34367874162612094
1.79354327	0.3543310532655984
1.794698509	0.35866850124554467
1.795853748	0.35272209463502463
1.797008987	0.3410942579441932
1.798164227	0.3296937152219273
1.799319466	0.3284915353907722
1.800474705	0.3365153264153784
1.801629945	0.35101262001601274
1.802785184	0.36352226587039604
1.803940423	0.36363060020593374
1.805095662	0.36178086269059273
1.806250902	0.3613057728394909
1.807406141	0.361109489731293
1.80856138	0.36502269611129984
1.809716619	0.3714941270182007
1.810871859	0.38050579241013155
1.812027098	0.39147316485379896
1.813182337	0.4015279475644555
1.814337576	0.4101333623082397
1.815492816	0.4173242419280392
1.816648055	0.4257855246058252
1.817803294	0.4406176377081318
1.818958534	0.4341185013776547
1.820113773	0.40315122078208465
1.821269012	0.38246239477344424
1.822424251	0.36769225506354386
1.823579491	0.34611357561536654
1.82473473	0.3283671980060002
1.825889969	0.32226985288400434
1.827045208	0.324757933474532
1.828200448	0.3312140003508089
1.829355687	0.33599470633088646
1.830510926	0.3370969035102851
1.831666166	0.3387405461184085
1.832821405	0.
1.833976644	0.
1.835131883	0.
1.836287123	0.
1.837442362	0.
1.838597601	0.
1.83975284	0.
1.84090808	0.
1.842063319	0.
1.843218558	0.
1.844373797	0.
1.845529037	0.
1.846684276	0.
1.847839515	0.
1.848994755	0.
1.850149994	0.
1.851305233	0.
1.852460472	0.
1.853615712	0.
1.854770951	0.
1.85592619	0.
1.857081429	0.
1.858236669	0.
1.859391908	0.
1.860547147	0.
1.861702387	0.
1.862857626	0.
1.864012865	0.
1.865168104	0.
1.866323344	0.
1.867478583	0.
1.868633822	0.
1.869789061	0.
1.870944301	0.
1.87209954	-0.48199880712056015
1.873254779	-0.4786931837983446
1.874410018	-0.45685334787545046
1.875565258	-0.3727387253345126
1.876720497	0.016039156196405422
1.877875736	0.5249327350711065
1.879030976	0.7140319031037933
1.880186215	0.7525260086187753
1.881341454	0.6807995204295025
1.882496693	0.5924165245666483
1.883651933	0.5296962683457576
1.884807172	0.47809200124602624
1.885962411	0.41024944974449074
1.88711765	0.33323123916265995
1.88827289	0.33963146944792716
1.889428129	0.5539133003288699
1.890583368	0.7797882675110933
1.891738608	0.5776034767794747
1.892893847	0.4225986462591496
1.894049086	0.3694230587973942
1.895204325	0.3815803830650315
1.896359565	0.45095984085336693
1.897514804	0.6371453669066995
1.898670043	1.1209867824808115
1.899825282	2.424505161403268
1.900980522	4.202106946274467
1.902135761	3.2949311235153993
1.903291	1.870163792393618
1.904446239	1.1194269518098376
1.905601479	0.7684240760067792
1.906756718	0.5719236307403794
1.907911957	0.3749583992574479
1.909067197	0.07724762864795791
1.910222436	-0.2341637695316562
1.911377675	-0.4559791185530765
1.912532914	-0.49774207610524823
1.913688154	-0.34991308542086674
1.914843393	-0.10600088730255564
1.915998632	0.07415448981961965
1.917153871	0.1602215195261948
1.918309111	0.1742624727701092
1.91946435	0.15947713919035686
1.920619589	0.1432840049545441
1.921774828	0.12885427176531766
1.922930068	0.1173105278802998
1.924085307	0.10995337261350291
1.925240546	0.11295599681342189
1.926395786	0.14145126047929657
1.927551025	0.19582674719148338
1.928706264	0.22897019536814692
1.929861503	0.18328452471450882
1.931016743	0.13913405642967672
1.932171982	0.13108571760108537
1.933327221	0.13878107906531711
1.93448246	0.14932505756333528
1.9356377	0.16190923308570665
1.936792939	0.16558486314959123
1.937948178	0.13713939960621438
1.939103418	0.09539638591712768
1.940258657	0.0739069281945221
1.941413896	0.07786786502785127
1.942569135	0.08260135170807048
1.943724375	0.0785130038227368
1.944879614	0.055716637245897295
1.946034853	0.014755642438354538
1.947190092	-0.02599625204292846
1.948345332	-0.03736215496821801
1.949500571	-0.00947653246943241
1.95065581	0.03811579796371007
1.951811049	0.08043583192666327
1.952966289	0.09781316623079823
1.954121528	0.09928348744621839
1.955276767	0.10295219103729049
1.956432007	0.11285736011925132
1.957587246	0.11918308666689857
1.958742485	0.11698587148922907
1.959897724	0.11289327885216985
1.961052964	0.1114545329215501
1.962208203	0.11286690064988034
1.963363442	0.11476885885247883
1.964518681	0.11459363317033561
1.965673921	0.10940851328092925
1.96682916	0.10006791576783566
1.967984399	0.08943617663814397
1.969139639	0.08288063717584784
1.970294878	0.08363551939242261
1.971450117	0.08936994476040609
1.972605356	0.09589446612326862
1.973760596	0.09857073074211077
1.974915835	0.09897230350265267
1.976071074	0.09755369011463765
1.977226313	0.09629372171474543
1.978381553	0.09616517343499592
1.979536792	0.09601819063923127
1.980692031	0.09700691638787023
1.98184727	0.10008034450557134
1.98300251	0.10200296413307505
1.984157749	0.0995133065630091
1.985312988	0.09278884882700446
1.986468228	0.08537341392881358
1.987623467	0.07999902060273043
1.988778706	0.07936509158267803
1.989933945	0.08267296270180838
1.991089185	0.08639680388206361
1.992244424	0.08843157789355975
1.993399663	0.08649894761307131
1.994554902	0.08152095591523538
1.995710142	0.07567675789965886
1.996865381	0.0737266666972101
1.99802062	0.07546213193181686
1.99917586	0.07868916917716805
2.000331099	0.08245442624726146
2.001486338	0.08582234394054691
2.002641577	0.08752658073988347
2.003796817	0.09649290989237727
2.004952056	0.11347365861770858
2.006107295	0.12308408297306575
2.007262534	0.12055358501106803
2.008417774	0.10889820340272272
2.009573013	0.09334539092198375
2.010728252	0.07517181693392098
2.011883491	0.05859330211225329
2.013038731	0.0517080110485352
2.01419397	0.06224920427751612
2.015349209	0.08217078266231749
2.016504449	0.09831786717234488
2.017659688	0.10552820064562142
2.018814927	0.1066531167504
2.019970166	0.10503621992709039
2.021125406	0.10069827134509168
2.022280645	0.09248243041188693
2.023435884	0.08088655281468353
2.024591123	0.0714309399108521
2.025746363	0.06823641605356733
2.026901602	0.06874928859107006
2.028056841	0.07119637216655311
2.02921208	0.07522360855024408
2.03036732	0.08048423507631952
2.031522559	0.08404502844330339
2.032677798	0.08539569978215823
2.033833038	0.08485586549556973
2.034988277	0.0806927434947865
2.036143516	0.07525585676004815
2.037298755	0.07262216638314709
2.038453995	0.0727793740566927
2.039609234	0.07331716069574178
2.040764473	0.07525459267321484
2.041919712	0.07836081684453247
2.043074952	0.07930478851481043
2.044230191	0.07732422150740595
2.04538543	0.07349628789535001
2.04654067	0.06892858282050547
2.047695909	0.06520814647237541
2.048851148	0.06344318639031246
2.050006387	0.06350395831751753
2.051161627	0.06510139917011433
2.052316866	0.0675501575422808
2.053472105	0.07059390839913682
2.054627344	0.07476798322431782
2.055782584	0.07883851590502043
2.056937823	0.08087605455292081
2.058093062	0.08020386991961438
2.059248301	0.07855589147856534
2.060403541	0.07636349911044533
2.06155878	0.07306295738979215
2.062714019	0.07198073993275565
2.063869259	0.07635586610641777
2.065024498	0.08089725158753189
2.066179737	0.08198448762186669
2.067334976	0.08215120933077592
2.068490216	0.08180318299827345
2.069645455	0.080612019396152
2.070800694	0.07879208615256492
2.071955933	0.0770079216462348
2.073111173	0.07626991631474779
2.074266412	0.07609808439391032
2.075421651	0.07594440279343431
2.076576891	0.07562453090432693
2.07773213	0.07436883142315752
2.078887369	0.07284958747925727
2.080042608	0.07211205664279798
2.081197848	0.07171709988616876
2.082353087	0.0706543786642312
2.083508326	0.0692669984036981
2.084663565	0.06691042243957653
2.085818805	0.0649608269065527
2.086974044	0.06675512574721815
2.088129283	0.07137257764977617
2.089284522	0.07623808969398704
2.090439762	0.08014355306439792
2.091595001	0.08382657379215834
2.09275024	0.08557401981319729
2.09390548	0.08467872884423164
2.095060719	0.08358027838102486
2.096215958	0.08294629663472937
2.097371197	0.08243255822853642
2.098526437	0.08332693819735683
2.099681676	0.08383494468547358
2.100836915	0.0811869058847796
2.101992154	0.07498963000268946
2.103147394	0.06871945004396268
2.104302633	0.06499534688979611
2.105457872	0.06525611127207857
2.106613112	0.07095089000078739
2.107768351	0.08230544944430207
2.10892359	0.09451395570974001
2.110078829	0.10168253223884123
2.111234069	0.1022371227557706
2.112389308	0.09947298906996277
2.113544547	0.09741659111625912
2.114699786	0.09653324287721077
2.115855026	0.09790088071252696
2.117010265	0.09960698654537845
2.118165504	0.10028462173935465
2.119320743	0.10142638531708192
2.120475983	0.10327033931047333
2.121631222	0.10417410549720807
2.122786461	0.10551874746512185
2.123941701	0.10853122110454046
2.12509694	0.11163050636244243
2.126252179	0.1132611544120983
2.127407418	0.11358042577006666
2.128562658	0.11295306080576603
2.129717897	0.11235154808868157
2.130873136	0.11139857155724937
2.132028375	0.11021754141100626
2.133183615	0.10956091976894274
2.134338854	0.10945127925228706
2.135494093	0.11011639544249238
2.136649332	0.11016786300125705
2.137804572	0.1076797344964532
2.138959811	0.10523947579652956
2.14011505	0.10428242617028252
2.14127029	0.10448571889834057
2.142425529	0.10648750175355245
2.143580768	0.10970171985666688
2.144736007	0.11272143904518803
2.145891247	0.1148634659913591
2.147046486	0.11579116219721071
2.148201725	0.11570602909787849
2.149356964	0.11637947255800865
2.150512204	0.11871442144436713
2.151667443	0.1220493437357963
2.152822682	0.12353555990908054
2.153977922	0.12051041145156977
2.155133161	0.11584162216385482
2.1562884	0.11359695442405034
2.157443639	0.11560091893634222
2.158598879	0.1198553745375425
2.159754118	0.124986672912424
2.160909357	0.12946274390980783
2.162064596	0.1315408351164545
2.163219836	0.13040739230707432
2.164375075	0.12968924827952402
2.165530314	0.1371751958931943
2.166685553	0.14603377033819576
2.167840793	0.14238826370136956
2.168996032	0.13895254714987793
2.170151271	0.1392386586212698
2.171306511	0.13917516034013674
2.17246175	0.1372378124104732
2.173616989	0.13154763006221407
2.174772228	0.12214901837903722
2.175927468	0.11372149132382384
2.177082707	0.11101506308455508
2.178237946	0.11265701985853373
2.179393185	0.11288585372871071
2.180548425	0.11076013289443128
2.181703664	0.11159452132916277
2.182858903	0.11350556608544725
2.184014143	0.11564870897425432
2.185169382	0.12105068192677228
2.186324621	0.1311381723567858
2.18747986	0.14315985912572904
2.1886351	0.14968820005316452
2.189790339	0.1460224502332293
2.190945578	0.14010872324264756
2.192100817	0.13688274160877617
2.193256057	0.13563813861052681
2.194411296	0.1357109409965206
2.195566535	0.1360416701379483
2.196721774	0.1360404086602564
2.197877014	0.13560859186309027
2.199032253	0.13512850561143697
2.200187492	0.13488463025830386
2.201342732	0.13499362913561688
2.202497971	0.13538806943844217
2.20365321	0.13484030814544554
2.204808449	0.1356438892791933
2.205963689	0.13981240473215364
2.207118928	0.14100035891737134
2.208274167	0.13702670152028334
2.209429406	0.13195621395624732
2.210584646	0.12831122372484144
2.211739885	0.12782733661120477
2.212895124	0.1303556467769393
2.214050364	0.1346305024985617
2.215205603	0.13962358506577136
2.216360842	0.14319238232086656
2.217516081	0.14285121856545996
2.218671321	0.13832064375745212
2.21982656	0.13098511839637447
2.220981799	0.12296479547588025
2.222137038	0.11738925655746572
2.223292278	0.11641231476685139
2.224447517	0.12107072856733461
2.225602756	0.12799717485032616
2.226757995	0.13001642704989622
2.227913235	0.12634131896743067
2.229068474	0.12277513034571598
2.230223713	0.12228523713477807
2.231378953	0.12308095108087277
2.232534192	0.12397793905267751
2.233689431	0.12515316577877297
2.23484467	0.12731050961575527
2.23599991	0.13054519895909847
2.237155149	0.13380188432258136
2.238310388	0.1351805037273506
2.239465627	0.13339855551905827
2.240620867	0.13110579406084263
2.241776106	0.1312901020997596
2.242931345	0.1324903743491548
2.244086585	0.13304903585279956
2.245241824	0.13248501107902044
2.246397063	0.13141126565453976
2.247552302	0.130748929211819
2.248707542	0.12238829119613184
2.249862781	0.09690444195728148
2.25101802	0.06428262805798722
2.252173259	0.042950121215161355
2.253328499	0.04644687732510901
2.254483738	0.06530064324869991
2.255638977	0.08756024540970292
2.256794216	0.10488968078491152
2.257949456	0.11350338036393634
2.259104695	0.10948689831198095
2.260259934	0.10048436628058044
2.261415174	0.09668969117366714
2.262570413	0.10077634344237787
2.263725652	0.1060002683856208
2.264880891	0.11007487438761109
2.266036131	0.11595961291029948
2.26719137	0.1254467622465372
2.268346609	0.13837917155910603
2.269501848	0.14614539953672415
2.270657088	0.13582998596215004
2.271812327	0.11846710030387297
2.272967566	0.10767018742062069
2.274122805	0.10665900799604931
2.275278045	0.10784400718103544
2.276433284	0.10633975640157363
2.277588523	0.10395350949885442
2.278743763	0.10247187363269152
2.279899002	0.10292131827768895
2.281054241	0.10687968247492109
2.28220948	0.11494526606861658
2.28336472	0.11982377166411859
2.284519959	0.1192058801388042
2.285675198	0.11657104322250221
2.286830437	0.11311964405023368
2.287985677	0.11042062612507464
2.289140916	0.11031807950268357
2.290296155	0.11373953466872566
2.291451395	0.12148415129593408
2.292606634	0.131883004190202
2.293761873	0.13974680628874256
2.294917112	0.13609260714790816
2.296072352	0.11986182151012248
2.297227591	0.09768360787832094
2.29838283	0.08004358969798307
2.299538069	0.07337004030959535
2.300693309	0.07609616986859226
2.301848548	0.08373794059586784
2.303003787	0.09228242063963542
2.304159026	0.10007947191138532
2.305314266	0.10447205389984203
2.306469505	0.10473799832122746
2.307624744	0.10171310091864105
2.308779984	0.09690254467340464
2.309935223	0.09161226121827933
2.311090462	0.0867957657718299
2.312245701	0.08354828274728184
2.313400941	0.08288823954469406
2.31455618	0.08574985571905241
2.315711419	0.08979766037553304
2.316866658	0.09045165344129397
2.318021898	0.08591231590116336
2.319177137	0.07823684780058597
2.320332376	0.07022079188001652
2.321487616	0.06547413748152557
2.322642855	0.06602093822400015
2.323798094	0.07136701533470549
2.324953333	0.07853067268568781
2.326108573	0.0846826510656811
2.327263812	0.08825896814052742
2.328419051	0.08866645681419198
2.32957429	0.08667415378479651
2.33072953	0.0826754561708986
2.331884769	0.07699442579421314
2.333040008	0.07098050005602163
2.334195247	0.06644870549920323
2.335350487	0.06548546037622248
2.336505726	0.06753737193513239
2.337660965	0.07146796505349735
2.338816205	0.07639400950124448
2.339971444	0.0809458621993264
2.341126683	0.08470392061051718
2.342281922	0.08744375631561989
2.343437162	0.0893231035685124
2.344592401	0.08726626026384995
2.34574764	0.0763672763253931
2.346902879	0.05313804993984738
2.348058119	0.027215006897244688
2.349213358	0.014025165112461
2.350368597	0.01857453135066191
2.351523837	0.03799621546627701
2.352679076	0.06453262018959686
2.353834315	0.08502525378807087
2.354989554	0.09203321853134917
2.356144794	0.08948880072453698
2.357300033	0.08475801461250683
2.358455272	0.08158393755701772
2.359610511	0.0783317546684114
2.360765751	0.0767548974063635
2.36192099	0.07657271349696947
2.363076229	0.0754595877700684
2.364231468	0.07195668204609777
2.365386708	0.06628243932488101
2.366541947	0.058771389295426774
2.367697186	0.05075333043540897
2.368852426	0.04540209614717744
2.370007665	0.04641889658553486
2.371162904	0.050742200197434834
2.372318143	0.0545699359220126
2.373473383	0.05876989931940158
2.374628622	0.0643715811200081
2.375783861	0.07006967033839928
2.3769391	0.07302287050616815
2.37809434	0.06955538011040403
2.379249579	0.05918738573161215
2.380404818	0.0463878035455169
2.381560057	0.034021544217317116
2.382715297	0.027452385407439314
2.383870536	0.033214140550992956
2.385025775	0.05120841359384294
2.386181015	0.07185091264907677
2.387336254	0.08670602807662083
2.388491493	0.08470832053560813
2.389646732	0.058345501457514555
2.390801972	0.00734242134254159
2.391957211	-0.052289766749784014
2.39311245	-0.10434043511898075
2.394267689	-0.1278604747029539
2.395422929	-0.10256104437134625
2.396578168	-0.031492241593037394
2.397733407	0.03902234668188904
2.398888647	0.06547731718344603
2.400043886	0.059260449063168484
2.401199125	0.042342667643372016
2.402354364	0.031504148773473635
2.403509604	0.02490226708405163
2.404664843	0.02342910402403793
2.405820082	0.026398124462509134
2.406975321	0.031599363276079435
2.408130561	0.036596583121861787
2.4092858	0.04145260721308056
2.410441039	0.046326981305975616
2.411596278	0.0510342661827886
2.412751518	0.0557336060854376
2.413906757	0.06099921592189236
2.415061996	0.06636246364280499
2.416217236	0.07110840247300551
2.417372475	0.07018964814411183
2.418527714	0.06307824995865903
2.419682953	0.053254784824314526
2.420838193	0.03989023830404563
2.421993432	0.019041051405308866
2.423148671	-0.00035318457489714675
2.42430391	-0.00011924785159704178
2.42545915	0.031614039169398374
2.426614389	0.06434664198390606
2.427769628	0.07301522959418778
2.428924868	0.06036455676119976
2.430080107	0.04032459952236955
2.431235346	0.019882915852990308
2.432390585	0.0009330310779724424
2.433545825	-0.006623642445940949
2.434701064	0.006040684227213392
2.435856303	0.036035495597568655
2.437011542	0.07460693971230824
2.438166782	0.09847519475423631
2.439322021	0.09000267817325529
2.44047726	0.053855333207191276
2.441632499	-0.004429091644191466
2.442787739	-0.10959046793455668
2.443942978	-0.2483439545932825
2.445098217	-0.32891473222778805
2.446253457	-0.25839776898561523
2.447408696	-0.1415310487741688
2.448563935	-0.10368306665203232
2.449719174	-0.11087117956988234
2.450874414	-0.10307456229193346
2.452029653	-0.07012080792080069
2.453184892	-0.049230224084859865
2.454340131	-0.0546302459308569
2.455495371	-0.07851413069890215
2.45665061	-0.08687807842210737
2.457805849	-0.053240619004059
2.458961089	-0.02449022474971729
2.460116328	-0.008140544416825903
2.461271567	0.003739621308291759
2.462426806	0.014606446401905589
2.463582046	0.023134467873489568
2.464737285	0.025386687567166426
2.465892524	0.019523832720597236
2.467047763	0.009779709977357647
2.468203003	-0.0003250989344575746
2.469358242	-0.008598043665121017
2.470513481	-0.006067793625638598
2.47166872	0.020817382449289025
2.47282396	0.056501001093996826
2.473979199	0.08917359036451264
2.475134438	0.1126857717582764
2.476289678	0.08718593609398508
2.477444917	-0.11374601043543782
2.478600156	-0.6765911533863402
2.479755395	-2.8566439428969406
2.480910635	3.8713272398469702
2.482065874	1.626431190151574
2.483221113	4.707009881326148
2.484376352	-0.5506268974266698
2.485531592	-0.1224938346147707
2.486686831	-0.047241773231213376
2.48784207	0.04900280047998673
2.488997309	0.13470370475374396
2.490152549	0.29323549049126624
2.491307788	0.5295768048692122
2.492463027	0.7191901113319547
2.493618267	0.7008909854324885
2.494773506	0.13682044898944282
2.495928745	-0.27697970169972586
2.497083984	-0.3925625798185269