0.45	0.2919208943162691
0.451153287	0.28316478190345645
0.452306574	0.30428897937004956
0.453459862	0.31722829141599557
0.454613149	0.3173046570264988
0.455766436	0.30923894198813195
0.456919723	0.30418222203341033
0.45807301	0.30776995494551446
0.459226298	0.32345434867174655
0.460379585	0.3246108177254821
0.461532872	0.3199300694979112
0.462686159	0.302673139567362
0.463839446	0.31501306771231613
0.464992733	0.32172976173943185
0.466146021	0.32360213771126733
0.467299308	0.3242904621730508
0.468452595	0.32719607578809035
0.469605882	0.33464284523238735
0.470759169	0.35562728293178825
0.471912457	0.33230906286036177
0.473065744	0.3356156542610751
0.474219031	0.3359747734894073
0.475372318	0.338088846984405
0.476525605	0.35100781961370825
0.477678893	0.3369075122699426
0.47883218	0.35244546750183636
0.479985467	0.34920542443406033
0.481138754	0.3487361412123725
0.482292041	0.3633189276824408
0.483445329	0.3957802255431171
0.484598616	0.3878884585002943
0.485751903	0.2928193597028737
0.48690519	0.31980671788625015
0.488058477	0.33288839049321567
0.489211765	0.342088956388751
0.490365052	0.3423729919399572
0.491518339	0.3628138454723728
0.492671626	0.3672963524810508
0.493824913	0.37381227663825706
0.4949782	0.36241085351557817
0.496131488	0.3689980458064631
0.497284775	0.3546494880299756
0.498438062	0.3739446309731809
0.499591349	0.3599164831993518
0.500744636	0.37771184713383366
0.501897924	0.37846330626802405
0.503051211	0.37046392850951576
0.504204498	0.3834345937125612
0.505357785	0.3726195275697998
0.506511072	0.3731601124917682
0.50766436	0.382841680167567
0.508817647	0.3847026048159325
0.509970934	0.38616208271550095
0.511124221	0.38009622244232244
0.512277508	0.3908119060932458
0.513430796	0.4026012456134931
0.514584083	0.3955619248453136
0.51573737	0.3828856518952884
0.516890657	0.4118733281852184
0.518043944	0.4174511998577652
0.519197232	0.4165654121968417
0.520350519	0.41013812361312124
0.521503806	0.40699589571243644
0.522657093	0.424081408123976
0.52381038	0.40707020022085527
0.524963667	0.3922639988573796
0.526116955	0.41870451968528993
0.527270242	0.4251604379070294
0.528423529	0.41115163666027144
0.529576816	0.421638979992573
0.530730103	0.4123283891290771
0.531883391	0.4125158086896639
0.533036678	0.4302539949645158
0.534189965	0.42023242476112016
0.535343252	0.41073896396786247
0.536496539	0.4164937521323321
0.537649827	0.4177841469066043
0.538803114	0.409477746538572
0.539956401	0.4182917837497789
0.541109688	0.40960514994834707
0.542262975	0.4016139497249934
0.543416263	0.4015092803312305
0.54456955	0.40578835221935944
0.545722837	0.4078710285799698
0.546876124	0.4234388161831044
0.548029411	0.4338023353929026
0.549182699	0.42972529667139564
0.550335986	0.4339011550984428
0.551489273	0.43363598758554533
0.55264256	0.43507680511063
0.553795847	0.4296817730199588
0.554949134	0.4298885958030681
0.556102422	0.4422393597710596
0.557255709	0.4422988332895076
0.558408996	0.44500369369461074
0.559562283	0.4417003429641245
0.56071557	0.43788755533983126
0.561868858	0.4421262732656687
0.563022145	0.4385609661553532
0.564175432	0.4402929075927097
0.565328719	0.44583567495823784
0.566482006	0.4400570542909175
0.567635294	0.4248373409894953
0.568788581	0.4384247075579878
0.569941868	0.4312900692014352
0.571095155	0.44405548078703744
0.572248442	0.4317451918216362
0.57340173	0.4306363304454108
0.574555017	0.42861875382829173
0.575708304	0.43524777471678594
0.576861591	0.4335364843948496
0.578014878	0.43276926224749757
0.579168165	0.4477652547610883
0.580321453	0.44629384703855046
0.58147474	0.44922687987870114
0.582628027	0.44701977381984404
0.583781314	0.4530816221556754
0.584934601	0.45546867596652996
0.586087889	0.4674335101162972
0.587241176	0.4523513669958979
0.588394463	0.4501107838522857
0.58954775	0.4771997685509228
0.590701037	0.4473920338051559
0.591854325	0.46076800914894883
0.593007612	0.45768831645762165
0.594160899	0.46155642591649143
0.595314186	0.46054819379536305
0.596467473	0.4558021686263018
0.597620761	0.4622898467171398
0.598774048	0.4674802514317004
0.599927335	0.46356012419680154
0.601080622	0.46944506593230256
0.602233909	0.4775749989710649
0.603387197	0.47118566157682057
0.604540484	0.47155228151584266
0.605693771	0.47815184937398675
0.606847058	0.4801847571154376
0.608000345	0.4743473634010391
0.609153632	0.4712861135159767
0.61030692	0.4721327645408326
0.611460207	0.4589956092854576
0.612613494	0.45394518464499084
0.613766781	0.4419941015066117
0.614920068	0.41154413180773947
0.616073356	0.40561424067292223
0.617226643	0.39367110283605944
0.61837993	0.3670378631870027
0.619533217	0.36491873777600303
0.620686504	0.3664109625475713
0.621839792	0.3921172442933473
0.622993079	0.40563542242333506
0.624146366	0.4348853553039186
0.625299653	0.4641425950424616
0.62645294	0.47275684802774526
0.627606228	0.466287526539439
0.628759515	0.47281033519291954
0.629912802	0.4848878283772643
0.631066089	0.4955441504273444
0.632219376	0.49937714545419915
0.633372664	0.5023230079116656
0.634525951	0.5007586695733988
0.635679238	0.5069760747768797
0.636832525	0.501059964378845
0.637985812	0.5040111602910441
0.639139099	0.5055749546339325
0.640292387	0.5069659402631714
0.641445674	0.5117210116425743
0.642598961	0.511999679037357
0.643752248	0.5002739093510656
0.644905535	0.4915501174922982
0.646058823	0.49168920749331824
0.64721211	0.49111344608346486
0.648365397	0.4904628470789967
0.649518684	0.49051364184139395
0.650671971	0.4921153156525256
0.651825259	0.4942081311856447
0.652978546	0.5076063037999535
0.654131833	0.5218364377155433
0.65528512	0.50669043798207
0.656438407	0.45827339942043815
0.657591695	0.5489006333685756
0.658744982	0.5234795487645332
0.659898269	0.5044483346336373
0.661051556	0.5039536854972982
0.662204843	0.50040273717445
0.663358131	0.4934220367274683
0.664511418	0.487668749569474
0.665664705	0.48322019603810146
0.666817992	0.4825727887447822
0.667971279	0.4806837571342672
0.669124566	0.48842532382792925
0.670277854	0.49746206734556736
0.671431141	0.5033157761334028
0.672584428	0.5147125641335161
0.673737715	0.5279835543851834
0.674891002	0.5397170107163477
0.67604429	0.5456793639176772
0.677197577	0.5470912277142452
0.678350864	0.5445825817475389
0.679504151	0.5501155469531989
0.680657438	0.5455833103221667
0.681810726	0.5383672213025186
0.682964013	0.530121204792265
0.6841173	0.5312260561155289
0.685270587	0.5373903972143558
0.686423874	0.5357742289926548
0.687577162	0.5246701056508701
0.688730449	0.5141233726935927
0.689883736	0.5177818648289527
0.691037023	0.5280720349547363
0.69219031	0.5307807409293267
0.693343597	0.5287640642117006
0.694496885	0.5274201149082445
0.695650172	0.5269845601618709
0.696803459	0.5207173022586487
0.697956746	0.5051380005468071
0.699110033	0.48393567395468057
0.700263321	0.46613724197649276
0.701416608	0.45846648092138403
0.702569895	0.45414350222046923
0.703723182	0.45431966736426327
0.704876469	0.4589474511584751
0.706029757	0.46929154633862613
0.707183044	0.48389099538811625
0.708336331	0.49626570315162466
0.709489618	0.5039148260658115
0.710642905	0.5084182487440563
0.711796193	0.5124563988937862
0.71294948	0.5169417556783465
0.714102767	0.5099549130389193
0.715256054	0.49102376206594656
0.716409341	0.4547439609184334
0.717562629	0.3932524993263179
0.718715916	0.33739130326041383
0.719869203	0.30633871710001004
0.72102249	0.2943874464228628
0.722175777	0.28070630753059056
0.723329064	0.24927366092525577
0.724482352	0.21533060837709603
0.725635639	0.18522354951340322
0.726788926	0.17218594462074502
0.727942213	0.17588649271949686
0.7290955	0.19584542702391103
0.730248788	0.2256454399988786
0.731402075	0.25680339942199815
0.732555362	0.2909862658273069
0.733708649	0.32759396231046817
0.734861936	0.359301852643257
0.736015224	0.3855415011542855
0.737168511	0.4106290713882762
0.738321798	0.4456377943662705
0.739475085	0.47276559798262235
0.740628372	0.49451296194562067
0.74178166	0.5080692388066633
0.742934947	0.5209420026924912
0.744088234	0.5277194960421436
0.745241521	0.5342021641712331
0.746394808	0.5284596222223227
0.747548096	0.5288352028543772
0.748701383	0.5309998195560998
0.74985467	0.531797024102
0.751007957	0.5317027554051919
0.752161244	0.5293570387371417
0.753314531	0.5192026748227492
0.754467819	0.5116970619991896
0.755621106	0.5061496009641642
0.756774393	0.49525868269800427
0.75792768	0.4916682308068731
0.759080967	0.4936305280931885
0.760234255	0.451837178279209
0.761387542	0.3784918930492403
0.762540829	0.3671960296549487
0.763694116	0.3850116117310372
0.764847403	0.4033048358013092
0.766000691	0.4341433910622716
0.767153978	0.46321646137604544
0.768307265	0.4735846913806536
0.769460552	0.468196315283742
0.770613839	0.4601409748545477
0.771767127	0.45544142738417465
0.772920414	0.44609356045241977
0.774073701	0.44390289062144783
0.775226988	0.4454660461816735
0.776380275	0.4345424110311144
0.777533562	0.4069658542747157
0.77868685	0.41275301325242797
0.779840137	0.39188681588251106
0.780993424	0.36759345465567345
0.782146711	0.35064473874564706
0.783299998	0.3427353592129851
0.784453286	0.3409572198936319
0.785606573	0.3446242862683762
0.78675986	0.34961925972975816
0.787913147	0.35244887740645503
0.789066434	0.35589605883465536
0.790219722	0.35401466749294624
0.791373009	0.34899202774385296
0.792526296	0.33961927683794074
0.793679583	0.3354502804763667
0.79483287	0.33216026505651775
0.795986158	0.327256847175837
0.797139445	0.3235391845971784
0.798292732	0.3262887516416913
0.799446019	0.3343811307781108
0.800599306	0.340978058558175
0.801752594	0.34639359426819466
0.802905881	0.35464793341868184
0.804059168	0.365375398789122
0.805212455	0.375697331686247
0.806365742	0.3796896851955699
0.807519029	0.3860716969788447
0.808672317	0.3956580921632368
0.809825604	0.4008504038288726
0.810978891	0.40300221471879194
0.812132178	0.40808772413827965
0.813285465	0.4111105342519165
0.814438753	0.41218960465250026
0.81559204	0.4084940711555466
0.816745327	0.4075854264561464
0.817898614	0.422292126830713
0.819051901	0.4373390902669918
0.820205189	0.44826483255107413
0.821358476	0.4566139732677829
0.822511763	0.4462153781322836
0.82366505	0.4560282127101278
0.824818337	0.47500524369888625
0.825971625	0.4797183299445235
0.827124912	0.48123572963308353
0.828278199	0.47679433669819804
0.829431486	0.4770403079063012
0.830584773	0.4759261218054312
0.831738061	0.47322005185526805
0.832891348	0.4684822092243679
0.834044635	0.4460238006417288
0.835197922	0.41477735854727765
0.836351209	0.38162072413683745
0.837504496	0.35299417819970497
0.838657784	0.33674607235015885
0.839811071	0.32412206460345394
0.840964358	0.3212220286250023
0.842117645	0.33648065589820747
0.843270932	0.35508101471412196
0.84442422	0.3678052409729314
0.845577507	0.40625405905791384
0.846730794	0.3883407211250751
0.847884081	0.41529120213529663
0.849037368	0.4225928759725004
0.850190656	0.36797731445542564
0.851343943	0.37328924785498635
0.85249723	0.36948543876366224
0.853650517	0.33246767141217254
0.854803804	0.3022611325695606
0.855957092	0.30478847137705106
0.857110379	0.2653541447592328
0.858263666	0.2341069739431201
0.859416953	0.187886234780091
0.86057024	0.16776868307505924
0.861723528	0.16404795802044744
0.862876815	0.1544949900075075
0.864030102	0.15366463752377724
0.865183389	0.1557025216902428
0.866336676	0.1522074184590871
0.867489963	0.18730991680761436
0.868643251	0.20904985466327572
0.869796538	0.2339426523479279
0.870949825	0.25473807684337774
0.872103112	0.27516090122057923
0.873256399	0.2863327528259092
0.874409687	0.2627937136289096
0.875562974	0.24704124998508278
0.876716261	0.2676782410595571
0.877869548	0.25160968493001673
0.879022835	0.2137908144259397
0.880176123	0.16932158940013614
0.88132941	0.1254383531399944
0.882482697	0.09216927342486399
0.883635984	0.07535642678584961
0.884789271	0.068397108328929
0.885942559	0.057817657785114385
0.887095846	0.05860789167618656
0.888249133	0.06348749862911479
0.88940242	0.06581989217913711
0.890555707	0.06805155040956913
0.891708994	0.06906718436264446
0.892862282	0.06756244642094159
0.894015569	0.06727968637328431
0.895168856	0.06913000316921408
0.896322143	0.07364684888996409
0.89747543	0.08007859920419962
0.898628718	0.08501252626329144
0.899782005	0.09320904454131214
0.900935292	0.09715051072059487
0.902088579	0.11328991224094308
0.903241866	0.1550955741470558
0.904395154	0.18684083851181366
0.905548441	0.20674076152289966
0.906701728	0.22085532371879196
0.907855015	0.23659142670947025
0.909008302	0.2458184925972549
0.91016159	0.2510194368725053
0.911314877	0.2554860988468674
0.912468164	0.2550963131793713
0.913621451	0.2514481762124973
0.914774738	0.25767261195074614
0.915928026	0.25552662704091234
0.917081313	0.264929949007551
0.9182346	0.273335751862748
0.919387887	0.2845049489617483
0.920541174	0.2931741868107321
0.921694461	0.2825571538911583
0.922847749	0.26064810874316846
0.924001036	0.278890566390803
0.925154323	0.2908572607430858
0.92630761	0.2842535464282262
0.927460897	0.28700541940885965
0.928614185	0.282654627440785
0.929767472	0.26935561835120214
0.930920759	0.24828506627986102
0.932074046	0.22039761011225656
0.933227333	0.20700713894706704
0.934380621	0.1952449725153826
0.935533908	0.20133702384192456
0.936687195	0.2045493373198972
0.937840482	0.20622361938649644
0.938993769	0.22150494193858275
0.940147057	0.22158398707921861
0.941300344	0.21159507363645963
0.942453631	0.194809588173873
0.943606918	0.18048533380351459
0.944760205	0.1788322006430407
0.945913493	0.1761351669132839
0.94706678	0.17772322439242408
0.948220067	0.17579037680297752
0.949373354	0.1780213751622818
0.950526641	0.18641497647148325
0.951679928	0.20007194613687598
0.952833216	0.20826550252597598
0.953986503	0.20308117335691417
0.95513979	0.1758847505217957
0.956293077	0.17079407984966616
0.957446364	0.17277296486226532
0.958599652	0.16369152122841188
0.959752939	0.15848427992194777
0.960906226	0.15778540323651186
0.962059513	0.15357373075847394
0.9632128	0.1530992763458405
0.964366088	0.1491519565367206
0.965519375	0.14828250965050777
0.966672662	0.14631397213223524
0.967825949	0.1483124577300035
0.968979236	0.14909776098377647
0.970132524	0.
0.971285811	0.
0.972439098	0.
0.973592385	0.
0.974745672	0.
0.97589896	0.
0.977052247	0.
0.978205534	0.
0.979358821	0.
0.980512108	0.
0.981665395	0.
0.982818683	0.
0.98397197	0.
0.985125257	0.
0.986278544	0.
0.987431831	0.
0.988585119	0.
0.989738406	0.
0.990891693	0.
0.99204498	0.
0.993198267	0.
0.994351555	0.
0.995504842	0.
0.996658129	0.
0.997811416	0.1291490982079303
0.998964703	0.12594322291902993
1.000117991	0.12143353622002342
1.001271278	0.10972044487110572
1.002424565	0.09942710890614279
1.003577852	0.08868323805314107
1.004731139	0.08087334600333379
1.005884426	0.0810735751915996
1.007037714	0.085650438718151
1.008191001	0.08898300639878377
1.009344288	0.09763064147944131
1.010497575	0.10830275982318442
1.011650862	0.11882657323427794
1.01280415	0.13109331365081217
1.013957437	0.14535948173709953
1.015110724	0.15836514152588102
1.016264011	0.17075915262096014
1.017417298	0.18120977287275253
1.018570586	0.1886496374850693
1.019723873	0.19782658828779764
1.02087716	0.2082842187010936
1.022030447	0.21691533300053603
1.023183734	0.22685792229523943
1.024337022	0.23772584725276436
1.025490309	0.24930933513793735
1.026643596	0.2591952322619329
1.027796883	0.2672963409202334
1.02895017	0.2779740557022959
1.030103458	0.29020922329893706
1.031256745	0.2990280678091412
1.032410032	0.31002479134069033
1.033563319	0.32699311579184626
1.034716606	0.3390863542966965
1.035869893	0.3446104438239369
1.037023181	0.35545180002800475
1.038176468	0.3681774884270568
1.039329755	0.37418362732499555
1.040483042	0.3791721691025544
1.041636329	0.38681904658438565
1.042789617	0.39350811267772656
1.043942904	0.3982471255335308
1.045096191	0.40521086095469744
1.046249478	0.4119396078333446
1.047402765	0.4120754956484788
1.048556053	0.4105530781715732
1.04970934	0.4103785885784328
1.050862627	0.4130493537047791
1.052015914	0.41563860522055085
1.053169201	0.42076327364354843
1.054322489	0.4246486649101889
1.055475776	0.42304707671563563
1.056629063	0.42488057604677554
1.05778235	0.4323873126587619
1.058935637	0.4346506882694553
1.060088925	0.4317173905956539
1.061242212	0.4278922807178626
1.062395499	0.43313240259426816
1.063548786	0.4372461271116606
1.064702073	0.43612392832694125
1.06585536	0.4338925214589521
1.067008648	0.4315911056219008
1.068161935	0.4312372519217345
1.069315222	0.4345322940454625
1.070468509	0.43644964454311214
1.071621796	0.4323409986934958
1.072775084	0.43079465068736644
1.073928371	0.43396253443779625
1.075081658	0.4347314729911259
1.076234945	0.43377409701096337
1.077388232	0.4351474801576115
1.07854152	0.43384085706779846
1.079694807	0.4270835327927623
1.080848094	0.4283878369173807
1.082001381	0.4364107648182767
1.083154668	0.4332023139167911
1.084307956	0.42302103568193467
1.085461243	0.41329954371764027
1.08661453	0.41356942518780054
1.087767817	0.4256172287913292
1.088921104	0.42460228585375687
1.090074392	0.40945439166211794
1.091227679	0.39787030398220163
1.092380966	0.39143048938936764
1.093534253	0.39277168462671846
1.09468754	0.38567315454963025
1.095840827	0.3648417432917535
1.096994115	0.34861253246747936
1.098147402	0.33693674190609885
1.099300689	0.32189811793150247
1.100453976	0.3098423426888962
1.101607263	0.3057170719840872
1.102760551	0.29996789271690255
1.103913838	0.29016000765722244
1.105067125	0.2811165395154422
1.106220412	0.2719415521520102
1.107373699	0.2608064714153659
1.108526987	0.24547091210507865
1.109680274	0.22637274892445983
1.110833561	0.2065684589369108
1.111986848	0.18675806179127266
1.113140135	0.16710847770086384
1.114293423	0.147958345689199
1.11544671	0.12989522642100593
1.116599997	0.11309932403318493
1.117753284	0.09793728924193808
1.118906571	0.08484946731590522
1.120059858	0.07319879375829542
1.121213146	0.0614132808649602
1.122366433	0.04997460839827569
1.12351972	0.040510994693569655
1.124673007	0.03293567491370415
1.125826294	0.027198225717740644
1.126979582	0.022899138383436393
1.128132869	0.020007753677756396
1.129286156	0.0188686845396698
1.130439443	0.019042190999248285
1.13159273	0.02007685622242907
1.132746018	0.021933330146865396
1.133899305	0.0244109091464596
1.135052592	0.026914468540024154
1.136205879	0.029262737396399095
1.137359166	0.031840892633638485
1.138512454	0.034265340962227775
1.139665741	0.03625710910530156
1.140819028	0.03779066637619658
1.141972315	0.03858792957649031
1.143125602	0.03869336382910321
1.14427889	0.03765011001781062
1.145432177	0.0351730122548475
1.146585464	0.0320009134543925
1.147738751	0.02854444847561282
1.148892038	0.024728588871094838
1.150045325	0.02085466203833206
1.151198613	0.017330348320247987
1.1523519	0.014344969124439774
1.153505187	0.012137184070658192
1.154658474	0.010669388915341712
1.155811761	0.009771242800845462
1.156965049	0.00921600897752988
1.158118336	0.00886574842477854
1.159271623	0.008781516780005277
1.16042491	0.00888022121873534
1.161578197	0.009061144822230567
1.162731485	0.009203101810295466
1.163884772	0.00952250614010176
1.165038059	0.010264039440188185
1.166191346	0.011548235332327393
1.167344633	0.013418778180277709
1.168497921	0.015859907133787994
1.169651208	0.0189370689507409
1.170804495	0.022304575513770894
1.171957782	0.02573240952848771
1.173111069	0.02903550533202201
1.174264357	0.03203617123886898
1.175417644	0.03459028988821184
1.176570931	0.03602945033919912
1.177724218	0.0362302414582036
1.178877505	0.035234044272632666
1.180030792	0.033434069496905375
1.18118408	0.031809797501262164
1.182337367	0.030571472157951834
1.183490654	0.029922108634991226
1.184643941	0.02945165317937561
1.185797228	0.029008999646120876
1.186950516	0.03001755320112458
1.188103803	0.03251483189813745
1.18925709	0.03514939164058245
1.190410377	0.038146360419880385
1.191563664	0.04201909414042933
1.192716952	0.046551948770385015
1.193870239	0.05173643566654039
1.195023526	0.05762278574580503
1.196176813	0.06442343905991213
1.1973301	0.07308312498162824
1.198483388	0.08182520224736008
1.199636675	0.0884625921581675
1.200789962	0.09530297246684975
1.201943249	0.10383410513938494
1.203096536	0.11677870975724858
1.204249824	0.13237720046978707
1.205403111	0.14339067867527627
1.206556398	0.15503504608363544
1.207709685	0.1721570562428237
1.208862972	0.18648524082598153
1.210016259	0.19541340936893822
1.211169547	0.204739093857065
1.212322834	0.21520315367714246
1.213476121	0.2258402106770431
1.214629408	0.2358088793477124
1.215782695	0.24425217161421794
1.216935983	0.2511777771115215
1.21808927	0.256634058996339
1.219242557	0.2599396410955947
1.220395844	0.2611355823156784
1.221549131	0.2602122552572361
1.222702419	0.2573859686035982
1.223855706	0.2528677936035311
1.225008993	0.24566233855126457
1.22616228	0.2369173295672963
1.227315567	0.23005653509931273
1.228468855	0.22388237043762715
1.229622142	0.21777143340256144
1.230775429	0.2153250146517079
1.231928716	0.21678870371739686
1.233082003	0.21986029375812746
1.23423529	0.22377604587763159
1.235388578	0.2289769419545703
1.236541865	0.23512890043351015
1.237695152	0.2418205847149298
1.238848439	0.2505560524205883
1.240001726	0.26094500171322427
1.241155014	0.2699646387123098
1.242308301	0.277410223452591
1.243461588	0.2838034274345074
1.244614875	0.28888075785922374
1.245768162	0.2927117259265233
1.24692145	0.2971178426157084
1.248074737	0.30325229297094464
1.249228024	0.3091901802583852
1.250381311	0.31539645552525736
1.251534598	0.32341507947082887
1.252687886	0.3287761211130482
1.253841173	0.33017770200028396
1.25499446	0.3315026233248312
1.256147747	0.3331970512918205
1.257301034	0.33383527167030613
1.258454322	0.33318216278183355
1.259607609	0.3311341346491571
1.260760896	0.32879988158600537
1.261914183	0.3266119534214265
1.26306747	0.3241848433192492
1.264220757	0.32223607241613006
1.265374045	0.3224441612056316
1.266527332	0.3261874516923591
1.267680619	0.33333564149827277
1.268833906	0.33816151826640517
1.269987193	0.338193378396572
1.271140481	0.33930809322856154
1.272293768	0.3423656882161082
1.273447055	0.3464896237290373
1.274600342	0.35154244055799
1.275753629	0.35537795524508964
1.276906917	0.35937807632440966
1.278060204	0.3635725093724402
1.279213491	0.36410922970481957
1.280366778	0.3673140996425438
1.281520065	0.389999547874622
1.282673353	0.3983109407100718
1.28382664	0.3747998807482404
1.284979927	0.3606088573709162
1.286133214	0.3585291458514055
1.287286501	0.35676900812775075
1.288439789	0.35494780869971804
1.289593076	0.35466326236029316
1.290746363	0.3528031873798273
1.29189965	0.34867195537624607
1.293052937	0.34711319015816583
1.294206224	0.34648398278025094
1.295359512	0.3425142141417587
1.296512799	0.337172005495607
1.297666086	0.3323304422296487
1.298819373	0.32502766420910767
1.29997266	0.31526565268211987
1.301125948	0.30802054131734596
1.302279235	0.3030210635433824
1.303432522	0.2971559257639084
1.304585809	0.28957454855162523
1.305739096	0.27933403291495634
1.306892384	0.2687097259603027
1.308045671	0.2582672608327878
1.309198958	0.24637744232162037
1.310352245	0.2338783452566259
1.311505532	0.22294541621538977
1.31265882	0.20882574469510587
1.313812107	0.19026590969951584
1.314965394	0.1745254883150674
1.316118681	0.16130713645353403
1.317271968	0.14533484953074371
1.318425256	0.13017259133651357
1.319578543	0.11957906254805004
1.32073183	0.11202334858699474
1.321885117	0.10662966587282183
1.323038404	0.10230407750965498
1.324191691	0.09855235960237763
1.325344979	0.09595603954663477
1.326498266	0.09383700555038436
1.327651553	0.09143334897645002
1.32880484	0.0892038116457338
1.329958127	0.08712184232755181
1.331111415	0.08401287101838434
1.332264702	0.07988209378651294
1.333417989	0.07507540737298889
1.334571276	0.07028719420723159
1.335724563	0.06600087778401134
1.336877851	0.06131544469620622
1.338031138	0.05590045836664001
1.339184425	0.050528813038570014
1.340337712	0.0451696170908287
1.341490999	0.039694828243239104
1.342644287	0.03486818809385646
1.343797574	0.030778653197909994
1.344950861	0.02735546132628201
1.346104148	0.024624235012909106
1.347257435	0.02245345845442257
1.348410722	0.020771948229971967
1.34956401	0.01964101414760627
1.350717297	0.018401777449254093
1.351870584	0.01677522173496548
1.353023871	0.015121528798842881
1.354177158	0.013472423686510934
1.355330446	0.012088905239776581
1.356483733	0.010853530950839388
1.35763702	0.009573178111475827
1.358790307	0.008721892241882538
1.359943594	0.008505629788135866
1.361096882	0.00893769159551289
1.362250169	0.010077423189321264
1.363403456	0.011773994875976993
1.364556743	0.013161702651294568
1.36571003	0.013939895398030928
1.366863318	0.014322363925619095
1.368016605	0.014494490159578636
1.369169892	0.014733891407112244
1.370323179	0.014687147768328586
1.371476466	0.014235454301428415
1.372629754	0.013514940053453096
1.373783041	0.012634620211772094
1.374936328	0.011917689338151927
1.376089615	0.011362811677483878
1.377242902	0.010834761579367245
1.378396189	0.010380771357287745
1.379549477	0.010088936284707974
1.380702764	0.00994011316538664
1.381856051	0.009988100188353298
1.383009338	0.01020461132479306
1.384162625	0.010417247115915062
1.385315913	0.010625465494812537
1.3864692	0.01049447700785348
1.387622487	0.00990727955600431
1.388775774	0.009338395371248092
1.389929061	0.00889952687409648
1.391082349	0.008540716663450855
1.392235636	0.008243169375310229
1.393388923	0.00802202618349193
1.39454221	0.007840051332500465
1.395695497	0.007662727092274847
1.396848785	0.007488699613972883
1.398002072	0.00734712870614333
1.399155359	0.007344419989070649
1.400308646	0.007486516766143242
1.401461933	0.007564540452022988
1.402615221	0.00758537479963269
1.403768508	0.007573181839744307
1.404921795	0.007405404179660004
1.406075082	0.007205254190220978
1.407228369	0.0070960935396607305
1.408381656	0.0071460365452261
1.409534944	0.0073847848054263724
1.410688231	0.007928904938179316
1.411841518	0.008852405114752092
1.412994805	0.010033137634093503
1.414148092	0.0114661430946342
1.41530138	0.013052888865769649
1.416454667	0.014730176521676347
1.417607954	0.01647322874494855
1.418761241	0.01819932774513196
1.419914528	0.01999375908623461
1.421067816	0.021965659221315808
1.422221103	0.024004257052649358
1.42337439	0.02559440741072243
1.424527677	0.02707453383366651
1.425680964	0.028980873943731576
1.426834252	0.030926066408331634
1.427987539	0.0328008545896493
1.429140826	0.034786225448506375
1.430294113	0.0369580225229204
1.4314474	0.039405732585158275
1.432600687	0.04215452920363965
1.433753975	0.04519834135970104
1.434907262	0.04825746095884994
1.436060549	0.05116044247253891
1.437213836	0.053955664185157244
1.438367123	0.057006559746389955
1.439520411	0.06117970431424552
1.440673698	0.06437509191295042
1.441826985	0.06513883976712029
1.442980272	0.06598547152973612
1.444133559	0.06716195495560437
1.445286847	0.06687815678856558
1.446440134	0.06581376547098666
1.447593421	0.0655382731338949
1.448746708	0.06544593562655403
1.449899995	0.06509638014392888
1.451053283	0.0656555269043475
1.45220657	0.06709375909282919
1.453359857	0.06864244333290292
1.454513144	0.07083647442027681
1.455666431	0.07421814825102797
1.456819719	0.0779461709456471
1.457973006	0.0810888060150972
1.459126293	0.08464446420565987
1.46027958	0.08908089986671332
1.461432867	0.09452116434163435
1.462586154	0.1002717296142367
1.463739442	0.1055167115947984
1.464892729	0.11068512115716614
1.466046016	0.11551351976950845
1.467199303	0.118342178917806
1.46835259	0.11934949643721482
1.469505878	0.12017905458570934
1.470659165	0.12052363259779637
1.471812452	0.12038570612127342
1.472965739	0.12029557813061528
1.474119026	0.11864534417422963
1.475272314	0.11377989567183279
1.476425601	0.11511315682876981
1.477578888	0.11621272838761008
1.478732175	0.11694980013643232
1.479885462	0.11680063405193888
1.48103875	0.12293280343822292
1.482192037	0.13389117721923544
1.483345324	0.14285970232122575
1.484498611	0.15507264909269208
1.485651898	0.16373531368994731
1.486805186	0.18105341460115518
1.487958473	0.2073612471755321
1.48911176	0.21314155714948593
1.490265047	0.21178861462716048
1.491418334	0.2196517492269834
1.492571621	0.23064012104233925
1.493724909	0.23652665455138708
1.494878196	0.24152254829457007
1.496031483	0.25027133243692423
1.49718477	0.25299654456624077
1.498338057	0.2504204149574014
1.499491345	0.2480001819798259
1.500644632	0.25161955536470043
1.501797919	0.25555137401000116
1.502951206	0.2555296140144729
1.504104493	0.25702321328031474
1.505257781	0.26006685860442735
1.506411068	0.2608503513048742
1.507564355	0.25650702160872063
1.508717642	0.255490530243808
1.509870929	0.2552831402670589
1.511024217	0.25915319893664057
1.512177504	0.2664247251750854
1.513330791	0.27245109978295295
1.514484078	0.27766930830114417
1.515637365	0.27977285355295217
1.516790653	0.2822106643366044
1.51794394	0.28636298151423134
1.519097227	0.2906499281124992
1.520250514	0.2950763259201318
1.521403801	0.30164329761721165
1.522557088	0.3085860236556332
1.523710376	0.31027399043053894
1.524863663	0.3078579256049881
1.52601695	0.30530756258584674
1.527170237	0.3068403593214173
1.528323524	0.31268435561899105
1.529476812	0.3233348766146143
1.530630099	0.3259185538699247
1.531783386	0.3159036583027327
1.532936673	0.3111773950958432
1.53408996	0.31409550366184985
1.535243248	0.3148424730254529
1.536396535	0.3152239362834104
1.537549822	0.3219709231734896
1.538703109	0.3304147641636256
1.539856396	0.33474031921235536
1.541009684	0.3329131985047096
1.542162971	0.32853291649921673
1.543316258	0.3252303473924983
1.544469545	0.3258615482738997
1.545622832	0.3279104092224994
1.546776119	0.3321553883334851
1.547929407	0.3389539358795748
1.549082694	0.34027411906092464
1.550235981	0.33694942515952575
1.551389268	0.3310555898567215
1.552542555	0.32812955328452986
1.553695843	0.33341831678166045
1.55484913	0.3359566032359682
1.556002417	0.3353967229385192
1.557155704	0.3371187359438886
1.558308991	0.33977874547905323
1.559462279	0.34153609575102
1.560615566	0.3422413040436747
1.561768853	0.3380563119914873
1.56292214	0.3353910750762971
1.564075427	0.3356611837604879
1.565228715	0.33411798338291454
1.566382002	0.33336270173884314
1.567535289	0.3318432480009845
1.568688576	0.3281381262701468
1.569841863	0.3234721075673328
1.570995151	0.3245591015974282
1.572148438	0.3330001248245134
1.573301725	0.34458402286095374
1.574455012	0.3537895439203618
1.575608299	0.3593505208518073
1.576761586	0.363990362837693
1.577914874	0.36267214977455603
1.579068161	0.3545318733349037
1.580221448	0.3431692755007402
1.581374735	0.3499897579349041
1.582528022	0.36017636317176543
1.58368131	0.3556271704429767
1.584834597	0.3472572279922622
1.585987884	0.34086593642660323
1.587141171	0.3408083711788178
1.588294458	0.35156623983950946
1.589447746	0.36969124498719
1.590601033	0.3823550998922875
1.59175432	0.3730434392897779
1.592907607	0.3624749971907291
1.594060894	0.3591808193452717
1.595214182	0.36550345994334815
1.596367469	0.3715895493371943
1.597520756	0.36140840639940264
1.598674043	0.35349118330413554
1.59982733	0.36038635090145194
1.600980618	0.36465795084601255
1.602133905	0.3613887781372083
1.603287192	0.35884448031956007
1.604440479	0.35606653693870965
1.605593766	0.35493018930995235
1.606747053	0.3513571681943198
1.607900341	0.34401179127232057
1.609053628	0.34290211001964116
1.610206915	0.34604109165588837
1.611360202	0.3449650843094987
1.612513489	0.3418637101429556
1.613666777	0.33649529448437643
1.614820064	0.3336897980191725
1.615973351	0.33419051531016924
1.617126638	0.3169448126238054
1.618279925	0.29226335640110146
1.619433213	0.2780537023043338
1.6205865	0.26092482063997685
1.621739787	0.23833721377583195
1.622893074	0.21494594741521936
1.624046361	0.19463849751943002
1.625199649	0.17739272046013166
1.626352936	0.16099787587923553
1.627506223	0.14310265377286197
1.62865951	0.12661356003187105
1.629812797	0.11170031644487753
1.630966085	0.09735163944394021
1.632119372	0.08330258633901776
1.633272659	0.07156587563548257
1.634425946	0.06214156385181511
1.635579233	0.054268948535264656
1.63673252	0.048646923563736226
1.637885808	0.04480990453985334
1.639039095	0.04248731125265185
1.640192382	0.041184670030133985
1.641345669	0.041094897227578066
1.642498956	0.04183728292305904
1.643652244	0.041955686229694665
1.644805531	0.040081858740473764
1.645958818	0.0365695215954742
1.647112105	0.03206168874529165
1.648265392	0.027174727956286625
1.64941868	0.02247875504059604
1.650571967	0.01811039848431173
1.651725254	0.014815777086789805
1.652878541	0.012775539728538742
1.654031828	0.011875214045150012
1.655185116	0.011987386004025654
1.656338403	0.01301808291843313
1.65749169	0.01462479470580722
1.658644977	0.016462031139917205
1.659798264	0.01812300209237053
1.660951551	0.01881792745078219
1.662104839	0.018811690324959815
1.663258126	0.018639765579566172
1.664411413	0.018472160725097973
1.6655647	0.01886036247421419
1.666717987	0.01964131652430118
1.667871275	0.020648943125816444
1.669024562	0.021664615922784795
1.670177849	0.02297195154298759
1.671331136	0.02509501574273271
1.672484423	0.027502593821517003
1.673637711	0.028790401815183383
1.674790998	0.03001395238101646
1.675944285	0.031814133436683205
1.677097572	0.033057142043811855
1.678250859	0.033921082532234796
1.679404147	0.03604980782603925
1.680557434	0.03883661619868856
1.681710721	0.04195369650429129
1.682864008	0.04371628653135644
1.684017295	0.04339593903424194
1.685170583	0.04248404416857152
1.68632387	0.04126338802079115
1.687477157	0.03922115291049093
1.688630444	0.036493031309614524
1.689783731	0.033683001450802226
1.690937018	0.03060327533426938
1.692090306	0.027275018394293277
1.693243593	0.024494774778346884
1.69439688	0.02191704681832215
1.695550167	0.019637298647213523
1.696703454	0.01774101359391961
1.697856742	0.01609118804975414
1.699010029	0.014805075787017358
1.700163316	0.013672294128464333
1.701316603	0.012423023335288014
1.70246989	0.011214495049022251
1.703623178	0.010106929443161126
1.704776465	0.009094604642287413
1.705929752	0.008273191047985079
1.707083039	0.007635545809969413
1.708236326	0.007196723378395662
1.709389614	0.006865121117177105
1.710542901	0.00676826932547483
1.711696188	0.006995758542376339
1.712849475	0.007286787873932026
1.714002762	0.007414276591343197
1.71515605	0.007731043507483116
1.716309337	0.008175159499205092
1.717462624	0.008491813812260354
1.718615911	0.00857423870497448
1.719769198	0.008444510197082497
1.720922485	0.008146340467295904
1.722075773	0.0077102935058299725
1.72322906	0.007424638277992372
1.724382347	0.007261745072164819
1.725535634	0.007052189249151904
1.726688921	0.0070070406854931665
1.727842209	0.007368658664854084
1.728995496	0.008083674887385522
1.730148783	0.009067812648982897
1.73130207	0.010454929559592504
1.732455357	0.012272516015590356
1.733608645	0.014563405044080735
1.734761932	0.01734124419118876
1.735915219	0.020286586342853588
1.737068506	0.02320313796495989
1.738221793	0.02649879309543138
1.739375081	0.02984736782935116
1.740528368	0.033141775887075925
1.741681655	0.036506968208846274
1.742834942	0.03955167120489923
1.743988229	0.04158136452159527
1.745141517	0.04332868187365901
1.746294804	0.04455915886021099
1.747448091	0.04440022817563419
1.748601378	0.043357471352779356
1.749754665	0.04181962076197508
1.750907952	0.03999807517297932
1.75206124	0.03822240099209634
1.753214527	0.03640918287650202
1.754367814	0.03460158217064845
1.755521101	0.03316669459756008
1.756674388	0.03207799623380261
1.757827676	0.030919185438409227
1.758980963	0.029755162968353753
1.76013425	0.028649467487718534
1.761287537	0.027764570240909076
1.762440824	0.026769106215510225
1.763594112	0.024955950078708936
1.764747399	0.022858840055823414
1.765900686	0.0208365202158148
1.767053973	0.018911479313652953
1.76820726	0.017091766678491955
1.769360548	0.015331700744465854
1.770513835	0.013674487096754223
1.771667122	0.012165285852922094
1.772820409	0.01096760612353909
1.773973696	0.010127581553376787
1.775126983	0.009661802146333559
1.776280271	0.009516239919106658
1.777433558	0.009600593548794736
1.778586845	0.009876511079742403
1.779740132	0.010305821827597067
1.780893419	0.010891338203477307
1.782046707	0.01152457138969599
1.783199994	0.012166972328033578
1.784353281	0.012805165859657
1.785506568	0.013473690592017069
1.786659855	0.014084301155663765
1.787813143	0.014658052603686031
1.78896643	0.015446985780977708
1.790119717	0.016593461857163344
1.791273004	0.018119188201530342
1.792426291	0.019951172764030432
1.793579579	0.022145931276587594
1.794732866	0.024625688738014035
1.795886153	0.027230312907994582
1.79703944	0.030124933149525645
1.798192727	0.03342889286511817
1.799346015	0.037292626416352885
1.800499302	0.0420511197177306
1.801652589	0.04817804993181727
1.802805876	0.05500180918406568
1.803959163	0.061705973183494064
1.80511245	0.06889532837015941
1.806265738	0.07645929643052443
1.807419025	0.0836279427291281
1.808572312	0.0903861127336547
1.809725599	0.09710093063486527
1.810878886	0.10462426061753688
1.812032174	0.11364717726220748
1.813185461	0.12471760852667
1.814338748	0.13807059828392143
1.815492035	0.1534518499504955
1.816645322	0.1716020448679023
1.81779861	0.19388162814547097
1.818951897	0.20692252153648233
1.820105184	0.2061265533808623
1.821258471	0.20823876452917967
1.822411758	0.2112535667430252
1.823565046	0.2075071831999365
1.824718333	0.203184165751584
1.82587162	0.20219251905860178
1.827024907	0.20420173240101638
1.828178194	0.20744237784390493
1.829331482	0.20890206628632163
1.830484769	0.20926827322769884
1.831638056	0.21058755295917497
1.832791343	0.2116758284694133
1.83394463	0.
1.835097917	0.
1.836251205	0.
1.837404492	0.
1.838557779	0.
1.839711066	0.
1.840864353	0.
1.842017641	0.
1.843170928	0.
1.844324215	0.
1.845477502	0.
1.846630789	0.
1.847784077	0.
1.848937364	0.
1.850090651	0.
1.851243938	0.
1.852397225	0.
1.853550513	0.
1.8547038	0.
1.855857087	0.
1.857010374	0.
1.858163661	0.
1.859316949	0.
1.860470236	0.
1.861623523	0.
1.86277681	0.
1.863930097	0.
1.865083384	0.
1.866236672	0.
1.867389959	0.
1.868543246	0.
1.869696533	0.
1.87084982	0.
1.872003108	-0.005548397043702834
1.873156395	-0.0009263138400535549
1.874309682	0.014470433770633334
1.875462969	0.04358749772155871
1.876616256	0.06991321830156408
1.877769544	0.07294087902154078
1.878922831	0.07077242308109283
1.880076118	0.0712074529774235
1.881229405	0.07230937374191795
1.882382692	0.07574950439985596
1.88353598	0.0840701498579536
1.884689267	0.09737120754690806
1.885842554	0.11290933130822398
1.886995841	0.12539794663993722
1.888149128	0.13619171803897817
1.889302415	0.15305183973436184
1.890455703	0.16663329553521813
1.89160899	0.15066680608653926
1.892762277	0.12430231380763426
1.893915564	0.10829396114741222
1.895068851	0.10380146451655549
1.896222139	0.10364852960341753
1.897375426	0.10207740010349838
1.898528713	0.10016537610141815
1.899682	0.1012988940138272
1.900835287	0.10193261569508322
1.901988575	0.09341346533509537
1.903141862	0.07545478716576076
1.904295149	0.07045584381917457
1.905448436	0.07155978856272323
1.906601723	0.07357554937655829
1.907755011	0.07419651406826312
1.908908298	0.07106296283623262
1.910061585	0.06546740878099597
1.911214872	0.061485527619344886
1.912368159	0.06211104475664084
1.913521447	0.07003837149647642
1.914674734	0.08462415693553084
1.915828021	0.09521471908044425
1.916981308	0.09768123943125744
1.918134595	0.09339469832258411
1.919287882	0.08570208365387541
1.92044117	0.07536356022363572
1.921594457	0.06368562863079319
1.922747744	0.055265311814436384
1.923901031	0.05271009328057975
1.925054318	0.054064748144677974
1.926207606	0.05922514317343919
1.927360893	0.0708430358629309
1.92851418	0.0890693838525929
1.929667467	0.10536110119776086
1.930820754	0.11504284791313137
1.931974042	0.11846478177648999
1.933127329	0.11682759132149688
1.934280616	0.11282033286568802
1.935433903	0.10962075381325655
1.93658719	0.10673625379751824
1.937740478	0.10375300087188154
1.938893765	0.10279894180229514
1.940047052	0.10349440457243814
1.941200339	0.10133550270441259
1.942353626	0.09776898356329088
1.943506914	0.09918447989209606
1.944660201	0.10217374875562134
1.945813488	0.1035289216045983
1.946966775	0.10440378611287598
1.948120062	0.10383809185562591
1.949273349	0.10574218511533534
1.950426637	0.10893357044186522
1.951579924	0.11126563117821775
1.952733211	0.10821051049555046
1.953886498	0.09817721219966004
1.955039785	0.08979352501093062
1.956193073	0.08830251415665809
1.95734636	0.09093343761827008
1.958499647	0.09563683052909039
1.959652934	0.10048553386828263
1.960806221	0.10420120846592895
1.961959509	0.10660949907159231
1.963112796	0.11024789152957622
1.964266083	0.11599434533278871
1.96541937	0.12045708065288992
1.966572657	0.1229070352466796
1.967725945	0.12392287932848955
1.968879232	0.12493377646154843
1.970032519	0.12718676659993325
1.971185806	0.13094586329257932
1.972339093	0.1349781040204207
1.973492381	0.13573122087121817
1.974645668	0.13472107998123037
1.975798955	0.1338055391982292
1.976952242	0.13410796702717617
1.978105529	0.13619629668315567
1.979258816	0.13677392939080055
1.980412104	0.1362162950671798
1.981565391	0.13688896423726785
1.982718678	0.13810360367220878
1.983871965	0.13907034036075197
1.985025252	0.1411780985304087
1.98617854	0.1440044724137179
1.987331827	0.14221915434088941
1.988485114	0.13800977754103166
1.989638401	0.13654893416376945
1.990791688	0.13628196312663968
1.991944976	0.13615105824441415
1.993098263	0.13590127975418764
1.99425155	0.13463889419346267
1.995404837	0.13032395954453027
1.996558124	0.12393978693596082
1.997711412	0.11776433272429948
1.998864699	0.109531778592059
2.000017986	0.0993773586003521
2.001171273	0.08964583130228401
2.00232456	0.0826942780878753
2.003477847	0.08018714032696911
2.004631135	0.0815103613182601
2.005784422	0.08250208992494397
2.006937709	0.08193486515651253
2.008090996	0.07962562513383424
2.009244283	0.07665146129852744
2.010397571	0.07330898757820499
2.011550858	0.06948695037136739
2.012704145	0.06626147558782565
2.013857432	0.06548549837246467
2.015010719	0.06780564827812205
2.016164007	0.07270871632731891
2.017317294	0.07934317836025981
2.018470581	0.08576896316391967
2.019623868	0.09045303946137105
2.020777155	0.0933936158337562
2.021930443	0.09545607452614861
2.02308373	0.09602307151723594
2.024237017	0.09521887010449076
2.025390304	0.09487021877321218
2.026543591	0.09465716017398679
2.027696879	0.09361487285358158
2.028850166	0.0916840681031105
2.030003453	0.08986881677075206
2.03115674	0.08700099883890382
2.032310027	0.08372147974782765
2.033463314	0.0822728608476836
2.034616602	0.08143187353680745
2.035769889	0.07969724618254329
2.036923176	0.07835835216536964
2.038076463	0.07773808082480513
2.03922975	0.0757482417731769
2.040383038	0.07326779685037493
2.041536325	0.07243315153673961
2.042689612	0.0718539919861495
2.043842899	0.07033052125028293
2.044996186	0.06849142383452851
2.046149474	0.06642235934060967
2.047302761	0.06414587531556462
2.048456048	0.06163265320195773
2.049609335	0.05871583612899868
2.050762622	0.055926398956182545
2.05191591	0.053861716561022475
2.053069197	0.052022250159162675
2.054222484	0.050316356692512804
2.055375771	0.049088167264678476
2.056529058	0.048312823580109944
2.057682346	0.047795079830962324
2.058835633	0.04735793802662201
2.05998892	0.046724602793682214
2.061142207	0.0447587220608045
2.062295494	0.042008281795837696
2.063448781	0.040407870866706205
2.064602069	0.03912314859165452
2.065755356	0.0367122828655448
2.066908643	0.03513801298068524
2.06806193	0.034623084775696096
2.069215217	0.034263363367565663
2.070368505	0.03373621007475877
2.071521792	0.032730152060900616
2.072675079	0.03157685444985473
2.073828366	0.030573065922932057
2.074981653	0.02975377633127651
2.076134941	0.029075720923642388
2.077288228	0.028300612497116635
2.078441515	0.027423842431641036
2.079594802	0.02678820391105667
2.080748089	0.02604814207328619
2.081901377	0.024887268077234175
2.083054664	0.02396950713217956
2.084207951	0.02339837613269729
2.085361238	0.022531701478527018
2.086514525	0.02149121069814178
2.087667812	0.020667636109635002
2.0888211	0.01988401574892251
2.089974387	0.0190668414244629
2.091127674	0.018507415580965223
2.092280961	0.018158741002743818
2.093434248	0.017533716016007794
2.094587536	0.016777656634517635
2.095740823	0.016179830671278175
2.09689411	0.0155603087040265
2.098047397	0.014887427507503244
2.099200684	0.014288016031441022
2.100353972	0.013789716859864421
2.101507259	0.01339215587626233
2.102660546	0.01305486718171582
2.103813833	0.012716101129471434
2.10496712	0.012388580526066766
2.106120408	0.01212939486746467
2.107273695	0.011988083433491215
2.108426982	0.011956105414161491
2.109580269	0.01205132766062673
2.110733556	0.012115183716363085
2.111886844	0.012013106174294243
2.113040131	0.011946116390645025
2.114193418	0.011996571784266719
2.115346705	0.012175437950724913
2.116499992	0.01242073430008853
2.117653279	0.012523659109281311
2.118806567	0.012680651587233189
2.119959854	0.013043608254786431
2.121113141	0.0134207926955913
2.122266428	0.01379714381573132
2.123419715	0.014358047001773637
2.124573003	0.015001135073915981
2.12572629	0.015491065522300474
2.126879577	0.015939692484173394
2.128032864	0.016398324078246734
2.129186151	0.01690742165875608
2.130339439	0.017456616672697756
2.131492726	0.01794393394025157
2.132646013	0.018438726544485928
2.1337993	0.019021076829562354
2.134952587	0.019743735026798596
2.136105875	0.02058186554401505
2.137259162	0.02107124552930875
2.138412449	0.021242865156433186
2.139565736	0.021530723825369982
2.140719023	0.02185170775919773
2.141872311	0.02214001577959198
2.143025598	0.02250885252884353
2.144178885	0.022828378560099935
2.145332172	0.02291564450976925
2.146485459	0.022798049294884114
2.147638746	0.02247583329298832
2.148792034	0.022175279528757783
2.149945321	0.02188747114133382
2.151098608	0.021420875325901007
2.152251895	0.02080201293072016
2.153405182	0.020079851205766473
2.15455847	0.01934242903825993
2.155711757	0.01860163522411931
2.156865044	0.017857430532163356
2.158018331	0.01708635966050529
2.159171618	0.01626959934407043
2.160324906	0.015324252721980418
2.161478193	0.014278290140308951
2.16263148	0.013254624956996534
2.163784767	0.012238940377843807
2.164938054	0.011506694646710693
2.166091342	0.011050826750087051
2.167244629	0.009844671303003993
2.168397916	0.008267922862708206
2.169551203	0.007227528023523728
2.17070449	0.006546862136692981
2.171857778	0.006109345500655536
2.173011065	0.005835266369782617
2.174164352	0.005654912366283944
2.175317639	0.005605687320160602
2.176470926	0.005746873703899476
2.177624213	0.006126508371567315
2.178777501	0.006552764833076723
2.179930788	0.006797018054039048
2.181084075	0.007038359921551674
2.182237362	0.007386826525385834
2.183390649	0.007673533523684999
2.184543937	0.007871368269017964
2.185697224	0.008026728442661871
2.186850511	0.008158360846882345
2.188003798	0.008339400285763056
2.189157085	0.00835781238171399
2.190310373	0.008137681216383735
2.19146366	0.007830664367708271
2.192616947	0.007435684893051527
2.193770234	0.006991490917380967
2.194923521	0.00651604631021568
2.196076809	0.006006647922509248
2.197230096	0.005491768144540331
2.198383383	0.005018243427676781
2.19953667	0.004640403496510396
2.200689957	0.004383212208063342
2.201843244	0.004272861859582069
2.202996532	0.004320323487400556
2.204149819	0.004513380667424632
2.205303106	0.004884462870902233
2.206456393	0.0053160636173290934
2.20760968	0.005521205299611963
2.208762968	0.005586147524563259
2.209916255	0.005609714540545113
2.211069542	0.00558851761339901
2.212222829	0.005533258247628254
2.213376116	0.0054228210059962135
2.214529404	0.005271948568924905
2.215682691	0.005118390551673817
2.216835978	0.004965096230824687
2.217989265	0.0048196470976086024
2.219142552	0.004699897659002535
2.22029584	0.004616500364050039
2.221449127	0.004591943934920582
2.222602414	0.004613079977644609
2.223755701	0.0046509622141189455
2.224908988	0.004733402021477522
2.226062276	0.004866489681736462
2.227215563	0.004950113299415402
2.22836885	0.004977203539299576
2.229522137	0.0050305347979231405
2.230675424	0.005090580097288559
2.231828711	0.005120590711767447
2.232981999	0.005113182109295653
2.234135286	0.005073323330553503
2.235288573	0.0050064559632903355
2.23644186	0.00495425017819874
2.237595147	0.005006327649414327
2.238748435	0.005162524111252937
2.239901722	0.005319251333304047
2.241055009	0.005494900024700958
2.242208296	0.005659981237503984
2.243361583	0.005719266990260885
2.244514871	0.0056068052460864215
2.245668158	0.005385689006235596
2.246821445	0.005158594609043429
2.247974732	0.004988352208860958
2.249128019	0.004797918414152802
2.250281307	0.004601061583561757
2.251434594	0.004483767789776132
2.252587881	0.0044463538337696125
2.253741168	0.004486256960101129
2.254894455	0.004554493907650243
2.256047743	0.004616821608949941
2.25720103	0.004674528723455243
2.258354317	0.004687108272058074
2.259507604	0.004622180424527765
2.260660891	0.004540215321489614
2.261814178	0.004521625596383888
2.262967466	0.004490182137747024
2.264120753	0.004408324944430055
2.26527404	0.0043663136118414665
2.266427327	0.004347507013440421
2.267580614	0.004278341568751695
2.268733902	0.004175828356823786
2.269887189	0.004065778688352551
2.271040476	0.003951864328389793
2.272193763	0.003852648982600932
2.27334705	0.00378344407169375
2.274500338	0.003736654139797862
2.275653625	0.0036880445318061223
2.276806912	0.00364671950018884
2.277960199	0.0036201145635249253
2.279113486	0.0035876138237226885
2.280266774	0.0035548615796684377
2.281420061	0.0035855289743071963
2.282573348	0.003623360135318785
2.283726635	0.0035173274760331615
2.284879922	0.0034145070742679267
2.28603321	0.0033888817179390227
2.287186497	0.0033596100004100763
2.288339784	0.0033073614520596883
2.289493071	0.0032662191202411095
2.290646358	0.0032506888080313222
2.291799645	0.0032495053671526023
2.292952933	0.003267523979882877
2.29410622	0.003287347542838462
2.295259507	0.0032408482404779793
2.296412794	0.0031480054015179787
2.297566081	0.0030829747697095453
2.298719369	0.0030399353434802582
2.299872656	0.003008913701292896
2.301025943	0.0029936319772722857
2.30217923	0.002988246957816153
2.303332517	0.0029841651911055467
2.304485805	0.002977938848176833
2.305639092	0.0029630452156663317
2.306792379	0.002952057681594933
2.307945666	0.0029600165080625363
2.309098953	0.0029907575705911092
2.310252241	0.003014472127814518
2.311405528	0.002998700339653771
2.312558815	0.002943997721196508
2.313712102	0.0028556452357159346
2.314865389	0.0027494324576852825
2.316018676	0.0026579267275500034
2.317171964	0.002606375249176957
2.318325251	0.0025964716671172568
2.319478538	0.0025978802903666933
2.320631825	0.0026153286352658747
2.321785112	0.002672136851197791
2.3229384	0.0027146291836127
2.324091687	0.0027287411022787578
2.325244974	0.002718075548666462
2.326398261	0.002690254584798901
2.327551548	0.0026394693268496864
2.328704836	0.0025827293979665124
2.329858123	0.00254398358213687
2.33101141	0.0025200340639922893
2.332164697	0.002508648984492713
2.333317984	0.002486285160581479
2.334471272	0.0024632322097211273
2.335624559	0.0024688422746238885
2.336777846	0.002476157569069537
2.337931133	0.0024596739618103322
2.33908442	0.0024239429852449023
2.340237708	0.002380670453691688
2.341390995	0.0023555193702692683
2.342544282	0.0023401961301334332
2.343697569	0.002317297301162809
2.344850856	0.0022855144104810244
2.346004143	0.002241039015626807
2.347157431	0.0021802773152230434
2.348310718	0.002119029763209743
2.349464005	0.0020756428879924833
2.350617292	0.002068479956803351
2.351770579	0.00213314064814204
2.352923867	0.002218390560159491
2.354077154	0.0022776866064294276
2.355230441	0.0023133929632003798
2.356383728	0.002333238544708994
2.357537015	0.0023716984214408056
2.358690303	0.0024007719443611473
2.35984359	0.0023823806229385713
2.360996877	0.0023585197471921995
2.362150164	0.0023446383173456133
2.363303451	0.0023381230425437867
2.364456739	0.002335933628080262
2.365610026	0.0023272736259835583
2.366763313	0.0023102943360769216
2.3679166	0.0022875877087523947
2.369069887	0.0022713558150904813
2.370223175	0.002267570659525346
2.371376462	0.002256494743353336
2.372529749	0.002261279920863362
2.373683036	0.0023254560753636026
2.374836323	0.0023632876736650677
2.37598961	0.0023008895472886697
2.377142898	0.0022278576064445406
2.378296185	0.002168771253606751
2.379449472	0.002113640494890801
2.380602759	0.0020721727812366606
2.381756046	0.002048632641525254
2.382909334	0.0020555549651875855
2.384062621	0.002096168850228928
2.385215908	0.0021134712123121522
2.386369195	0.0021072125935972376
2.387522482	0.0021047449604859117
2.38867577	0.002117814027613122
2.389829057	0.0021711758140388255
2.390982344	0.002233537727395557
2.392135631	0.002290285940261171
2.393288918	0.0023284535235134803
2.394442206	0.00236098672582248
2.395595493	0.002413607712465275
2.39674878	0.0024798012861524253
2.397902067	0.0025301484791353445
2.399055354	0.0025756030201634617
2.400208642	0.002625991355395248
2.401361929	0.0026448997303096366
2.402515216	0.0026396245413618296
2.403668503	0.0026381574910423074
2.40482179	0.0026242573517882787
2.405975077	0.0026137269396593176
2.407128365	0.0026353342633231983
2.408281652	0.002692333208086115
2.409434939	0.0027460443019001785
2.410588226	0.0027610455764382176
2.411741513	0.0027272623494442095
2.412894801	0.0026809103571309237
2.414048088	0.0026483785584956576
2.415201375	0.0025992526892863947
2.416354662	0.0025302319309213517
2.417507949	0.0023875233978882305
2.418661237	0.002232825126756298
2.419814524	0.002164385289035947
2.420967811	0.002133980188700626
2.422121098	0.002118789805741514
2.423274385	0.0021742827459063246
2.424427673	0.0023418672071253413
2.42558096	0.0026187477607163986
2.426734247	0.0029133705713478785
2.427887534	0.0031361265508028672
2.429040821	0.0032577099854160687
2.430194108	0.0033009213079834014
2.431347396	0.003305094895376759
2.432500683	0.003278876368693836
2.43365397	0.003222674580147917
2.434807257	0.0031652021409046337
2.435960544	0.0031577128766910726
2.437113832	0.003228092590314003
2.438267119	0.0033295185340513314
2.439420406	0.003419489221173186
2.440573693	0.0035180294210283834
2.44172698	0.0036875384446747915
2.442880268	0.003946001959112406
2.444033555	0.004259248407418238
2.445186842	0.0046371459328389125
2.446340129	0.005099527823634687
2.447493416	0.005644182872158983
2.448646704	0.006273913727305544
2.449799991	0.006946558184588909
2.450953278	0.007601393281831864
2.452106565	0.00827402853552401
2.453259852	0.009037819704948356
2.45441314	0.009980410729201961
2.455566427	0.011217676428509231
2.456719714	0.012723280723783896
2.457873001	0.014271826002595871
2.459026288	0.01535540259921714
2.460179575	0.015583920082661141
2.461332863	0.015715620478187024
2.46248615	0.01627470308091169
2.463639437	0.017197639647600963
2.464792724	0.017878521323387075
2.465946011	0.017860497455167743
2.467099299	0.017416330052325374
2.468252586	0.017018969798277737
2.469405873	0.01729097832544836
2.47055916	0.01835081795842028
2.471712447	0.019867358042768252
2.472865735	0.0218253789069958
2.474019022	0.024052510217793276
2.475172309	0.025335269795265118
2.476325596	0.025459702524615022
2.477478883	0.024859431820438073
2.478632171	0.023987928731153466
2.479785458	0.023631248434273486
2.480938745	0.023931924615019612
2.482092032	0.02415921633225278
2.483245319	0.023848610453258683
2.484398607	0.02324522014473065
2.485551894	0.02348677642851195
2.486705181	0.024208160661039715
2.487858468	0.02431137810520981
2.489011755	0.02471515533570869
2.490165042	0.02572614351903943
2.49131833	0.02680905215439628
2.492471617	0.02762668714615333
2.493624904	0.027766073592535464