0.45	0.11864104161684043
0.451153288	0.1145915100965112
0.452306575	0.12227692656467797
0.453459863	0.12861472927727968
0.454613151	0.128798737698826
0.455766439	0.1232101023678477
0.456919726	0.12288820465863884
0.458073014	0.12382193361173012
0.459226302	0.13146982602631302
0.46037959	0.13151560130188095
0.461532877	0.12877727241894674
0.462686165	0.12401796852016056
0.463839453	0.1298827729624014
0.464992741	0.1303551077651266
0.466146028	0.13194202635965874
0.467299316	0.13418526978020814
0.468452604	0.13615093615855506
0.469605892	0.13661040268660896
0.470759179	0.14500011664815932
0.471912467	0.1343176670498362
0.473065755	0.13611745261338062
0.474219043	0.13881591819223787
0.47537233	0.13973779293425745
0.476525618	0.14495157302283943
0.477678906	0.13914184494468226
0.478832194	0.14739586262956034
0.479985481	0.14799012548198656
0.481138769	0.15198354138068335
0.482292057	0.16507959293172486
0.483445345	0.1834586918992515
0.484598632	0.17387192632768106
0.48575192	0.12499299051198019
0.486905208	0.13865114146733412
0.488058495	0.14607564645643967
0.489211783	0.1502306669519203
0.490365071	0.14936078797041036
0.491518359	0.15663085956334918
0.492671646	0.157269259873869
0.493824934	0.16249372504585877
0.494978222	0.156055604400455
0.49613151	0.15910507373881194
0.497284797	0.1542824395563321
0.498438085	0.16345368039127206
0.499591373	0.15629085837689824
0.500744661	0.16160555766988624
0.501897948	0.16128855945887566
0.503051236	0.15888985014553564
0.504204524	0.16329117120670997
0.505357812	0.16079402937264045
0.506511099	0.16099371768473694
0.507664387	0.16659871057967693
0.508817675	0.16739638692873224
0.509970963	0.16636476234442465
0.51112425	0.16494957094667342
0.512277538	0.16713975173280904
0.513430826	0.1723584397340371
0.514584114	0.17012081400344642
0.515737401	0.1650651831095545
0.516890689	0.1738161814203648
0.518043977	0.1799317390849663
0.519197265	0.17825667570117465
0.520350552	0.17570068863836538
0.52150384	0.17413683383495998
0.522657128	0.17998965595625577
0.523810415	0.1756976806544853
0.524963703	0.17387417552787998
0.526116991	0.18571382024175193
0.527270279	0.18445114759559483
0.528423566	0.17960732234572047
0.529576854	0.18555037788806975
0.530730142	0.18305957285063038
0.53188343	0.18185257766786228
0.533036717	0.1893405050414366
0.534190005	0.18465701413467295
0.535343293	0.18397406384633241
0.536496581	0.18535264500365506
0.537649868	0.18727566021519299
0.538803156	0.185113688953317
0.539956444	0.18925330337202229
0.541109732	0.1872613813853311
0.542263019	0.18445218330523366
0.543416307	0.18679989422227286
0.544569595	0.18890152837435734
0.545722883	0.18884326855739386
0.54687617	0.19400658479079289
0.548029458	0.19770406544975538
0.549182746	0.19632160430882348
0.550336034	0.19854449437352312
0.551489321	0.20051173875778697
0.552642609	0.2006981419029189
0.553795897	0.1982106338798819
0.554949185	0.19929981406824784
0.556102472	0.2019936476560285
0.55725576	0.20149792311683143
0.558409048	0.20655081655951535
0.559562335	0.2055840201906522
0.560715623	0.2031520128336446
0.561868911	0.20601346700063355
0.563022199	0.2043166970599343
0.564175486	0.20444545195328007
0.565328774	0.20770727230834746
0.566482062	0.2063898646080112
0.56763535	0.2027761475862286
0.568788637	0.20999491419533137
0.569941925	0.20518789337909443
0.571095213	0.21095134966851292
0.572248501	0.20480991155049547
0.573401788	0.2040178335530713
0.574555076	0.2034988915232925
0.575708364	0.20803098316717572
0.576861652	0.20559449208742586
0.578014939	0.20310200066649256
0.579168227	0.2089624799229191
0.580321515	0.20961692969890508
0.581474803	0.21315165066857242
0.58262809	0.2128570793699838
0.583781378	0.21729018643158224
0.584934666	0.2199122899703467
0.586087954	0.22712397306123372
0.587241241	0.2212906481742669
0.588394529	0.216386424994645
0.589547817	0.22200036930110134
0.590701105	0.2142482177414432
0.591854392	0.22019923989855886
0.59300768	0.21906948904825205
0.594160968	0.21967297058956972
0.595314256	0.22077099710556364
0.596467543	0.21740888954089035
0.597620831	0.22108214494606515
0.598774119	0.2249413269772218
0.599927406	0.22388432290147173
0.601080694	0.2261925152085344
0.602233982	0.22942184353316603
0.60338727	0.22545406575806845
0.604540557	0.22397248546333862
0.605693845	0.22346565926228687
0.606847133	0.2213989160540927
0.608000421	0.22132955112243233
0.609153708	0.2231595228460283
0.610306996	0.2277736446041411
0.611460284	0.22388456691378172
0.612613572	0.22183304261011882
0.613766859	0.21724957573736214
0.614920147	0.20877125989617096
0.616073435	0.20878296757680276
0.617226723	0.2048508822175158
0.61838001	0.19484291677337126
0.619533298	0.19808721289563622
0.620686586	0.20323350186589087
0.621839874	0.20800276598966738
0.622993161	0.20610914946172293
0.624146449	0.21103720672505136
0.625299737	0.22180623878206007
0.626453025	0.22506904695897192
0.627606312	0.2158850487321859
0.6287596	0.22012095262591697
0.629912888	0.23976179411941206
0.631066176	0.24572253303041375
0.632219463	0.24540535748466125
0.633372751	0.24654584645694208
0.634526039	0.24357415079865488
0.635679326	0.2508877944617493
0.636832614	0.2487418314090514
0.637985902	0.24906674536684537
0.63913919	0.2527706837240994
0.640292477	0.25434690316445285
0.641445765	0.2509223074495894
0.642599053	0.25191014640763215
0.643752341	0.25377559751685796
0.644905628	0.24988493108230816
0.646058916	0.2489690889533282
0.647212204	0.25401961269511786
0.648365492	0.2570072552789692
0.649518779	0.2548886979261882
0.650672067	0.2529851922995524
0.651825355	0.2544339064998921
0.652978643	0.2587890524257271
0.65413193	0.26594511518824915
0.655285218	0.26074965732401295
0.656438506	0.25053396351809404
0.657591794	0.25441645783978356
0.658745081	0.24957936942944708
0.659898369	0.24361440687780048
0.661051657	0.2406522485677395
0.662204945	0.2403736171491263
0.663358232	0.24277663282264975
0.66451152	0.23885438379302218
0.665664808	0.23518706943154336
0.666818096	0.2357507488880364
0.667971383	0.23559553857426263
0.669124671	0.238709695143307
0.670277959	0.24262255992265486
0.671431246	0.24686641456939254
0.672584534	0.2510344076061294
0.673737822	0.2564996813072087
0.67489111	0.26243085691067186
0.676044397	0.266527866568123
0.677197685	0.2666079019085598
0.678350973	0.26758692285439417
0.679504261	0.2670816117277633
0.680657548	0.2632404290730803
0.681810836	0.26006603435073217
0.682964124	0.2577538693899505
0.684117412	0.26042183330379287
0.685270699	0.26468517258006535
0.686423987	0.2525432472470358
0.687577275	0.23460211274501352
0.688730563	0.23201411604668554
0.68988385	0.24411870613849837
0.691037138	0.2513027414744214
0.692190426	0.2553750206971726
0.693343714	0.25705959646612603
0.694497001	0.2552602971749125
0.695650289	0.2503925101938675
0.696803577	0.24751487060791816
0.697956865	0.24530505036791742
0.699110152	0.2350482616297322
0.70026344	0.2266420096406664
0.701416728	0.22354906182677203
0.702570016	0.21987208679978365
0.703723303	0.2186138112331673
0.704876591	0.21964363323166158
0.706029879	0.2255578574678099
0.707183166	0.2320890343280964
0.708336454	0.2396615410396968
0.709489742	0.24541200945897984
0.71064303	0.24619304950607412
0.711796317	0.24674788744794102
0.712949605	0.25046189620599707
0.714102893	0.2487667835117132
0.715256181	0.24572044638443755
0.716409468	0.22701620889980745
0.717562756	0.19710723554695275
0.718716044	0.17631065986114344
0.719869332	0.1661893237297144
0.721022619	0.17516895997947693
0.722175907	0.18080138022858674
0.723329195	0.16544202264825503
0.724482483	0.14953829393741086
0.72563577	0.14131460506329518
0.726789058	0.13788530704088373
0.727942346	0.13917722721158127
0.729095634	0.14764214974987314
0.730248921	0.15573630719125992
0.731402209	0.165813978373737
0.732555497	0.1829934680597798
0.733708785	0.18693598513920412
0.734862072	0.19204994140708745
0.73601536	0.1982336964548044
0.737168648	0.20602728405033835
0.738321936	0.21482484809226168
0.739475223	0.2251821070433142
0.740628511	0.237813369860131
0.741781799	0.24710493300769534
0.742935086	0.24855682399547716
0.744088374	0.2517980891485171
0.745241662	0.25574014282463997
0.74639495	0.2534634246143938
0.747548237	0.24971286922997515
0.748701525	0.24291276082326752
0.749854813	0.23744671652540889
0.751008101	0.23581734789591388
0.752161388	0.2336553487947099
0.753314676	0.23155832170459612
0.754467964	0.22789173636780363
0.755621252	0.22503745014308202
0.756774539	0.22988531301591877
0.757927827	0.2603951306815245
0.759081115	0.2971532725854746
0.760234403	0.23767450865979345
0.76138769	0.16810564907477954
0.762540978	0.1595028271349063
0.763694266	0.16072161024261672
0.764847554	0.1622184486437356
0.766000841	0.17707194646591462
0.767154129	0.1953435108287397
0.768307417	0.20129598581171831
0.769460705	0.20096669022779853
0.770613992	0.2020169502771802
0.77176728	0.20091319742862362
0.772920568	0.19612445330401165
0.774073856	0.19584841912955428
0.775227143	0.2005797922058503
0.776380431	0.1980759059749391
0.777533719	0.17975772676515672
0.778687006	0.18105085106249355
0.779840294	0.1719674487926146
0.780993582	0.1654702899424208
0.78214687	0.1622440224348742
0.783300157	0.15895123304867698
0.784453445	0.15548510499215107
0.785606733	0.15648317770145717
0.786760021	0.1593400836155259
0.787913308	0.1596282614175103
0.789066596	0.15941679429571828
0.790219884	0.15826099238788927
0.791373172	0.1577057370288225
0.792526459	0.155364631844677
0.793679747	0.15491904388013766
0.794833035	0.15473515728439952
0.795986323	0.15232557977303973
0.79713961	0.14881665802650748
0.798292898	0.14947542254331142
0.799446186	0.15174662591345747
0.800599474	0.1515164602496837
0.801752761	0.15066381040685095
0.802906049	0.1509698171523635
0.804059337	0.1536690134124334
0.805212625	0.15700566666422072
0.806365912	0.1577463439094167
0.8075192	0.1597410002990176
0.808672488	0.16365251866304759
0.809825776	0.16661165842630288
0.810979063	0.1692348844466246
0.812132351	0.17644208218166943
0.813285639	0.183705157327667
0.814438926	0.18717076032571991
0.815592214	0.18493523528683722
0.816745502	0.18337047990928756
0.81789879	0.1872887244773592
0.819052077	0.1938776885165361
0.820205365	0.20305473566468055
0.821358653	0.20990878085599216
0.822511941	0.2044355607058774
0.823665228	0.2036159613519206
0.824818516	0.21069703501019282
0.825971804	0.21609122627080016
0.827125092	0.21470606918546972
0.828278379	0.21012586209279369
0.829431667	0.20767804258942232
0.830584955	0.2077904786580281
0.831738243	0.20381533417367542
0.83289153	0.19716751217322795
0.834044818	0.18434712297589165
0.835198106	0.17077606593569922
0.836351394	0.15563931056654745
0.837504681	0.1431198054805383
0.838657969	0.13975470153488295
0.839811257	0.13626518184491124
0.840964545	0.13525966501221398
0.842117832	0.13971603869127286
0.84327112	0.14609118227209894
0.844424408	0.14814762314260885
0.845577696	0.16041434929758394
0.846730983	0.15231376609979028
0.847884271	0.16563050592004774
0.849037559	0.17493287854366896
0.850190847	0.16688904543671743
0.851344134	0.15301912278415292
0.852497422	0.15284713822908927
0.85365071	0.15021616425089496
0.854803997	0.14430762890084928
0.855957285	0.13071978104661214
0.857110573	0.12028338529150619
0.858263861	0.11407198802110471
0.859417148	0.09948333706501525
0.860570436	0.09350938261177842
0.861723724	0.09673333796383568
0.862877012	0.09608047079981696
0.864030299	0.09867340862197037
0.865183587	0.09988053140646878
0.866336875	0.10674208268161706
0.867490163	0.10002112607045167
0.86864345	0.10105858853943252
0.869796738	0.10916189805431104
0.870950026	0.1133635854631987
0.872103314	0.11790650406484714
0.873256601	0.12393714692367856
0.874409889	0.11746126349799535
0.875563177	0.10923581910295722
0.876716465	0.11425908597959586
0.877869752	0.11212491631068242
0.87902304	0.10523701795267587
0.880176328	0.09558864815362668
0.881329616	0.0846749723944151
0.882482903	0.07593316011602101
0.883636191	0.07201123227792976
0.884789479	0.07040882345981807
0.885942767	0.06256540666706566
0.887096054	0.060474006540281317
0.888249342	0.0621937498509441
0.88940263	0.06312075975664592
0.890555917	0.06383865439146186
0.891709205	0.06445948656501546
0.892862493	0.06465679996651238
0.894015781	0.0655463191139897
0.895169068	0.06492396309185192
0.896322356	0.06557320621440532
0.897475644	0.06687008762212535
0.898628932	0.06712679846352958
0.899782219	0.06921361729509086
0.900935507	0.06800756517907877
0.902088795	0.06787579320799136
0.903242083	0.0782554402967681
0.90439537	0.0863652005586525
0.905548658	0.09306593157792545
0.906701946	0.09797070392244392
0.907855234	0.10253105571860766
0.909008521	0.10021535721394412
0.910161809	0.09682055787422844
0.911315097	0.09504743231671994
0.912468385	0.09552749663694414
0.913621672	0.09668439750153474
0.91477496	0.10186195084632875
0.915928248	0.10191908733276582
0.917081536	0.10104455139701328
0.918234823	0.09840152167151962
0.919388111	0.10228298663220249
0.920541399	0.10953555482161077
0.921694687	0.11203334872367286
0.922847974	0.10842524253290405
0.924001262	0.11224192377342286
0.92515455	0.11461331976884404
0.926307837	0.11022052556879187
0.927461125	0.10913402851008747
0.928614413	0.1099306029246529
0.929767701	0.11078239942172857
0.930920988	0.10609263122835343
0.932074276	0.09395689962606912
0.933227564	0.08390457265434416
0.934380852	0.07575672454448028
0.935534139	0.07744407319262857
0.936687427	0.08174287202375254
0.937840715	0.0821308654480217
0.938994003	0.08347708137404478
0.94014729	0.08620791243540744
0.941300578	0.08626659706318623
0.942453866	0.08203540996771724
0.943607154	0.07573651612827706
0.944760441	0.07408111913367144
0.945913729	0.07388247908088813
0.947067017	0.0741787718242122
0.948220305	0.07291229750751466
0.949373592	0.07456557095045553
0.95052688	0.08123731203058474
0.951680168	0.09157036012931286
0.952833456	0.0937027997374103
0.953986743	0.08602522034074611
0.955140031	0.0734643947492278
0.956293319	0.0695316691453704
0.957446607	0.07124501780790135
0.958599894	0.0710783436050047
0.959753182	0.07056219248620699
0.96090647	0.06982621702343625
0.962059757	0.0695878588748718
0.963213045	0.06909802452921378
0.964366333	0.06693305323954511
0.965519621	0.06569751630898345
0.966672908	0.06577687625294591
0.967826196	0.06770642267166635
0.968979484	0.06794197714795228
0.970132772	0.
0.971286059	0.
0.972439347	0.
0.973592635	0.
0.974745923	0.
0.97589921	0.
0.977052498	0.
0.978205786	0.
0.979359074	0.
0.980512361	0.
0.981665649	0.
0.982818937	0.
0.983972225	0.
0.985125512	0.
0.9862788	0.
0.987432088	0.
0.988585376	0.
0.989738663	0.
0.990891951	0.
0.992045239	0.
0.993198527	0.
0.994351814	0.
0.995505102	0.
0.99665839	0.
0.997811677	0.0811242911046989
0.998964965	0.08066194564805874
1.000118253	0.0805548154176367
1.001271541	0.07937665289817247
1.002424828	0.07838807249568709
1.003578116	0.07553958799647618
1.004731404	0.07249277888151869
1.005884692	0.07379120850114099
1.007037979	0.0761182507961197
1.008191267	0.07550717297407011
1.009344555	0.07566084331361342
1.010497843	0.0765201320870905
1.01165113	0.07914081719061608
1.012804418	0.07930265178636205
1.013957706	0.08074252477829358
1.015110994	0.08228168187233743
1.016264281	0.08345196014892245
1.017417569	0.08088537245574533
1.018570857	0.0805353987346192
1.019724145	0.08222258518251511
1.020877432	0.08478004890229077
1.02203072	0.08704900192349405
1.023184008	0.0884987073611587
1.024337296	0.09042381549892238
1.025490583	0.0937915862446764
1.026643871	0.09695207958285405
1.027797159	0.09975312829867164
1.028950447	0.10464071723995999
1.030103734	0.10962037111998015
1.031257022	0.11129340374136157
1.03241031	0.1130954115739262
1.033563597	0.11668365520317203
1.034716885	0.11956391511262679
1.035870173	0.12072072428857183
1.037023461	0.12306174299666942
1.038176748	0.1264169836959088
1.039330036	0.12924973122112748
1.040483324	0.1324120852708873
1.041636612	0.13587868595923094
1.042789899	0.1382321885266547
1.043943187	0.14035765810646925
1.045096475	0.14507429671048974
1.046249763	0.14968257582179742
1.04740305	0.1507369603576852
1.048556338	0.1532465932310094
1.049709626	0.15719696100120067
1.050862914	0.1573152338627302
1.052016201	0.1566075786225431
1.053169489	0.16024033701780796
1.054322777	0.1641566001674804
1.055476065	0.1645149119413545
1.056629352	0.16732949166908645
1.05778264	0.17387710255471606
1.058935928	0.17758388791465204
1.060089216	0.17912415135864748
1.061242503	0.18186015212771278
1.062395791	0.1843727055412765
1.063549079	0.18522821257618044
1.064702367	0.1850585728303068
1.065855654	0.18427298365452044
1.067008942	0.18362172857123857
1.06816223	0.18451014138246633
1.069315517	0.1875886979644537
1.070468805	0.1905284422836413
1.071622093	0.19116611932286567
1.072775381	0.19306022883625093
1.073928668	0.19714888518426246
1.075081956	0.20011246984127068
1.076235244	0.202047669658702
1.077388532	0.20470067203138473
1.078541819	0.20536770081417016
1.079695107	0.20243709100776017
1.080848395	0.20208917118352557
1.082001683	0.20338857338307742
1.08315497	0.19827094121282
1.084308258	0.18915891687672734
1.085461546	0.17967309189486888
1.086614834	0.17387470380294345
1.087768121	0.1725642606207236
1.088921409	0.1658834006779007
1.090074697	0.15452002552139749
1.091227985	0.14585845860245317
1.092381272	0.13981892516098637
1.09353456	0.1370544562553941
1.094687848	0.1316772031669801
1.095841136	0.12209877790848837
1.096994423	0.11486105962890754
1.098147711	0.10988746835229762
1.099300999	0.10468419107068194
1.100454287	0.10112484490364793
1.101607574	0.100351215801722
1.102760862	0.09896536029956497
1.10391415	0.09562970104306089
1.105067438	0.09200495748116652
1.106220725	0.08818355948757209
1.107374013	0.08380159137009571
1.108527301	0.07858791427475406
1.109680588	0.07278359428853318
1.110833876	0.06731435363802865
1.111987164	0.0623651522859009
1.113140452	0.05775442225156499
1.114293739	0.053486329293219476
1.115447027	0.049687340881096775
1.116600315	0.04630047011692955
1.117753603	0.04326819322899845
1.11890689	0.04083609441964351
1.120060178	0.03882725339369059
1.121213466	0.036540526607745184
1.122366754	0.034550163902979256
1.123520041	0.03338910729355538
1.124673329	0.032855185082455794
1.125826617	0.03270804001963304
1.126979905	0.03203243614097906
1.128133192	0.03130538509405699
1.12928648	0.03144722252602593
1.130439768	0.03223063531945362
1.131593056	0.03332652496019646
1.132746343	0.03470144714143186
1.133899631	0.03620097079432213
1.135052919	0.037073272897139214
1.136206207	0.03729086384518587
1.137359494	0.037562972805147886
1.138512782	0.03749231889232225
1.13966607	0.03669473193725878
1.140819358	0.03534286374207937
1.141972645	0.033754741547606125
1.143125933	0.03228541267959371
1.144279221	0.03108060878545611
1.145432508	0.02986417667180875
1.146585796	0.028811746836311176
1.147739084	0.028032409339021735
1.148892372	0.027131055287373203
1.150045659	0.026106094699425025
1.151198947	0.02513866710371044
1.152352235	0.02421223167144726
1.153505523	0.02326573639574179
1.15465881	0.022492463042274796
1.155812098	0.021953235627561317
1.156965386	0.021447924080400107
1.158118674	0.020966004219088584
1.159271961	0.02083648678542556
1.160425249	0.0209879063341358
1.161578537	0.021316521093168853
1.162731825	0.02183556662763229
1.163885112	0.02244306044558608
1.1650384	0.02333577716824337
1.166191688	0.02446423151858238
1.167344976	0.02559291853087009
1.168498263	0.026873349649877233
1.169651551	0.02846137114824289
1.170804839	0.02982024587967012
1.171958127	0.03078251104588921
1.173111414	0.03176573122198951
1.174264702	0.03286297489792913
1.17541799	0.034265412214279145
1.176571278	0.03555076805542941
1.177724565	0.0362983077973825
1.178877853	0.036381238094868165
1.180031141	0.03593166543356502
1.181184428	0.035767060053541175
1.182337716	0.03601372835895781
1.183491004	0.03675003837668822
1.184644292	0.037227886353569536
1.185797579	0.037028450602541715
1.186950867	0.03787625138076991
1.188104155	0.039686538818812525
1.189257443	0.040731031068493684
1.19041073	0.0413500701314787
1.191564018	0.042107540591534945
1.192717306	0.042710791006121324
1.193870594	0.04285191684247704
1.195023881	0.042895845767350595
1.196177169	0.04332410375840565
1.197330457	0.04491319518080054
1.198483745	0.047100697037772504
1.199637032	0.048379029072304076
1.20079032	0.0498499664126412
1.201943608	0.0520262323258722
1.203096896	0.055659172082888016
1.204250183	0.05988940564616689
1.205403471	0.06152384427577547
1.206556759	0.06300902383993072
1.207710047	0.0661466184756388
1.208863334	0.06784552126496535
1.210016622	0.06760408769878856
1.21116991	0.06783870709798843
1.212323198	0.0689804453789771
1.213476485	0.07054746386202992
1.214629773	0.0722468795988641
1.215783061	0.07377589943037352
1.216936348	0.07507269454434665
1.218089636	0.07611638953209034
1.219242924	0.07665133284796741
1.220396212	0.07655510513321058
1.221549499	0.07581750743173477
1.222702787	0.07478552543652307
1.223856075	0.073655575722275
1.225009363	0.07242870790802254
1.22616265	0.0713632216359886
1.227315938	0.07104933086051168
1.228469226	0.07086959840869232
1.229622514	0.07019702278383579
1.230775801	0.07004400018514005
1.231929089	0.07053429291316322
1.233082377	0.07088578831775962
1.234235665	0.07077371676726292
1.235388952	0.07056666106093569
1.23654224	0.07043366665537977
1.237695528	0.0704829304780542
1.238848816	0.07145750715564238
1.240002103	0.07325472833858465
1.241155391	0.07505726697517383
1.242308679	0.07687305710187028
1.243461967	0.07892359376265479
1.244615254	0.08093867667682716
1.245768542	0.08274084824811428
1.24692183	0.08461156437975595
1.248075118	0.08652653526880903
1.249228405	0.08818266329850379
1.250381693	0.08984895901727481
1.251534981	0.09216725141233749
1.252688268	0.09415799037358995
1.253841556	0.09506197965038335
1.254994844	0.09580432798261718
1.256148132	0.0962227845365144
1.257301419	0.09564334142790808
1.258454707	0.09451714831788331
1.259607995	0.09307725219770076
1.260761283	0.0921068747952694
1.26191457	0.092000865903017
1.263067858	0.0921314801272734
1.264221146	0.09248633355584253
1.265374434	0.09300056570525032
1.266527721	0.09399593017702133
1.267681009	0.09609957608219037
1.268834297	0.0980058057664551
1.269987585	0.09973498675503417
1.271140872	0.10291767200012604
1.27229416	0.10725287909775881
1.273447448	0.11217224928009283
1.274600736	0.1169074583627953
1.275754023	0.1208405577358897
1.276907311	0.12476960186846099
1.278060599	0.12892067375282906
1.279213887	0.13243065085511396
1.280367174	0.13741418120265406
1.281520462	0.1502153924815732
1.28267375	0.1579399193728414
1.283827038	0.15280269156654563
1.284980325	0.15068830067346786
1.286133613	0.1527897923549462
1.287286901	0.15392743796574698
1.288440188	0.15346389506361238
1.289593476	0.15234793172361966
1.290746764	0.14946123821820867
1.291900052	0.1447654733754371
1.293053339	0.1404935819408232
1.294206627	0.13615044921068026
1.295359915	0.13027985081213442
1.296513203	0.12395658391073404
1.29766649	0.11806494189766718
1.298819778	0.1113508627797104
1.299973066	0.10385965742513172
1.301126354	0.0971720324070369
1.302279641	0.09113887310183043
1.303432929	0.08518819435477709
1.304586217	0.07936726493475564
1.305739505	0.07383224038147926
1.306892792	0.06935585606859135
1.30804608	0.06582868173261605
1.309199368	0.06270396999435374
1.310352656	0.06000468270565792
1.311505943	0.05813339355565371
1.312659231	0.05573469392175473
1.313812519	0.052273764718588876
1.314965807	0.04950017223018822
1.316119094	0.04738621573814636
1.317272382	0.04438971725353253
1.31842567	0.04144153059444029
1.319578958	0.03969706285786834
1.320732245	0.03860583528814756
1.321885533	0.03782992703687382
1.323038821	0.03695221848585494
1.324192108	0.03572725223137409
1.325345396	0.034522620000841005
1.326498684	0.033248444291310755
1.327651972	0.03178671427530401
1.328805259	0.030467964331175837
1.329958547	0.029391530315109254
1.331111835	0.02827709733844846
1.332265123	0.027255305100467832
1.33341841	0.026555424673722607
1.334571698	0.026203983839671353
1.335724986	0.026248915438254975
1.336878274	0.026216221022100507
1.338031561	0.025831057305686682
1.339184849	0.025281416782980574
1.340338137	0.024433809764855034
1.341491425	0.02300704875120506
1.342644712	0.02127252721960855
1.343798	0.019527896747021687
1.344951288	0.017816486392508418
1.346104576	0.016216239098958665
1.347257863	0.014680756831054364
1.348411151	0.013237795546849517
1.349564439	0.01201018089120947
1.350717727	0.010851462703985633
1.351871014	0.00974352561890752
1.353024302	0.008794536123041121
1.35417759	0.00802639170503619
1.355330878	0.00742216609363051
1.356484165	0.006880829812787934
1.357637453	0.006380256006261969
1.358790741	0.006253255181674704
1.359944028	0.006554803363852265
1.361097316	0.007438224683109496
1.362250604	0.009500420450258402
1.363403892	0.013441817630036833
1.364557179	0.020248028050648785
1.365710467	0.02952453327688169
1.366863755	0.0381654035518958
1.368017043	0.04268752356258414
1.36917033	0.04384099217291037
1.370323618	0.041484022044341665
1.371476906	0.036695935891776985
1.372630194	0.03089484183666624
1.373783481	0.02493528783142331
1.374936769	0.01987700241739568
1.376090057	0.01588069133643809
1.377243345	0.012689591287889494
1.378396632	0.010325500275355828
1.37954992	0.00901443801209958
1.380703208	0.008457473364241725
1.381856496	0.008633614179627633
1.383009783	0.00960428172117954
1.384163071	0.01110805131558261
1.385316359	0.013131582841731111
1.386469647	0.014749003709572812
1.387622934	0.014834597529606142
1.388776222	0.01395797492000844
1.38992951	0.012609041827453923
1.391082798	0.010910044066950123
1.392236085	0.009292388023721248
1.393389373	0.008161428551175192
1.394542661	0.00746470095849506
1.395695949	0.007325187007379019
1.396849236	0.0075717769225621175
1.398002524	0.007960782081149432
1.399155812	0.008454424225438812
1.400309099	0.008739496747112586
1.401462387	0.008678192390077236
1.402615675	0.008487869521475552
1.403768963	0.00829307541641341
1.40492225	0.007974315523298409
1.406075538	0.007760492803071781
1.407228826	0.007847225830819702
1.408382114	0.00837386683762056
1.409535401	0.009642467284199327
1.410688689	0.011281245967790633
1.411841977	0.012949699576908363
1.412995265	0.01402611927693645
1.414148552	0.014049484828121519
1.41530184	0.013822963137617687
1.416455128	0.013671697181984499
1.417608416	0.013804906884613936
1.418761703	0.014340274745117367
1.419914991	0.015035056874217
1.421068279	0.015864162590185478
1.422221567	0.016639865431189473
1.423374854	0.01694766299739915
1.424528142	0.017109626746002575
1.42568143	0.01745066053777084
1.426834718	0.01770245368718444
1.427988005	0.017780462520478654
1.429141293	0.01775706547979022
1.430294581	0.017598655211394438
1.431447869	0.01741409988374649
1.432601156	0.017469109039813642
1.433754444	0.017536432654601655
1.434907732	0.0176105153747674
1.436061019	0.017827535629759146
1.437214307	0.018109738237179696
1.438367595	0.018683730628024624
1.439520883	0.020055677117851153
1.44067417	0.02149716920849367
1.441827458	0.022082186507469362
1.442980746	0.022452824388078267
1.444134034	0.023015439422421607
1.445287321	0.02317755841614089
1.446440609	0.02301126197841374
1.447593897	0.023259955367158178
1.448747185	0.02396848222444832
1.449900472	0.0252573622641546
1.45105376	0.025795075198666858
1.452207048	0.02585895694938408
1.453360336	0.026951599954835835
1.454513623	0.028490541253352826
1.455666911	0.028815371820469584
1.456820199	0.028332938986663694
1.457973487	0.02846477119077722
1.459126774	0.028844321429214125
1.460280062	0.028373045545691446
1.46143335	0.027591725606456174
1.462586638	0.027544729862601654
1.463739925	0.027232814556211446
1.464893213	0.025884116517332925
1.466046501	0.02463101472004719
1.467199789	0.024404166233592782
1.468353076	0.024403055537223953
1.469506364	0.024262069686509895
1.470659652	0.024383535200498817
1.471812939	0.02519175898178914
1.472966227	0.026528075264708257
1.474119515	0.028189965535665773
1.475272803	0.02989002825761426
1.47642609	0.030580366193781565
1.477579378	0.029942814949445944
1.478732666	0.029067291112935784
1.479885954	0.028951712164167007
1.481039241	0.03018069414505433
1.482192529	0.03176449363266769
1.483345817	0.03300656486407281
1.484499105	0.0334122611181271
1.485652392	0.03301166864490244
1.48680568	0.035521111026187505
1.487958968	0.04120005412203672
1.489112256	0.04435056527806677
1.490265543	0.04327296658295408
1.491418831	0.04334733977930422
1.492572119	0.0440434531497913
1.493725407	0.043491444304008836
1.494878694	0.0428995485736887
1.496031982	0.043850089052224456
1.49718527	0.04539515483457254
1.498338558	0.04578723079229939
1.499491845	0.04511444919936081
1.500645133	0.04471163848248079
1.501798421	0.044081356928645433
1.502951709	0.04296299343411156
1.504104996	0.042964459202038306
1.505258284	0.045052247242680865
1.506411572	0.04682518634451713
1.507564859	0.04709231706788536
1.508718147	0.04669142599525352
1.509871435	0.04660536952105392
1.511024723	0.047121799146881846
1.51217801	0.04753320551605619
1.513331298	0.04769462873997705
1.514484586	0.048762993785577705
1.515637874	0.049949696793354904
1.516791161	0.05003154514511228
1.517944449	0.04981884916143278
1.519097737	0.05075484242426336
1.520251025	0.05231345778719696
1.521404312	0.05311839621524327
1.5225576	0.053092650866541434
1.523710888	0.05342269363943631
1.524864176	0.05442246910673732
1.526017463	0.05442111883402875
1.527170751	0.053713736669275945
1.528324039	0.05436759779620696
1.529477327	0.057413274752753
1.530630614	0.05969167019307261
1.531783902	0.05932969281644941
1.53293719	0.06076619058090373
1.534090478	0.06467931221079506
1.535243765	0.06673765546173968
1.536397053	0.06682935448150003
1.537550341	0.06797438765711669
1.538703629	0.07013429304560545
1.539856916	0.07112798458528237
1.541010204	0.06968763288186612
1.542163492	0.06832354560166079
1.543316779	0.06895980438251749
1.544470067	0.06979436711568168
1.545623355	0.06862029156896246
1.546776643	0.06697153395192469
1.54792993	0.06769140171309042
1.549083218	0.07002285977488212
1.550236506	0.07128871440243373
1.551389794	0.07003890146306231
1.552543081	0.06886191560071789
1.553696369	0.0708202457355098
1.554849657	0.07325977036787384
1.556002945	0.07271915613793796
1.557156232	0.07030350608999184
1.55830952	0.06928995476954285
1.559462808	0.0699413140593712
1.560616096	0.07021935738514416
1.561769383	0.06834745230647903
1.562922671	0.06587909179284036
1.564075959	0.06488114453343477
1.565229247	0.06517414456701111
1.566382534	0.06509760122547295
1.567535822	0.06356139559397762
1.56868911	0.06186725471649831
1.569842398	0.06132728930315768
1.570995685	0.06261521793740417
1.572148973	0.0655982793443946
1.573302261	0.06881621995566471
1.574455549	0.07305624159840697
1.575608836	0.07765081132301324
1.576762124	0.0807043508433718
1.577915412	0.08217762031130944
1.579068699	0.08142677236147415
1.580221987	0.0810067384642099
1.581375275	0.08461008681627039
1.582528563	0.0879792818199621
1.58368185	0.08781634208916299
1.584835138	0.0874563063478535
1.585988426	0.08767280593764279
1.587141714	0.08802589653732841
1.588295001	0.08775293642754782
1.589448289	0.08895748442751016
1.590601577	0.0911835877960185
1.591754865	0.08980778442621648
1.592908152	0.0864543469891612
1.59406144	0.08405814081793046
1.595214728	0.08466744710876278
1.596368016	0.0850875847409772
1.597521303	0.08003677067082451
1.598674591	0.07563187607745943
1.599827879	0.07573383514221396
1.600981167	0.07673044632257724
1.602134454	0.0753377768814924
1.603287742	0.07176619112702416
1.60444103	0.06826383975810323
1.605594318	0.06615978822214899
1.606747605	0.06340541129110783
1.607900893	0.05879270450060183
1.609054181	0.05536137160626964
1.610207469	0.05436916486929447
1.611360756	0.053376811370636976
1.612514044	0.051778897489059894
1.613667332	0.049702105409975494
1.614820619	0.0484099040104688
1.615973907	0.04803312034456144
1.617127195	0.04648173310856669
1.618280483	0.04355151029638263
1.61943377	0.04153158521171535
1.620587058	0.039250985326161995
1.621740346	0.03642762003306869
1.622893634	0.03460455153935712
1.624046921	0.03345602304102317
1.625200209	0.03218467305578603
1.626353497	0.030417019820907734
1.627506785	0.028332426991645572
1.628660072	0.026729380662744134
1.62981336	0.02574351859428503
1.630966648	0.024726426590327488
1.632119936	0.023427004109939416
1.633273223	0.0222544498682893
1.634426511	0.02150236553448337
1.635579799	0.021022422035441485
1.636733087	0.020592566124919668
1.637886374	0.020255431849479387
1.639039662	0.019955473570914973
1.64019295	0.019790157608428786
1.641346238	0.019906665487866567
1.642499525	0.020056783903968523
1.643652813	0.02003960692508063
1.644806101	0.019615697905523442
1.645959389	0.01887770832865968
1.647112676	0.018049154598025675
1.648265964	0.017349537595113457
1.649419252	0.016593103140410792
1.65057254	0.015832101110636407
1.651725827	0.015250971377833699
1.652879115	0.014978189313449394
1.654032403	0.014917865241153754
1.65518569	0.015072550406256019
1.656338978	0.015507913045932272
1.657492266	0.016063955323333597
1.658645554	0.016585944900157395
1.659798841	0.016934331587747667
1.660952129	0.016872346208432587
1.662105417	0.01664630147829414
1.663258705	0.01647994266526476
1.664411992	0.016277809027054477
1.66556528	0.016008073080993324
1.666718568	0.015709754926504973
1.667871856	0.015513481355318642
1.669025143	0.015266374303417022
1.670178431	0.015049349278224248
1.671331719	0.01539271060246304
1.672485007	0.015953533493270403
1.673638294	0.015949610387253482
1.674791582	0.015963309791973468
1.67594487	0.016251055098782895
1.677098158	0.016315601900467797
1.678251445	0.016212897776626208
1.679404733	0.016578036954621435
1.680558021	0.017193264230844524
1.681711309	0.017684684556803228
1.682864596	0.017914949531875626
1.684017884	0.01781448439668948
1.685171172	0.017778698214863182
1.68632446	0.01766944289664478
1.687477747	0.01731371693804341
1.688631035	0.016830534767490905
1.689784323	0.01644691811842685
1.69093761	0.01602677567994411
1.692090898	0.015438661227179388
1.693244186	0.014801569425084794
1.694397474	0.014092484163708471
1.695550761	0.013379129383575656
1.696704049	0.012792652886690348
1.697857337	0.01230914961100987
1.699010625	0.011860810199604102
1.700163912	0.01137621286403859
1.7013172	0.010831813124578175
1.702470488	0.010310783429990015
1.703623776	0.009868573286141194
1.704777063	0.009528317278845148
1.705930351	0.009276877305033897
1.707083639	0.00920061890137329
1.708236927	0.009284544446212196
1.709390214	0.00941044905710552
1.710543502	0.00979503521441004
1.71169679	0.010377995542138538
1.712850078	0.010463214500083447
1.714003365	0.009655398229944741
1.715156653	0.008642712128505864
1.716309941	0.008026880100099106
1.717463229	0.007655483152443521
1.718616516	0.007630777705623834
1.719769804	0.007984087344541856
1.720923092	0.008445328224793063
1.72207638	0.009025960305348763
1.723229667	0.009759878639253788
1.724382955	0.010360352866823491
1.725536243	0.010536458825051024
1.72668953	0.010407347351456504
1.727842818	0.01021076638910979
1.728996106	0.00990405552664274
1.730149394	0.009623491883695046
1.731302681	0.009559508040964572
1.732455969	0.009737932649242394
1.733609257	0.010211432068090031
1.734762545	0.010844845955376856
1.735915832	0.011623989435122455
1.73706912	0.01247263070332167
1.738222408	0.013297604626272896
1.739375696	0.014077495351658458
1.740528983	0.014663790413991898
1.741682271	0.01516501427669412
1.742835559	0.01534337686370824
1.743988847	0.015400324013418277
1.745142134	0.015797454751941532
1.746295422	0.016438598402329543
1.74744871	0.016728310872504322
1.748601998	0.01655710917487296
1.749755285	0.016100189445506848
1.750908573	0.015661263940383224
1.752061861	0.01543993315194029
1.753215149	0.015274107344272262
1.754368436	0.015089867959832397
1.755521724	0.01494253727143394
1.756675012	0.014705336287875143
1.7578283	0.014423628988336974
1.758981587	0.01417505751517811
1.760134875	0.013943265886618861
1.761288163	0.013850152104121494
1.76244145	0.013715250904816484
1.763594738	0.013349192465377566
1.764748026	0.013157898884083863
1.765901314	0.013237208579892287
1.767054601	0.01343543892165131
1.768207889	0.01343132901149314
1.769361177	0.013031899883998057
1.770514465	0.012370891845810205
1.771667752	0.011629485178819031
1.77282104	0.011017821294148989
1.773974328	0.010584181187990786
1.775127616	0.01029733047875906
1.776280903	0.010097721126382084
1.777434191	0.010050839613909717
1.778587479	0.01020964511008879
1.779740767	0.010580742089495441
1.780894054	0.011097411808372834
1.782047342	0.011467159023387598
1.78320063	0.01161677574955349
1.784353918	0.011603143766950812
1.785507205	0.011578914905404183
1.786660493	0.011608851484791152
1.787813781	0.011560724008668616
1.788967069	0.011523788753661815
1.790120356	0.011536804945493457
1.791273644	0.011568939750981546
1.792426932	0.011815895191047818
1.79358022	0.01237754341371724
1.794733507	0.013125011560537341
1.795886795	0.013903348188559709
1.797040083	0.014676979133020865
1.79819337	0.01553341165977004
1.799346658	0.01660702853492336
1.800499946	0.0180273943055506
1.801653234	0.01993166903341871
1.802806521	0.022104833199050596
1.803959809	0.024402731273072534
1.805113097	0.027228819807996376
1.806266385	0.030551741129352373
1.807419672	0.03398388238306239
1.80857296	0.03720398681011801
1.809726248	0.040222515680016835
1.810879536	0.0434938720171768
1.812032823	0.04735947420621413
1.813186111	0.05240750915121348
1.814339399	0.05878960412703252
1.815492687	0.06630064464243361
1.816645974	0.07515423010208429
1.817799262	0.08547773247844183
1.81895255	0.09128313650520616
1.820105838	0.09063418674100925
1.821259125	0.09102507251266248
1.822412413	0.09179319836017623
1.823565701	0.08955072691925574
1.824718989	0.08694218817037137
1.825872276	0.08560927752860154
1.827025564	0.08523224604166214
1.828178852	0.0852310684057243
1.82933214	0.08454596076488052
1.830485427	0.08366991431576629
1.831638715	0.08370479502077274
1.832792003	0.08397571245871227
1.83394529	0.
1.835098578	0.
1.836251866	0.
1.837405154	0.
1.838558441	0.
1.839711729	0.
1.840865017	0.
1.842018305	0.
1.843171592	0.
1.84432488	0.
1.845478168	0.
1.846631456	0.
1.847784743	0.
1.848938031	0.
1.850091319	0.
1.851244607	0.
1.852397894	0.
1.853551182	0.
1.85470447	0.
1.855857758	0.
1.857011045	0.
1.858164333	0.
1.859317621	0.
1.860470909	0.
1.861624196	0.
1.862777484	0.
1.863930772	0.
1.86508406	0.
1.866237347	0.
1.867390635	0.
1.868543923	0.
1.86969721	0.
1.870850498	0.
1.872003786	-0.008056903914203951
1.873157074	-0.0071544218410828616
1.874310361	-0.008340802826516877
1.875463649	-0.030127630514094197
1.876616937	0.028368621859350324
1.877770225	0.0306334049274724
1.878923512	0.044107410993576006
1.8800768	0.06818471761608033
1.881230088	0.14520812863063234
1.882383376	-0.13539635024857585
1.883536663	-0.01462829223651965
1.884689951	0.007456814081626752
1.885843239	0.02301846921200711
1.886996527	0.03697519621094602
1.888149814	0.004111897550179285
1.889303102	15.62314181788608
1.89045639	-4.117594079530835
1.891609678	-0.28341508845648394
1.892762965	-0.20526162695205324
1.893916253	-0.9982963317467357
1.895069541	0.05046154147389493
1.896222829	0.006755416796927837
1.897376116	-0.0006154695138574798
1.898529404	-0.0014391042528861162
1.899682692	-0.002346890185567196
1.90083598	-0.011470076734394659
1.901989267	0.005968368545473347
1.903142555	-0.013770696068811195
1.904295843	-0.03215141999892026
1.905449131	-0.045928733371758214
1.906602418	-0.046017081843081536
1.907755706	-0.0650062822806105
1.908908994	0.11175951759418234
1.910062281	0.020329821256729008
1.911215569	0.010925875580002489
1.912368857	0.00830272704342253
1.913522145	0.006829345371916394
1.914675432	0.005338345116777214
1.91582872	0.0035141484326971896
1.916982008	0.0027959766646938017
1.918135296	0.018197496096776174
1.919288583	0.036344526743399205
1.920441871	0.02130450385326362
1.921595159	0.010446274004386812
1.922748447	0.0052615501906826245
1.923901734	0.0022098081003092077
1.925055022	-0.0011346154680094494
1.92620831	-0.007814979353776754
1.927361598	-0.025254707753838344
1.928514885	0.01665344707348782
1.929668173	0.011638986608095427
1.930821461	0.010228980341800512
1.931974749	0.009678356178524592
1.933128036	0.009658297414666322
1.934281324	0.010038032264697608
1.935434612	0.01043637581459318
1.9365879	0.008758796546781553
1.937741187	0.005628431527271207
1.938894475	0.0016433265986377386
1.940047763	-0.0004995382086809062
1.941201051	0.0014755928052086705
1.942354338	0.004640354662110468
1.943507626	0.0062364358035884825
1.944660914	0.007221459087673892
1.945814201	0.007953634612819302
1.946967489	0.008379517091637085
1.948120777	0.007888055497816645
1.949274065	0.00689869046658235
1.950427352	0.005447826763117925
1.95158064	0.0038605152802102757
1.952733928	0.0029166706179790444
1.953887216	0.003819113620307784
1.955040503	0.005536486695010565
1.956193791	0.00729427774621536
1.957347079	0.008198144814691041
1.958500367	0.007295589728449571
1.959653654	0.004793783291213484
1.960806942	0.0019410038159552371
1.96196023	0.000341814503741148
1.963113518	0.00037530141003398217
1.964266805	0.0015778692729365783
1.965420093	0.0028926442721902037
1.966573381	0.004092051882505078
1.967726669	0.005419042928486396
1.968879956	0.006345115490225293
1.970033244	0.005838113429062713
1.971186532	0.0041557197120277835
1.97233982	0.0030281190065233944
1.973493107	0.00395224896288797
1.974646395	0.006567134532577717
1.975799683	0.009245148373939747
1.976952971	0.01062378164128852
1.978106258	0.010367871330086355
1.979259546	0.008551110038087938
1.980412834	0.00629338680968437
1.981566121	0.004542019383516907
1.982719409	0.004194196097549368
1.983872697	0.005853569276908624
1.985025985	0.009196575999273359
1.986179272	0.01174303693467745
1.98733256	0.012013679490825014
1.988485848	0.010651067999980333
1.989639136	0.00900591140911937
1.990792423	0.007281604871119505
1.991945711	0.0058046343311982
1.993098999	0.005082944007948228
1.994252287	0.005313500916271573
1.995405574	0.005436783004546637
1.996558862	0.0043820614365759295
1.99771215	0.0030867481699580553
1.998865438	0.0021202295605487133
2.000018725	0.001551424250573597
2.001172013	0.0012263369321957526
2.002325301	0.0012279228576562845
2.003478589	0.001818899963935714
2.004631876	0.003758926256146752
2.005785164	0.006397486302265865
2.006938452	0.007471431016140668
2.00809174	0.00698894432854641
2.009245027	0.007390801000871702
2.010398315	0.009054785597355938
2.011551603	0.011182930454159714
2.012704891	0.012728964542249002
2.013858178	0.013902589066444563
2.015011466	0.014094138282866257
2.016164754	0.011768531177624919
2.017318041	0.007644525045179039
2.018471329	0.005768377583766056
2.019624617	0.007630799613661143
2.020777905	0.010023999739374467
2.021931192	0.011433920017666199
2.02308448	0.011665737966584717
2.024237768	0.011294128577614339
2.025391056	0.01089768568127436
2.026544343	0.011047201964808363
2.027697631	0.011644416302730075
2.028850919	0.012380471806290858
2.030004207	0.012087752277716914
2.031157494	0.010654737914777343
2.032310782	0.009197142654106698
2.03346407	0.008559083036003744
2.034617358	0.00814903400547647
2.035770645	0.007673404138978461
2.036923933	0.00751200633324737
2.038077221	0.007890903489505812
2.039230509	0.008392569402732995
2.040383796	0.008529309185262431
2.041537084	0.008245555460521747
2.042690372	0.0075560990905310125
2.04384366	0.006712726857651415
2.044996947	0.006143672716322911
2.046150235	0.006019440730407893
2.047303523	0.006519777105904488
2.048456811	0.007706839929805344
2.049610098	0.008863469497556939
2.050763386	0.009207197044310507
2.051916674	0.008515154303367122
2.053069961	0.0072563388008425505
2.054223249	0.006261526659146756
2.055376537	0.0061175729408538175
2.056529825	0.006484482288692972
2.057683112	0.006801044705933778
2.0588364	0.006808594329745469
2.059989688	0.0066616170364846424
2.061142976	0.006396551451759379
2.062296263	0.006087778476096753
2.063449551	0.005939283852197336
2.064602839	0.0058180344466175465
2.065756127	0.0055162049182051216
2.066909414	0.005315164924354686
2.068062702	0.005282920355894076
2.06921599	0.005332323068309311
2.070369278	0.005380532166989029
2.071522565	0.005477416217114927
2.072675853	0.005814011967984187
2.073829141	0.0066177426163568686
2.074982429	0.007808982550647841
2.076135716	0.009097610638806637
2.077289004	0.009950482415067678
2.078442292	0.00989492254676887
2.07959558	0.00903226380954388
2.080748867	0.007498850700999753
2.081902155	0.005949214642505384
2.083055443	0.005172335823397215
2.084208731	0.0054099375527989066
2.085362018	0.006013788383322432
2.086515306	0.006691136911780615
2.087668594	0.0072899455821129186
2.088821881	0.007484562875526666
2.089975169	0.006862611579013809
2.091128457	0.006032711353228975
2.092281745	0.006312712161581507
2.093435032	0.008626889237122527
2.09458832	0.01130929776945258
2.095741608	0.012427107538171323
2.096894896	0.011348578440914614
2.098048183	0.009141714008735789
2.099201471	0.00671675100066485
2.100354759	0.004767901394842992
2.101508047	0.0037489131781908505
2.102661334	0.0036668113329476446
2.103814622	0.004265575883917019
2.10496791	0.005084061754594075
2.106121198	0.005745342009701721
2.107274485	0.005950098980432874
2.108427773	0.005726945752560005
2.109581061	0.005254645644851954
2.110734349	0.004610537977868084
2.111887636	0.003983392589493708
2.113040924	0.0037152763734293434
2.114194212	0.003811617902512902
2.1153475	0.004054462395956391
2.116500787	0.0041340231260631145
2.117654075	0.00398446739989094
2.118807363	0.0037797889182155284
2.119960651	0.0036444817310988713
2.121113938	0.003552814157090126
2.122267226	0.0035357053538760297
2.123420514	0.0035983630560909455
2.124573801	0.00361937042720509
2.125727089	0.0034911409787876184
2.126880377	0.0034378358416389714
2.128033665	0.003659147604855065
2.129186952	0.00440088925002044
2.13034024	0.005733962406431098
2.131493528	0.007404651099461922
2.132646816	0.00860777111456417
2.133800103	0.00871236006167079
2.134953391	0.007590340306266258
2.136106679	0.005848071855539064
2.137259967	0.004202016864117795
2.138413254	0.003168804183856557
2.139566542	0.003103734464009586
2.14071983	0.003573707305048738
2.141873118	0.004049523051726674
2.143026405	0.004159047246238602
2.144179693	0.003898871551664657
2.145332981	0.0033440867874608596
2.146486269	0.002752600857720676
2.147639556	0.0022603009489793936
2.148792844	0.0019788798686862855
2.149946132	0.0018588266183121977
2.15109942	0.0018319310887923382
2.152252707	0.0018595141239854994
2.153405995	0.0019188064492315301
2.154559283	0.00197617257997871
2.155712571	0.0019939292711018937
2.156865858	0.0019428039302011096
2.158019146	0.0018406143715702242
2.159172434	0.001728538958709911
2.160325722	0.001637245210388265
2.161479009	0.0015510974377714627
2.162632297	0.0014662163117641262
2.163785585	0.0013735164058007925
2.164938872	0.0012723919559643893
2.16609216	0.0011072830688151276
2.167245448	0.000914968352262011
2.168398736	0.0009848669355869612
2.169552023	0.0016209522940981561
2.170705311	0.0027854672826997866
2.171858599	0.004427575823798313
2.173011887	0.005758536358790272
2.174165174	0.0058651188845941235
2.175318462	0.004563911552557777
2.17647175	0.0028421831913019347
2.177625038	0.0015772542279529893
2.178778325	0.000992966478971519
2.179931613	0.0009659629904057188
2.181084901	0.0012785080637068016
2.182238189	0.0016498420840812828
2.183391476	0.0017444416372992921
2.184544764	0.001706698687911614
2.185698052	0.0018215909053546917
2.18685134	0.0022016317222705796
2.188004627	0.002611410701683972
2.189157915	0.0027883190374845927
2.190311203	0.0026811849035072205
2.191464491	0.002422174475365419
2.192617778	0.0021180375330105694
2.193771066	0.0018917941256984606
2.194924354	0.0019010831773368527
2.196077642	0.002062432372772264
2.197230929	0.0022197104322669962
2.198384217	0.0022201894022903035
2.199537505	0.002102470242889562
2.200690792	0.0019160476695453078
2.20184408	0.0018535140827149739
2.202997368	0.002006217827656447
2.204150656	0.002294135381758311
2.205303943	0.0025328271760836868
2.206457231	0.002525774766258808
2.207610519	0.0024285516006486135
2.208763807	0.0025399892871987547
2.209917094	0.0030423599144329856
2.211070382	0.0036523803758265884
2.21222367	0.004119154844334299
2.213376958	0.00435093257130736
2.214530245	0.0045363472378930165
2.215683533	0.0048439753917900235
2.216836821	0.005010967271945734
2.217990109	0.004687623362657497
2.219143396	0.003942666937750814
2.220296684	0.0032372252987475673
2.221449972	0.0029599597579999413
2.22260326	0.002826526645206329
2.223756547	0.0025015459241436123
2.224909835	0.0020318361352004055
2.226063123	0.0017061821478273798
2.227216411	0.0017829817604075975
2.228369698	0.0023435009845382097
2.229522986	0.003535805290019596
2.230676274	0.004955166470689691
2.231829562	0.005830474835708352
2.232982849	0.005518490719453
2.234136137	0.004383338003094859
2.235289425	0.002931507154352855
2.236442712	0.0015931794005040235
2.237596	0.0006940752284314772
2.238749288	0.0004866768699469817
2.239902576	0.0010983982465353228
2.241055863	0.0026487755414359984
2.242209151	0.00476135511529283
2.243362439	0.006228921026927228
2.244515727	0.005778871771963899
2.245669014	0.004257291253699724
2.246822302	0.0026167903880168946
2.24797559	0.0011430315535110897
2.249128878	0.00015070060933151664
2.250282165	0.00020433842657545186
2.251435453	0.0024078560772720237
2.252588741	0.0072502905134356034
2.253742029	0.01414558818737621
2.254895316	0.019213978286901304
2.256048604	0.018758209476352938
2.257201892	0.013628516171264763
2.25835518	0.007027910778137867
2.259508467	0.0023338746164162072
2.260661755	-0.00024714517138945985
2.261815043	-0.0008821259224448974
2.262968331	-0.00027999838980021023
2.264121618	0.0006271548555368552
2.265274906	0.0008361369745881421
2.266428194	0.0005992170711841434
2.267581482	0.00032860517376055
2.268734769	0.00021034022110556427
2.269888057	0.00016398426495866665
2.271041345	0.00016506249183933112
2.272194632	0.0002574517900214004
2.27334792	0.0005627554512354
2.274501208	0.0011023686962853838
2.275654496	0.0016583317071185016
2.276807783	0.0018997781742212142
2.277961071	0.0018708146495193063
2.279114359	0.0017594099466512704
2.280267647	0.0016552373713796826
2.281420934	0.001563218873066832
2.282574222	0.0014531884509070812
2.28372751	0.0014346485213302576
2.284880798	0.0017578418395139922
2.286034085	0.002334665679835459
2.287187373	0.0027528747220533687
2.288340661	0.0026847301372541345
2.289493949	0.001971815319220669
2.290647236	0.0009970806236486132
2.291800524	0.00039605231697332555
2.292953812	0.0001222258816997632
2.2941071	0.000015944433383628577
2.295260387	-0.000021391057036959468
2.296413675	-0.000028908007044601097
2.297566963	-0.00003064565489010152
2.298720251	-0.00002487502851592092
2.299873538	-0.00003674680241046696
2.301026826	-0.0000587496774251699
2.302180114	-0.00004532152325144658
2.303333402	0.000024896352087456524
2.304486689	0.000021516149787061893
2.305639977	-0.00015797836158737164
2.306793265	-0.00044780671790813374
2.307946552	-0.000664774902565198
2.30909984	-0.0004341629820530803
2.310253128	0.0011329838230613894
2.311406416	0.004987565540928296
2.312559703	0.009583517338683109
2.313712991	0.012258398891261322
2.314866279	0.011216677361420395
2.316019567	0.008263230868888602
2.317172854	0.004932911367776701
2.318326142	0.0022537008860363497
2.31947943	0.0009479469534821283
2.320632718	0.0015241728510592464
2.321786005	0.002739829573620458
2.322939293	0.0033576114327122653
2.324092581	0.003159223651752697
2.325245869	0.002466895967061751
2.326399156	0.0016003519554849926
2.327552444	0.0008212092563713759
2.328705732	0.00043873232326956937
2.32985902	0.0004028704777773333
2.331012307	0.00047734059929644014
2.332165595	0.0004749701893332603
2.333318883	0.0004402819607267532
2.334472171	0.00041129578357904106
2.335625458	0.00041446991482442524
2.336778746	0.0004722922529494972
2.337932034	0.0006207453998116639
2.339085322	0.0008128591698789429
2.340238609	0.0009670547809147727
2.341391897	0.0010198704716271574
2.342545185	0.0009946354515682919
2.343698472	0.0009156660942653134
2.34485176	0.0008329285339225101
2.346005048	0.0007869085469314424
2.347158336	0.0008186905492707182
2.348311623	0.0008767920523358411
2.349464911	0.0008925998103153058
2.350618199	0.0008633845086467153
2.351771487	0.0008818592165688184
2.352924774	0.000985637706473422
2.354078062	0.0010426103203356465
2.35523135	0.0009415783836811827
2.356384638	0.0007975556228588134
2.357537925	0.0007054840138852996
2.358691213	0.0006606967835249775
2.359844501	0.0006428318035429082
2.360997789	0.0006750167077067103
2.362151076	0.000771502949753432
2.363304364	0.000917644828674573
2.364457652	0.001073531637378417
2.36561094	0.0011855201399354734
2.366764227	0.0012256384875990946
2.367917515	0.0012089318183042908
2.369070803	0.0011858269127079438
2.370224091	0.001188443652868882
2.371377378	0.0012095874094062143
2.372530666	0.0012720189862400018
2.373683954	0.0013797000755136673
2.374837242	0.0013901972254885037
2.375990529	0.0011931593724465515
2.377143817	0.0008306513703577941
2.378297105	0.00020413715539145568
2.379450392	-0.00016944913432294126
2.38060368	0.000791295778264615
2.381756968	0.00403667320423499
2.382910256	0.00822550979619601
2.384063543	0.011938516385207813
2.385216831	0.013548294219125697
2.386370119	0.01236777870773212
2.387523407	0.00840801625534351
2.388676694	0.0040424257968390415
2.389829982	0.0016737057314048158
2.39098327	0.0013586936588326146
2.392136558	0.001499588954915548
2.393289845	0.0010439655334425733
2.394443133	0.00045686468069265857
2.395596421	0.00028968985929101214
2.396749709	0.0006530708387735759
2.397902996	0.0010421269904402597
2.399056284	0.0010137114081359665
2.400209572	0.0007521076125410856
2.40136286	0.0004795097582572804
2.402516147	0.00031460683792106515
2.403669435	0.00030255532893361936
2.404822723	0.0005371027126737177
2.405976011	0.0008677420731129997
2.407129298	0.0010394832041363724
2.408282586	0.0009241216367198114
2.409435874	0.0006398898167677246
2.410589162	0.0002529577354330331
2.411742449	-0.0001315314702387015
2.412895737	-0.0003920065976244884
2.414049025	-0.00035995864062679246
2.415202313	0.0002662735637755983
2.4163556	0.0018551787512491
2.417508888	0.0034812364681459733
2.418662176	0.003930696539046039
2.419815463	0.0032925397634890343
2.420968751	0.0024246456934928612
2.422122039	0.001783690965067288
2.423275327	0.0013884659187441944
2.424428614	0.001163907190799184
2.425581902	0.0010593917161415426
2.42673519	0.0008472479834471067
2.427888478	0.0002484638033118887
2.429041765	-0.0006157298415001579
2.430195053	-0.0013533782811049207
2.431348341	-0.001516970149884952
2.432501629	-0.0009839382041374608
2.433654916	0.00024244595124884558
2.434808204	0.0016228880375425499
2.435961492	0.0025710188389770844
2.43711478	0.0028807989858916612
2.438268067	0.0025692142504433707
2.439421355	0.0017462391797608372
2.440574643	0.0006077326825129665
2.441727931	-0.0002928450769456301
2.442881218	-0.0005662835254469596
2.444034506	-0.0005698872364321347
2.445187794	-0.0005086634950707659
2.446341082	-0.0003930731269852799
2.447494369	-0.0001931877339361633
2.448647657	-0.00029452486594195324
2.449800945	-0.0005676724043749197
2.450954233	0.00005004909937191683
2.45210752	0.001943892087983122
2.453260808	0.004314137486761601
2.454414096	0.006650473624400297
2.455567383	0.007869331850283521
2.456720671	0.007850864304374936
2.457873959	0.006404667129006677
2.459027247	0.0038524531852318217
2.460180534	0.0012474651485976688
2.461333822	-0.000628108589340831
2.46248711	-0.0013240844022653407
2.463640398	-0.0007208897043820784
2.464793685	0.0007416224601345731
2.465946973	0.002738202892583729
2.467100261	0.00502533058912631
2.468253549	0.006508860659071889
2.469406836	0.005538762399842654
2.470560124	0.002939701547705537
2.471713412	0.0008525062978130424
2.4728667	-0.000138948554318528
2.474019987	-0.0006060156207414839
2.475173275	-0.0009533308433326723
2.476326563	-0.0014189297140993753
2.477479851	-0.0024047718999972325
2.478633138	-0.0039760797374667756
2.479786426	-0.006303244712428133
2.480939714	-0.01058677968984996
2.482093002	-0.030788132459334736
2.483246289	0.01540137591960042
2.484399577	0.001564018711051949
2.485552865	-0.002466354730294348
2.486706153	-0.008265268695596082
2.48785944	-0.00410362965255864
2.489012728	-0.018130309541468215
2.490166016	-0.1029161526723318
2.491319303	0.05257807593129218
2.492472591	0.010049887813796855
2.493625879	-0.005874978344317477