0.45	0.1170164390887284
0.451206295	0.033387423570406624
0.452412589	0.180331089450901
0.453618884	0.38503532162287923
0.454825178	0.23949451563410382
0.456031473	0.14177036964276962
0.457237767	0.1381705664116153
0.458444062	0.10645301875672586
0.459650356	0.09926458937009983
0.460856651	0.14308397225675396
0.462062945	0.13004295794036108
0.46326924	0.10723771824113096
0.464475534	0.15628150768334942
0.465681829	0.17403802717893357
0.466888124	0.17847011514266123
0.468094418	0.17100205780600036
0.469300713	0.16332107299773593
0.470507007	0.16876466427475223
0.471713302	0.16785555823175263
0.472919596	0.17801801945750206
0.474125891	0.17094405223297143
0.475332185	0.16724967342577385
0.47653848	0.1913986633763138
0.477744774	0.18896828149130443
0.478951069	0.18626484270619315
0.480157364	0.1915743327162413
0.481363658	0.20029448624349486
0.482569953	0.18040985782424113
0.483776247	0.15978342122194425
0.484982542	0.13925047526010448
0.486188836	0.1217310351051504
0.487395131	0.15429197366594122
0.488601425	0.161342226634757
0.48980772	0.15895764331057516
0.491014014	0.16382656966608244
0.492220309	0.16880934213892826
0.493426603	0.17753002565170956
0.494632898	0.16968705456712668
0.495839193	0.17107971638852096
0.497045487	0.16081774331798243
0.498251782	0.17571853464357168
0.499458076	0.17545003275270146
0.500664371	0.17724785675435065
0.501870665	0.17857710812546548
0.50307696	0.17553563726703908
0.504283254	0.17689776823861958
0.505489549	0.16825878861647758
0.506695843	0.17189071168599038
0.507902138	0.1753105232826163
0.509108433	0.17669899003742962
0.510314727	0.17782183442507804
0.511521022	0.17449364258475109
0.512727316	0.18235418775200168
0.513933611	0.18060533161741557
0.515139905	0.17359926263695932
0.5163462	0.1815801546831899
0.517552494	0.18506447250753333
0.518758789	0.19886889701343666
0.519965083	0.18744826739665132
0.521171378	0.18709258687462513
0.522377672	0.19206731959532714
0.523583967	0.18772182127830897
0.524790262	0.18149738921948882
0.525996556	0.18875507435516403
0.527202851	0.19422434612923314
0.528409145	0.1873281107076319
0.52961544	0.19303685776733137
0.530821734	0.1889327448959145
0.532028029	0.19345800711316613
0.533234323	0.19338058597465924
0.534440618	0.19537341095502667
0.535646912	0.18672305550076226
0.536853207	0.19555197783126405
0.538059501	0.19308041320381478
0.539265796	0.19501245711358217
0.540472091	0.20054087725637873
0.541678385	0.18804653067339927
0.54288468	0.1900328940296046
0.544090974	0.18628624706479432
0.545297269	0.18918485042908909
0.546503563	0.19595034410417236
0.547709858	0.2028087695316421
0.548916152	0.20192727845745637
0.550122447	0.20281960328927462
0.551328741	0.19996269641185774
0.552535036	0.1978167489202796
0.553741331	0.19390779287812843
0.554947625	0.193184371652145
0.55615392	0.20026509727855019
0.557360214	0.20166376962947039
0.558566509	0.20467785291188048
0.559772803	0.1994584656261475
0.560979098	0.19723660542513946
0.562185392	0.19886685680371255
0.563391687	0.19894767925157464
0.564597981	0.20198086586906075
0.565804276	0.20599351372754837
0.56701057	0.20055825949516778
0.568216865	0.20177006887545057
0.56942316	0.20172496166467047
0.570629454	0.20877238531700346
0.571835749	0.2030088270109107
0.573042043	0.1983418308638937
0.574248338	0.203291984879517
0.575454632	0.21061535189170205
0.576660927	0.2103616314207923
0.577867221	0.20869193966648283
0.579073516	0.22094787280725625
0.58027981	0.2192321320536754
0.581486105	0.21727811258087829
0.5826924	0.2170016976739231
0.583898694	0.2226558123684873
0.585104989	0.22811031677209087
0.586311283	0.2321454059094301
0.587517578	0.2249814176521005
0.588723872	0.22929244138905847
0.589930167	0.2455682011102769
0.591136461	0.22787951288434163
0.592342756	0.22794546297779641
0.59354905	0.23310563806966886
0.594755345	0.2382802834612726
0.595961639	0.23619777874593245
0.597167934	0.23578456931901046
0.598374229	0.24079517466051525
0.599580523	0.23882001768351366
0.600786818	0.24324615837823693
0.601993112	0.24552371381267435
0.603199407	0.24453070399914148
0.604405701	0.2422123848836825
0.605611996	0.24867470654855398
0.60681829	0.2538219254123368
0.608024585	0.2529305894963959
0.609230879	0.25200440249087097
0.610437174	0.2540332640434155
0.611643468	0.24733589107466397
0.612849763	0.25031491713031484
0.614056058	0.24449974170672295
0.615262352	0.2318457942199939
0.616468647	0.23981664792945745
0.617674941	0.2239268815759508
0.618881236	0.21874512767160062
0.62008753	0.21737385263039435
0.621293825	0.21757518414751933
0.622500119	0.2187852445126949
0.623706414	0.23003279605198257
0.624912708	0.2405187619507056
0.626119003	0.2507028151962329
0.627325298	0.24914163230719327
0.628531592	0.25486326931540154
0.629737887	0.2701000598881056
0.630944181	0.2791000245205198
0.632150476	0.2804125252862752
0.63335677	0.2799457002256313
0.634563065	0.2768908546633799
0.635769359	0.28077523403016535
0.636975654	0.2804840582717416
0.638181948	0.2839304952675056
0.639388243	0.28688923193711363
0.640594537	0.29039647841124394
0.641800832	0.288611214059442
0.643007127	0.2880860171303642
0.644213421	0.28709512538768056
0.645419716	0.2848570665572558
0.64662601	0.28913219221332936
0.647832305	0.29009718429883
0.649038599	0.29073922590090495
0.650244894	0.2884158832709759
0.651451188	0.281938726567375
0.652657483	0.2824202744792241
0.653863777	0.28462712075179436
0.655070072	0.273300974705764
0.656276366	0.24821998014486732
0.657482661	0.3287906783897683
0.658688956	0.32825222914554314
0.65989525	0.3033727232783758
0.661101545	0.2914088689425793
0.662307839	0.28739461006249917
0.663514134	0.28408843575613
0.664720428	0.2795702204814599
0.665926723	0.27611259941008226
0.667133017	0.27673877958391224
0.668339312	0.2746381127191025
0.669545606	0.2758000356761123
0.670751901	0.28088508620767233
0.671958196	0.2860535197515466
0.67316449	0.2915149913923755
0.674370785	0.29968592880433204
0.675577079	0.30835153727449316
0.676783374	0.3136735985234566
0.677989668	0.31568867407688794
0.679195963	0.31788532970526545
0.680402257	0.3159205365564362
0.681608552	0.3134141118020428
0.682814846	0.3091031582735529
0.684021141	0.3099589927426955
0.685227435	0.3132827826946643
0.68643373	0.3152538692199786
0.687640025	0.31797465858163115
0.688846319	0.3186475504723977
0.690052614	0.3184303226553319
0.691258908	0.3219223708785816
0.692465203	0.3234806166963894
0.693671497	0.3223482761356983
0.694877792	0.32181794732123314
0.696084086	0.3197513474393922
0.697290381	0.31280687949670755
0.698496675	0.29900605417990644
0.69970297	0.28969036820628
0.700909265	0.28412666303508616
0.702115559	0.275891556380471
0.703321854	0.27057535355966966
0.704528148	0.2687669113901407
0.705734443	0.2732129144225501
0.706940737	0.28225089838383044
0.708147032	0.2920433483881547
0.709353326	0.2983396861657371
0.710559621	0.30167743444352657
0.711765915	0.30636319163314224
0.71297221	0.31213841357181604
0.714178504	0.31302991004154107
0.715384799	0.309217925054307
0.716591094	0.2934986275014194
0.717797388	0.26597494205169747
0.719003683	0.241949984238793
0.720209977	0.22825299715544342
0.721416272	0.22825187682950132
0.722622566	0.2224741545147637
0.723828861	0.21213736762214166
0.725035155	0.20234159003347346
0.72624145	0.19377919884035752
0.727447744	0.1875000020392007
0.728654039	0.1886343951114148
0.729860333	0.19280982366662985
0.731066628	0.19988732114672095
0.732272923	0.21049730235053493
0.733479217	0.22112006728533398
0.734685512	0.2309296996224838
0.735891806	0.2406901807051321
0.737098101	0.24947835000789753
0.738304395	0.26370560456039077
0.73951069	0.27848781558534724
0.740716984	0.2948357961378813
0.741923279	0.307612873345971
0.743129573	0.31767565726065705
0.744335868	0.32440121305884256
0.745542163	0.33099602445147724
0.746748457	0.3286841765938921
0.747954752	0.3327193972441506
0.749161046	0.3331767516385758
0.750367341	0.3328915470860327
0.751573635	0.33345445501205956
0.75277993	0.3353388033035523
0.753986224	0.33625317882202116
0.755192519	0.3371867383808
0.756398813	0.3347159679368287
0.757605108	0.33388344657840147
0.758811402	0.3396639357559369
0.760017697	0.34238703802151893
0.761223992	0.3293200930813282
0.762430286	0.30228299251396445
0.763636581	0.2959184385179509
0.764842875	0.28944378027668516
0.76604917	0.2878901742046595
0.767255464	0.2915326936718728
0.768461759	0.29143393374947296
0.769668053	0.28882018446902147
0.770874348	0.28810691782300385
0.772080642	0.28681869686718076
0.773286937	0.2791766017053449
0.774493232	0.2752990197403108
0.775699526	0.2727337098656901
0.776905821	0.25771219878213664
0.778112115	0.25436347767608536
0.77931841	0.2553225824963546
0.780524704	0.24770986814834114
0.781730999	0.23859211565571467
0.782937293	0.23180413930349186
0.784143588	0.22845453965841034
0.785349882	0.2282693394744903
0.786556177	0.2305707706223298
0.787762471	0.23136642033395857
0.788968766	0.23471584876923518
0.790175061	0.23650076567197678
0.791381355	0.23734526670351203
0.79258765	0.23207114212142382
0.793793944	0.22669451423327405
0.795000239	0.21991986057707202
0.796206533	0.21568565332083464
0.797412828	0.21503992803900648
0.798619122	0.21641954930828433
0.799825417	0.21662981263961406
0.801031711	0.2165542613500874
0.802238006	0.21892230530692763
0.8034443	0.22496553225285668
0.804650595	0.23013395772853865
0.80585689	0.23247764526174705
0.807063184	0.23667993190090966
0.808269479	0.2454262247577692
0.809475773	0.2509569871155087
0.810682068	0.252966348837882
0.811888362	0.2589523671172073
0.813094657	0.2693126693379557
0.814300951	0.27984750689879334
0.815507246	0.28764632729964884
0.81671354	0.29354396751542405
0.817919835	0.30629410178009747
0.81912613	0.3163672081175575
0.820332424	0.3230497614276313
0.821538719	0.3253167284264338
0.822745013	0.31674642730433705
0.823951308	0.3323355150620755
0.825157602	0.340350779153142
0.826363897	0.34354585948085126
0.827570191	0.3419349374265298
0.828776486	0.34346784562252236
0.82998278	0.34362940026946504
0.831189075	0.34413020299835223
0.832395369	0.34429105645584934
0.833601664	0.3364138850774411
0.834807959	0.31175923510590403
0.836014253	0.2836513636116029
0.837220548	0.2594516998098118
0.838426842	0.24268408985256495
0.839633137	0.2269032590465518
0.840839431	0.2199714511164412
0.842045726	0.22081832254972164
0.84325202	0.22199555359326797
0.844458315	0.2207692605762339
0.845664609	0.23821106936380987
0.846870904	0.23445958974890063
0.848077199	0.2693217895267337
0.849283493	0.27434132439582437
0.850489788	0.24618551204529363
0.851696082	0.26068636570740866
0.852902377	0.2546125636785575
0.854108671	0.22282429192309372
0.855314966	0.22439003660207862
0.85652126	0.21469170865175788
0.857727555	0.19821331096420475
0.858933849	0.17946926064798593
0.860140144	0.1629452028290917
0.861346438	0.18075715280198967
0.862552733	0.17321598093862697
0.863759028	0.16264599384104783
0.864965322	0.15670746952467832
0.866171617	0.1437800506447657
0.867377911	0.1633206927321146
0.868584206	0.17622683473669074
0.8697905	0.18725114853608565
0.870996795	0.19195751704773625
0.872203089	0.19546186728282103
0.873409384	0.19412462859285065
0.874615678	0.1761145930124403
0.875821973	0.18998531016032058
0.877028267	0.2164421331259467
0.878234562	0.2084423123692708
0.879440857	0.1867429416265848
0.880647151	0.16402766450922002
0.881853446	0.13899232929042665
0.88305974	0.11831919708900222
0.884266035	0.10667782225927312
0.885472329	0.09868740988788773
0.886678624	0.09703178326307833
0.887884918	0.11027326820666573
0.889091213	0.10653179618758683
0.890297507	0.1046149050839635
0.891503802	0.10622557201203485
0.892710097	0.104264060657522
0.893916391	0.10229840038389525
0.895122686	0.09960672770344052
0.89632898	0.09981934709045831
0.897535275	0.10457564010622339
0.898741569	0.10794865849598267
0.899947864	0.11299773900372276
0.901154158	0.10867893759427856
0.902360453	0.12880906541888368
0.903566747	0.16014818538061285
0.904773042	0.17045621307740805
0.905979336	0.17223256957765107
0.907185631	0.17680352133491703
0.908391926	0.18390150713739448
0.90959822	0.19076023152858737
0.910804515	0.1963589861126559
0.912010809	0.1953900203065312
0.913217104	0.1898940072094681
0.914423398	0.1943440054533558
0.915629693	0.19141517133307726
0.916835987	0.20336857583682766
0.918042282	0.20929161961722578
0.919248576	0.21478602580255796
0.920454871	0.21702186928377554
0.921661165	0.21221723591127595
0.92286746	0.20671276529755536
0.924073755	0.23706257347162316
0.925280049	0.24849921380036352
0.926486344	0.23735704409030517
0.927692638	0.23666516582998967
0.928898933	0.23544451057164756
0.930105227	0.22765071847783344
0.931311522	0.20758195143658603
0.932517816	0.18409065684578882
0.933724111	0.16771953420532368
0.934930405	0.1596493390882575
0.9361367	0.1600790496650618
0.937342995	0.15073237997929334
0.938549289	0.14703632262413593
0.939755584	0.16130825373394833
0.940961878	0.1572872252226042
0.942168173	0.13965939737710742
0.943374467	0.11583878957750138
0.944580762	0.10717297592174495
0.945787056	0.10390349811045295
0.946993351	0.10137685419314892
0.948199645	0.09573772226306529
0.94940594	0.09198652666187848
0.950612234	0.09524359202603154
0.951818529	0.10187739243891979
0.953024824	0.10363556721449735
0.954231118	0.09614192655107051
0.955437413	0.08661993092905508
0.956643707	0.0808155666343418
0.957850002	0.08076071401771857
0.959056296	0.07305676305532716
0.960262591	0.06984489333876183
0.961468885	0.06927641664267267
0.96267518	0.06649481928249679
0.963881474	0.0638463829169491
0.965087769	0.06260668351001408
0.966294064	0.059811196714036015
0.967500358	0.06137814669966512
0.968706653	0.06556627562165626
0.969912947	0.06587481699704965
0.971119242	0.
0.972325536	0.
0.973531831	0.
0.974738125	0.
0.97594442	0.
0.977150714	0.
0.978357009	0.
0.979563303	0.
0.980769598	0.
0.981975893	0.
0.983182187	0.
0.984388482	0.
0.985594776	0.
0.986801071	0.
0.988007365	0.
0.98921366	0.
0.990419954	0.
0.991626249	0.
0.992832543	0.
0.994038838	0.
0.995245132	0.
0.996451427	0.
0.997657722	0.09693036165934368
0.998864016	0.0952254584884893
1.000070311	0.0944231438764879
1.001276605	0.0907536606216064
1.0024829	0.08928570330341021
1.003689194	0.08737266497250487
1.004895489	0.08733966267042094
1.006101783	0.09526479397710161
1.007308078	0.1026485595436159
1.008514372	0.10725801533364847
1.009720667	0.11217499096998652
1.010926962	0.11341785082682762
1.012133256	0.10982550209195686
1.013339551	0.10672171278860024
1.014545845	0.10125106351835608
1.01575214	0.09314504962798639
1.016958434	0.08399997949379849
1.018164729	0.0749979550261602
1.019371023	0.06844662312789818
1.020577318	0.06718011741660937
1.021783612	0.06793144427752777
1.022989907	0.07142609737875061
1.024196201	0.07711748156066141
1.025402496	0.08482746428305536
1.026608791	0.09304667766874997
1.027815085	0.10095755784252322
1.02902138	0.1094894286642273
1.030227674	0.11650340111843005
1.031433969	0.11987881407493253
1.032640263	0.12312364826248468
1.033846558	0.1271629465168845
1.035052852	0.12820099273853516
1.036259147	0.12848809261621724
1.037465441	0.13212811430883878
1.038671736	0.13508742302301086
1.039878031	0.13641210217389632
1.041084325	0.13876239157429082
1.04229062	0.14197226202343774
1.043496914	0.14476805489175973
1.044703209	0.14841344363317327
1.045909503	0.15351634708278322
1.047115798	0.15732139121501085
1.048322092	0.16027510575106466
1.049528387	0.16415150050013896
1.050734681	0.16947303965948876
1.051940976	0.1751169515689814
1.05314727	0.18207904638992206
1.054353565	0.1887280828214369
1.05555986	0.1929517905077217
1.056766154	0.19903494764217458
1.057972449	0.20717170750094982
1.059178743	0.21136566057399056
1.060385038	0.21288715131961616
1.061591332	0.21433623407039998
1.062797627	0.22312782702731404
1.064003921	0.2286751721414875
1.065210216	0.234173622857437
1.06641651	0.23969863113173245
1.067622805	0.2451990256308225
1.068829099	0.25169298771675247
1.070035394	0.2586576855501561
1.071241689	0.2614972810754396
1.072447983	0.2635942076901471
1.073654278	0.2694807862204293
1.074860572	0.2738813670987198
1.076066867	0.2761272028999023
1.077273161	0.27924152918810685
1.078479456	0.2811541613192654
1.07968575	0.2798112237958501
1.080892045	0.28498645442531806
1.082098339	0.29592558074337827
1.083304634	0.29815885892266136
1.084510929	0.29511539742189025
1.085717223	0.29168649910230693
1.086923518	0.2960176988757954
1.088129812	0.3056154754468681
1.089336107	0.3018262986792059
1.090542401	0.29580680636013923
1.091748696	0.29668445960033846
1.09295499	0.3041438930515739
1.094161285	0.31303944307796516
1.095367579	0.3055404506300236
1.096573874	0.29326166353362726
1.097780168	0.28406170106011974
1.098986463	0.26919140891373833
1.100192758	0.2507448844805825
1.101399052	0.23695648977491815
1.102605347	0.22186397744724706
1.103811641	0.2033363747839018
1.105017936	0.1872735872640021
1.10622423	0.17442765385388223
1.107430525	0.1643002493351648
1.108636819	0.15693339162096986
1.109843114	0.1520980036970281
1.111049408	0.1499557511463611
1.112255703	0.14928942071132054
1.113461998	0.14742161850143992
1.114668292	0.14443879940245616
1.115874587	0.14112449105093966
1.117080881	0.1373694214501195
1.118287176	0.13324979623118363
1.11949347	0.12938384654804164
1.120699765	0.12343382959873875
1.121906059	0.11492756533130795
1.123112354	0.10723432365450836
1.124318648	0.101485403308058
1.125524943	0.09710443873261566
1.126731237	0.09198329493945132
1.127937532	0.08566699940784017
1.129143827	0.08050104552355071
1.130350121	0.07622637694482762
1.131556416	0.07157055275928902
1.13276271	0.06772785083787737
1.133969005	0.06465580482992285
1.135175299	0.06181113831394875
1.136381594	0.05978848405331547
1.137587888	0.059456171725457085
1.138794183	0.05982189310657149
1.140000477	0.06032328197438251
1.141206772	0.06087784198634005
1.142413066	0.061599275428101195
1.143619361	0.06285655991131062
1.144825656	0.06370459643321424
1.14603195	0.0639053762704007
1.147238245	0.06421983826245595
1.148444539	0.06405625053864941
1.149650834	0.06287496211806433
1.150857128	0.06094262961616092
1.152063423	0.058255094777339256
1.153269717	0.05473632359924014
1.154476012	0.05105504367016233
1.155682306	0.04780258458480394
1.156888601	0.04472367644830522
1.158094896	0.042022299498063125
1.15930119	0.04016867974370492
1.160507485	0.03876304834837334
1.161713779	0.03744862467617561
1.162920074	0.035936436270400524
1.164126368	0.03442470943156986
1.165332663	0.033550143415951195
1.166538957	0.03320784670621868
1.167745252	0.033357089314832104
1.168951546	0.03437461670073214
1.170157841	0.03605918752157123
1.171364135	0.03760398511049293
1.17257043	0.039399061381016676
1.173776725	0.04179196408472054
1.174983019	0.044790160629670436
1.176189314	0.04812738185588289
1.177395608	0.05090809659462363
1.178601903	0.05281364827558162
1.179808197	0.05371185325806374
1.181014492	0.054833937340981624
1.182220786	0.05630421989986848
1.183427081	0.057935450158142374
1.184633375	0.05847061792135204
1.18583967	0.05718510431976669
1.187045965	0.05740618401210251
1.188252259	0.058896046407416705
1.189458554	0.05887481719795938
1.190664848	0.058787220664766784
1.191871143	0.05944124870442804
1.193077437	0.060637307860335096
1.194283732	0.06231272874011406
1.195490026	0.06443939397806817
1.196696321	0.06752312984762898
1.197902615	0.07158516151380903
1.19910891	0.07381055027112228
1.200315204	0.07457290532520752
1.201521499	0.07578273146329612
1.202727794	0.07864798175984225
1.203934088	0.08358848670945547
1.205140383	0.08607111316873024
1.206346677	0.08754423943876616
1.207552972	0.09322286706891131
1.208759266	0.09807798597164873
1.209965561	0.09988924265228084
1.211171855	0.10198520195001542
1.21237815	0.10469430913655796
1.213584444	0.10767113815164114
1.214790739	0.1105260879664226
1.215997033	0.11306192291943146
1.217203328	0.11545649046058463
1.218409623	0.11748486585866126
1.219615917	0.11880687158661739
1.220822212	0.11938312267927213
1.222028506	0.11914338983205461
1.223234801	0.11839564071340133
1.224441095	0.11716013132362608
1.22564739	0.11531251429460007
1.226853684	0.11385376734906759
1.228059979	0.11290402656040605
1.229266273	0.1109081998553719
1.230472568	0.1091305063569567
1.231678863	0.10932985820940556
1.232885157	0.11043301491032084
1.234091452	0.11189006126378889
1.235297746	0.11393525812864701
1.236504041	0.11628064766878803
1.237710335	0.1186360190824478
1.23891663	0.12179190337294017
1.240122924	0.12561714031239113
1.241329219	0.12858770076896095
1.242535513	0.13103857593375917
1.243741808	0.13384126587181217
1.244948102	0.13657671444090486
1.246154397	0.1395409985912642
1.247360692	0.1436130242384383
1.248566986	0.1480915700216063
1.249773281	0.15250856608957425
1.250979575	0.1578296323937384
1.25218587	0.16353687276098763
1.253392164	0.16707683161610415
1.254598459	0.16963494893137648
1.255804753	0.1721637701026718
1.257011048	0.17321496844284642
1.258217342	0.1732139039990707
1.259423637	0.17254141698832468
1.260629931	0.1723654309329262
1.261836226	0.173868188618226
1.263042521	0.17634417208052203
1.264248815	0.1799700913761289
1.26545511	0.18512954630254358
1.266661404	0.1925722147677497
1.267867699	0.2023932347110511
1.269073993	0.21073374124123126
1.270280288	0.2179303562691687
1.271486582	0.2280371620831521
1.272692877	0.23942452518702445
1.273899171	0.25091934007835776
1.275105466	0.2604201662957444
1.276311761	0.2679447542375692
1.277518055	0.27542895029045333
1.27872435	0.2818075658366664
1.279930644	0.2877055664069117
1.281136939	0.3049290995954925
1.282343233	0.3231857612822109
1.283549528	0.30462556345877173
1.284755822	0.2862355156235346
1.285962117	0.2802562456198325
1.287168411	0.2749911441971869
1.288374706	0.2690829140778923
1.289581	0.2633775645963311
1.290787295	0.2545504284931748
1.29199359	0.24203073981339926
1.293199884	0.22955650514610712
1.294406179	0.21627377899939906
1.295612473	0.20014114741768885
1.296818768	0.18425242032990388
1.298025062	0.16957087893703784
1.299231357	0.15418189164504498
1.300437651	0.1401921607016897
1.301643946	0.1296760796679326
1.30285024	0.12084051322505905
1.304056535	0.11313844850723631
1.30526283	0.10604756791644117
1.306469124	0.09993608000334823
1.307675419	0.09541301406108096
1.308881713	0.0915654709773562
1.310088008	0.08806354215728965
1.311294302	0.08555888651051881
1.312500597	0.08302147225043356
1.313706891	0.0789504133730327
1.314913186	0.07663389407374528
1.31611948	0.07629933127570322
1.317325775	0.07435740519601197
1.318532069	0.07195188162584264
1.319738364	0.07035667919421058
1.320944659	0.0688317334835793
1.322150953	0.06726242443363986
1.323357248	0.06518469468748035
1.324563542	0.06298472755852125
1.325769837	0.06104759783913859
1.326976131	0.058964387209820335
1.328182426	0.056919581739211744
1.32938872	0.05569522240052648
1.330595015	0.055081369941084486
1.331801309	0.054282621330962975
1.333007604	0.0531903276871899
1.334213898	0.05188572480300136
1.335420193	0.05060680397450235
1.336626488	0.04918073549054918
1.337832782	0.047472505370767956
1.339039077	0.045882429608316413
1.340245371	0.04465305603004298
1.341451666	0.04316012657480973
1.34265796	0.041742078003636364
1.343864255	0.0406811571054309
1.345070549	0.039893972274718296
1.346276844	0.03936289017359397
1.347483138	0.03896398283208724
1.348689433	0.03934816040146207
1.349895728	0.04109224241953613
1.351102022	0.04436184652513174
1.352308317	0.05100276212911597
1.353514611	0.06434890305073719
1.354720906	0.08772207786277247
1.3559272	0.12680230219338598
1.357133495	0.16397493225629206
1.358339789	0.16372900319843595
1.359546084	0.17722466819791888
1.360752378	0.2241610391859681
1.361958673	0.26753930085914335
1.363164967	0.29558348405983953
1.364371262	0.27287953624149613
1.365577557	0.2171775450206794
1.366783851	0.1749434560282863
1.367990146	0.14437835084626974
1.36919644	0.11970075464645777
1.370402735	0.09921768470859076
1.371609029	0.08325590263115998
1.372815324	0.07175698366458651
1.374021618	0.06524140333858675
1.375227913	0.0642998698852446
1.376434207	0.06607855067320055
1.377640502	0.06921351855045507
1.378846797	0.07243315327399305
1.380053091	0.07220608324129602
1.381259386	0.07024993134120108
1.38246568	0.06701131745401166
1.383671975	0.06265752664150426
1.384878269	0.05853907477651565
1.386084564	0.05608803270993312
1.387290858	0.054814815321228484
1.388497153	0.055500928417839254
1.389703447	0.059605415484388885
1.390909742	0.0628695859858727
1.392116036	0.06393655743921137
1.393322331	0.06274429276102271
1.394528626	0.05767128818357644
1.39573492	0.05184868193753967
1.396941215	0.0464714641628766
1.398147509	0.04239613695393166
1.399353804	0.041666201057502704
1.400560098	0.04237204379278297
1.401766393	0.04303441442196465
1.402972687	0.04366430141560603
1.404178982	0.04355478155940201
1.405385276	0.04274059050178798
1.406591571	0.041607430827080155
1.407797865	0.04037688210104878
1.40900416	0.03886887744885544
1.410210455	0.037767274019980056
1.411416749	0.037784719764684116
1.412623044	0.03843388089078663
1.413829338	0.03958892466978226
1.415035633	0.041088648628982705
1.416241927	0.04246960551526415
1.417448222	0.04361355606596591
1.418654516	0.04406884074921188
1.419860811	0.04406406611488564
1.421067105	0.04422300889985615
1.4222734	0.044429791371854946
1.423479695	0.043913464702421585
1.424685989	0.04364849718724824
1.425892284	0.0441793991381539
1.427098578	0.04466078288726785
1.428304873	0.04499984058035951
1.429511167	0.04538188533138986
1.430717462	0.045830759572768526
1.431923756	0.04642634765877978
1.433130051	0.0471288180283095
1.434336345	0.04776683774159724
1.43554264	0.048109351046238605
1.436748934	0.048291504445923
1.437955229	0.04870256741513327
1.439161524	0.05016441370151198
1.440367818	0.05178020768141634
1.441574113	0.051297269479057786
1.442780407	0.05077152183101072
1.443986702	0.05093754523805685
1.445192996	0.050483776218559484
1.446399291	0.04968245713368441
1.447605585	0.04985006365522022
1.44881188	0.0504389886923717
1.450018174	0.05093322730963932
1.451224469	0.05202470679080937
1.452430764	0.05322311702121069
1.453637058	0.05382685798467723
1.454843353	0.05439092824734138
1.456049647	0.0553546367686842
1.457255942	0.055836605950260125
1.458462236	0.05580610215606053
1.459668531	0.056191575207870936
1.460874825	0.05708476577066122
1.46208112	0.05835139924063105
1.463287414	0.05926091369358796
1.464493709	0.05993429859116125
1.465700003	0.06069863551950962
1.466906298	0.06080531176701701
1.468112593	0.060159445924559025
1.469318887	0.05962246767212956
1.470525182	0.05925276412262129
1.471731476	0.05882792530772038
1.472937771	0.05869818728629386
1.474144065	0.057860264507439814
1.47535036	0.055962865511754174
1.476556654	0.05723454324557805
1.477762949	0.05927456686068306
1.478969243	0.0595984484847852
1.480175538	0.060636733161714945
1.481381832	0.06248457983362687
1.482588127	0.06605240079161552
1.483794422	0.06718900409130579
1.485000716	0.0691801143332509
1.486207011	0.0700145463144384
1.487413305	0.07654757101731384
1.4886196	0.08096055269638532
1.489825894	0.07684847826711638
1.491032189	0.0749132511639088
1.492238483	0.07695825517437527
1.493444778	0.0772714792663155
1.494651072	0.07733179198646245
1.495857367	0.07909995540170858
1.497063662	0.0795051879557449
1.498269956	0.07762218097940217
1.499476251	0.07551197264275214
1.500682545	0.07534470122898752
1.50188884	0.075346729176862
1.503095134	0.07441435093403567
1.504301429	0.07477367240390007
1.505507723	0.07589564980417804
1.506714018	0.07618346097421133
1.507920312	0.0756388957505374
1.509126607	0.07628523388295246
1.510332901	0.07668994722690825
1.511539196	0.07919111432291116
1.512745491	0.08184114730710651
1.513951785	0.0842083496614956
1.51515808	0.08587425660622022
1.516364374	0.08665972889303422
1.517570669	0.08795746424375897
1.518776963	0.0892121238678423
1.519983258	0.09069570006548215
1.521189552	0.09297669777406033
1.522395847	0.09622739276326052
1.523602141	0.09789276539508757
1.524808436	0.09840977909871784
1.52601473	0.09865290702555916
1.527221025	0.1005531706851592
1.52842732	0.10433887005376045
1.529633614	0.1102443858559883
1.530839909	0.1131995069098299
1.532046203	0.11249256844358652
1.533252498	0.11448608887244813
1.534458792	0.11742006889659887
1.535665087	0.11748091942567261
1.536871381	0.11772499700962673
1.538077676	0.11906605341317288
1.53928397	0.12030440041694479
1.540490265	0.11930753614578044
1.54169656	0.11678546688608396
1.542902854	0.1146674631635207
1.544109149	0.11373644558729716
1.545315443	0.11397047967861391
1.546521738	0.11529734118986137
1.547728032	0.11873227803520407
1.548934327	0.12131433835732425
1.550140621	0.12210827760223739
1.551346916	0.12140545356337842
1.55255321	0.12074610990219696
1.553759505	0.12202102191474146
1.554965799	0.12137215712540417
1.556172094	0.11960246781045074
1.557378389	0.11899864993842937
1.558584683	0.11886394412217743
1.559790978	0.11824837260360788
1.560997272	0.11633895795466226
1.562203567	0.11255675611996545
1.563409861	0.11035433966691417
1.564616156	0.10860273410647515
1.56582245	0.10800682075913495
1.567028745	0.10904397604316905
1.568235039	0.1105942230117408
1.569441334	0.11217834782116844
1.570647629	0.11535478120988274
1.571853923	0.12164685509868858
1.573060218	0.1301056038364808
1.574266512	0.13870491965319745
1.575472807	0.14637847471913726
1.576679101	0.15356600850935284
1.577885396	0.15754176850592233
1.57909169	0.15714792130824004
1.580297985	0.15354372428956925
1.581504279	0.15818479076446323
1.582710574	0.16243545733294107
1.583916868	0.16041143494323892
1.585123163	0.15754009441375122
1.586329458	0.1563672846047683
1.587535752	0.1591350466870013
1.588742047	0.16614110322876405
1.589948341	0.1739561653735469
1.591154636	0.1735011474237489
1.59236093	0.16601042235952065
1.593567225	0.16184392791876134
1.594773519	0.161903348292117
1.595979814	0.16434390495992854
1.597186108	0.15979110725605344
1.598392403	0.15205630706033096
1.599598697	0.15080182064589925
1.600804992	0.1499364640073215
1.602011287	0.14534011764121493
1.603217581	0.14129325271309648
1.604423876	0.13702217367017205
1.60563017	0.13290127486854927
1.606836465	0.1267837999252082
1.608042759	0.11889942573005316
1.609249054	0.11382201184650868
1.610455348	0.10997894285639298
1.611661643	0.10499027575853981
1.612867937	0.10031035625263494
1.614074232	0.09573087452901054
1.615280527	0.09376833128926375
1.616486821	0.09147080553804697
1.617693116	0.08413615164153652
1.61889941	0.0790258707287997
1.620105705	0.07603871933319334
1.621311999	0.07165319986388327
1.622518294	0.06640760980484413
1.623724588	0.06205266960754467
1.624930883	0.058470186785090784
1.626137177	0.05552581233489376
1.627343472	0.052115033023992945
1.628549766	0.04922822832684
1.629756061	0.04719902298081421
1.630962356	0.04528640178023768
1.63216865	0.04309565033698816
1.633374945	0.041507474834471536
1.634581239	0.040432524123457235
1.635787534	0.03951114313243215
1.636993828	0.03911333255381683
1.638200123	0.03856991022026037
1.639406417	0.037716061679126764
1.640612712	0.03706464662419788
1.641819006	0.037457571612639524
1.643025301	0.03845319233825109
1.644231596	0.03870062268157754
1.64543789	0.03724734185340992
1.646644185	0.035410603163612754
1.647850479	0.03386690210873364
1.649056774	0.03279144426037787
1.650263068	0.03183503687401049
1.651469363	0.030629067092948825
1.652675657	0.029468335250301618
1.653881952	0.028688913362712693
1.655088246	0.02845650955145935
1.656294541	0.028514819844852178
1.657500835	0.028934550786803657
1.65870713	0.029731453501130267
1.659913425	0.030710657638111177
1.661119719	0.03139465690493056
1.662326014	0.031661050449604995
1.663532308	0.031814699878634924
1.664738603	0.03144505519047566
1.665944897	0.031109631538834743
1.667151192	0.030735526728293307
1.668357486	0.030241292044648625
1.669563781	0.02982253969968624
1.670770075	0.030307113843280286
1.67197637	0.03185593481141501
1.673182664	0.03274133006429254
1.674388959	0.03301389429507526
1.675595254	0.03412648718904645
1.676801548	0.0347317762513872
1.678007843	0.03408205138610136
1.679214137	0.0339502150734447
1.680420432	0.03448989891486316
1.681626726	0.03543070193539015
1.682833021	0.03583449753272199
1.684039315	0.03513472722134394
1.68524561	0.03455614430752317
1.686451904	0.03429625875723288
1.687658199	0.03380391337630475
1.688864494	0.0333815587794032
1.690070788	0.033275870533960396
1.691277083	0.032923842060330034
1.692483377	0.03234785607806757
1.693689672	0.03217202911364034
1.694895966	0.03157905318435147
1.696102261	0.03078970938717771
1.697308555	0.02955497771915141
1.69851485	0.027998714092263774
1.699721144	0.026279785892160182
1.700927439	0.024201169847847877
1.702133733	0.02205735461172958
1.703340028	0.020246591234378837
1.704546323	0.01897915577485092
1.705752617	0.01824388555660572
1.706958912	0.01802952590087719
1.708165206	0.018303884826724633
1.709371501	0.018659108556805453
1.710577795	0.01934211291713183
1.71178409	0.020704164818565136
1.712990384	0.021872574084440138
1.714196679	0.02239452748574392
1.715402973	0.023332190856964564
1.716609268	0.024479198272294337
1.717815563	0.025190467585934663
1.719021857	0.025454543951574492
1.720228152	0.02555519409021496
1.721434446	0.02506460764601164
1.722640741	0.024507278646332138
1.723847035	0.02417121868099166
1.72505333	0.02340584904813274
1.726259624	0.022070675819367277
1.727465919	0.021142691374787942
1.728672213	0.020559912638516482
1.729878508	0.020030325304462648
1.731084802	0.01976017683171594
1.732291097	0.019864123193253806
1.733497392	0.020257986655820317
1.734703686	0.020977494808540748
1.735909981	0.021689113599770195
1.737116275	0.022421669021353164
1.73832257	0.023672248494111963
1.739528864	0.02512543329782725
1.740735159	0.026718710428215227
1.741941453	0.028384685890012376
1.743147748	0.029821157663466748
1.744354042	0.031007163733570757
1.745560337	0.03249556821057925
1.746766631	0.03392624484271556
1.747972926	0.0344068501888525
1.749179221	0.03442617430805374
1.750385515	0.0342074832003195
1.75159181	0.033630330026946105
1.752798104	0.03317546809912154
1.754004399	0.03232513563504539
1.755210693	0.03153724597662049
1.756416988	0.030901751640411115
1.757623282	0.030235858406797878
1.758829577	0.02955038541025081
1.760035871	0.029008021309219048
1.761242166	0.028850891089918337
1.762448461	0.02886697266199319
1.763654755	0.028276814645318178
1.76486105	0.027699718265486582
1.766067344	0.027409668044184952
1.767273639	0.027412934592275735
1.768479933	0.02762783635253851
1.769686228	0.027732020922821742
1.770892522	0.027582299403769835
1.772098817	0.027098855544547933
1.773305111	0.026335877895280545
1.774511406	0.025649009217752282
1.7757177	0.02527196151037797
1.776923995	0.02502893083302263
1.77813029	0.025098426600866815
1.779336584	0.02544161732318662
1.780542879	0.026146142167416
1.781749173	0.027158617974601718
1.782955468	0.02818958024068397
1.784161762	0.029179552091401086
1.785368057	0.030210939534340026
1.786574351	0.031195433624414518
1.787780646	0.031928111997611114
1.78898694	0.03282868461926422
1.790193235	0.03400020253135967
1.79139953	0.035145736948506937
1.792605824	0.03626898390003428
1.793812119	0.03768168917181796
1.795018413	0.03947696103204713
1.796224708	0.04177256858220601
1.797431002	0.04509028614139828
1.798637297	0.04943322656355779
1.799843591	0.054694178764063225
1.801049886	0.06114654102536095
1.80225618	0.06807210588543917
1.803462475	0.07387553572526195
1.804668769	0.07937106789171118
1.805875064	0.08578106369602434
1.807081359	0.09265992439739833
1.808287653	0.09992476403816421
1.809493948	0.1075540157909052
1.810700242	0.11548945539113417
1.811906537	0.12402912125774014
1.813112831	0.13224797520481882
1.814319126	0.1395189869648489
1.81552542	0.14594816742343786
1.816731715	0.152490599412554
1.817938009	0.16068073537665536
1.819144304	0.15990476531841313
1.820350598	0.15232501132749227
1.821556893	0.15236046618555163
1.822763188	0.15455607428409146
1.823969482	0.15384800247396083
1.825175777	0.15469004310559542
1.826382071	0.15700876634293617
1.827588366	0.15922329307125518
1.82879466	0.16027852754812746
1.830000955	0.
1.831207249	0.
1.832413544	0.
1.833619838	0.
1.834826133	0.
1.836032428	0.
1.837238722	0.
1.838445017	0.
1.839651311	0.
1.840857606	0.
1.8420639	0.
1.843270195	0.
1.844476489	0.
1.845682784	0.
1.846889078	0.
1.848095373	0.
1.849301667	0.
1.850507962	0.
1.851714257	0.
1.852920551	0.
1.854126846	0.
1.85533314	0.
1.856539435	0.
1.857745729	0.
1.858952024	0.
1.860158318	0.
1.861364613	0.
1.862570907	0.
1.863777202	0.
1.864983496	0.
1.866189791	0.
1.867396086	0.
1.86860238	0.
1.869808675	0.
1.871014969	0.1362001323071667
1.872221264	0.14263984378945044
1.873427558	0.17510635062053578
1.874633853	0.27636060857291206
1.875840147	0.5503796304589018
1.877046442	0.5576289819946227
1.878252736	0.31138688671368736
1.879459031	0.25609019398960275
1.880665326	0.2568097965730664
1.88187162	0.22973772763796402
1.883077915	0.18821153940991817
1.884284209	0.16121149320982256
1.885490504	0.1492175759388801
1.886696798	0.14837455921789042
1.887903093	0.16348782060964043
1.889109387	0.21063243456580807
1.890315682	0.27946812650627584
1.891521976	0.26851160031925203
1.892728271	0.22776056206367168
1.893934565	0.21285960503626086
1.89514086	0.22344784619367322
1.896347155	0.2570365557177414
1.897553449	0.3161648846244634
1.898759744	0.42788583112892437
1.899966038	0.6683001347652002
1.901172333	0.9193297752495032
1.902378627	0.6898048916380216
1.903584922	0.363204093705944
1.904791216	0.2054844222794367
1.905997511	0.14324171677842856
1.907203805	0.12249957212229166
1.9084101	0.13269456313068922
1.909616395	0.16790733638757446
1.910822689	0.1918529546702487
1.912028984	0.15880861893157497
1.913235278	0.11860542904580158
1.914441573	0.09036230880458664
1.915647867	0.07031196046454005
1.916854162	0.052379022123575945
1.918060456	0.03541241441418376
1.919266751	0.024499295646266447
1.920473045	0.023184985497653514
1.92167934	0.02645996817857291
1.922885634	0.0330699592446989
1.924091929	0.04503807143445516
1.925298224	0.06228969306458051
1.926504518	0.07767892348228149
1.927710813	0.08082764027195245
1.928917107	0.06790283388826415
1.930123402	0.057051746445004776
1.931329696	0.053751705418647884
1.932535991	0.05444652445898811
1.933742285	0.05428870082749899
1.93494858	0.05252466190912567
1.936154874	0.05171795608545301
1.937361169	0.05510716090317767
1.938567463	0.0603788304019941
1.939773758	0.06325991178174345
1.940980053	0.0611902338180085
1.942186347	0.05702132893177226
1.943392642	0.05637422248287025
1.944598936	0.058045676661195846
1.945805231	0.05923402980016393
1.947011525	0.05966077472576624
1.94821782	0.0588189644066657
1.949424114	0.059872584981925554
1.950630409	0.06191981247099352
1.951836703	0.0637770363385182
1.953042998	0.06341223053368028
1.954249293	0.062164117089242035
1.955455587	0.06513754744606257
1.956661882	0.06889394516013994
1.957868176	0.06923551005254344
1.959074471	0.06775577655891543
1.960280765	0.06647030873718066
1.96148706	0.06568437299309281
1.962693354	0.06553386909337827
1.963899649	0.06649454196060858
1.965105943	0.06635652200023565
1.966312238	0.06453824307854217
1.967518532	0.06225276047462616
1.968724827	0.060436019931100135
1.969931122	0.059725328873079506
1.971137416	0.06002855731277054
1.972343711	0.06080827035133449
1.973550005	0.06043586389697785
1.9747563	0.060016120916902824
1.975962594	0.06058875072410762
1.977168889	0.06209628382155576
1.978375183	0.0634299368520229
1.979581478	0.06375615719503376
1.980787772	0.0659604222682009
1.981994067	0.0714770922170503
1.983200362	0.07754633907505186
1.984406656	0.08295657019724738
1.985612951	0.08909270581162594
1.986819245	0.09306794275013291
1.98802554	0.09328433315909775
1.989231834	0.09668388304740813
1.990438129	0.10612455284268385
1.991644423	0.11653494746294267
1.992850718	0.12377633479964481
1.994057012	0.12647261667323495
1.995263307	0.12360952606263295
1.996469601	0.11617651678650429
1.997675896	0.10834976731679495
1.998882191	0.10368803575115051
2.000088485	0.106018827186539
2.00129478	0.11750696243892046
2.002501074	0.13195845460874345
2.003707369	0.14355887960722322
2.004913663	0.14744955331599893
2.006119958	0.14683672093536418
2.007326252	0.14522053522210832
2.008532547	0.14419395407490104
2.009738841	0.14450098536760736
2.010945136	0.1449990307319899
2.01215143	0.14521639940957
2.013357725	0.14517605105585907
2.01456402	0.1449068852402058
2.015770314	0.14458175650398536
2.016976609	0.1450888755197109
2.018182903	0.14635953037150112
2.019389198	0.14824911966655732
2.020595492	0.1505775998695318
2.021801787	0.153457626153727
2.023008081	0.15451301916501253
2.024214376	0.15234265032714467
2.02542067	0.1493754903948134
2.026626965	0.14682192039797393
2.02783326	0.14530889118367332
2.029039554	0.14580146454299336
2.030245849	0.14732597024606503
2.031452143	0.14556451300325823
2.032658438	0.14269664603218138
2.033864732	0.14239087629101171
2.035071027	0.14121998048527112
2.036277321	0.13886007997638294
2.037483616	0.13848696587869855
2.03868991	0.13826001120756223
2.039896205	0.1353686374689987
2.041102499	0.13454080271433305
2.042308794	0.13585601726832638
2.043515089	0.1358216340259285
2.044721383	0.1348144472547677
2.045927678	0.13337999541636808
2.047133972	0.13190374724452916
2.048340267	0.1308785565206182
2.049546561	0.129703715630053
2.050752856	0.12853443120383506
2.05195915	0.12768905255317622
2.053165445	0.12599254190516576
2.054371739	0.12382336124978878
2.055578034	0.12232657455045884
2.056784329	0.12141192850980992
2.057990623	0.12077462857563435
2.059196918	0.12044007345852147
2.060403212	0.1192347005303208
2.061609507	0.1148486226587984
2.062815801	0.1116257993647625
2.064022096	0.11243415150257939
2.06522839	0.11070440740557255
2.066434685	0.10665547730660403
2.067640979	0.10508787511787947
2.068847274	0.10450077661622925
2.070053568	0.10402601070114861
2.071259863	0.10243245321074688
2.072466158	0.09998921405417878
2.073672452	0.09798879816722718
2.074878747	0.09657937536616466
2.076085041	0.09556877538717648
2.077291336	0.09417918780337076
2.07849763	0.09254324586048428
2.079703925	0.09187768768583696
2.080910219	0.09057647607488699
2.082116514	0.08780993559616172
2.083322808	0.08613213420732249
2.084529103	0.0849327930183443
2.085735397	0.08182395555133705
2.086941692	0.07856564445696196
2.088147987	0.0763414057403893
2.089354281	0.07463543665885697
2.090560576	0.07367441301620832
2.09176687	0.07432670476155488
2.092973165	0.07432921110606537
2.094179459	0.07278229662364387
2.095385754	0.07134701848906112
2.096592048	0.0700820444359803
2.097798343	0.06859306082585175
2.099004637	0.06745345518675049
2.100210932	0.06648855972324434
2.101417227	0.06531974584235894
2.102623521	0.06395884648980099
2.103829816	0.06235711548537575
2.10503611	0.06072265871032784
2.106242405	0.05915432478521507
2.107448699	0.057744628193124065
2.108654994	0.05669805760907863
2.109861288	0.05637393498565374
2.111067583	0.05588839176878884
2.112273877	0.055090246240001375
2.113480172	0.05489230836091947
2.114686466	0.05508547776083149
2.115892761	0.05540164151720994
2.117099056	0.054923866872763905
2.11830535	0.05365216554293918
2.119511645	0.0529048324924022
2.120717939	0.05232675846545329
2.121924234	0.05134859602264241
2.123130528	0.05074386943710899
2.124336823	0.05045924745105355
2.125543117	0.049620375652644454
2.126749412	0.04853903912790107
2.127955706	0.0475923281993108
2.129162001	0.04697314925125475
2.130368295	0.04670232081100024
2.13157459	0.04627723762165659
2.132780885	0.04563984551930149
2.133987179	0.04489936013208055
2.135193474	0.04450010437805858
2.136399768	0.044400232778250406
2.137606063	0.04341987726086322
2.138812357	0.04213921263711084
2.140018652	0.041284444922044104
2.141224946	0.040560663922182494
2.142431241	0.04008118042334135
2.143637535	0.039738840992281345
2.14484383	0.039168325501103975
2.146050125	0.03832905063514687
2.147256419	0.037109562251529137
2.148462714	0.03575051440558732
2.149669008	0.03481552614369311
2.150875303	0.034435366185096364
2.152081597	0.034377328747700386
2.153287892	0.03428403275851504
2.154494186	0.033868973180213764
2.155700481	0.03287549634740301
2.156906775	0.031108828293558474
2.15811307	0.029081516687298532
2.159319364	0.027429211400677188
2.160525659	0.026110077997245077
2.161731954	0.02481171950946185
2.162938248	0.023441429373901413
2.164144543	0.022484983514745486
2.165350837	0.023239277097426958
2.166557132	0.024774646938898814
2.167763426	0.02377797685546872
2.168969721	0.02239953504318773
2.170176015	0.021730444202918753
2.17138231	0.02125157333681889
2.172588604	0.020877824386934626
2.173794899	0.020509259965170605
2.175001194	0.020396281472752967
2.176207488	0.020878082751752746
2.177413783	0.022137356380605294
2.178620077	0.023474666892504936
2.179826372	0.023851514570188356
2.181032666	0.02414182902425077
2.182238961	0.02491439960065277
2.183445255	0.02546391116733145
2.18465155	0.025608740319281592
2.185857844	0.02549369111056261
2.187064139	0.025320263886805992
2.188270433	0.02509188746948035
2.189476728	0.02411828821427637
2.190683023	0.023010466981904266
2.191889317	0.022505536292342306
2.193095612	0.02218756297696851
2.194301906	0.021723723782093887
2.195508201	0.02068258917187161
2.196714495	0.018662273013691617
2.19792079	0.015529040769705125
2.199127084	0.01223420092506993
2.200333379	0.009799685577943636
2.201539673	0.008806684880782368
2.202745968	0.009590713769393851
2.203952262	0.011814180577161874
2.205158557	0.014482786478437535
2.206364852	0.016515714674576184
2.207571146	0.017429339591069584
2.208777441	0.018116488467797006
2.209983735	0.019116373799362606
2.21119003	0.020100223944285324
2.212396324	0.020875370519410536
2.213602619	0.02110995727426725
2.214808913	0.020563423269773857
2.216015208	0.01948814080387437
2.217221502	0.018266789395425028
2.218427797	0.01725928408426423
2.219634092	0.01645973268131662
2.220840386	0.015907443686664226
2.222046681	0.015571907669734548
2.223252975	0.015238454220205202
2.22445927	0.014885590817717087
2.225665564	0.014771046874400428
2.226871859	0.014760912304511131
2.228078153	0.014483113364182886
2.229284448	0.013965620226381021
2.230490742	0.013293045111945371
2.231697037	0.01268308280469515
2.232903331	0.012367982958637384
2.234109626	0.012180745746921373
2.235315921	0.011947412114934077
2.236522215	0.01170481267948088
2.23772851	0.011605378377892056
2.238934804	0.011538033291637075
2.240141099	0.011390144899452382
2.241347393	0.011310466306242523
2.242553688	0.011216730612259721
2.243759982	0.010953936029745747
2.244966277	0.01050148542271417
2.246172571	0.009895125598629512
2.247378866	0.009219367835001411
2.248585161	0.008660633952431855
2.249791455	0.008471142895227303
2.25099775	0.008195683599922624
2.252204044	0.006684300759170774
2.253410339	0.003403851393023134
2.254616633	0.0005015521417397687
2.255822928	0.0003937888216204662
2.257029222	0.002046266316389504
2.258235517	0.0033984728477583857
2.259441811	0.003586965394588498
2.260648106	0.003568887973774497
2.2618544	0.004050577506151354
2.263060695	0.004991008369081289
2.26426699	0.006388384296582729
2.265473284	0.007968990694137807
2.266679579	0.008959392916039952
2.267885873	0.008736192832686738
2.269092168	0.007869249626190138
2.270298462	0.006872180550840807
2.271504757	0.00599893109201757
2.272711051	0.0054827878544639426
2.273917346	0.005515864413069137
2.27512364	0.005997749345281124
2.276329935	0.006785825051633715
2.277536229	0.0075834473010711395
2.278742524	0.008035126706846732
2.279948819	0.008079416482230017
2.281155113	0.008171890037663254
2.282361408	0.008542166166861964
2.283567702	0.008617578764986245
2.284773997	0.00845098931480186
2.285980291	0.008189356756256181
2.287186586	0.007481883787837257
2.28839288	0.006245193199964332
2.289599175	0.00497977817543974
2.290805469	0.004201446207560925
2.292011764	0.003794987803924158
2.293218059	0.0034296171827513503
2.294424353	0.002947443355146482
2.295630648	0.0026701669890841734
2.296836942	0.0029585022230549617
2.298043237	0.0035540160046002335
2.299249531	0.004071434157977396
2.300455826	0.004185532745008327
2.30166212	0.0036448065510651466
2.302868415	0.0023516485312748523
2.304074709	0.0012953635534741338
2.305281004	0.0015130063725928272
2.306487298	0.0029310817729139666
2.307693593	0.004932748152366934
2.308899888	0.00692217284995514
2.310106182	0.008272888535732777
2.311312477	0.008430531069954441
2.312518771	0.00772196852201849
2.313725066	0.006648893104576424
2.31493136	0.005593424175828278
2.316137655	0.0048106516590124765
2.317343949	0.004669828564633616
2.318550244	0.0050565692059389945
2.319756538	0.005582425853616582
2.320962833	0.006101460116816818
2.322169128	0.006612240100361012
2.323375422	0.006958532487543303
2.324581717	0.006837641248019109
2.325788011	0.005965766957420044
2.326994306	0.004701870331430835
2.3282006	0.0036144810961214954
2.329406895	0.0030296158370311907
2.330613189	0.0027114770468164087
2.331819484	0.002465583946389858
2.333025778	0.0023174562806437078
2.334232073	0.0023415049450148696
2.335438367	0.0025303204882334194
2.336644662	0.002707560351440364
2.337850957	0.002710255817882598
2.339057251	0.0025953683674290345
2.340263546	0.002425949228355543
2.34146984	0.0023854751069407824
2.342676135	0.0026891357116576326
2.343882429	0.0033461667937122763
2.345088724	0.003744426982302304
2.346295018	0.003279874955816383
2.347501313	0.002287902085688777
2.348707607	0.001490502224841264
2.349913902	0.0013611432014750317
2.351120196	0.0017576733942982147
2.352326491	0.002521021721844854
2.353532786	0.0033477802250986228
2.35473908	0.0039293586386628205
2.355945375	0.0043739573814975735
2.357151669	0.0051105137882822005
2.358357964	0.006333426375617065
2.359564258	0.007373470419706158
2.360770553	0.007775970877501233
2.361976847	0.0075006714688626
2.363183142	0.006533540779446425
2.364389436	0.004968601542044203
2.365595731	0.003169636774408232
2.366802026	0.001414806693466049
2.36800832	-0.000032259347440599366
2.369214615	-0.00047740744470499137
2.370420909	0.0003751451122810433
2.371627204	0.0014453014409199555
2.372833498	0.0015762616315093908
2.374039793	0.0010112191829853027
2.375246087	-0.00006124285731693194
2.376452382	-0.0012244530638211492
2.377658676	-0.001969151877895994
2.378864971	-0.0018732793116097283
2.380071265	-0.0008728229056129592
2.38127756	0.0011944072121933555
2.382483855	0.003149997429626194
2.383690149	0.0032846059631808813
2.384896444	0.0003632242466346183
2.386102738	-0.004901408444454086
2.387309033	-0.011348856026386488
2.388515327	-0.015477434495078247
2.389721622	-0.013679476149092094
2.390927916	-0.007781316954997325
2.392134211	-0.003662958375956126
2.393340505	-0.004556132155550011
2.3945468	-0.00613718679938421
2.395753095	-0.003949179709623572
2.396959389	0.0007787260513858887
2.398165684	0.004334397119487597
2.399371978	0.0048477777575815515
2.400578273	0.0037344964494830115
2.401784567	0.0019439645268282079
2.402990862	0.0003192700902069469
2.404197156	-0.00005696990525189165
2.405403451	0.0012219785774329438
2.406609745	0.0029895824368223766
2.40781604	0.003979162737579985
2.409022334	0.00419644619964925
2.410228629	0.003793274680983863
2.411434924	0.0032101010563533056
2.412641218	0.0031381118475015254
2.413847513	0.0042623930753799485
2.415053807	0.006436523073612585
2.416260102	0.009075350386467132
2.417466396	0.011177230582019321
2.418672691	0.01221222163677518
2.419878985	0.012500470785425958
2.42108528	0.011824701645403274
2.422291574	0.010221666273201547
2.423497869	0.00803866593356675
2.424704163	0.0055736033055551375
2.425910458	0.0034580521192467705
2.427116753	0.002399318827038873
2.428323047	0.0026953203965112246
2.429529342	0.0030906861610596127
2.430735636	0.00209031672563615
2.431941931	0.00023551037116588112
2.433148225	0.0002388744324094556
2.43435452	0.005423071917290537
2.435560814	0.012339323511099664
2.436767109	0.01421785858747667
2.437973403	0.011520768725664118
2.439179698	0.006462655781132216
2.440385993	0.000050624768082471535
2.441592287	-0.0059045997813301256
2.442798582	-0.00970910435982446
2.444004876	-0.010913344476337608
2.445211171	-0.007633587669548063
2.446417465	-0.0005561233660521281
2.44762376	0.003942381522239953
2.448830054	-0.0010919638871487217
2.450036349	-0.006996150675246249
2.451242643	-0.0031186070319673713
2.452448938	0.00629589516599565
2.453655232	0.013808435754686156
2.454861527	0.016984547345809828
2.456067822	0.016240280624613423
2.457274116	0.010927994695724466
2.458480411	0.004252076314730453
2.459686705	0.000566854018508524
2.460893	0.0017707882131360068
2.462099294	0.005484492085355527
2.463305589	0.009092618450659978
2.464511883	0.01026215050907802
2.465718178	0.006488121153733477
2.466924472	-0.0004241685113324416
2.468130767	-0.006333275465720232
2.469337061	-0.008347447789766095
2.470543356	-0.006066862238485131
2.471749651	0.001113060897053958
2.472955945	0.008225248955925956
2.47416224	0.010494139180299478
2.475368534	0.007261908229465725
2.476574829	0.003146927720556733
2.477781123	0.001230234375790596
2.478987418	0.003059937949818715
2.480193712	0.015586345391360515
2.481400007	0.04263441273548324
2.482606301	0.06583446876535981
2.483812596	0.06407760508092433
2.485018891	0.05187017161826327
2.486225185	0.04290868621695547
2.48743148	0.03631392106929282
2.488637774	0.03193231558255569
2.489844069	0.03136518025812246
2.491050363	0.03668786317469202
2.492256658	0.05111959157196056
2.493462952	0.06858754595928442
2.494669247	0.07490735856493554
2.495875541	0.06819571431791588
2.497081836	0.061510476984851264