0.45	0.7035961194404953
0.451153288	0.6731831309707449
0.452306575	0.705950373572498
0.453459863	0.720934597479399
0.454613151	0.7115771632767212
0.455766439	0.6801064443458925
0.456919726	0.6583735099134606
0.458073014	0.658782908751824
0.459226302	0.6864468390545905
0.46037959	0.6989095149605703
0.461532877	0.7071950988173813
0.462686165	0.6760683774911225
0.463839453	0.6981412451413154
0.464992741	0.7059486642252772
0.466146028	0.7097672544210321
0.467299316	0.7096909799344278
0.468452604	0.7084099316602349
0.469605892	0.7150931078379923
0.470759179	0.7548575360431158
0.471912467	0.7008957763935024
0.473065755	0.7011214699145403
0.474219043	0.6945294832649265
0.47537233	0.6887851138472005
0.476525618	0.706516116444477
0.477678906	0.6615646446167585
0.478832194	0.6666785139558981
0.479985481	0.6371850969826799
0.481138769	0.6116432739981418
0.482292057	0.5886245335201413
0.483445345	0.569697228650402
0.484598632	0.5441512625301577
0.48575192	0.4954926800326359
0.486905208	0.6570366220686253
0.488058495	0.7093843454744699
0.489211783	0.7066189764511853
0.490365071	0.6868846857472368
0.491518359	0.7138116248449173
0.492671646	0.7086635796528309
0.493824934	0.7081751927910599
0.494978222	0.6784767972447834
0.49613151	0.690896085043257
0.497284797	0.662900996572604
0.498438085	0.6912179108281176
0.499591373	0.6529805947674666
0.500744661	0.6734162306767242
0.501897948	0.6630861746098267
0.503051236	0.633694448140077
0.504204524	0.6361050595929728
0.505357812	0.5997102275128884
0.506511099	0.5766548478411428
0.507664387	0.5623481377833675
0.508817675	0.5401873719323453
0.509970963	0.5337099107816221
0.51112425	0.537498171002676
0.512277538	0.579271820794912
0.513430826	0.6253904120288774
0.514584114	0.6366248966893132
0.515737401	0.6263848433483036
0.516890689	0.6663981527984704
0.518043977	0.6569532754310039
0.519197265	0.6322123559044975
0.520350552	0.601578151764361
0.52150384	0.5818065389939456
0.522657128	0.6014890663823547
0.523810415	0.5855079027097481
0.524963703	0.5766089973095047
0.526116991	0.6236989016145997
0.527270279	0.6347520950194377
0.528423566	0.6096019855789765
0.529576854	0.6131925515839785
0.530730142	0.5854961672562407
0.53188343	0.5681584376276162
0.533036717	0.5684341328621484
0.534190005	0.5265362550326766
0.535343293	0.481553608849924
0.536496581	0.4512626948430071
0.537649868	0.41769759631289916
0.538803156	0.37585916000720354
0.539956444	0.35245717836163537
0.541109732	0.31604209804623135
0.542263019	0.28635394942267367
0.543416307	0.2784818107673878
0.544569595	0.3008760648001979
0.545722883	0.34956793126609154
0.54687617	0.4284630535149022
0.548029458	0.503013968775368
0.549182746	0.544689975183284
0.550336034	0.5766097422600226
0.551489321	0.5860265673492733
0.552642609	0.583953995059371
0.553795897	0.5648536158731686
0.554949185	0.5528788535697956
0.556102472	0.5542210193929653
0.55725576	0.5471628577147674
0.558409048	0.5538607508345266
0.559562335	0.5538370242147301
0.560715623	0.5501038327283589
0.561868911	0.5531437411643179
0.563022199	0.54349159893869
0.564175486	0.5347702659495632
0.565328774	0.5259213968275233
0.566482062	0.5003218712085045
0.56763535	0.4636335727975271
0.568788637	0.4575707921171307
0.569941925	0.4310060028795728
0.571095213	0.42378760752819644
0.572248501	0.3909716643213722
0.573401788	0.37008148805985824
0.574555076	0.35070383484758866
0.575708364	0.33924401960629813
0.576861652	0.3292081785421725
0.578014939	0.33187934470563263
0.579168227	0.36033698519353136
0.580321515	0.38708600281250627
0.581474803	0.42210235182186845
0.58262809	0.44928159901352255
0.583781378	0.47999958764570677
0.584934666	0.5047719296470206
0.586087954	0.5326503191421644
0.587241241	0.5163994565435184
0.588394529	0.5068553547347845
0.589547817	0.5204171318195798
0.590701105	0.46582861034733103
0.591854392	0.4534858510775112
0.59300768	0.42019180195701605
0.594160968	0.3947416542111548
0.595314256	0.36954017281979196
0.596467543	0.34819610101864346
0.597620831	0.34635141072741843
0.598774119	0.35402196508612405
0.599927406	0.36217472069516243
0.601080694	0.3818918559461776
0.602233982	0.4061505035581053
0.60338727	0.41688716365423145
0.604540557	0.42348780714572243
0.605693845	0.4163253228721765
0.606847133	0.392326872027603
0.608000421	0.3568809790447702
0.609153708	0.3256702698221756
0.610306996	0.3020816384935282
0.611460284	0.2710070209818956
0.612613572	0.23898494240893914
0.613766859	0.2015043495530792
0.614920147	0.16450533818620428
0.616073435	0.14804572878247016
0.617226723	0.13469808404398367
0.61838001	0.11786783917557198
0.619533298	0.11099920314932428
0.620686586	0.1078919374432925
0.621839874	0.11728539824711938
0.622993161	0.13299316130689548
0.624146449	0.16443719884153726
0.625299737	0.20809194453475335
0.626453025	0.2471004821198553
0.627606312	0.2802832774345736
0.6287596	0.32288559787536086
0.629912888	0.3649364520568225
0.631066176	0.3953321886861387
0.632219463	0.4098760827186582
0.633372751	0.41318156437808773
0.634526039	0.40598679022744955
0.635679326	0.4060607829706298
0.636832614	0.39600889096212694
0.637985902	0.3854496202334114
0.63913919	0.37335673627533034
0.640292477	0.359991838800008
0.641445765	0.34280485927535526
0.642599053	0.33015967450419903
0.643752341	0.3229966685952736
0.644905628	0.31925040009131084
0.646058916	0.32004998035793725
0.647212204	0.31971130436681344
0.648365492	0.31175421710781664
0.649518779	0.299360974266701
0.650672067	0.28816116897696026
0.651825355	0.2787572333512973
0.652978643	0.27328396881548145
0.65413193	0.2606093237373793
0.655285218	0.22826067213082113
0.656438506	0.2015942049277079
0.657591794	0.2583647910446868
0.658745081	0.2511128743463033
0.659898369	0.22446565676484115
0.661051657	0.2066060685062885
0.662204945	0.19454673075059936
0.663358232	0.1831474411290905
0.66451152	0.1721690751242972
0.665664808	0.1629657910024354
0.666818096	0.15660478545225584
0.667971383	0.1534123482642747
0.669124671	0.15752863306935452
0.670277959	0.16895729370985282
0.671431246	0.18662950427376623
0.672584534	0.20927926158073895
0.673737822	0.23472569390794987
0.67489111	0.26482420145630214
0.676044397	0.29343153983725406
0.677197685	0.3150065064715495
0.678350973	0.32078345962005017
0.679504261	0.3088349429871982
0.680657548	0.2791659492772717
0.681810836	0.24878586272622116
0.682964124	0.22668712747508077
0.684117412	0.21968482913969406
0.685270699	0.2210832293235047
0.686423987	0.22290662793703755
0.687577275	0.23251299282585583
0.688730563	0.25120474456761044
0.68988385	0.26376679386571233
0.691037138	0.2707087762051622
0.692190426	0.2711564605023605
0.693343714	0.2630555544289042
0.694497001	0.24911734366746177
0.695650289	0.22871690595011882
0.696803577	0.20111824526587857
0.697956865	0.17104723806057148
0.699110152	0.14434204622110472
0.70026344	0.12459043719613537
0.701416728	0.1094099071978761
0.702570016	0.09916227600551758
0.703723303	0.09585274672010675
0.704876591	0.09990504011113867
0.706029879	0.10945398046055689
0.707183166	0.1229512196929713
0.708336454	0.13707947587802702
0.709489742	0.14919245263608272
0.71064303	0.1596467515670441
0.711796317	0.16834888131344078
0.712949605	0.1739615672406267
0.714102893	0.1685088480881108
0.715256181	0.15018935792063753
0.716409468	0.11988763111550563
0.717562756	0.0863950265653252
0.718716044	0.06379432150094569
0.719869332	0.05415873553117023
0.721022619	0.05146232135241553
0.722175907	0.04944645209293768
0.723329195	0.04565044354025209
0.724482483	0.04320301078282624
0.72563577	0.04075097804564922
0.726789058	0.03924771233798784
0.727942346	0.039008232360659666
0.729095634	0.040038218671605307
0.730248921	0.04128735700689968
0.731402209	0.04288753002035628
0.732555497	0.045292251267329525
0.733708785	0.04826301441837705
0.734862072	0.05192540876268097
0.73601536	0.05745373907718539
0.737168648	0.06578636972915214
0.738321936	0.08006117720100497
0.739475223	0.1002131509826901
0.740628511	0.12631764087818284
0.741781799	0.15319258576058742
0.742935086	0.17826643928992045
0.744088374	0.1972163810958951
0.745241662	0.21131333325810459
0.74639495	0.21502668222188714
0.747548237	0.21723225690210884
0.748701525	0.21826978687378648
0.749854813	0.21833033246230182
0.751008101	0.21930745749683736
0.752161388	0.22289056442482275
0.753314676	0.2251091148518451
0.754467964	0.223664185413352
0.755621252	0.21552188674903286
0.756774539	0.2021169439426515
0.757927827	0.182946149085879
0.759081115	0.1567909522777783
0.760234403	0.13483219798965385
0.76138769	0.13000366090431673
0.762540978	0.12456876240144733
0.763694266	0.11478794582574424
0.764847554	0.11300533965451533
0.766000841	0.11241422392695807
0.767154129	0.10985856155238737
0.768307417	0.10669462210330116
0.769460705	0.10503859470452333
0.770613992	0.10342733082114756
0.77176728	0.09822607702012984
0.772920568	0.08927710653708144
0.774073856	0.08177620473724598
0.775227143	0.07654218962215062
0.776380431	0.07062184334476934
0.777533719	0.06234240106401508
0.778687006	0.05993722291471357
0.779840294	0.05399195384965618
0.780993582	0.04836955017412793
0.78214687	0.045149716169524366
0.783300157	0.04447664482728443
0.784453445	0.04569287816083086
0.785606733	0.04739939438429805
0.786760021	0.04853555279868664
0.787913308	0.049106662204556575
0.789066596	0.05024221071569225
0.790219884	0.050560305293024806
0.791373172	0.04962727833622305
0.792526459	0.047263235493472
0.793679747	0.04513001416293902
0.794833035	0.04236026092061036
0.795986323	0.039688033207219676
0.79713961	0.03821949149043227
0.798292898	0.03784779457397944
0.799446186	0.037589147081928974
0.800599474	0.03748962251196622
0.801752761	0.03848338883881124
0.802906049	0.04096850847468927
0.804059337	0.04411347301595218
0.805212625	0.04767237504158953
0.806365912	0.05116756554098225
0.8075192	0.055087370418969564
0.808672488	0.05852981111458284
0.809825776	0.06079224680698634
0.810979063	0.06368767587837956
0.812132351	0.06840821267830859
0.813285639	0.07313055343507784
0.814438926	0.07772849921047062
0.815592214	0.0827952517650884
0.816745502	0.0902021060462098
0.81789879	0.10208836108353028
0.819052077	0.11459714915632749
0.820205365	0.1250802826367163
0.821358653	0.13055880423174715
0.822511941	0.12830523355855852
0.823665228	0.13216764390749958
0.824818516	0.13492693316128168
0.825971804	0.13150323017435497
0.827125092	0.13235589856382599
0.828278379	0.13884443125743226
0.829431667	0.1510331888297034
0.830584955	0.16176045961798385
0.831738243	0.16505848278214624
0.83289153	0.15633021139523515
0.834044818	0.130565450789314
0.835198106	0.09993222731160736
0.836351394	0.0753568902808681
0.837504681	0.059517930282790926
0.838657969	0.05170839621541757
0.839811257	0.04868664015565736
0.840964545	0.049574806661683804
0.842117832	0.05388588723902412
0.84327112	0.05730330708233358
0.844424408	0.05906550667369422
0.845577696	0.06663692556412065
0.846730983	0.06707412920284482
0.847884271	0.07599828355194871
0.849037559	0.07926102715691814
0.850190847	0.06904525480064715
0.851344134	0.06906726164538031
0.852497422	0.06587699656901579
0.85365071	0.056676314466934066
0.854803997	0.05117612308556874
0.855957285	0.05362761463870758
0.857110573	0.049130488365354295
0.858263861	0.046655740459313505
0.859417148	0.04213478652814862
0.860570436	0.044099401827560746
0.861723724	0.0502052743785891
0.862877012	0.05170811861495542
0.864030299	0.052794890023821706
0.865183587	0.052830607943395065
0.866336875	0.05002511958671616
0.867490163	0.05950831425192463
0.86864345	0.06237105383638891
0.869796738	0.06325775022437882
0.870950026	0.06315776888607777
0.872103314	0.06425322695637146
0.873256601	0.0638019178342147
0.874409889	0.05766346058153502
0.875563177	0.056866394008752055
0.876716465	0.06746235954795142
0.877869752	0.06985210517152465
0.87902304	0.06764989415972499
0.880176328	0.0657261108607231
0.881329616	0.06448857011266515
0.882482903	0.0631470116180873
0.883636191	0.06111047676789337
0.884789479	0.05746865649645363
0.885942767	0.05013897529691137
0.887096054	0.05561079257722936
0.888249342	0.06577963988887421
0.88940263	0.06919808642305504
0.890555917	0.06974462173690106
0.891709205	0.06962259792045297
0.892862493	0.06791681558795337
0.894015781	0.06739645705380891
0.895169068	0.06716638682914203
0.896322356	0.06842222259894348
0.897475644	0.07076593520226411
0.898628932	0.07008972872762986
0.899782219	0.06969138098193826
0.900935507	0.06497347318864535
0.902088795	0.06964709615045432
0.903242083	0.08936253852644681
0.90439537	0.09752709704858561
0.905548658	0.09463299762519091
0.906701946	0.09023777388011003
0.907855234	0.09103585751158985
0.909008521	0.09415065451348387
0.910161809	0.09865789249120628
0.911315097	0.10230151466750785
0.912468385	0.1009159949120537
0.913621672	0.0970119441776073
0.91477496	0.09841539929755441
0.915928248	0.09936092077244948
0.917081536	0.10737486899413135
0.918234823	0.11518334525431981
0.919388111	0.12125792752206897
0.920541399	0.12257263502148108
0.921694687	0.11600719559943547
0.922847974	0.11025980492977176
0.924001262	0.1289825415002653
0.92515455	0.14979686646737
0.926307837	0.15986008292927284
0.927461125	0.17176132189308935
0.928614413	0.1782462658989825
0.929767701	0.18001573267481333
0.930920988	0.1791949451116568
0.932074276	0.17718159964792238
0.933227564	0.18759808154704613
0.934380852	0.1938483265501106
0.935534139	0.2118234276800009
0.936687427	0.2203609237825292
0.937840715	0.2218350394338397
0.938994003	0.24016840248011662
0.94014729	0.24217856990673414
0.941300578	0.23244031615703453
0.942453866	0.21830949711453382
0.943607154	0.20573587797716314
0.944760441	0.20509369196104058
0.945913729	0.20428600342013856
0.947067017	0.21155473872436595
0.948220305	0.21199172087230186
0.949373592	0.20835288938296959
0.95052688	0.20118570103648398
0.951680168	0.19288716757099977
0.952833456	0.18126794728184062
0.953986743	0.1874870552536608
0.955140031	0.20586296326791068
0.956293319	0.24286674031454725
0.957446607	0.2619649771169656
0.958599894	0.2528087471837896
0.959753182	0.24947005355910587
0.96090647	0.25376311802878737
0.962059757	0.2530865069336073
0.963213045	0.25673931532614325
0.964366333	0.2513725845945856
0.965519621	0.24912089215760683
0.966672908	0.24496172132060842
0.967826196	0.2488049878320987
0.968979484	0.2509322953770381
0.970132772	0.
0.971286059	0.
0.972439347	0.
0.973592635	0.
0.974745923	0.
0.97589921	0.
0.977052498	0.
0.978205786	0.
0.979359074	0.
0.980512361	0.
0.981665649	0.
0.982818937	0.
0.983972225	0.
0.985125512	0.
0.9862788	0.
0.987432088	0.
0.988585376	0.
0.989738663	0.
0.990891951	0.
0.992045239	0.
0.993198527	0.
0.994351814	0.
0.995505102	0.
0.99665839	0.
0.997811677	0.009257330662585564
0.998964965	0.009041139239399344
1.000118253	0.008780364120778164
1.001271541	0.008072964622415857
1.002424828	0.007488449188916485
1.003578116	0.006850175741932858
1.004731404	0.006368528805851768
1.005884692	0.006399044482908755
1.007037979	0.006653292400014243
1.008191267	0.006678143666408649
1.009344555	0.006961857777231789
1.010497843	0.0072531192095937735
1.01165113	0.0074571363356986525
1.012804418	0.007730614769908847
1.013957706	0.008106820512885282
1.015110994	0.008413677647947409
1.016264281	0.008690712011472604
1.017417569	0.008878056741117026
1.018570857	0.008939038033979935
1.019724145	0.009096155136817961
1.020877432	0.009306738874572304
1.02203072	0.009424798626500525
1.023184008	0.009575411297437737
1.024337296	0.00975333402049485
1.025490583	0.009972678234081921
1.026643871	0.010158220860532483
1.027797159	0.010344152322470398
1.028950447	0.01070762050821002
1.030103734	0.011215940870857569
1.031257022	0.011688287490092158
1.03241031	0.012328877195702007
1.033563597	0.013353109515220778
1.034716885	0.014381261177689323
1.035870173	0.015367777965206214
1.037023461	0.016905023142555698
1.038176748	0.018832166108777165
1.039330036	0.02067351501667109
1.040483324	0.022650038552335005
1.041636612	0.02492571316939027
1.042789899	0.027260278563172792
1.043943187	0.029532678337334743
1.045096475	0.032016310063871435
1.046249763	0.03451984274575853
1.04740305	0.03643799618124549
1.048556338	0.038111960885700354
1.049709626	0.039761056016675685
1.050862914	0.04152460934236505
1.052016201	0.043259205432623946
1.053169489	0.04532355420091434
1.054322777	0.04745743237117378
1.055476065	0.04922144948388658
1.056629352	0.05152521892212174
1.05778264	0.054670921821886716
1.058935928	0.057212762108143064
1.060089216	0.05906807457561802
1.061242503	0.06085601853082469
1.062395791	0.06406197691090001
1.063549079	0.06741453735758204
1.064702367	0.07012747102692438
1.065855654	0.07253843166088575
1.067008942	0.07460794758378059
1.06816223	0.07636271692865902
1.069315517	0.07811591370580588
1.070468805	0.0790405896142888
1.071622093	0.07832769654306565
1.072775381	0.07763248399188907
1.073928668	0.0773784823322213
1.075081956	0.07633337082651338
1.076235244	0.0746936779795219
1.077388532	0.07321776467335162
1.078541819	0.07113003363852083
1.079695107	0.06807526549522885
1.080848395	0.06627560820225308
1.082001683	0.0655165555813804
1.08315497	0.06279434481700676
1.084308258	0.058685303395665654
1.085461546	0.054098075278690934
1.086614834	0.04997036636505268
1.087768121	0.04653819531893683
1.088921409	0.041163777153772785
1.090074697	0.03451526750019788
1.091227985	0.02869808129027473
1.092381272	0.023805294628888266
1.09353456	0.01996597625851735
1.094687848	0.0165041977771799
1.095841136	0.013502930683167528
1.096994423	0.011519736321377816
1.098147711	0.01032195956946952
1.099300999	0.009420841137055031
1.100454287	0.008860062233568083
1.101607574	0.008728075277754517
1.102760862	0.008669771672659846
1.10391415	0.008514691429660493
1.105067438	0.00837813358618216
1.106220725	0.008253307476974798
1.107374013	0.008090616107520427
1.108527301	0.007867392781358984
1.109680588	0.007561711594007557
1.110833876	0.007223896028933729
1.111987164	0.006851926780348217
1.113140452	0.0063972000115165815
1.114293739	0.00589438913779821
1.115447027	0.00539550548214829
1.116600315	0.004931277921620453
1.117753603	0.0045554709189834005
1.11890689	0.004271729657481181
1.120060178	0.00404292117669074
1.121213466	0.003771696637173893
1.122366754	0.0034744495896147304
1.123520041	0.003251868629087524
1.124673329	0.0030990904882830187
1.125826617	0.003012526271513227
1.126979905	0.002937359388967497
1.128133192	0.002854122742592832
1.12928648	0.0028204426570993934
1.130439768	0.0027795654684562143
1.131593056	0.0026817712559505397
1.132746343	0.002605325699406297
1.133899631	0.002570423742539825
1.135052919	0.0025620944204926294
1.136206207	0.0025959855999671787
1.137359494	0.0026841877148841404
1.138512782	0.0027848042170830326
1.13966607	0.002857739343185349
1.140819358	0.0028951639402246348
1.141972645	0.0028893213577761844
1.143125933	0.0028467112242727593
1.144279221	0.002739532155536365
1.145432508	0.0025571364766501484
1.146585796	0.0023602592432559436
1.147739084	0.002182594235362451
1.148892372	0.002023895281942241
1.150045659	0.001884865547383054
1.151198947	0.0017717856065642059
1.152352235	0.0016803060280567651
1.153505523	0.001599054749521593
1.15465881	0.00154366160666465
1.155812098	0.0015197969139740134
1.156965386	0.001514187605413772
1.158118674	0.001530834333649423
1.159271961	0.0015843218165273768
1.160425249	0.0016638596926036898
1.161578537	0.001755197613141629
1.162731825	0.001847159542003625
1.163885112	0.0019372633079793825
1.1650384	0.0020450219175972566
1.166191688	0.0021699449828147597
1.167344976	0.0022975660827540293
1.168498263	0.0024312256094632593
1.169651551	0.0025798313485252337
1.170804839	0.002689857864987464
1.171958127	0.002742101305838151
1.173111414	0.0027711492136918733
1.174264702	0.002782003546890291
1.17541799	0.002781844010583289
1.176571278	0.0027319300622440524
1.177724565	0.002622819386069697
1.178877853	0.002463864760784753
1.180031141	0.0022893548085542023
1.181184428	0.0021591010984554613
1.182337716	0.0020650276310761953
1.183491004	0.0020074250211354295
1.184644292	0.0019383526788627806
1.185797579	0.0018451019290480345
1.186950867	0.0018261937416779307
1.188104155	0.0018777867024840336
1.189257443	0.0019245892292122442
1.19041073	0.001981702325635731
1.191564018	0.0020712878077273414
1.192717306	0.0021760724396725738
1.193870594	0.0022870383546328447
1.195023881	0.002398367561068304
1.196177169	0.0025111858385644253
1.197330457	0.00265160583783672
1.198483745	0.0027425087300485726
1.199637032	0.0027278010029857377
1.20079032	0.0027043767717646167
1.201943608	0.002725422531765277
1.203096896	0.0028649106108784225
1.204250183	0.0030762284041528833
1.205403471	0.0032018780526932664
1.206556759	0.0033739056690018
1.207710047	0.003700780279378767
1.208863334	0.0039856454418339985
1.210016622	0.004162857446609723
1.21116991	0.004343760518992947
1.212323198	0.004531290242620913
1.213476485	0.0047118597584905565
1.214629773	0.004868061100177532
1.215783061	0.004981941740645269
1.216936348	0.005055271946875611
1.218089636	0.005094014662466682
1.219242924	0.00508955711166828
1.220396212	0.0050494268542806
1.221549499	0.00497688606168533
1.222702787	0.004874391920240171
1.223856075	0.004745031678232254
1.225009363	0.004572542075805319
1.22616265	0.004373631947093282
1.227315938	0.004197524640464066
1.228469226	0.004013848502799795
1.229622514	0.0037977913956470043
1.230775801	0.003619452008014724
1.231929089	0.0034967982678993947
1.233082377	0.003402644195833055
1.234235665	0.0033459172280893346
1.235388952	0.003339694214500226
1.23654224	0.0033826087094839486
1.237695528	0.0034747743577122304
1.238848816	0.0036371298573304946
1.240002103	0.0038857206990546207
1.241155391	0.0041973727705084405
1.242308679	0.0045857641637732025
1.243461967	0.005080720459509651
1.244615254	0.005677960274595331
1.245768542	0.006374765530512987
1.24692183	0.007201805413626642
1.248075118	0.008170706152752904
1.249228405	0.009258838063241343
1.250381693	0.010488366995947395
1.251534981	0.011950880243568192
1.252688268	0.013538748519395648
1.253841556	0.01498983244326503
1.254994844	0.016339601362296213
1.256148132	0.01744353419393157
1.257301419	0.01808232971480994
1.258454707	0.01844050323615418
1.259607995	0.018601389055308244
1.260761283	0.01881097627278721
1.26191457	0.0192053776690456
1.263067858	0.019593140970079463
1.264221146	0.019960246059899434
1.265374434	0.02023064975648709
1.266527721	0.02050608529914068
1.267681009	0.02104752362031829
1.268834297	0.021636721080822204
1.269987585	0.02237076642244127
1.271140872	0.023607893772362384
1.27229416	0.02526132520379428
1.273447448	0.02721398163916295
1.274600736	0.029400587020716705
1.275754023	0.03153212469721351
1.276907311	0.033577866723998595
1.278060599	0.03536677185818557
1.279213887	0.03619896642813247
1.280367174	0.036790037274264234
1.281520462	0.038948264770107
1.28267375	0.039376671953761065
1.283827038	0.03655322818754108
1.284980325	0.0346223785156795
1.286133613	0.03387717988389185
1.287286901	0.03323753184865851
1.288440188	0.032769533809916436
1.289593476	0.03248512065188592
1.290746764	0.03200618806677519
1.291900052	0.031176407726239874
1.293053339	0.030314394680151156
1.294206627	0.029308666149442105
1.295359915	0.027804986540354033
1.296513203	0.02599381146978394
1.29766649	0.02404504465995764
1.298819778	0.021777139272076102
1.299973066	0.01927192088429887
1.301126354	0.0168890727192529
1.302279641	0.014631168059964561
1.303432929	0.012447208235824762
1.304586217	0.010410298701288073
1.305739505	0.008640245620594691
1.306892792	0.007267244909543225
1.30804608	0.006223977724439901
1.309199368	0.005430165860852405
1.310352656	0.004843378769235899
1.311505943	0.0044597105222537355
1.312659231	0.004148061972376197
1.313812519	0.0038359899827146897
1.314965807	0.003602804770389422
1.316119094	0.0034207778955424417
1.317272382	0.0031666574444295893
1.31842567	0.0028998571472178053
1.319578958	0.0026903300696607033
1.320732245	0.0025163810601445042
1.321885533	0.0023725820398155088
1.323038821	0.0022477039061849836
1.324192108	0.002156183545179372
1.325345396	0.002101966860677573
1.326498684	0.002066409862961604
1.327651972	0.0020318576949438704
1.328805259	0.0020057706608050795
1.329958547	0.0019922330851487565
1.331111835	0.0019664621967182628
1.332265123	0.0019272567584288159
1.33341841	0.001877089652504745
1.334571698	0.0018384638561260171
1.335724986	0.001828057575070407
1.336878274	0.0018285932949146748
1.338031561	0.001837693929078775
1.339184849	0.001862845211048384
1.340338137	0.001894804955232406
1.341491425	0.0019130882908298058
1.342644712	0.0019360860204519531
1.343798	0.0019725357791027425
1.344951288	0.0020184910559686107
1.346104576	0.0020658485443157833
1.347257863	0.0020980519659150646
1.348411151	0.002130798378037192
1.349564439	0.0021887536437974787
1.350717727	0.0022483451754327114
1.351871014	0.00230282416384103
1.353024302	0.002386356965561368
1.35417759	0.002520563000947491
1.355330878	0.002723226835094777
1.356484165	0.002962259922991171
1.357637453	0.0031890281086872216
1.358790741	0.0034986171057066985
1.359944028	0.004051539329765148
1.361097316	0.004766756968828446
1.362250604	0.005473848270762928
1.363403892	0.006189433565241361
1.364557179	0.007387076587269979
1.365710467	0.008727395105728395
1.366863755	0.009493412229989638
1.368017043	0.008875237302809898
1.36917033	0.007051569010994523
1.370323618	0.005553755546927315
1.371476906	0.004507930688297256
1.372630194	0.003778775382252377
1.373783481	0.0032377563969497257
1.374936769	0.0029308909707721547
1.376090057	0.0027889583206082303
1.377243345	0.002790299284238756
1.378396632	0.003031662862856655
1.37954992	0.0034612610565336013
1.380703208	0.0040516698561026306
1.381856496	0.00450880024604657
1.383009783	0.004272866889369226
1.384163071	0.0036272923603366497
1.385316359	0.002939330908699803
1.386469647	0.0023912752044864764
1.387622934	0.0020157328885861713
1.388776222	0.0017907812236383686
1.38992951	0.0016664605584764491
1.391082798	0.001599832313265599
1.392236085	0.0015623362174187144
1.393389373	0.00153475606800002
1.394542661	0.0014943574918079095
1.395695949	0.0014046507569169277
1.396849236	0.0012848413665389568
1.398002524	0.0011701516496956386
1.399155812	0.0010886759685974341
1.400309099	0.0010471457410482945
1.401462387	0.0010139147683116488
1.402615675	0.0009893129560501759
1.403768963	0.0009742575453258115
1.40492225	0.000957395178878066
1.406075538	0.0009315142741265754
1.407228826	0.0008968679359003466
1.408382114	0.0008548956243626662
1.409535401	0.0007995024587728053
1.410688689	0.0007714492181397144
1.411841977	0.0007823312840146856
1.412995265	0.0008238307351168054
1.414148552	0.0009070128785791644
1.41530184	0.0009966713114935952
1.416455128	0.001075593904635246
1.417608416	0.0011269625029478331
1.418761703	0.0011318090880082026
1.419914991	0.001127040933689339
1.421068279	0.0011318655411673994
1.422221567	0.0011537931139237807
1.423374854	0.001177964042708764
1.424528142	0.0012086906561029895
1.42568143	0.001264093380341249
1.426834718	0.0013212255599467
1.427988005	0.0013701258382138003
1.429141293	0.0014132535719538523
1.430294581	0.0014492922638233837
1.431447869	0.0014755219287244747
1.432601156	0.0014922064362672017
1.433754444	0.00150405646008568
1.434907732	0.001505559752726513
1.436061019	0.0014985632509363024
1.437214307	0.0014891739920761776
1.438367595	0.001489368621835741
1.439520883	0.0015215688376917127
1.44067417	0.0015330228257391149
1.441827458	0.00149435984412457
1.442980746	0.0014667685724830755
1.444134034	0.001453812113411412
1.445287321	0.001415141933299078
1.446440609	0.0013660496528085794
1.447593897	0.001338979197078295
1.448747185	0.0013210249998382338
1.449900472	0.0013057556750412178
1.45105376	0.0013101869629278385
1.452207048	0.0013282584778898311
1.453360336	0.001340541324219181
1.454513623	0.0013525975964319395
1.455666911	0.0013836833034193976
1.456820199	0.0014222076294991804
1.457973487	0.001455813075721349
1.459126774	0.0015074864545107484
1.460280062	0.0015773855343006115
1.46143335	0.0016640809349141993
1.462586638	0.0017495030651632087
1.463739925	0.0018130520814550115
1.464893213	0.0018699403912449002
1.466046501	0.0019171770847887658
1.467199789	0.0019317736116745948
1.468353076	0.0019199433559515065
1.469506364	0.0018970119901438186
1.470659652	0.0018542176568605913
1.471812939	0.0017851978205268265
1.472966227	0.001704225330445052
1.474119515	0.0016077858755084947
1.475272803	0.0014831771734311462
1.47642609	0.0014629653291835095
1.477579378	0.0014552715642894643
1.478732666	0.0014457544464479605
1.479885954	0.0014238778725341236
1.481039241	0.001465120381032989
1.482192529	0.0015566358180810337
1.483345817	0.0016305176054735562
1.484499105	0.0017539963169168956
1.485652392	0.0018535355529219664
1.48680568	0.002073471798577322
1.487958968	0.0024266525581789766
1.489112256	0.0025725090970097303
1.490265543	0.0026682282459929815
1.491418831	0.0028929004371949524
1.492572119	0.0031631891219134184
1.493725407	0.0033549205108460143
1.494878694	0.0035075544930398897
1.496031982	0.00369530699859975
1.49718527	0.003774779307766735
1.498338558	0.003755012330179094
1.499491845	0.0037177995624169268
1.500645133	0.0037538093928795456
1.501798421	0.0037797131186794617
1.502951709	0.003735852627711124
1.504104996	0.003709837581611521
1.505258284	0.0037084078451340824
1.506411572	0.0036849009464106964
1.507564859	0.003606179467851322
1.508718147	0.003595983000403568
1.509871435	0.0036336165414257156
1.511024723	0.003775348317863542
1.51217801	0.004030215536047108
1.513331298	0.0043391745880117785
1.514484586	0.00469190269833702
1.515637874	0.0050354081940525396
1.516791161	0.005408127911653433
1.517944449	0.005824468686672462
1.519097737	0.006252450997175256
1.520251025	0.006687721944829911
1.521404312	0.007188165943402806
1.5225576	0.00771011398748002
1.523710888	0.0080916193058009
1.524864176	0.008338312563402553
1.526017463	0.008481086330150333
1.527170751	0.0087335138455703
1.528324039	0.009215256575083396
1.529477327	0.010042000685629202
1.530630614	0.011029201269381641
1.531783902	0.011758220092879905
1.53293719	0.012642845688269398
1.534090478	0.013669035653034043
1.535243765	0.014171258865925735
1.536397053	0.014352765107527784
1.537550341	0.014606692065965926
1.538703629	0.014800176574676228
1.539856916	0.01479453486511427
1.541010204	0.014502209201464005
1.542163492	0.014119072719154083
1.543316779	0.01383144254970387
1.544470067	0.013774338592552712
1.545623355	0.013893668659071042
1.546776643	0.014254425881356034
1.54792993	0.014938865216649876
1.549083218	0.015629136639627093
1.550236506	0.016151555263895688
1.551389794	0.016464598063396958
1.552543081	0.016650143391365814
1.553696369	0.01689004321181984
1.554849657	0.01677939169471202
1.556002945	0.01636519499819242
1.557156232	0.016055070017904946
1.55830952	0.015806877356831214
1.559462808	0.01543940548370918
1.560616096	0.014929441732900658
1.561769383	0.014016135910050328
1.562922671	0.013084734289402386
1.564075959	0.012355107989940472
1.565229247	0.011764003153402945
1.566382534	0.011610227918190953
1.567535822	0.011827465104788801
1.56868911	0.012310075886441516
1.569842398	0.013052844640682244
1.570995685	0.014256885380904818
1.572148973	0.01596937039012815
1.573302261	0.01797562296060285
1.574455549	0.019917137754503853
1.575608836	0.021627446584429257
1.576762124	0.023159625090146
1.577915412	0.02407636123239463
1.579068699	0.024180503163049632
1.580221987	0.023575219785395327
1.581375275	0.023942767171831518
1.582528563	0.0243924044889555
1.58368185	0.023861674360411464
1.584835138	0.023285828121332796
1.585988426	0.02287252743577364
1.587141714	0.02284490135584625
1.588295001	0.023393290885532603
1.589448289	0.024163700666752948
1.590601577	0.024454892152395498
1.591754865	0.023325324855242163
1.592908152	0.022241520352743516
1.59406144	0.021772061547153384
1.595214728	0.021930997462137856
1.596368016	0.022072173767254313
1.597521303	0.02118125831341673
1.598674591	0.020330161809713327
1.599827879	0.020246285800747433
1.600981167	0.01990860055405621
1.602134454	0.01907590295319367
1.603287742	0.01822241115770456
1.60444103	0.017288998091964516
1.605594318	0.016367686263954944
1.606747605	0.015269730690854426
1.607900893	0.013962123500254855
1.609054181	0.012877335999150643
1.610207469	0.011910943532312219
1.611360756	0.010783422383071126
1.612514044	0.00963557171283353
1.613667332	0.008502172116292277
1.614820619	0.007521053819952317
1.615973907	0.0066745462438870294
1.617127195	0.005582691147388008
1.618280483	0.004535255136018487
1.61943377	0.003826470053036678
1.620587058	0.003265975816232754
1.621740346	0.0027821750954724334
1.622893634	0.0024014001595521538
1.624046921	0.002127842748889601
1.625200209	0.001917359514708873
1.626353497	0.0017484318156589492
1.627506785	0.0015863387803059595
1.628660072	0.0014516452761981638
1.62981336	0.0013385930560984199
1.630966648	0.0012342169288117161
1.632119936	0.001131646596046533
1.633273223	0.0010598751423974552
1.634426511	0.0010214661695813459
1.635579799	0.0009927936503450546
1.636733087	0.0009795103528499965
1.637886374	0.0009607524277687592
1.639039662	0.000927047081807295
1.64019295	0.0008868539430667784
1.641346238	0.0008572235166957233
1.642499525	0.0008448725449446502
1.643652813	0.0008311417274918527
1.644806101	0.0007947300962916722
1.645959389	0.0007484753321964945
1.647112676	0.0007152966945584454
1.648265964	0.0006981245294588211
1.649419252	0.0006930077940821924
1.65057254	0.0006880428535421773
1.651725827	0.0006721913605424606
1.652879115	0.0006529779933357222
1.654032403	0.0006367363102267232
1.65518569	0.0006235621307873509
1.656338978	0.0006155849821914627
1.657492266	0.0006107401668484007
1.658645554	0.000606022521545865
1.659798841	0.0005949059939114055
1.660952129	0.0005636423386640687
1.662105417	0.0005204918690913394
1.663258705	0.00048113025376621466
1.664411992	0.00045108388348884135
1.66556528	0.0004436472169431657
1.666718568	0.000457999473231473
1.667871856	0.0004916835507254519
1.669025143	0.0005422010943998685
1.670178431	0.0006167410025182251
1.671331719	0.0007114943564233071
1.672485007	0.000802909292638664
1.673638294	0.0008333808332647172
1.674791582	0.000826455029063381
1.67594487	0.000816961338654903
1.677098158	0.0007833270030845658
1.678251445	0.0007503025646423587
1.679404733	0.0007609242285154282
1.680558021	0.0007916115381960808
1.681711309	0.0008336916472506463
1.682864596	0.0008469877999881966
1.684017884	0.0008221837126912578
1.685171172	0.000795824342791667
1.68632446	0.000776030178911117
1.687477747	0.0007601054481070859
1.688631035	0.0007460333306702379
1.689784323	0.0007382730164671863
1.69093761	0.0007276870130097863
1.692090898	0.0007035701684009653
1.693244186	0.0006870117880614583
1.694397474	0.0006720385677142814
1.695550761	0.0006621578265416356
1.696704049	0.00066255796777827
1.697857337	0.0006656809545839553
1.699010625	0.0006755804869888136
1.700163912	0.0006839368118806545
1.7013172	0.0006809546740234778
1.702470488	0.0006646415528356057
1.703623776	0.0006321943411458959
1.704777063	0.0005773242725621799
1.705930351	0.0004975048193859961
1.707083639	0.0004115739454904724
1.708236927	0.0003341958098000096
1.709390214	0.00027291998582693554
1.710543502	0.0002442895601094492
1.71169679	0.0002824111103729899
1.712850078	0.0003947371967213852
1.714003365	0.0005985719771212127
1.715156653	0.0009124987118636174
1.716309941	0.0012267505848945607
1.717463229	0.0014628646258738845
1.718616516	0.001514503487964698
1.719769804	0.0013616816564384132
1.720923092	0.0011060577034702705
1.72207638	0.0008006998944028937
1.723229667	0.0005877461148538241
1.724382955	0.0004918774873670555
1.725536243	0.0004473699485519655
1.72668953	0.0004499544571302041
1.727842818	0.00047026794219879285
1.728996106	0.0004979101095442976
1.730149394	0.0005346430291487312
1.731302681	0.0005836273373457836
1.732455969	0.0006441370719864095
1.733609257	0.0007105595359698106
1.734762545	0.0007757788744876346
1.735915832	0.000821352870601111
1.73706912	0.0008380496824114216
1.738222408	0.0008486002496474276
1.739375696	0.0008473113617875806
1.740528983	0.0008372821823680928
1.741682271	0.0008254712350269076
1.742835559	0.0008100702012769184
1.743988847	0.000784527472936345
1.745142134	0.0007690918806572333
1.746295422	0.0007653834831904587
1.74744871	0.0007538619828309465
1.748601998	0.000740082271548078
1.749755285	0.0007272764992797179
1.750908573	0.0007150136778407506
1.752061861	0.0007042244296825755
1.753215149	0.0006892774987122987
1.754368436	0.0006662062248039586
1.755521724	0.0006385788453407065
1.756675012	0.000609542049771048
1.7578283	0.0005733825348227105
1.758981587	0.0005303032259119332
1.760134875	0.00048492860147994455
1.761288163	0.00045609034071463514
1.76244145	0.00044822129060687066
1.763594738	0.0004728900314361909
1.764748026	0.0005318967414322109
1.765901314	0.0005968551110826716
1.767054601	0.0006512531512281944
1.768207889	0.0006602446704574554
1.769361177	0.0006251731560287625
1.770514465	0.0005689553754484457
1.771667752	0.0005038608173773269
1.77282104	0.00045998101194775695
1.773974328	0.0004367960951013209
1.775127616	0.0004288389555819528
1.776280903	0.00043218893397704286
1.777434191	0.0004371212936265351
1.778587479	0.0004440221292610122
1.779740767	0.0004539971377714502
1.780894054	0.0004679842374505341
1.782047342	0.00047753302310672116
1.78320063	0.0004938616260339404
1.784353918	0.0005257907999778673
1.785507205	0.0005858730190903419
1.786660493	0.0006922145702981098
1.787813781	0.0008054479352407962
1.788967069	0.0009131990217667689
1.790120356	0.0009932960581388232
1.791273644	0.0010050565860724105
1.792426932	0.0009954387769698456
1.79358022	0.0009947827356822073
1.794733507	0.001041954171866479
1.795886795	0.0011792321999091046
1.797040083	0.0013865335256935637
1.79819337	0.0016640477836104165
1.799346658	0.0019950911528599205
1.800499946	0.002367132920570031
1.801653234	0.0028145445998508543
1.802806521	0.0032991049578672098
1.803959809	0.003774810387972678
1.805113097	0.004315677511939963
1.806266385	0.004985328754492906
1.807419672	0.005791991849127846
1.80857296	0.0068342395057727255
1.809726248	0.00816981547107675
1.810879536	0.009821474064927005
1.812032823	0.011821502180703488
1.813186111	0.014085389274120808
1.814339399	0.01656705408253404
1.815492687	0.019224717434442318
1.816645974	0.022127335402101184
1.817799262	0.025409635145832603
1.81895255	0.027590819434060273
1.820105838	0.02827387455397447
1.821259125	0.029893384867675777
1.822412413	0.0326063528940981
1.823565701	0.034986220125814094
1.824718989	0.03771162110823154
1.825872276	0.04142175252352401
1.827025564	0.04606116775292805
1.828178852	0.051061564041219566
1.82933214	0.05530888260855267
1.830485427	0.058310357871932436
1.831638715	0.05991893314038406
1.832792003	0.06042782203011426
1.83394529	0.
1.835098578	0.
1.836251866	0.
1.837405154	0.
1.838558441	0.
1.839711729	0.
1.840865017	0.
1.842018305	0.
1.843171592	0.
1.84432488	0.
1.845478168	0.
1.846631456	0.
1.847784743	0.
1.848938031	0.
1.850091319	0.
1.851244607	0.
1.852397894	0.
1.853551182	0.
1.85470447	0.
1.855857758	0.
1.857011045	0.
1.858164333	0.
1.859317621	0.
1.860470909	0.
1.861624196	0.
1.862777484	0.
1.863930772	0.
1.86508406	0.
1.866237347	0.
1.867390635	0.
1.868543923	0.
1.86969721	0.
1.870850498	0.
1.872003786	0.007535176348971177
1.873157074	0.00775124362033217
1.874310361	0.008346428858235671
1.875463649	0.010824148118229932
1.876616937	0.019326153811172704
1.877770225	0.03780469780492348
1.878923512	0.036783297154379016
1.8800768	0.016122167440226973
1.881230088	0.006065388867799989
1.882383376	0.002161401139742635
1.883536663	0.000987302762947403
1.884689951	0.0005647894345735912
1.885843239	0.00016403897070831053
1.886996527	-0.00023875284241918701
1.888149814	-0.0003295124805994409
1.889303102	0.00030676083821585615
1.89045639	0.001569688058666535
1.891609678	0.001993408404286134
1.892762965	0.0016305086973657725
1.893916253	0.0013160171209380268
1.895069541	0.0011827024880074549
1.896222829	0.0011997187743125915
1.897376116	0.0015008869619627955
1.898529404	0.002470130254611907
1.899682692	0.005003624154704409
1.90083598	0.006829650886944784
1.901989267	0.005469870630476467
1.903142555	0.0038354674761126115
1.904295843	0.0027448972706057683
1.905449131	0.002002896680251524
1.906602418	0.0015434942856540786
1.907755706	0.001278974095859847
1.908908994	0.0011317371114377627
1.910062281	0.0010426668260975817
1.911215569	0.0009861603795707622
1.912368857	0.0009354896203953409
1.913522145	0.0009057383211210972
1.914675432	0.0009077022268507069
1.91582872	0.0009134671769890951
1.916982008	0.0008522288437653621
1.918135296	0.000697279780999802
1.919288583	0.0005433287088073974
1.920441871	0.00047188016845659876
1.921595159	0.0004907729729413668
1.922748447	0.0005580333763077471
1.923901734	0.0006776525290861123
1.925055022	0.0008381290943012352
1.92620831	0.00103077054462989
1.927361598	0.001238759549368273
1.928514885	0.0013339101569232311
1.929668173	0.0011614412155965485
1.930821461	0.0009436525770830195
1.931974749	0.0008045943748108895
1.933128036	0.0007244151252573303
1.934281324	0.0006316311888592094
1.935434612	0.00046788148366087775
1.9365879	0.0002357125247286623
1.937741187	0.00006660029553086401
1.938894475	0.00010152302768179468
1.940047763	0.0002051675966487267
1.941201051	0.00029754146994018953
1.942354338	0.00034292108207627177
1.943507626	0.00031740692422010697
1.944660914	0.0001495145237499758
1.945814201	-0.00003412569839502518
1.946967489	-5.489660005594647e-6
1.948120777	0.00016047498525969707
1.949274065	0.000297624386186887
1.950427352	0.0003582934818004342
1.95158064	0.0003849457498252171
1.952733928	0.00039674339522140835
1.953887216	0.00038232227791276804
1.955040503	0.00033017644119055084
1.956193791	0.00023293213773141269
1.957347079	0.00012983453864169454
1.958500367	0.000051318393322323745
1.959653654	0.000014526781115740714
1.960806942	0.000033526201411991405
1.96196023	0.00011642176828772951
1.963113518	0.0002112066109175002
1.964266805	0.00025942965366157695
1.965420093	0.00024876891203624206
1.966573381	0.00023346612427908205
1.967726669	0.0002487739703867242
1.968879956	0.0002688923309908501
1.970033244	0.00026756238320134457
1.971186532	0.0002433404138836796
1.97233982	0.00023074644400945834
1.973493107	0.0002532433194921156
1.974646395	0.00029018397602546966
1.975799683	0.00031970711605683636
1.976952971	0.00033083043554699973
1.978106258	0.0003235401866411777
1.979259546	0.00028420972214478516
1.980412834	0.00023630701978552822
1.981566121	0.00021179856925386873
1.982719409	0.00021976655184004478
1.983872697	0.00022955106450588432
1.985025985	0.0002160776624072444
1.986179272	0.000183090206573734
1.98733256	0.00014245240004189712
1.988485848	0.00011547881035471204
1.989639136	0.00010889150799262392
1.990792423	0.00012577878823438288
1.991945711	0.00015097040300464436
1.993098999	0.00016199523454843364
1.994252287	0.00013950365139723758
1.995405574	0.00010188336967888844
1.996558862	0.00007902002372418821
1.99771215	0.00010503176346210063
1.998865438	0.00023523567576761884
2.000018725	0.0005551661915220007
2.001172013	0.0009900511168051689
2.002325301	0.0012053178306461335
2.003478589	0.0010100072587004843
2.004631876	0.000658360620601157
2.005785164	0.0004094621442390981
2.006938452	0.0002795916053657874
2.00809174	0.0002471100179002243
2.009245027	0.00027212320388060975
2.010398315	0.0002996100069790681
2.011551603	0.0002684686127180795
2.012704891	0.0002191358107425722
2.013858178	0.00020972625944721396
2.015011466	0.0002482774128027668
2.016164754	0.0002913445245140031
2.017318041	0.00032748998234474345
2.018471329	0.000261924625819707
2.019624617	0.000012126309323201551
2.020777905	-0.00034289067324915726
2.021931192	-0.0005191363789184153
2.02308448	-0.00031898406133764934
2.024237768	0.000010893423725230139
2.025391056	0.0002726775388015464
2.026544343	0.00040815600838726274
2.027697631	0.000447001784976005
2.028850919	0.0003882169717560099
2.030004207	0.0002865458245518586
2.031157494	0.00021304780473142837
2.032310782	0.0002030382078714322
2.03346407	0.000176992911842012
2.034617358	0.00004317347960259519
2.035770645	-0.00011359113271548955
2.036923933	-0.0001430621164988873
2.038077221	0.00003258393563849622
2.039230509	0.0002609209163016988
2.040383796	0.00040392523523091327
2.041537084	0.0004466821317443623
2.042690372	0.00038475810166770384
2.04384366	0.00022284971098462245
2.044996947	0.00005634811847893801
2.046150235	-2.574079875198624e-6
2.047303523	0.00004215519133379985
2.048456811	0.00011994038179381279
2.049610098	0.0001603273810935966
2.050763386	0.0001818148579841417
2.051916674	0.00019847991545134263
2.053069961	0.00022379068256207665
2.054223249	0.00027386683136027966
2.055376537	0.00035591350663351473
2.056529825	0.00040981895910457224
2.057683112	0.0003866693905499847
2.0588364	0.0003091929079198798
2.059989688	0.00023581718049052686
2.061142976	0.00020696986105090561
2.062296263	0.00019610782471665543
2.063449551	0.00017884680890515627
2.064602839	0.0001417302227810488
2.065756127	0.00009733963393561145
2.066909414	0.0000661133974886448
2.068062702	0.0000620332329802158
2.06921599	0.00009624375634533686
2.070369278	0.00015658782425827174
2.071522565	0.00020520756723922608
2.072675853	0.00021703846653027155
2.073829141	0.0001949573437056212
2.074982429	0.00014074684185263486
2.076135716	0.0000699087655494609
2.077289004	0.000017085369899611805
2.078442292	0.000013492717401450893
2.07959558	0.00003980464487693945
2.080748867	0.00006929410351636322
2.081902155	0.00008427554617526749
2.083055443	0.00008936968662897849
2.084208731	0.00008516916433234704
2.085362018	0.00007260387716127059
2.086515306	0.000057124317059088745
2.087668594	0.000045824295384029614
2.088821881	0.00004636338670788604
2.089975169	0.00006748078588640155
2.091128457	0.00009596896659616586
2.092281745	0.00011232259315770558
2.093435032	0.00010279636445022646
2.09458832	0.00008466080463880051
2.095741608	0.00007498509229171237
2.096894896	0.00007417268467961709
2.098048183	0.00007829895841908193
2.099201471	0.00008494836500146494
2.100354759	0.00009236495415895042
2.101508047	0.00009661429154089405
2.102661334	0.00009956528843920266
2.103814622	0.00010630970547224714
2.10496791	0.00011906681848627718
2.106121198	0.00011682676121641817
2.107274485	0.00007753280995168144
2.108427773	9.653101333095607e-6
2.109581061	-0.00005986156161105197
2.110734349	-0.00010588878584967693
2.111887636	-0.00010626531706710263
2.113040924	-0.00004032527806327053
2.114194212	0.00007033534644142168
2.1153475	0.00017288985761647064
2.116500787	0.00021908917498253774
2.117654075	0.00021707662329103594
2.118807363	0.0001861949565874503
2.119960651	0.00014844660745818021
2.121113938	0.00012443396892718614
2.122267226	0.00013815415325462555
2.123420514	0.00016763937556411895
2.124573801	0.00018095446503538153
2.125727089	0.00016575916559215197
2.126880377	0.00014429965101561175
2.128033665	0.00013396164226003613
2.129186952	0.00013401840812063645
2.13034024	0.00014215613514519018
2.131493528	0.0001534517368491537
2.132646816	0.00016060188923102677
2.133800103	0.00015584148287607172
2.134953391	0.00014405213118473417
2.136106679	0.00013200365759255097
2.137259967	0.00012200274906039194
2.138413254	0.00011510145542891422
2.139566542	0.00011545848803850419
2.14071983	0.00011583059730420314
2.141873118	0.00010705756642451385
2.143026405	0.00008702294985533057
2.144179693	0.00006752881156350613
2.145332981	0.00005720253393073521
2.146486269	0.00007001315930716105
2.147639556	0.00012134589111469608
2.148792844	0.00021144113471632114
2.149946132	0.00028968649198141285
2.15109942	0.00030289651011664514
2.152252707	0.0002581739514101022
2.153405995	0.00018785673705054722
2.154559283	0.00012110318793782125
2.155712571	0.00006995712256121466
2.156865858	0.00005076524699384029
2.158019146	0.00005909076375062231
2.159172434	0.00007833550060808674
2.160325722	0.00009266414680407846
2.161479009	0.00010012529858037753
2.162632297	0.00009747664998554422
2.163785585	0.00008836853624455307
2.164938872	0.00008424144802775538
2.16609216	0.00009445534464912111
2.167245448	0.00011049309031965825
2.168398736	0.0001315314621783587
2.169552023	0.000154851804626123
2.170705311	0.00016075265560656167
2.171858599	0.00013383975474484916
2.173011887	0.00009204717054602473
2.174165174	0.000053966145395541165
2.175318462	0.000038758461912233036
2.17647175	0.00006371809175332754
2.177625038	0.00014539955281836993
2.178778325	0.00022721018662209466
2.179931613	0.0002405562113572257
2.181084901	0.00018274895353072765
2.182238189	0.00011203393614587707
2.183391476	0.00007459624918857857
2.184544764	0.0000916654976998755
2.185698052	0.00018390680377407744
2.18685134	0.0003244170328570585
2.188004627	0.0004124448722565527
2.189157915	0.00033259377544925505
2.190311203	0.00016969508088397813
2.191464491	0.0000635659179965498
2.192617778	0.00008117931658901251
2.193771066	0.00014443971449027045
2.194924354	0.00019145372240887538
2.196077642	0.00020812831340673142
2.197230929	0.00018652059893278964
2.198384217	0.00012863048588773642
2.199537505	0.00007046336559936055
2.200690792	0.000049252252996575684
2.20184408	0.0000607893278355387
2.202997368	0.00008750645007069263
2.204150656	0.00011204848812092857
2.205303943	0.00011758565511760869
2.206457231	0.00007426096319249784
2.207610519	0.000014946829411460394
2.208763807	0.000011456365495721853
2.209917094	0.00010183224252713781
2.211070382	0.0002107032044723438
2.21222367	0.00027252838234823106
2.213376958	0.00027761516890062975
2.214530245	0.0002440756756415546
2.215683533	0.00018930412117011697
2.216836821	0.0001312558186905149
2.217990109	0.0000914521174812784
2.219143396	0.000080029031295089
2.220296684	0.00009821646512564402
2.221449972	0.00014405953897003506
2.22260326	0.00018524594329907268
2.223756547	0.00018359841500467105
2.224909835	0.0001488395207319129
2.226063123	0.00013184164105992902
2.227216411	0.00017613352126505678
2.228369698	0.00024342583262922595
2.229522986	0.00029626839993666774
2.230676274	0.00031691810394560605
2.231829562	0.0003074980765186856
2.232982849	0.00026895231659235626
2.234136137	0.00021860603764770186
2.235289425	0.00017743109808985997
2.236442712	0.00015595780919669579
2.237596	0.00015008171557264117
2.238749288	0.0001541697016543272
2.239902576	0.00016220077168486777
2.241055863	0.00017100417706259708
2.242209151	0.00017721107958167015
2.243362439	0.00017768409806575962
2.244515727	0.0001704011299234533
2.245669014	0.00015892884504315242
2.246822302	0.00014820266940855127
2.24797559	0.00014277651271776243
2.249128878	0.00014547616282675188
2.250282165	0.00016137333231727545
2.251435453	0.00018608502198733153
2.252588741	0.00021010858476450115
2.253742029	0.00022513187339795625
2.254895316	0.00022279214285889017
2.256048604	0.00019496998449010147
2.257201892	0.0001560933591579397
2.25835518	0.00012354314251920772
2.259508467	0.0001081586719276162
2.260661755	0.00010615018134268735
2.261815043	0.00011397498322095163
2.262968331	0.00012429581664121094
2.264121618	0.0001316678584798615
2.265274906	0.00013328571769192157
2.266428194	0.00010416908371457104
2.267581482	9.129238570246976e-6
2.268734769	-0.00011890132602033205
2.269888057	-0.00019983509822453038
2.271041345	-0.00016517359623188224
2.272194632	-0.00007172389690167563
2.27334792	0.000020114070326172373
2.274501208	0.00008414174492950157
2.275654496	0.00011581962509408492
2.276807783	0.0001107458193260602
2.277961071	0.00008622459322312188
2.279114359	0.00006347631213601514
2.280267647	0.000049034212374969666
2.281420934	0.000034262753984587965
2.282574222	9.82272311029481e-6
2.28372751	-4.879652013536555e-6
2.284880798	8.567046886981459e-6
2.286034085	0.000045283055236644096
2.287187373	0.00007972938519900534
2.288340661	0.00009809603698662747
2.289493949	6.341872932155372e-6
2.290647236	-0.00032059449022603425
2.291800524	-0.0008363496409524443
2.292953812	-0.001230912764076475
2.2941071	-0.001198188762640911
2.295260387	-0.0008533136748329772
2.296413675	-0.0004544248632606488
2.297566963	-0.00017768926301750946
2.298720251	-9.75037609868678e-6
2.299873538	0.00003370226031131503
2.301026826	-2.7016811344313006e-6
2.302180114	-0.00005090350650687676
2.303333402	-0.00006414631730930118
2.304486689	-0.000058782377044279384
2.305639977	-0.000045884437605864194
2.306793265	-0.0000301281089801225
2.307946552	-0.000016902320842845078
2.30909984	-9.543835052555532e-6
2.310253128	4.077921706713344e-7
2.311406416	0.000022420240922105473
2.312559703	0.000048454283676427326
2.313712991	0.0000626514907358777
2.314866279	0.00005284907215026549
2.316019567	0.00003056065380230739
2.317172854	0.000010677376546803684
2.318326142	-4.567613583591679e-6
2.31947943	-0.000020513013810454115
2.320632718	-0.000041115933624545135
2.321786005	-0.0000660324871522456
2.322939293	-0.00009539643446740803
2.324092581	-0.00012155811052702769
2.325245869	-0.00013342725023437948
2.326399156	-0.00012451209949565975
2.327552444	-0.00011033985803266653
2.328705732	-0.00010859140906694807
2.32985902	-0.00011996171127206066
2.331012307	-0.00013147610065696906
2.332165595	-0.0001319629886552458
2.333318883	-0.00014296907621579437
2.334472171	-0.00019301907876020818
2.335625458	-0.00027359355996503396
2.336778746	-0.00033157732820055956
2.337932034	-0.00031522007782937934
2.339085322	-0.0002439186748394628
2.340238609	-0.00014821627651163358
2.341391897	-0.00006179063010879484
2.342545185	-0.000011416510357689302
2.343698472	-0.000021691472436267288
2.34485176	-0.0000683532632513796
2.346005048	-0.00012042030590095217
2.347158336	-0.00015587083123280005
2.348311623	-0.00016828276290271505
2.349464911	-0.00014871556231090967
2.350618199	-0.00010582380385148422
2.351771487	-0.000052677430110350755
2.352924774	-3.5185994248656064e-6
2.354078062	0.00001445485529486394
2.35523135	-0.000021013660338278453
2.356384638	-0.00008596462614029279
2.357537925	-0.00015185546238857418
2.358691213	-0.00019505171275536803
2.359844501	-0.0002018536141822303
2.360997789	-0.00015937260431521903
2.362151076	-0.00011130237022461865
2.363304364	-0.00011681160435475689
2.364457652	-0.00020750834943728173
2.36561094	-0.0003129436685288032
2.366764227	-0.00035779902304392257
2.367917515	-0.00032282365464315844
2.369070803	-0.00021758581271408343
2.370224091	-0.00007311845187957991
2.371377378	0.000039520615212557785
2.372530666	0.00005628647009120305
2.373683954	6.218231078174499e-6
2.374837242	-0.00005215712191623968
2.375990529	-0.00007094221881946178
2.377143817	-0.00006806317629578076
2.378297105	-0.000058156110659453663
2.379450392	-0.00004530910126504457
2.38060368	-0.000029335235372620197
2.381756968	-0.000012335810679216793
2.382910256	2.4855119657521088e-6
2.384063543	0.000011621161325455654
2.385216831	0.000013536641189408079
2.386370119	9.873094626701003e-6
2.387523407	3.262425839437549e-6
2.388676694	-8.670400191022585e-6
2.389829982	-0.000029563536670220702
2.39098327	-0.000056657991096662215
2.392136558	-0.00008017918214153375
2.393289845	-0.00009166565024968534
2.394443133	-0.00009263149439558024
2.395596421	-0.00008386897116222608
2.396749709	-0.00007736904055457719
2.397902996	-0.00009827932459737655
2.399056284	-0.00017059081215400654
2.400209572	-0.0002575678299667064
2.40136286	-0.0003074540957677476
2.402516147	-0.00029795619228766804
2.403669435	-0.00026142585787475455
2.404822723	-0.0002234488704527272
2.405976011	-0.0002056382245484815
2.407129298	-0.00022806137977713763
2.408282586	-0.00029454114198866225
2.409435874	-0.00038241686534816325
2.410589162	-0.0004754661446611544
2.411742449	-0.0005444001255206235
2.412895737	-0.0005566690435310877
2.414049025	-0.000483953991475649
2.415202313	-0.0003309832662264672
2.4163556	-0.00013270625914818136
2.417508888	0.00002715584050569011
2.418662176	0.00008016886062477308
2.419815463	0.000028831113954596802
2.420968751	-0.000051186269685108034
2.422122039	-0.00009780844908320885
2.423275327	-0.00012320904697009567
2.424428614	-0.00015893633555096772
2.425581902	-0.00022000518381726995
2.42673519	-0.00029512660322793374
2.427888478	-0.000387202268594367
2.429041765	-0.00047184869999817816
2.430195053	-0.0005089568504237927
2.431348341	-0.00045620462824936826
2.432501629	-0.0002880796722616918
2.433654916	2.623168219700618e-6
2.434808204	0.00022852970530625122
2.435961492	0.000206232320644723
2.43711478	-0.00009628568046731276
2.438268067	-0.00041053936386696235
2.439421355	-0.0005442041946669789
2.440574643	-0.0004964840977776052
2.441727931	-0.00037290287924263046
2.442881218	-0.0002301039118734974
2.444034506	8.852594343899348e-6
2.445187794	0.0002601178088298331
2.446341082	0.0002688185509775931
2.447494369	0.00020100476975864722
2.448647657	0.00016949672670654777
2.449800945	0.00013803501702801756
2.450954233	0.00011378081043360282
2.45210752	0.00002708977074642485
2.453260808	-0.0002641809488370176
2.454414096	-0.0008425458685459444
2.455567383	-0.0013766674163134974
2.456720671	-0.0015736348667463205
2.457873959	-0.0013219571673251144
2.459027247	-0.0008254954112925802
2.460180534	-0.00031549508256420954
2.461333822	0.00005834031454688806
2.46248711	0.00018760795096325146
2.463640398	0.000049575678979732836
2.464793685	-0.00020071889926236757
2.465946973	-0.0004436375229039176
2.467100261	-0.0005895569051116841
2.468253549	-0.0005199975846716706
2.469406836	-0.00018432423537733511
2.470560124	0.0001951892560661391
2.471713412	0.00031043430440371974
2.4728667	0.000216034450432261
2.474019987	0.00006213851058038019
2.475173275	-0.00008559417998250322
2.476326563	-0.00018647286517327
2.477479851	-0.00012490842387831034
2.478633138	0.00006953155677194072
2.479786426	-0.00001226320436923816
2.480939714	-0.0012492718895482824
2.482093002	-0.0023402751326226426
2.483246289	-0.0019879349153829285
2.484399577	-0.0012274474064983046
2.485552865	-0.0009253513591739833
2.486706153	-0.0013144741391176182
2.48785944	-0.0018464909363696434
2.489012728	-0.0019563615870230155
2.490166016	-0.0015354671080579012
2.491319303	-0.0009092032282650937
2.492472591	-0.00040658878847327283
2.493625879	-0.0003737097428098267
2.494779167	-0.0012130025121702616
2.495932454	-0.0022935423607664345
2.497085742	-0.0029658323815125727