0.45	1.919622183444836e-15
0.451155239	1.925637398259882e-15
0.452310479	1.8879247632565977e-15
0.453465718	1.8923876645440912e-15
0.454620957	1.8953038502167174e-15
0.455776196	1.888738235686328e-15
0.456931436	1.916622039087127e-15
0.458086675	1.8479291828993563e-15
0.459241914	1.8970110218194697e-15
0.460397153	1.9405019191808795e-15
0.461552393	1.904808038735409e-15
0.462707632	1.8534016478127157e-15
0.463862871	1.8449051569489956e-15
0.46501811	1.8366299453871966e-15
0.46617335	1.8457436298869006e-15
0.467328589	1.859504366490792e-15
0.468483828	1.890788707580526e-15
0.469639068	1.8837342637042e-15
0.470794307	1.8605693431156183e-15
0.471949546	1.8654910356197158e-15
0.473104785	1.877101481725484e-15
0.474260025	1.900833966793851e-15
0.475415264	1.8773048500413583e-15
0.476570503	1.862947256216187e-15
0.477725742	1.896953182558086e-15
0.478880982	1.9506796481537295e-15
0.480036221	1.978212688213269e-15
0.48119146	2.011923265046635e-15
0.4823467	2.1385674167450988e-15
0.483501939	2.31215785536757e-15
0.484657178	2.1225181368745646e-15
0.485812417	1.3828469246297662e-15
0.486967657	1.4413169016856509e-15
0.488122896	1.6793421559674835e-15
0.489278135	1.7729248294025589e-15
0.490433374	1.8053452316035445e-15
0.491588614	1.797234953359259e-15
0.492743853	1.7715842793923753e-15
0.493899092	1.820372633941084e-15
0.495054331	1.8298262603181293e-15
0.496209571	1.8163134835651534e-15
0.49736481	1.821347307746537e-15
0.498520049	1.776616051672788e-15
0.499675289	1.7482283052288145e-15
0.500830528	1.687064915912968e-15
0.501985767	1.6650114294551493e-15
0.503141006	1.718597402783693e-15
0.504296246	1.723045377971558e-15
0.505451485	1.745319396675926e-15
0.506606724	1.7409870991770617e-15
0.507761963	1.7278765800586721e-15
0.508917203	1.7335081944467838e-15
0.510072442	1.7153860543663766e-15
0.511227681	1.740556854480348e-15
0.512382921	1.7045685558442575e-15
0.51353816	1.68972996925065e-15
0.514693399	1.6790677023314164e-15
0.515848638	1.6273362964647776e-15
0.517003878	1.5168013157992037e-15
0.518159117	1.5636837945227572e-15
0.519314356	1.591457704911084e-15
0.520469595	1.6452977946272237e-15
0.521624835	1.6780883644324922e-15
0.522780074	1.650277512322781e-15
0.523935313	1.6752854310202096e-15
0.525090552	1.683137675005033e-15
0.526245792	1.6297574954210207e-15
0.527401031	1.5804146365212586e-15
0.52855627	1.652590123112151e-15
0.52971151	1.69860054559052e-15
0.530866749	1.6969138971663145e-15
0.532021988	1.6600830209566096e-15
0.533177227	1.6505728618313138e-15
0.534332467	1.659996636009103e-15
0.535487706	1.6924939082068096e-15
0.536642945	1.6500851522346683e-15
0.537798184	1.6686438803123131e-15
0.538953424	1.66197919423337e-15
0.540108663	1.6202061031747881e-15
0.541263902	1.6174695909892273e-15
0.542419142	1.6187422264957134e-15
0.543574381	1.6481714406657801e-15
0.54472962	1.641709375847339e-15
0.545884859	1.6414621622180282e-15
0.547040099	1.6273629770137721e-15
0.548195338	1.609051274967828e-15
0.549350577	1.6175639984443102e-15
0.550505816	1.6115056845374319e-15
0.551661056	1.621612140592479e-15
0.552816295	1.593493250705654e-15
0.553971534	1.6102427507455743e-15
0.555126773	1.6271803186402875e-15
0.556282013	1.6049516376925656e-15
0.557437252	1.5768142765281649e-15
0.558592491	1.5677595502053682e-15
0.559747731	1.556532330998849e-15
0.56090297	1.558349022920155e-15
0.562058209	1.560316095587032e-15
0.563213448	1.5516742615988976e-15
0.564368688	1.5515417926731402e-15
0.565523927	1.5409174012945056e-15
0.566679166	1.5387719616536962e-15
0.567834405	1.5542926715005672e-15
0.568989645	1.5410810280988856e-15
0.570144884	1.5165263027053749e-15
0.571300123	1.516909156910705e-15
0.572455362	1.5362126975265443e-15
0.573610602	1.5439503827378896e-15
0.574765841	1.5319165946936925e-15
0.57592108	1.531424593697495e-15
0.57707632	1.5164473808076822e-15
0.578231559	1.4703082213453466e-15
0.579386798	1.4752974539916892e-15
0.580542037	1.4937817383350366e-15
0.581697277	1.520599446195486e-15
0.582852516	1.5176728125866265e-15
0.584007755	1.5225161426507932e-15
0.585162994	1.5161078124580272e-15
0.586318234	1.525466471088461e-15
0.587473473	1.5160609814244046e-15
0.588628712	1.4042457154386878e-15
0.589783952	1.362905853963239e-15
0.590939191	1.4382445522584585e-15
0.59209443	1.4486056849926305e-15
0.593249669	1.455604901800072e-15
0.594404909	1.4419529392931295e-15
0.595560148	1.4461333644369802e-15
0.596715387	1.4416732621058297e-15
0.597870626	1.4338671029330244e-15
0.599025866	1.4224956603513813e-15
0.600181105	1.4106523664244015e-15
0.601336344	1.4056905605486582e-15
0.602491583	1.402816915343869e-15
0.603646823	1.3969823061675692e-15
0.604802062	1.410933350124835e-15
0.605957301	1.4077397267634898e-15
0.607112541	1.4000100640597202e-15
0.60826778	1.3872374340839332e-15
0.609423019	1.3782903621087949e-15
0.610578258	1.3759516302281923e-15
0.611733498	1.3779687047451865e-15
0.612888737	1.3532796444550234e-15
0.614043976	1.340790611205937e-15
0.615199215	1.3524165428690948e-15
0.616354455	1.3342035405115528e-15
0.617509694	1.3192341633654729e-15
0.618664933	1.3291842689021112e-15
0.619820173	1.327829353083828e-15
0.620975412	1.3103662000518703e-15
0.622130651	1.2818930016458378e-15
0.62328589	1.2701271371733415e-15
0.62444113	1.2663191182985881e-15
0.625596369	1.2785086974034324e-15
0.626751608	1.2670857596946957e-15
0.627906847	1.2124508555902445e-15
0.629062087	1.20343400397428e-15
0.630217326	1.2255048419603837e-15
0.631372565	1.2218097009845216e-15
0.632527804	1.207824886956133e-15
0.633683044	1.2006603633034921e-15
0.634838283	1.1766030492212547e-15
0.635993522	1.2026281813582068e-15
0.637148762	1.1798785802004786e-15
0.638304001	1.1790805941619052e-15
0.63945924	1.1624831540746089e-15
0.640614479	1.1593266583647237e-15
0.641769719	1.1659075725224274e-15
0.642924958	1.1662096388591696e-15
0.644080197	1.1605875402556103e-15
0.645235436	1.1561151231835648e-15
0.646390676	1.1750846925286675e-15
0.647545915	1.1685091895198066e-15
0.648701154	1.1395979115070943e-15
0.649856394	1.125012881009554e-15
0.651011633	1.1413078812324226e-15
0.652166872	1.1594654714247718e-15
0.653322111	1.1838759734431587e-15
0.654477351	1.2269343882768073e-15
0.65563259	1.1787871097905007e-15
0.656787829	1.2035323293012288e-15
0.657943068	1.1556040914520294e-15
0.659098308	1.045054930908432e-15
0.660253547	9.847690089866133e-16
0.661408786	9.434938886970668e-16
0.662564025	9.268007354753213e-16
0.663719265	9.237345434185766e-16
0.664874504	9.169801139780218e-16
0.666029743	9.080893879872909e-16
0.667184983	9.071430731041176e-16
0.668340222	9.067725336396826e-16
0.669495461	9.129621967230276e-16
0.6706507	9.047298974892175e-16
0.67180594	8.896170440233857e-16
0.672961179	8.83774225575667e-16
0.674116418	8.82338708652639e-16
0.675271657	8.908193404312833e-16
0.676426897	8.99647750664769e-16
0.677582136	8.84736398710149e-16
0.678737375	8.808599067077031e-16
0.679892614	8.792254996321957e-16
0.681047854	8.771502131598985e-16
0.682203093	8.732311815233824e-16
0.683358332	8.676462114050504e-16
0.684513572	8.760744150711536e-16
0.685668811	9.802990173432247e-16
0.68682405	1.0846223193036974e-15
0.687979289	1.0865321121669523e-15
0.689134529	1.0617719665565962e-15
0.690289768	9.804609657743192e-16
0.691445007	8.655199892634214e-16
0.692600246	8.258975613968819e-16
0.693755486	8.441174673464763e-16
0.694910725	8.411443762316805e-16
0.696065964	8.218399034641606e-16
0.697221204	8.209913552839414e-16
0.698376443	8.332995961304384e-16
0.699531682	8.337671560762229e-16
0.700686921	8.202987840944452e-16
0.701842161	8.115722451996234e-16
0.7029974	8.016266178263804e-16
0.704152639	8.057083441155961e-16
0.705307878	8.117791578596782e-16
0.706463118	8.102106125531309e-16
0.707618357	8.0831331952708e-16
0.708773596	8.121907453487409e-16
0.709928835	8.06242511218178e-16
0.711084075	8.056503189241362e-16
0.712239314	8.040360614994898e-16
0.713394553	8.070548638986176e-16
0.714549793	8.05046185416885e-16
0.715705032	8.15641470817868e-16
0.716860271	8.695664530383051e-16
0.71801551	9.386156696462543e-16
0.71917075	9.409342510422287e-16
0.720325989	8.689212723401931e-16
0.721481228	8.134977112178781e-16
0.722636467	7.982035050579282e-16
0.723791707	8.485428666210565e-16
0.724946946	8.949575994687498e-16
0.726102185	8.73005424058066e-16
0.727257425	8.748340563588138e-16
0.728412664	8.896030509092053e-16
0.729567903	8.445268153369578e-16
0.730723142	7.715854335715624e-16
0.731878382	7.525654888486567e-16
0.733033621	7.550893045314008e-16
0.73418886	7.529104683471547e-16
0.735344099	7.471846332678036e-16
0.736499339	7.373309879209862e-16
0.737654578	7.284359705307032e-16
0.738809817	7.318594559930742e-16
0.739965056	7.420743126173842e-16
0.741120296	7.37064370028652e-16
0.742275535	7.272924455358701e-16
0.743430774	7.163812857802733e-16
0.744586014	7.208624715814995e-16
0.745741253	7.332591501102415e-16
0.746896492	7.215832149294323e-16
0.748051731	7.248020272303297e-16
0.749206971	7.222192533706779e-16
0.75036221	7.205199175116584e-16
0.751517449	7.226390492973923e-16
0.752672688	7.253244398835452e-16
0.753827928	7.171447555261192e-16
0.754983167	7.139451615581695e-16
0.756138406	7.255492643634141e-16
0.757293646	7.676955079126977e-16
0.758448885	9.035854395089366e-16
0.759604124	1.044923954425884e-15
0.760759363	9.478700323431346e-16
0.761914603	7.58608130434302e-16
0.763069842	7.6934726651649e-16
0.764225081	7.767942663127738e-16
0.76538032	7.673902690919268e-16
0.76653556	7.870149076136127e-16
0.767690799	8.182009225426301e-16
0.768846038	8.447676848319781e-16
0.770001277	8.54912575885386e-16
0.771156517	8.547157384676452e-16
0.772311756	8.497487082069018e-16
0.773466995	8.539132742656767e-16
0.774622235	8.578733530930537e-16
0.775777474	8.60762111161314e-16
0.776932713	8.352718923485485e-16
0.778087952	8.41276285699676e-16
0.779243192	8.603374635435184e-16
0.780398431	8.464323176344273e-16
0.78155367	8.395362770112488e-16
0.782708909	8.355773179331623e-16
0.783864149	8.236459606853907e-16
0.785019388	8.08262944149277e-16
0.786174627	8.088622267992141e-16
0.787329866	8.082079046780029e-16
0.788485106	8.07746688032742e-16
0.789640345	7.962327012830276e-16
0.790795584	7.972872299716209e-16
0.791950824	7.943730970337328e-16
0.793106063	7.951654859933873e-16
0.794261302	7.986677065896079e-16
0.795416541	8.081138699168392e-16
0.796571781	8.117528508383696e-16
0.79772702	8.065277863181639e-16
0.798882259	8.007026929264162e-16
0.800037498	7.988018547224177e-16
0.801192738	7.919130903852103e-16
0.802347977	7.820243684541366e-16
0.803503216	7.711693687528716e-16
0.804658456	7.685804383565393e-16
0.805813695	7.594964192922484e-16
0.806968934	7.504894561547547e-16
0.808124173	7.428605450403582e-16
0.809279413	7.454046971378062e-16
0.810434652	7.436546123732978e-16
0.811589891	7.443436383848465e-16
0.81274513	7.493517150026834e-16
0.81390037	7.474581539184231e-16
0.815055609	7.336498408930715e-16
0.816210848	7.108862457873957e-16
0.817366087	7.051260803453933e-16
0.818521327	6.957416741514125e-16
0.819676566	6.944552314608221e-16
0.820831805	7.129572408601406e-16
0.821987045	7.145636608735198e-16
0.823142284	6.9654544403274745e-16
0.824297523	7.01992720840322e-16
0.825452762	7.170503480710368e-16
0.826608002	7.290108112964599e-16
0.827763241	7.150340197756472e-16
0.82891848	6.973492139140824e-16
0.830073719	6.927831356085588e-16
0.831228959	6.944809790243689e-16
0.832384198	6.83628404751761e-16
0.833539437	6.701225307570701e-16
0.834694677	6.686060400353782e-16
0.835849916	6.697648646575253e-16
0.837005155	6.663344756031018e-16
0.838160394	6.628518451999804e-16
0.839315634	6.531577228556006e-16
0.840470873	6.758226191066416e-16
0.841626112	6.641211231261286e-16
0.842781351	6.982904903423317e-16
0.843936591	6.690028873548886e-16
0.84509183	7.094358027647395e-16
0.846247069	6.919704102342005e-16
0.847402308	6.764030569513171e-16
0.848557548	6.9552599192841e-16
0.849712787	7.087546133306908e-16
0.850868026	6.353874650319767e-16
0.852023266	6.619337041427778e-16
0.853178505	6.623801814522537e-16
0.854333744	6.768722961041538e-16
0.855488983	6.067331015294364e-16
0.856644223	6.390952926088858e-16
0.857799462	6.535616596972391e-16
0.858954701	6.257218883737196e-16
0.86010994	5.751744944012458e-16
0.86126518	6.305685760182235e-16
0.862420419	6.436059570816822e-16
0.863575658	6.475361837098032e-16
0.864730898	6.469775747230409e-16
0.865886137	6.519668073693834e-16
0.867041376	5.887973509305371e-16
0.868196615	5.73511354042006e-16
0.869351855	6.090945960871669e-16
0.870507094	6.176035867880911e-16
0.871662333	6.112674616648083e-16
0.872817572	6.20785269769994e-16
0.873972812	6.149639074862699e-16
0.875128051	5.67865746539714e-16
0.87628329	6.066323507738304e-16
0.877438529	6.091770623290401e-16
0.878593769	5.976460975787265e-16
0.879749008	5.975828480022666e-16
0.880904247	6.016322966635692e-16
0.882059487	6.049729423563811e-16
0.883214726	6.035978760534699e-16
0.884369965	6.020638470396498e-16
0.885525204	5.705447938253436e-16
0.886680444	5.363873669885827e-16
0.887835683	5.781201579116754e-16
0.888990922	5.836877765017223e-16
0.890146161	5.722482334863053e-16
0.891301401	5.62616054205252e-16
0.89245664	5.608290277193594e-16
0.893611879	5.685312636525298e-16
0.894767119	5.728755031983704e-16
0.895922358	5.715993216801699e-16
0.897077597	5.542559501391555e-16
0.898232836	5.314102623192924e-16
0.899388076	5.047513304059089e-16
0.900543315	4.963770472955562e-16
0.901698554	4.681671083677535e-16
0.902853793	5.098273206936769e-16
0.904009033	5.223838949187755e-16
0.905164272	5.275304110689745e-16
0.906319511	5.268520205912689e-16
0.90747475	5.254211677617118e-16
0.90862999	5.106911685012101e-16
0.909785229	4.933961204370276e-16
0.910940468	4.787054883265671e-16
0.912095708	4.768748032910809e-16
0.913250947	4.76717892481143e-16
0.914406186	4.861349498307228e-16
0.915561425	4.782847594144052e-16
0.916716665	4.789502756934539e-16
0.917871904	4.577694066061159e-16
0.919027143	4.487450919403372e-16
0.920182382	4.475625724893816e-16
0.921337622	4.4253359916531185e-16
0.922492861	4.2348025706520224e-16
0.9236481	4.2407786050808704e-16
0.924803339	4.3848881459748044e-16
0.925958579	4.3405595227308617e-16
0.927113818	4.228570928226137e-16
0.928269057	4.2158706950862786e-16
0.929424297	4.2423029315462956e-16
0.930579536	4.205782521043663e-16
0.931734775	4.023548009768243e-16
0.932890014	3.794676924384145e-16
0.934045254	3.458705537954682e-16
0.935200493	3.355368478318953e-16
0.936355732	3.3749459147806314e-16
0.937510971	3.442812985465311e-16
0.938666211	3.539371734901601e-16
0.93982145	3.648847146756123e-16
0.940976689	3.6433077061608834e-16
0.942131929	3.5513144739048205e-16
0.943287168	3.377830382283107e-16
0.944442407	3.3479875295567733e-16
0.945597646	3.492399327720128e-16
0.946752886	3.526367376853893e-16
0.947908125	3.510969248288076e-16
0.949063364	3.6185677085338536e-16
0.950218603	3.6776171912827337e-16
0.951373843	4.1082367830610246e-16
0.952529082	4.276080681664358e-16
0.953684321	4.3580622296767034e-16
0.95483956	3.700163047261833e-16
0.9559948	3.4490427602527676e-16
0.957150039	3.415500107459704e-16
0.958305278	3.3993388818419595e-16
0.959460518	3.3577547866210155e-16
0.960615757	3.2796241673101106e-16
0.961770996	3.1736153341734215e-16
0.962926235	3.155217061249895e-16
0.964081475	3.1809627071322257e-16
0.965236714	3.150679533633097e-16
0.966391953	3.078398066065229e-16
0.967547192	3.105459071350657e-16
0.968702432	3.1188459117435437e-16
0.969857671	3.085028982906817e-16
0.97101291	0.
0.97216815	0.
0.973323389	0.
0.974478628	0.
0.975633867	0.
0.976789107	0.
0.977944346	0.
0.979099585	0.
0.980254824	0.
0.981410064	0.
0.982565303	0.
0.983720542	0.
0.984875781	0.
0.986031021	0.
0.98718626	0.
0.988341499	0.
0.989496739	0.
0.990651978	0.
0.991807217	0.
0.992962456	0.
0.994117696	0.
0.995272935	0.
0.996428174	0.
0.997583413	5.611439682547584e-16
0.998738653	5.570538459302809e-16
0.999893892	5.530521612880485e-16
1.001049131	5.453708220611107e-16
1.002204371	5.355214672800784e-16
1.00335961	5.105982534893369e-16
1.004514849	4.773651250802262e-16
1.005670088	4.648357908618837e-16
1.006825328	4.781125489771534e-16
1.007980567	4.823776798614585e-16
1.009135806	4.804158315795811e-16
1.010291045	4.752163278590792e-16
1.011446285	4.814046852630577e-16
1.012601524	4.749332922576746e-16
1.013756763	4.74803621454493e-16
1.014912002	4.726454952126367e-16
1.016067242	4.741625462258575e-16
1.017222481	4.562426538782669e-16
1.01837772	4.453432494058036e-16
1.01953296	4.471013558441207e-16
1.020688199	4.52791368951378e-16
1.021843438	4.553273117774074e-16
1.022998677	4.51579743522771e-16
1.024153917	4.46019773912614e-16
1.025309156	4.425518836790447e-16
1.026464395	4.375335450550507e-16
1.027619634	4.317349454484545e-16
1.028774874	4.3291615922004375e-16
1.029930113	4.3605977989750475e-16
1.031085352	4.300007197690219e-16
1.032240591	4.250558927276448e-16
1.033395831	4.2077210463568835e-16
1.03455107	4.191057934599539e-16
1.035706309	4.195308137716681e-16
1.036861549	4.200968858082444e-16
1.038016788	4.2017207576414654e-16
1.039172027	4.2064728552358797e-16
1.040327266	4.219926855573188e-16
1.041482506	4.2221769680103054e-16
1.042637745	4.18931344357888e-16
1.043792984	4.1413484532734415e-16
1.044948223	4.1265137845517e-16
1.046103463	4.117729780756947e-16
1.047258702	4.079259647448188e-16
1.048413941	4.091221037822689e-16
1.049569181	4.146119202239137e-16
1.05072442	4.1002774416850036e-16
1.051879659	4.004991145993959e-16
1.053034898	4.0049612971297716e-16
1.054190138	4.0267272639864205e-16
1.055345377	3.9862066637860665e-16
1.056500616	3.964134704383138e-16
1.057655855	3.982452752230907e-16
1.058811095	3.9651440795776267e-16
1.059966334	3.932692894693239e-16
1.061121573	3.9509810853391487e-16
1.062276812	3.987516428611547e-16
1.063432052	3.9902889461979754e-16
1.064587291	3.996731423324619e-16
1.06574253	4.002793277406841e-16
1.06689777	4.007011764021367e-16
1.068053009	4.0073270780844517e-16
1.069208248	4.003489206176675e-16
1.070363487	3.9958657062111213e-16
1.071518727	3.984659942334829e-16
1.072673966	3.970032373036986e-16
1.073829205	3.953074466226267e-16
1.074984444	3.9349467340695447e-16
1.076139684	3.916962659993813e-16
1.077294923	3.9019861924918385e-16
1.078450162	3.887817595338071e-16
1.079605402	3.8731303283118533e-16
1.080760641	3.8561462995761344e-16
1.08191588	3.8317048239416665e-16
1.083071119	3.811963202051613e-16
1.084226359	3.80446470879577e-16
1.085381598	3.818560534752154e-16
1.086536837	3.866458365113171e-16
1.087692076	3.9291759314261647e-16
1.088847316	3.994682815733781e-16
1.090002555	4.045864379675304e-16
1.091157794	4.06555003077617e-16
1.092313033	4.0588239560890587e-16
1.093468273	4.026189926067344e-16
1.094623512	3.9677841282382977e-16
1.095778751	3.8889669100120365e-16
1.096933991	3.805640137057063e-16
1.09808923	3.7285524770816947e-16
1.099244469	3.6747607133436885e-16
1.100399708	3.646117543165218e-16
1.101554948	3.6287995406574616e-16
1.102710187	3.6165414875911574e-16
1.103865426	3.598609657365426e-16
1.105020665	3.5725822898987286e-16
1.106175905	3.5398586966091077e-16
1.107331144	3.4993101068453244e-16
1.108486383	3.4468169104398917e-16
1.109641623	3.386703941008094e-16
1.110796862	3.3252868096661044e-16
1.111952101	3.2691870950633635e-16
1.11310734	3.2342190005895857e-16
1.11426258	3.2168189053676417e-16
1.115417819	3.2132982151613797e-16
1.116573058	3.219257457519704e-16
1.117728297	3.2202575028597165e-16
1.118883537	3.226987304486015e-16
1.120038776	3.24569342925658e-16
1.121194015	3.284288569275049e-16
1.122349254	3.3573088712706026e-16
1.123504494	3.427985778959617e-16
1.124659733	3.475443288547839e-16
1.125814972	3.472883464962925e-16
1.126970212	3.3979694109504324e-16
1.128125451	3.31625466009036e-16
1.12928069	3.2579794718863134e-16
1.130435929	3.2676347873721806e-16
1.131591169	3.364984615086156e-16
1.132746408	3.476200782684477e-16
1.133901647	3.567923482511408e-16
1.135056886	3.5889879260206055e-16
1.136212126	3.5338453511000257e-16
1.137367365	3.4544982488330623e-16
1.138522604	3.36880382728498e-16
1.139677843	3.298263123798582e-16
1.140833083	3.246835273376826e-16
1.141988322	3.2122627180418906e-16
1.143143561	3.199200521566566e-16
1.144298801	3.2163450004537995e-16
1.14545404	3.257141744336246e-16
1.146609279	3.308618094993471e-16
1.147764518	3.359189558156206e-16
1.148919758	3.3959189357211657e-16
1.150074997	3.4146175982756833e-16
1.151230236	3.414018686652131e-16
1.152385475	3.3941651231837024e-16
1.153540715	3.352823579166133e-16
1.154695954	3.303567483744166e-16
1.155851193	3.2556733886600083e-16
1.157006433	3.215895358164199e-16
1.158161672	3.1918699490159563e-16
1.159316911	3.177018488223692e-16
1.16047215	3.168236343729697e-16
1.16162739	3.1628387019146904e-16
1.162782629	3.1578720426803313e-16
1.163937868	3.1529464298030663e-16
1.165093107	3.146877113504797e-16
1.166248347	3.138984940410869e-16
1.167403586	3.128687799305926e-16
1.168558825	3.1136553610147636e-16
1.169714064	3.092945410287315e-16
1.170869304	3.064220147394657e-16
1.172024543	3.027981466814063e-16
1.173179782	2.991905104023414e-16
1.174335022	2.9601162637678134e-16
1.175490261	2.9380237770175017e-16
1.1766455	2.92744864126738e-16
1.177800739	2.925998945300095e-16
1.178955979	2.932493666276738e-16
1.180111218	2.9474701337787134e-16
1.181266457	2.9658273603451464e-16
1.182421696	2.9802105108011857e-16
1.183576936	2.9854458348262475e-16
1.184732175	2.972739998771101e-16
1.185887414	2.9454774969770637e-16
1.187042654	2.909384342115891e-16
1.188197893	2.8683898370016946e-16
1.189353132	2.8285632895950735e-16
1.190508371	2.790561466622539e-16
1.191663611	2.7549515381920137e-16
1.19281885	2.7224742313826263e-16
1.193974089	2.692155614441693e-16
1.195129328	2.667827948024029e-16
1.196284568	2.651784266899948e-16
1.197439807	2.6471385163062915e-16
1.198595046	2.659377918001314e-16
1.199750285	2.675304054631732e-16
1.200905525	2.686925884994249e-16
1.202060764	2.682686871032341e-16
1.203216003	2.651560375405527e-16
1.204371243	2.616021350533954e-16
1.205526482	2.5868221827274545e-16
1.206681721	2.5800811919459216e-16
1.20783696	2.604487215800913e-16
1.2089922	2.636679065749075e-16
1.210147439	2.666805507698205e-16
1.211302678	2.6789460162708455e-16
1.212457917	2.667411881537804e-16
1.213613157	2.64517760434493e-16
1.214768396	2.616775117731405e-16
1.215923635	2.590994028407269e-16
1.217078875	2.570216909397727e-16
1.218234114	2.5515667554163495e-16
1.219389353	2.535129402791856e-16
1.220544592	2.519253634035337e-16
1.221699832	2.5050906397968585e-16
1.222855071	2.494140492255277e-16
1.22401031	2.4869050692125186e-16
1.225165549	2.4872035912050806e-16
1.226320789	2.488987252606731e-16
1.227476028	2.4865431058770514e-16
1.228631267	2.475117185783198e-16
1.229786506	2.4435317096746354e-16
1.230941746	2.4048432877867443e-16
1.232096985	2.3692538867036013e-16
1.233252224	2.3467845205234006e-16
1.234407464	2.3536841104933627e-16
1.235562703	2.374024635669297e-16
1.236717942	2.398156391818297e-16
1.237873181	2.414909066843548e-16
1.239028421	2.410576771012218e-16
1.24018366	2.3961488389222257e-16
1.241338899	2.3759930181843767e-16
1.242494138	2.3561226543077533e-16
1.243649378	2.342299228418931e-16
1.244804617	2.3303508948380944e-16
1.245959856	2.319689931096926e-16
1.247115095	2.308943147702382e-16
1.248270335	2.297297063053294e-16
1.249425574	2.286218173525143e-16
1.250580813	2.2760311146978165e-16
1.251736053	2.268019537809467e-16
1.252891292	2.2618102820317214e-16
1.254046531	2.254994660752048e-16
1.25520177	2.2463505880990993e-16
1.25635701	2.232398420223707e-16
1.257512249	2.2147856310002483e-16
1.258667488	2.197792280747725e-16
1.259822727	2.1842673768514635e-16
1.260977967	2.1796869352391425e-16
1.262133206	2.183147919379358e-16
1.263288445	2.1924692610931874e-16
1.264443685	2.206253508263346e-16
1.265598924	2.2225472028068485e-16
1.266754163	2.239512571833614e-16
1.267909402	2.2551196674617584e-16
1.269064642	2.266926202262361e-16
1.270219881	2.271191329811598e-16
1.27137512	2.27118573523398e-16
1.272530359	2.2694990909786107e-16
1.273685599	2.2685755354374965e-16
1.274840838	2.2709898333029885e-16
1.275996077	2.277792397788998e-16
1.277151316	2.2899086520750685e-16
1.278306556	2.309584973321458e-16
1.279461795	2.3388475741331917e-16
1.280617034	2.3657201313660035e-16
1.281772274	2.3825828886688706e-16
1.282927513	2.3776423513595117e-16
1.284082752	2.3443478360097675e-16
1.285237991	2.2993214163575617e-16
1.286393231	2.2507332601419993e-16
1.28754847	2.2113078547895095e-16
1.288703709	2.1857842411008415e-16
1.289858948	2.1654828863058995e-16
1.291014188	2.1478477104342998e-16
1.292169427	2.1272888883415614e-16
1.293324666	2.1031589998309908e-16
1.294479906	2.078691402271523e-16
1.295635145	2.0550615322621225e-16
1.296790384	2.0339616369734485e-16
1.297945623	2.0166772269444102e-16
1.299100863	2.0039247499545528e-16
1.300256102	1.9963833427031866e-16
1.301411341	1.9963292312147573e-16
1.30256658	2.0007790715397508e-16
1.30372182	2.0065666662536538e-16
1.304877059	2.0108373883805075e-16
1.306032298	2.0087477427702483e-16
1.307187537	2.002407885705175e-16
1.308342777	1.9934727532757116e-16
1.309498016	1.9834013713036193e-16
1.310653255	1.9737311313856582e-16
1.311808495	1.9662494302003385e-16
1.312963734	1.9627417967877406e-16
1.314118973	1.9652288575129432e-16
1.315274212	1.9761416939742912e-16
1.316429452	1.991383099327781e-16
1.317584691	2.008197339719836e-16
1.31873993	2.024037656696879e-16
1.319895169	2.036129656696379e-16
1.321050409	2.0425795877013973e-16
1.322205648	2.0417232087800482e-16
1.323360887	2.0300584644220079e-16
1.324516127	2.0073297633055812e-16
1.325671366	1.9808546045123698e-16
1.326826605	1.9548160395527663e-16
1.327981844	1.9363785879105757e-16
1.329137084	1.9278837762539077e-16
1.330292323	1.9266131901470915e-16
1.331447562	1.9318242598855826e-16
1.332602801	1.9414478588688327e-16
1.333758041	1.9526405659514607e-16
1.33491328	1.961928323524243e-16
1.336068519	1.96629420349662e-16
1.337223758	1.9626485065806473e-16
1.338378998	1.9503773967206788e-16
1.339534237	1.9296282589368944e-16
1.340689476	1.900169756194169e-16
1.341844716	1.8595511966906475e-16
1.342999955	1.8110470008277024e-16
1.344155194	1.7574162458652058e-16
1.345310433	1.701078649155165e-16
1.346465673	1.646982577080534e-16
1.347620912	1.592141509038934e-16
1.348776151	1.5350570403858232e-16
1.34993139	1.475306226055938e-16
1.35108663	1.4149253338862064e-16
1.352241869	1.3533124840419998e-16
1.353397108	1.290560208002299e-16
1.354552347	1.227870256057515e-16
1.355707587	1.1689386846598476e-16
1.356862826	1.1199303598236525e-16
1.358018065	1.0910789729732953e-16
1.359173305	1.0741815142813922e-16
1.360328544	1.0182956192658271e-16
1.361483783	9.441599619325756e-17
1.362639022	8.726263001269921e-17
1.363794262	8.231558264938555e-17
1.364949501	7.97029941099996e-17
1.36610474	8.31109940149808e-17
1.367259979	9.896097268582796e-17
1.368415219	1.383021000204146e-16
1.369570458	1.9568907690686032e-16
1.370725697	2.3845605927007554e-16
1.371880937	2.483352654165968e-16
1.373036176	2.311516036418631e-16
1.374191415	2.126070546084745e-16
1.375346654	1.9795261883156084e-16
1.376501894	1.8538822720560689e-16
1.377657133	1.7115409095076973e-16
1.378812372	1.565466713037872e-16
1.379967611	1.4341458513037123e-16
1.381122851	1.3428060090171803e-16
1.38227809	1.3917020170797804e-16
1.383433329	1.5999668807083167e-16
1.384588568	1.9528084783190227e-16
1.385743808	2.2186048515367435e-16
1.386899047	2.109342133683736e-16
1.388054286	1.9585606212534497e-16
1.389209526	1.8420537174648742e-16
1.390364765	1.7611272434248426e-16
1.391520004	1.7085756499677987e-16
1.392675243	1.665370402901595e-16
1.393830483	1.6313585059530913e-16
1.394985722	1.61134653506268e-16
1.396140961	1.6099212768107401e-16
1.3972962	1.6148689094785977e-16
1.39845144	1.6208531481762612e-16
1.399606679	1.6200771777594442e-16
1.400761918	1.612276243805406e-16
1.401917158	1.610367383927599e-16
1.403072397	1.6186340101889917e-16
1.404227636	1.6440930736244363e-16
1.405382875	1.6889804959540532e-16
1.406538115	1.7482288655203433e-16
1.407693354	1.8121442550804418e-16
1.408848593	1.872021009939252e-16
1.410003832	1.907017102314131e-16
1.411159072	1.9065394621234297e-16
1.412314311	1.8755379732063265e-16
1.41346955	1.8041772680595995e-16
1.414624789	1.7278193044238855e-16
1.415780029	1.670097312390224e-16
1.416935268	1.6388823707434937e-16
1.418090507	1.6530772732510346e-16
1.419245747	1.685232362405285e-16
1.420400986	1.7159485778899365e-16
1.421556225	1.732125294901441e-16
1.422711464	1.717577767250581e-16
1.423866704	1.6898906111686112e-16
1.425021943	1.6579793738944985e-16
1.426177182	1.6269017620360456e-16
1.427332421	1.6005786656967594e-16
1.428487661	1.5780783334043817e-16
1.4296429	1.5597996560417228e-16
1.430798139	1.5359776110405184e-16
1.431953379	1.5383633607185864e-16
1.433108618	1.5524151554314585e-16
1.434263857	1.555563810395008e-16
1.435419096	1.5576538395381586e-16
1.436574336	1.5546695534317584e-16
1.437729575	1.5465059140894837e-16
1.438884814	1.5506786935885131e-16
1.440040053	1.5700952963657848e-16
1.441195293	1.5883198705776862e-16
1.442350532	1.5788658681716536e-16
1.443505771	1.559793686268885e-16
1.44466101	1.5473889818974988e-16
1.44581625	1.530804227577482e-16
1.446971489	1.5130391924713237e-16
1.448126728	1.519554432457678e-16
1.449281968	1.5675668140882683e-16
1.450437207	1.636516964984034e-16
1.451592446	1.6107588209320334e-16
1.452747685	1.612481100395654e-16
1.453902925	1.6586195153039192e-16
1.455058164	1.6674783413632584e-16
1.456213403	1.6004827657984673e-16
1.457368642	1.564933669019649e-16
1.458523882	1.584927730591548e-16
1.459679121	1.5879220886051937e-16
1.46083436	1.5423353774241045e-16
1.461989599	1.5232700991133884e-16
1.463144839	1.5358716392349811e-16
1.464300078	1.5062717045695706e-16
1.465455317	1.4345775842748001e-16
1.466610557	1.4104323961369154e-16
1.467765796	1.4366982126725792e-16
1.468921035	1.4528596217190982e-16
1.470076274	1.4559868238537218e-16
1.471231514	1.4773611702771614e-16
1.472386753	1.507357019276635e-16
1.473541992	1.528727071799221e-16
1.474697231	1.557981843537359e-16
1.475852471	1.5834121670189335e-16
1.47700771	1.554652953127681e-16
1.478162949	1.493079090235692e-16
1.479318189	1.4664537449646567e-16
1.480473428	1.495129373698513e-16
1.481628667	1.5380422603114384e-16
1.482783906	1.5477531797289443e-16
1.483939146	1.5213627316787903e-16
1.485094385	1.4492756819363762e-16
1.486249624	1.4162416271085186e-16
1.487404863	1.473212653402374e-16
1.488560103	1.5566099463834082e-16
1.489715342	1.583831034962803e-16
1.490870581	1.5575984273729658e-16
1.49202582	1.5397701426903476e-16
1.49318106	1.5235898905061013e-16
1.494336299	1.4894205199548296e-16
1.495491538	1.4676500674308811e-16
1.496646778	1.4993256654313434e-16
1.497802017	1.5463628146324864e-16
1.498957256	1.5375286180549377e-16
1.500112495	1.5119911971821653e-16
1.501267735	1.4649378145344935e-16
1.502422974	1.3947570149786878e-16
1.503578213	1.3528891387685021e-16
1.504733452	1.3782138656397594e-16
1.505888692	1.4337881818690987e-16
1.507043931	1.4661319025047396e-16
1.50819917	1.479661283730629e-16
1.50935441	1.4874734151775732e-16
1.510509649	1.496926108569171e-16
1.511664888	1.4864194417779057e-16
1.512820127	1.4582623078253987e-16
1.513975367	1.4526166953205039e-16
1.515130606	1.4764596345266393e-16
1.516285845	1.481794777155626e-16
1.517441084	1.458496087798291e-16
1.518596324	1.4529549629933956e-16
1.519751563	1.4788810194129582e-16
1.520906802	1.4864978075529053e-16
1.522062041	1.4586673602474919e-16
1.523217281	1.4458977159918912e-16
1.52437252	1.4719263924730235e-16
1.525527759	1.490094437271743e-16
1.526682999	1.470030597726552e-16
1.527838238	1.449760033952684e-16
1.528993477	1.4560396263277162e-16
1.530148716	1.455439222260954e-16
1.531303956	1.4243287683142232e-16
1.532459195	1.4002682825817243e-16
1.533614434	1.4134002570303414e-16
1.534769673	1.4338172886805174e-16
1.535924913	1.4270193849529104e-16
1.537080152	1.4171364510334344e-16
1.538235391	1.4317386404590467e-16
1.539390631	1.4457413679747836e-16
1.54054587	1.4240712926787553e-16
1.541701109	1.3987782906477866e-16
1.542856348	1.4165103002368925e-16
1.544011588	1.4591787680080147e-16
1.545166827	1.4622996251745803e-16
1.546322066	1.417790583055734e-16
1.547477305	1.3849016870897495e-16
1.548632545	1.395251063707021e-16
1.549787784	1.4171134974236275e-16
1.550943023	1.4050129179600917e-16
1.552098262	1.372571429787729e-16
1.553253502	1.3676238054575435e-16
1.554408741	1.3970910794307509e-16
1.55556398	1.417962981090596e-16
1.55671922	1.389122224771479e-16
1.557874459	1.3678598199264138e-16
1.559029698	1.377659360454939e-16
1.560184937	1.4024532778039522e-16
1.561340177	1.403489708742656e-16
1.562495416	1.3796348299908455e-16
1.563650655	1.3649710668607566e-16
1.564805894	1.377187698374747e-16
1.565961134	1.389948571399866e-16
1.567116373	1.3674122287040173e-16
1.568271612	1.323460484889964e-16
1.569426852	1.2908576127468712e-16
1.570582091	1.2811248653052192e-16
1.57173733	1.3037403241665078e-16
1.572892569	1.3157700084087628e-16
1.574047809	1.3250428415494516e-16
1.575203048	1.3430810187759405e-16
1.576358287	1.3447751335850285e-16
1.577513526	1.3293508830942113e-16
1.578668766	1.3133544015288357e-16
1.579824005	1.3132264099327064e-16
1.580979244	1.3284267689291026e-16
1.582134483	1.3299941928188249e-16
1.583289723	1.3141337320272916e-16
1.584444962	1.30446498455254e-16
1.585600201	1.304893924403655e-16
1.586755441	1.298546788551309e-16
1.58791068	1.268745916001284e-16
1.589065919	1.2395034590040412e-16
1.590221158	1.2483509041417e-16
1.591376398	1.2870400764200314e-16
1.592531637	1.3056058948535714e-16
1.593686876	1.301937060899018e-16
1.594842115	1.3035104628992491e-16
1.595997355	1.2986128395854137e-16
1.597152594	1.2686533761846312e-16
1.598307833	1.2315756590395343e-16
1.599463072	1.222518321358005e-16
1.600618312	1.2492125107831176e-16
1.601773551	1.2802949751664188e-16
1.60292879	1.2821532754038814e-16
1.60408403	1.2736233871629573e-16
1.605239269	1.2874518490054027e-16
1.606394508	1.3034397511067424e-16
1.607549747	1.284505816136123e-16
1.608704987	1.243088707801198e-16
1.609860226	1.2241721318627685e-16
1.611015465	1.2487137929587106e-16
1.612170704	1.288213828809341e-16
1.613325944	1.3059547930577032e-16
1.614481183	1.3062684312488043e-16
1.615636422	1.2952897271821268e-16
1.616791662	1.2978769817064754e-16
1.617946901	1.3015747307060017e-16
1.61910214	1.2781443144756781e-16
1.620257379	1.2340976045825473e-16
1.621412619	1.2027503857765057e-16
1.622567858	1.2069976123449012e-16
1.623723097	1.235735181640782e-16
1.624878336	1.2580588303351155e-16
1.626033576	1.2552077635449128e-16
1.627188815	1.2392633424007628e-16
1.628344054	1.2333895528382645e-16
1.629499293	1.2440473399265684e-16
1.630654533	1.257574853514028e-16
1.631809772	1.2568617574784507e-16
1.632965011	1.2422610604960476e-16
1.634120251	1.2299752096327599e-16
1.63527549	1.228057386758025e-16
1.636430729	1.2197073587680095e-16
1.637585968	1.201160383472197e-16
1.638741208	1.1861908278999457e-16
1.639896447	1.1858161829660343e-16
1.641051686	1.2024787360993843e-16
1.642206925	1.2253897237291444e-16
1.643362165	1.2409688297938597e-16
1.644517404	1.2466696626975016e-16
1.645672643	1.248112830267954e-16
1.646827883	1.245783059716745e-16
1.647983122	1.2458104823185082e-16
1.649138361	1.233132260631571e-16
1.6502936	1.208135345993068e-16
1.65144884	1.1905197636496365e-16
1.652604079	1.1843261826944253e-16
1.653759318	1.1815833222057382e-16
1.654914557	1.1761371718175914e-16
1.656069797	1.1713220080754916e-16
1.657225036	1.1712960779169376e-16
1.658380275	1.1708148942158226e-16
1.659535514	1.1628260791708344e-16
1.660690754	1.149824897775991e-16
1.661845993	1.1444481418282445e-16
1.663001232	1.1518373031969113e-16
1.664156472	1.1637190354573204e-16
1.665311711	1.1702387527733026e-16
1.66646695	1.1697004810350112e-16
1.667622189	1.1701077762907545e-16
1.668777429	1.1748001678191223e-16
1.669932668	1.179428000756595e-16
1.671087907	1.1811142698167443e-16
1.672243146	1.1803409174287972e-16
1.673398386	1.1762418346086935e-16
1.674553625	1.1637884382353923e-16
1.675708864	1.1422898354926825e-16
1.676864104	1.124501663347943e-16
1.678019343	1.1210626906606478e-16
1.679174582	1.1219246724972858e-16
1.680329821	1.1305523282749312e-16
1.681485061	1.1464126056376903e-16
1.6826403	1.1653646333555966e-16
1.683795539	1.1872397570083188e-16
1.684950778	1.202889574865541e-16
1.686106018	1.200091493978107e-16
1.687261257	1.1881172219010449e-16
1.688416496	1.1689299217670371e-16
1.689571735	1.1547297998770993e-16
1.690726975	1.1511415661935234e-16
1.691882214	1.1490104906932787e-16
1.693037453	1.1364916019098679e-16
1.694192693	1.1127755370518723e-16
1.695347932	1.0922683918474676e-16
1.696503171	1.0880254675175973e-16
1.69765841	1.0980509506077478e-16
1.69881365	1.1102000386444244e-16
1.699968889	1.1137020774794052e-16
1.701124128	1.1065692661605457e-16
1.702279367	1.0955814323435088e-16
1.703434607	1.0868061914415663e-16
1.704589846	1.0819192069966421e-16
1.705745085	1.0798015634852818e-16
1.706900324	1.0788977932387813e-16
1.708055564	1.0791534012358198e-16
1.709210803	1.0790496639262607e-16
1.710366042	1.07931740323542e-16
1.711521282	1.0827194317000294e-16
1.712676521	1.0887374463051857e-16
1.71383176	1.1003572172628272e-16
1.714986999	1.1143343814775587e-16
1.716142239	1.1281583659903758e-16
1.717297478	1.142686116684294e-16
1.718452717	1.1461269570100188e-16
1.719607956	1.133937381240243e-16
1.720763196	1.1055880639582604e-16
1.721918435	1.069886904725517e-16
1.723073674	1.0505406385455317e-16
1.724228914	1.0528234013044811e-16
1.725384153	1.0696910027945254e-16
1.726539392	1.0844286543699854e-16
1.727694631	1.0798558584024856e-16
1.728849871	1.0631509498976065e-16
1.73000511	1.0477440501013072e-16
1.731160349	1.0400890170619106e-16
1.732315588	1.0349822432569733e-16
1.733470828	1.0293730163507696e-16
1.734626067	1.023310228449332e-16
1.735781306	1.0259687533901819e-16
1.736936545	1.043779120416616e-16
1.738091785	1.0721747034380893e-16
1.739247024	1.0945298852062656e-16
1.740402263	1.0949496786316782e-16
1.741557503	1.076676604184308e-16
1.742712742	1.0485646187233027e-16
1.743867981	1.0322811795158203e-16
1.74502322	1.0374051205865014e-16
1.74617846	1.0562795412575199e-16
1.747333699	1.0670558066587024e-16
1.748488938	1.0578005076413058e-16
1.749644177	1.0311068685025163e-16
1.750799417	1.0041275890737267e-16
1.751954656	9.910138991388424e-17
1.753109895	9.915605669123952e-17
1.754265135	1.0001292586767631e-16
1.755420374	1.0047083996123209e-16
1.756575613	1.0009520617947369e-16
1.757730852	9.948713562371152e-17
1.758886092	9.88828528721394e-17
1.760041331	9.841478933099271e-17
1.76119657	9.769703086947861e-17
1.762351809	9.642129791800805e-17
1.763507049	9.542811614922436e-17
1.764662288	9.541332095103979e-17
1.765817527	9.675437372281884e-17
1.766972766	9.863909187262181e-17
1.768128006	9.924156451569808e-17
1.769283245	9.801445352970124e-17
1.770438484	9.558831033422275e-17
1.771593724	9.336814764711858e-17
1.772748963	9.241679597655524e-17
1.773904202	9.248849745067632e-17
1.775059441	9.247726493954966e-17
1.776214681	9.161013375695589e-17
1.77736992	9.02249180064538e-17
1.778525159	8.934187187638485e-17
1.779680398	8.986824075475595e-17
1.780835638	9.151985011422735e-17
1.781990877	9.317416421435305e-17
1.783146116	9.39712364441232e-17
1.784301356	9.375749439729296e-17
1.785456595	9.290558780296914e-17
1.786611834	9.180932239807682e-17
1.787767073	9.049230046327019e-17
1.788922313	8.86993408902949e-17
1.790077552	8.693136431638426e-17
1.791232791	8.562680553302666e-17
1.79238803	8.54252656685256e-17
1.79354327	8.630504676641136e-17
1.794698509	8.627720978237145e-17
1.795853748	8.456434771877892e-17
1.797008987	8.181568921328849e-17
1.798164227	7.918608515378133e-17
1.799319466	7.87402239982338e-17
1.800474705	8.018936050775648e-17
1.801629945	8.246842550936882e-17
1.802785184	8.474984173436129e-17
1.803940423	8.53582474645202e-17
1.805095662	8.491294660050155e-17
1.806250902	8.388933316428822e-17
1.807406141	8.274620004001855e-17
1.80856138	8.205379727148789e-17
1.809716619	8.162681760695686e-17
1.810871859	8.148735254099283e-17
1.812027098	8.16781634897295e-17
1.813182337	8.220675269003722e-17
1.814337576	8.292098431648111e-17
1.815492816	8.364387378107371e-17
1.816648055	8.426084396745982e-17
1.817803294	8.460339803730089e-17
1.818958534	8.405682281190229e-17
1.820113773	8.239452288995569e-17
1.821269012	7.911832072817125e-17
1.822424251	7.456868014212975e-17
1.823579491	7.010122648596416e-17
1.82473473	6.616551450372342e-17
1.825889969	6.347715737402905e-17
1.827045208	6.191176537486603e-17
1.828200448	6.095964830605342e-17
1.829355687	6.048593182358852e-17
1.830510926	6.012735108147336e-17
1.831666166	5.988858934982358e-17
1.832821405	0.
1.833976644	0.
1.835131883	0.
1.836287123	0.
1.837442362	0.
1.838597601	0.
1.83975284	0.
1.84090808	0.
1.842063319	0.
1.843218558	0.
1.844373797	0.
1.845529037	0.
1.846684276	0.
1.847839515	0.
1.848994755	0.
1.850149994	0.
1.851305233	0.
1.852460472	0.
1.853615712	0.
1.854770951	0.
1.85592619	0.
1.857081429	0.
1.858236669	0.
1.859391908	0.
1.860547147	0.
1.861702387	0.
1.862857626	0.
1.864012865	0.
1.865168104	0.
1.866323344	0.
1.867478583	0.
1.868633822	0.
1.869789061	0.
1.870944301	0.
1.87209954	7.147662796327207e-17
1.873254779	6.559237128789645e-17
1.874410018	5.0650365050016274e-17
1.875565258	3.165907857179908e-17
1.876720497	1.309007181265412e-17
1.877875736	-6.010820862133701e-18
1.879030976	-2.724144083567473e-17
1.880186215	-3.1553085088315735e-17
1.881341454	-2.0701518006432305e-17
1.882496693	8.801946463951714e-19
1.883651933	1.6638378888426976e-17
1.884807172	2.882989400060766e-17
1.885962411	4.050547483037553e-17
1.88711765	4.8217356615774654e-17
1.88827289	4.667114376250286e-17
1.889428129	3.61655266840872e-17
1.890583368	2.6008470967872147e-17
1.891738608	3.366107774484435e-17
1.892893847	4.695033653108508e-17
1.894049086	4.789178138029992e-17
1.895204325	4.0419686860152535e-17
1.896359565	3.1821082865293315e-17
1.897514804	2.1834259056868654e-17
1.898670043	1.1830039530499616e-17
1.899825282	3.768188983940431e-18
1.900980522	-1.333036934340538e-18
1.902135761	-2.2101699877385974e-18
1.903291	1.0460790421036376e-17
1.904446239	3.7075253363150594e-17
1.905601479	6.194146832980125e-17
1.906756718	7.657288129423421e-17
1.907911957	7.241434170446348e-17
1.909067197	5.3279353789362236e-17
1.910222436	4.339315066886717e-17
1.911377675	5.279569213225967e-17
1.912532914	8.778364360462684e-17
1.913688154	1.3570497869554104e-16
1.914843393	1.5684467135810902e-16
1.915998632	1.5181558547547322e-16
1.917153871	1.3787997121319763e-16
1.918309111	1.2216947678495906e-16
1.91946435	1.0978177292588503e-16
1.920619589	1.071256750812264e-16
1.921774828	1.0547404737887758e-16
1.922930068	9.641818213014579e-17
1.924085307	8.143445835261135e-17
1.925240546	7.012680562854541e-17
1.926395786	6.493254463592083e-17
1.927551025	6.538428301615156e-17
1.928706264	7.326109811906422e-17
1.929861503	8.540341763396778e-17
1.931016743	9.223833562070153e-17
1.932171982	9.087271089706575e-17
1.933327221	8.57530795688144e-17
1.93448246	7.951345132110732e-17
1.9356377	7.290656615025895e-17
1.936792939	7.113957842419543e-17
1.937948178	8.352603246630251e-17
1.939103418	1.0646153868682103e-16
1.940258657	1.193732235151312e-16
1.941413896	1.0889014399671143e-16
1.942569135	9.902575222501931e-17
1.943724375	1.0121414087957257e-16
1.944879614	1.148284896488032e-16
1.946034853	1.3083817725216392e-16
1.947190092	1.3142587387370022e-16
1.948345332	1.176293703263473e-16
1.949500571	9.735832129999422e-17
1.95065581	8.003080801028841e-17
1.951811049	6.981156660450456e-17
1.952966289	6.460161494776978e-17
1.954121528	6.183135103396395e-17
1.955276767	6.217024820105848e-17
1.956432007	6.644185245356323e-17
1.957587246	7.303076994219816e-17
1.958742485	7.730405423552241e-17
1.959897724	7.83940505451682e-17
1.961052964	7.702264114500357e-17
1.962208203	7.454144013537358e-17
1.963363442	7.292645566576715e-17
1.964518681	7.423099610624731e-17
1.965673921	7.671023859682768e-17
1.96682916	7.802685031819351e-17
1.967984399	7.740053276822062e-17
1.969139639	7.618580989462876e-17
1.970294878	7.552993863404159e-17
1.971450117	7.561876818684995e-17
1.972605356	7.654099470311724e-17
1.973760596	7.78316912737379e-17
1.974915835	7.845349397456066e-17
1.976071074	7.74432958518886e-17
1.977226313	7.50376766687241e-17
1.978381553	7.19995267027396e-17
1.979536792	6.897533233141351e-17
1.980692031	6.598035649630495e-17
1.98184727	6.288427472078197e-17
1.98300251	6.0186346777903e-17
1.984157749	5.813764747267874e-17
1.985312988	5.695380316571217e-17
1.986468228	5.727626261332465e-17
1.987623467	6.021412789954346e-17
1.988778706	6.431870941404157e-17
1.989933945	6.686924233153506e-17
1.991089185	6.602793375153213e-17
1.992244424	6.383182024427782e-17
1.993399663	6.202645338225296e-17
1.994554902	6.098412770975581e-17
1.995710142	6.06288678622233e-17
1.996865381	6.083400793330429e-17
1.99802062	6.055931250476195e-17
1.99917586	5.792530448713641e-17
2.000331099	5.270738618522533e-17
2.001486338	4.718420988589877e-17
2.002641577	4.6467402752709766e-17
2.003796817	5.580981126127174e-17
2.004952056	7.309338502185234e-17
2.006107295	8.444098353036587e-17
2.007262534	8.508204041612389e-17
2.008417774	7.764267125685249e-17
2.009573013	6.848137198239909e-17
2.010728252	6.154025457169443e-17
2.011883491	5.838821868232718e-17
2.013038731	6.040019971576499e-17
2.01419397	6.760965091161112e-17
2.015349209	7.607847237848983e-17
2.016504449	8.080537936581753e-17
2.017659688	8.252471563137699e-17
2.018814927	8.572162320154996e-17
2.019970166	9.439429740302068e-17
2.021125406	1.0255993278386676e-16
2.022280645	1.0103521444787862e-16
2.023435884	9.048233694575508e-17
2.024591123	7.947902841030156e-17
2.025746363	7.134942094203669e-17
2.026901602	6.506268151494268e-17
2.028056841	6.009285313162355e-17
2.02921208	5.627882613074351e-17
2.03036732	5.4028195924222e-17
2.031522559	5.334713655784977e-17
2.032677798	5.314830226777018e-17
2.033833038	5.2429331508811155e-17
2.034988277	5.0892373470971803e-17
2.036143516	4.909711937078298e-17
2.037298755	4.7629007154555156e-17
2.038453995	4.7077731149930585e-17
2.039609234	4.7684234223439335e-17
2.040764473	4.9214009357229085e-17
2.041919712	5.091746736106823e-17
2.043074952	5.2177883176114535e-17
2.044230191	5.2415394257030184e-17
2.04538543	5.1282223816508455e-17
2.04654067	4.915169276621679e-17
2.047695909	4.791463660558228e-17
2.048851148	4.9480327927154333e-17
2.050006387	5.321526460937613e-17
2.051161627	5.706781915677129e-17
2.052316866	5.917590602898854e-17
2.053472105	6.028571681509848e-17
2.054627344	6.142228235547975e-17
2.055782584	6.232325864824011e-17
2.056937823	6.218284142018386e-17
2.058093062	6.071620413805513e-17
2.059248301	5.894970083070928e-17
2.060403541	5.761566337578144e-17
2.06155878	5.70475386044669e-17
2.062714019	5.750149730663424e-17
2.063869259	5.928197455151594e-17
2.065024498	6.167955288422724e-17
2.066179737	6.335345801121928e-17
2.067334976	6.393503394806281e-17
2.068490216	6.401919857363292e-17
2.069645455	6.405959209104335e-17
2.070800694	6.323341471738889e-17
2.071955933	6.111269710652423e-17
2.073111173	5.802251089856187e-17
2.074266412	5.461087326747872e-17
2.075421651	5.122440456553604e-17
2.076576891	4.8556944142074405e-17
2.07773213	4.71978669919153e-17
2.078887369	4.688102379986615e-17
2.080042608	4.6652617456294845e-17
2.081197848	4.587336283065004e-17
2.082353087	4.504632751059198e-17
2.083508326	4.478806813399737e-17
2.084663565	4.539679152944275e-17
2.085818805	4.6652840905892677e-17
2.086974044	4.810229508070183e-17
2.088129283	4.910051447064252e-17
2.089284522	4.9099955012880793e-17
2.090439762	4.812285577877066e-17
2.091595001	4.684227196998604e-17
2.09275024	4.597122208175871e-17
2.09390548	4.568367163120399e-17
2.095060719	4.583007780874235e-17
2.096215958	4.609007142102159e-17
2.097371197	4.6165466483644105e-17
2.098526437	4.583705560607155e-17
2.099681676	4.509302680900381e-17
2.100836915	4.421718275962904e-17
2.101992154	4.3518996148336683e-17
2.103147394	4.305337721249161e-17
2.104302633	4.281289875426748e-17
2.105457872	4.308852800202463e-17
2.106613112	4.427925672439892e-17
2.107768351	4.635215528756113e-17
2.10892359	4.811026172587813e-17
2.110078829	4.863622039080845e-17
2.111234069	4.7973594782489897e-17
2.112389308	4.6508374904526506e-17
2.113544547	4.451046202431317e-17
2.114699786	4.257021915075131e-17
2.115855026	4.15365129631137e-17
2.117010265	4.1251349587926823e-17
2.118165504	4.115597246164179e-17
2.119320743	4.09302708587248e-17
2.120475983	4.088355238366839e-17
2.121631222	4.108908432531274e-17
2.122786461	4.155071118401452e-17
2.123941701	4.2174790069173355e-17
2.12509694	4.281011897456912e-17
2.126252179	4.311481668045571e-17
2.127407418	4.290516092645741e-17
2.128562658	4.231086003527784e-17
2.129717897	4.1626162942803636e-17
2.130873136	4.105497824602628e-17
2.132028375	4.0727742980143793e-17
2.133183615	4.0665687358251356e-17
2.134338854	4.0702032102351875e-17
2.135494093	4.0586429452394754e-17
2.136649332	4.020314669074651e-17
2.137804572	3.9668550198079246e-17
2.138959811	3.9143151824677816e-17
2.14011505	3.880761307168797e-17
2.14127029	3.880091458635605e-17
2.142425529	3.9173507619296237e-17
2.143580768	4.007855102824395e-17
2.144736007	4.1702807822393097e-17
2.145891247	4.3922597815578506e-17
2.147046486	4.614679093311515e-17
2.148201725	4.7847749303020376e-17
2.149356964	4.902612659874455e-17
2.150512204	4.976179688007264e-17
2.151667443	5.00961033252058e-17
2.152822682	5.0028320556718274e-17
2.153977922	4.963832013309353e-17
2.155133161	4.902853368452415e-17
2.1562884	4.8404044585924526e-17
2.157443639	4.7781701603984647e-17
2.158598879	4.721658089573343e-17
2.159754118	4.680665427084562e-17
2.160909357	4.6721164789264497e-17
2.162064596	4.7156559665701815e-17
2.163219836	4.81569243385351e-17
2.164375075	4.932045057367525e-17
2.165530314	5.014856895726905e-17
2.166685553	5.049423881497238e-17
2.167840793	5.027984392845894e-17
2.168996032	4.954643148858952e-17
2.170151271	4.8680121566644484e-17
2.171306511	4.806624882524318e-17
2.17246175	4.771610080414457e-17
2.173616989	4.7439688649027863e-17
2.174772228	4.7044837368089065e-17
2.175927468	4.6610674799508434e-17
2.177082707	4.6219387039394707e-17
2.178237946	4.5811196317725847e-17
2.179393185	4.5285181790396076e-17
2.180548425	4.4654797124235834e-17
2.181703664	4.4362320777323016e-17
2.182858903	4.478776964535549e-17
2.184014143	4.5830525541705164e-17
2.185169382	4.70416098554279e-17
2.186324621	4.793185806619103e-17
2.18747986	4.834915352520425e-17
2.1886351	4.827465392850737e-17
2.189790339	4.7854092603543806e-17
2.190945578	4.734087806959412e-17
2.192100817	4.6956754870652556e-17
2.193256057	4.6746446276971044e-17
2.194411296	4.6639221319398174e-17
2.195566535	4.6399190594136856e-17
2.196721774	4.576794798157301e-17
2.197877014	4.4757283783060724e-17
2.199032253	4.379727427434869e-17
2.200187492	4.336322343056696e-17
2.201342732	4.367381670401417e-17
2.202497971	4.457022228522493e-17
2.20365321	4.5719363535621297e-17
2.204808449	4.677351869652884e-17
2.205963689	4.729962577201293e-17
2.207118928	4.7181317547634337e-17
2.208274167	4.6646982857854083e-17
2.209429406	4.605882016047755e-17
2.210584646	4.5507991055048635e-17
2.211739885	4.48336493506529e-17
2.212895124	4.40899006993496e-17
2.214050364	4.3754212702038817e-17
2.215205603	4.4100106009339976e-17
2.216360842	4.460445926595489e-17
2.217516081	4.465660723273168e-17
2.218671321	4.4059246416089303e-17
2.21982656	4.330225087221027e-17
2.220981799	4.2966190180980716e-17
2.222137038	4.308360210566653e-17
2.223292278	4.347169903887395e-17
2.224447517	4.3939352366579855e-17
2.225602756	4.446460149566035e-17
2.226757995	4.497246157693372e-17
2.227913235	4.5254937720576566e-17
2.229068474	4.5200513569463684e-17
2.230223713	4.487040430819421e-17
2.231378953	4.4411091153350535e-17
2.232534192	4.3912410848465564e-17
2.233689431	4.354170212929811e-17
2.23484467	4.341481193958203e-17
2.23599991	4.3514835650227866e-17
2.237155149	4.3562468767854503e-17
2.238310388	4.332775580951464e-17
2.239465627	4.2888275474012554e-17
2.240620867	4.247400158717296e-17
2.241776106	4.2299086409266884e-17
2.242931345	4.243562328497877e-17
2.244086585	4.2907604697991866e-17
2.245241824	4.3528754559131405e-17
2.246397063	4.3983122640972396e-17
2.247552302	4.399663133643514e-17
2.248707542	4.3747159865665575e-17
2.249862781	4.356759893716584e-17
2.25101802	4.348966672108739e-17
2.252173259	4.3353596754982915e-17
2.253328499	4.3034140536666616e-17
2.254483738	4.2585704708141115e-17
2.255638977	4.204254459301379e-17
2.256794216	4.1454829628600064e-17
2.257949456	4.089360844933782e-17
2.259104695	4.042985548438804e-17
2.260259934	4.014924447787334e-17
2.261415174	4.0146949950659817e-17
2.262570413	4.037696046223941e-17
2.263725652	4.06249394897996e-17
2.264880891	4.06879089204951e-17
2.266036131	4.0510624176331454e-17
2.26719137	4.0061814820120027e-17
2.268346609	3.947548057411677e-17
2.269501848	3.90768606656325e-17
2.270657088	3.9184832678577224e-17
2.271812327	3.961892020811381e-17
2.272967566	4.0084502458204016e-17
2.274122805	4.037627010303417e-17
2.275278045	4.047916697529986e-17
2.276433284	4.0394032678527225e-17
2.277588523	4.011256372560892e-17
2.278743763	3.9616737405699197e-17
2.279899002	3.9013443501974194e-17
2.281054241	3.865318355280668e-17
2.28220948	3.885815603668931e-17
2.28336472	3.940381661951771e-17
2.284519959	3.987557458293297e-17
2.285675198	3.99732845897207e-17
2.286830437	3.9818016301080407e-17
2.287985677	3.9596120845230904e-17
2.289140916	3.925543274628513e-17
2.290296155	3.864208277689068e-17
2.291451395	3.769966742270617e-17
2.292606634	3.68985655962707e-17
2.293761873	3.6740404969365975e-17
2.294917112	3.708896716533373e-17
2.296072352	3.7544641760308294e-17
2.297227591	3.782407715513293e-17
2.29838283	3.7806296236762445e-17
2.299538069	3.7407843915476555e-17
2.300693309	3.687166159767843e-17
2.301848548	3.654034003896402e-17
2.303003787	3.661052989323114e-17
2.304159026	3.7069357795589974e-17
2.305314266	3.7737710550503616e-17
2.306469505	3.836384133663355e-17
2.307624744	3.865577740242924e-17
2.308779984	3.844028194326978e-17
2.309935223	3.7755603193673016e-17
2.311090462	3.6696372892086436e-17
2.312245701	3.5507267514365023e-17
2.313400941	3.4494999147844446e-17
2.31455618	3.388584636231369e-17
2.315711419	3.363889453588978e-17
2.316866658	3.366577935783746e-17
2.318021898	3.395301381064003e-17
2.319177137	3.455981537279065e-17
2.320332376	3.5519059483253415e-17
2.321487616	3.6412049954192884e-17
2.322642855	3.6748894386549147e-17
2.323798094	3.6380369303563456e-17
2.324953333	3.5573819642530183e-17
2.326108573	3.4544012150114385e-17
2.327263812	3.3579544488418807e-17
2.328419051	3.298789247549409e-17
2.32957429	3.289091034743362e-17
2.33072953	3.310769314308206e-17
2.331884769	3.3437820747228973e-17
2.333040008	3.38619647696622e-17
2.334195247	3.4171941889181054e-17
2.335350487	3.427448441040541e-17
2.336505726	3.43277521264728e-17
2.337660965	3.449184584046016e-17
2.338816205	3.461970653514592e-17
2.339971444	3.458347351584431e-17
2.341126683	3.436409687057332e-17
2.342281922	3.4062067219586174e-17
2.343437162	3.376682943585243e-17
2.344592401	3.3686470957349804e-17
2.34574764	3.39775299000973e-17
2.346902879	3.4662917351776725e-17
2.348058119	3.559770123518168e-17
2.349213358	3.6627396169031406e-17
2.350368597	3.724998177721371e-17
2.351523837	3.688556132993738e-17
2.352679076	3.5428850045801746e-17
2.353834315	3.370501644020241e-17
2.354989554	3.234965288895646e-17
2.356144794	3.1575044847672474e-17
2.357300033	3.141417864634628e-17
2.358455272	3.1788208260096384e-17
2.359610511	3.2343178686989525e-17
2.360765751	3.269267303463778e-17
2.36192099	3.266017195712677e-17
2.363076229	3.2178599720517335e-17
2.364231468	3.13776471384028e-17
2.365386708	3.038489392593734e-17
2.366541947	2.9344247460492544e-17
2.367697186	2.853073834500751e-17
2.368852426	2.833835908025026e-17
2.370007665	2.9098396206714666e-17
2.371162904	3.041345878870451e-17
2.372318143	3.1639898592140706e-17
2.373473383	3.237295668096879e-17
2.374628622	3.258475771785968e-17
2.375783861	3.23366302797457e-17
2.3769391	3.1764084041202477e-17
2.37809434	3.1076401228542366e-17
2.379249579	3.0385733529463503e-17
2.380404818	2.9667079602023795e-17
2.381560057	2.887095953434588e-17
2.382715297	2.8296491462507895e-17
2.383870536	2.829067010022417e-17
2.385025775	2.8843887114788084e-17
2.386181015	2.946744322794006e-17
2.387336254	2.969835003921243e-17
2.388491493	2.977312978167375e-17
2.389646732	3.0027899842720186e-17
2.390801972	3.0621230228930084e-17
2.391957211	3.1411324661371026e-17
2.39311245	3.2325230181420674e-17
2.394267689	3.29444573754983e-17
2.395422929	3.2728253214256176e-17
2.396578168	3.168157944604011e-17
2.397733407	3.062046566444796e-17
2.398888647	3.012234398355756e-17
2.400043886	2.995754156748754e-17
2.401199125	2.9793578754943676e-17
2.402354364	2.946190201142078e-17
2.403509604	2.91456933161774e-17
2.404664843	2.9034941523534325e-17
2.405820082	2.903979238084838e-17
2.406975321	2.897044213010743e-17
2.408130561	2.8692555874658785e-17
2.4092858	2.825229179802998e-17
2.410441039	2.766114421423469e-17
2.411596278	2.702120624400013e-17
2.412751518	2.6448323997293e-17
2.413906757	2.606168282154009e-17
2.415061996	2.6070918460327945e-17
2.416217236	2.677770621360238e-17
2.417372475	2.805097621689391e-17
2.418527714	2.9456957772185246e-17
2.419682953	3.0555387636614737e-17
2.420838193	3.098031456640752e-17
2.421993432	3.043275132692896e-17
2.423148671	2.9411060557777557e-17
2.42430391	2.868190199793844e-17
2.42545915	2.874587861935848e-17
2.426614389	2.887321737580453e-17
2.427769628	2.8424016149029754e-17
2.428924868	2.740428473269513e-17
2.430080107	2.6108233709398135e-17
2.431235346	2.463676307906564e-17
2.432390585	2.3701998372305277e-17
2.433545825	2.4698818700958076e-17
2.434701064	2.7994555193442233e-17
2.435856303	3.1381173973473e-17
2.437011542	3.203670922589628e-17
2.438166782	3.1317103136364325e-17
2.439322021	3.02419212015477e-17
2.44047726	3.0068591848772484e-17
2.441632499	3.3700334003853886e-17
2.442787739	6.018933166432175e-17
2.443942978	-2.0884064238234365e-16
2.445098217	-5.4381869112856515e-17
2.446253457	-1.6873667979871683e-16
2.447408696	6.80344294308501e-17
2.448563935	3.6471660970783706e-17
2.449719174	2.9495373593901455e-17
2.450874414	2.762377310276504e-17
2.452029653	2.762955694552674e-17
2.453184892	2.802735559336227e-17
2.454340131	2.7761073709191897e-17
2.455495371	2.7004134861479473e-17
2.45665061	2.605048782993545e-17
2.457805849	2.5080795783239902e-17
2.458961089	2.4399793113034277e-17
2.460116328	2.4308762414933876e-17
2.461271567	2.4658275939226714e-17
2.462426806	2.5193935485017978e-17
2.463582046	2.557636113402977e-17
2.464737285	2.5598731106827295e-17
2.465892524	2.5141134678557984e-17
2.467047763	2.4414812594583835e-17
2.468203003	2.3677818291011912e-17
2.469358242	2.308187487853487e-17
2.470513481	2.258388493285513e-17
2.47166872	2.2305811913563525e-17
2.47282396	2.206441964653634e-17
2.473979199	2.1468588792625368e-17
2.475134438	2.0397007064388677e-17
2.476289678	1.977613818278074e-17
2.477444917	2.076409556656445e-17
2.478600156	2.454349371615117e-17
2.479755395	3.37113413978484e-17
2.480910635	4.540061685315483e-17
2.482065874	4.550448339662302e-17
2.483221113	3.28054208658525e-17
2.484376352	2.4143904136464393e-17
2.485531592	2.0723776254430916e-17
2.486686831	2.0849286559503695e-17
2.48784207	2.2876734807453876e-17
2.488997309	2.5671664055037908e-17
2.490152549	2.83136378840726e-17
2.491307788	3.10188429466898e-17
2.492463027	3.4187241516495054e-17
2.493618267	3.564518427472022e-17
2.494773506	3.28307582159585e-17
2.495928745	2.955052562374158e-17
2.497083984	2.771713501383383e-17