0.45	3.354571570716271e-11
0.4511533	3.376424150787675e-11
0.4523066	3.215062975287482e-11
0.4534599	3.221768700676692e-11
0.4546131	3.26623447399534e-11
0.4557664	3.282440447966444e-11
0.4569197	3.4456079298447904e-11
0.458073	3.348892364357604e-11
0.4592263	3.349347696625707e-11
0.4603796	3.4166429566580375e-11
0.4615329	3.502894199301723e-11
0.4626862	3.555508988182864e-11
0.4638394	3.5560212209886434e-11
0.4649927	3.562733866995027e-11
0.466146	3.656850003436924e-11
0.4672993	3.6108208015424965e-11
0.4684526	3.692080249592502e-11
0.4696059	3.65163662856691e-11
0.4707592	3.586193272718082e-11
0.4719125	3.7149364352169474e-11
0.4730658	3.6756327786688917e-11
0.4742191	3.818704410177359e-11
0.4753723	3.811510654054684e-11
0.4765256	3.7466817987170215e-11
0.4776789	3.872564740519555e-11
0.4788322	3.9219019423677144e-11
0.4799855	3.989794406576223e-11
0.4811388	3.954611783373269e-11
0.4822921	3.737791097144987e-11
0.4834453	3.4384198012805236e-11
0.4845986	3.825392831791657e-11
0.4857519	3.997450726572991e-11
0.4869052	4.4946361405240794e-11
0.4880585	4.473648049845439e-11
0.4892118	4.175555810811033e-11
0.4903651	4.205887960774017e-11
0.4915183	4.038674347728016e-11
0.4926716	4.036288660255283e-11
0.4938249	4.120229889867778e-11
0.4949782	4.177397721688808e-11
0.4961315	4.0875165401941315e-11
0.4972848	4.08986922565261e-11
0.4984381	3.980343260003815e-11
0.4995914	4.015782803121437e-11
0.5007446	3.83644721648443e-11
0.5018979	3.805331404461489e-11
0.5030512	3.997214633981177e-11
0.5042045	3.920198290570988e-11
0.5053578	4.0210662338024944e-11
0.5065111	3.975970909006714e-11
0.5076644	3.890031951215088e-11
0.5088177	4.0067116164364975e-11
0.509971	3.94132620717864e-11
0.5111243	3.968665826327362e-11
0.5122775	3.8561527907684185e-11
0.5134308	3.754352256057108e-11
0.5145841	3.750217960303734e-11
0.5157374	3.729875239868338e-11
0.5168907	3.233911962865829e-11
0.518044	3.441583682469176e-11
0.5191973	3.634968889769534e-11
0.5203506	3.768589575583538e-11
0.5215039	3.789470961386202e-11
0.5226572	3.689112025009488e-11
0.5238104	3.8456650678763945e-11
0.5249637	3.885765357247662e-11
0.526117	3.684703565085928e-11
0.5272703	3.57861997483166e-11
0.5284235	3.876722559824186e-11
0.5295768	3.8606146827371524e-11
0.5307301	3.9000015845932703e-11
0.5318834	3.839116391839932e-11
0.5330367	3.7689160692021835e-11
0.53419	3.84260001268435e-11
0.5353433	3.968365201323976e-11
0.5364966	3.86204655857925e-11
0.5376499	3.896163722190181e-11
0.5388032	3.9004637124878264e-11
0.5399565	3.775127953277394e-11
0.5411097	3.815454242239769e-11
0.542263	3.874117193719656e-11
0.5434163	3.929059467549179e-11
0.5445696	3.933118227243592e-11
0.5457229	3.903536950108131e-11
0.5468762	3.870802337132095e-11
0.5480295	3.8035767400828284e-11
0.5491828	3.8354320894653e-11
0.5503361	3.7919481837301614e-11
0.5514894	3.813470785322585e-11
0.5526426	3.743719606424272e-11
0.5537959	3.788729572973614e-11
0.5549492	3.8573015090603675e-11
0.5561025	3.731045036952565e-11
0.5572557	3.650381352709477e-11
0.558409	3.66242663854131e-11
0.5595623	3.633164065424213e-11
0.5607156	3.7193504363957986e-11
0.5618689	3.678081448073065e-11
0.5630222	3.681876655904683e-11
0.5641755	3.64101177597428e-11
0.5653288	3.60975545950127e-11
0.5664821	3.5922337588033904e-11
0.5676354	3.682647107635835e-11
0.5687886	3.6328512240658505e-11
0.5699419	3.5763148989339435e-11
0.5710952	3.513313893017962e-11
0.5722485	3.626692977377711e-11
0.5734018	3.608767273934419e-11
0.5745551	3.5502451468213275e-11
0.5757084	3.527387447916369e-11
0.5768617	3.539801692964251e-11
0.578015	3.448436017509974e-11
0.5791683	3.456968407884986e-11
0.5803216	3.505868215121469e-11
0.5814748	3.5546028292645473e-11
0.5826281	3.580849785483646e-11
0.5837814	3.5709982385769593e-11
0.5849347	3.503124967884024e-11
0.5860879	3.472785665178241e-11
0.5872412	3.4889803185612006e-11
0.5883945	3.245244529287675e-11
0.5895478	3.062505637272297e-11
0.5907011	3.401879769921363e-11
0.5918544	3.3576748135495e-11
0.5930077	3.3017625685747195e-11
0.594161	3.2480312063366565e-11
0.5953143	3.195590343531547e-11
0.5964676	3.212273890679139e-11
0.5976208	3.128159234953497e-11
0.5987741	3.0354790469680186e-11
0.5999274	3.0185578790682516e-11
0.6010807	2.9754474173352647e-11
0.602234	2.9586491197780347e-11
0.6033873	2.991758166266096e-11
0.6045406	2.977012804099004e-11
0.6056939	2.964761481479764e-11
0.6068472	2.9646183432966485e-11
0.6080005	2.9309021871177836e-11
0.6091537	2.869927908716153e-11
0.610307	2.8575059826908778e-11
0.6114603	2.8641785156037816e-11
0.6126136	2.809946873541612e-11
0.6137668	2.7621151373104277e-11
0.6149201	2.8276101158149465e-11
0.6160734	2.758897234834632e-11
0.6172267	2.765650312363237e-11
0.61838	2.806878275457826e-11
0.6195333	2.791953807539713e-11
0.6206866	2.7994977296307685e-11
0.6218399	2.724876937544365e-11
0.6229932	2.6931400987090495e-11
0.6241465	2.6790242552834255e-11
0.6252998	2.655423870443159e-11
0.626453	2.6213321796435376e-11
0.6276063	2.5809896002238797e-11
0.6287596	2.596380871284702e-11
0.6299129	2.6198513595183384e-11
0.6310662	2.5982942039435428e-11
0.6322195	2.5828934261480126e-11
0.6333728	2.5924701586351665e-11
0.6345261	2.5537955119377865e-11
0.6356794	2.554758495506556e-11
0.6368327	2.525543340000184e-11
0.6379859	2.5358191054133937e-11
0.6391392	2.528088901020762e-11
0.6402925	2.4715669632136145e-11
0.6414458	2.4310051128699886e-11
0.642599	2.455434812630997e-11
0.6437523	2.4512194603951608e-11
0.6449056	2.414947379381782e-11
0.6460589	2.4026285602853047e-11
0.6472122	2.4399691958990328e-11
0.6483655	2.447929143652457e-11
0.6495188	2.3938919127526722e-11
0.6506721	2.4437333881760665e-11
0.6518254	2.4130387100672164e-11
0.6529787	2.3241620239404755e-11
0.6541319	2.1660948643131298e-11
0.6552852	2.1108250939632262e-11
0.6564385	2.552242103451461e-11
0.6575918	2.8466106114907508e-11
0.6587451	2.6315035584610456e-11
0.6598984	2.2582529586177454e-11
0.6610517	1.85325811721489e-11
0.662205	1.715434710667779e-11
0.6633583	1.718015096483958e-11
0.6645116	1.7150292749930313e-11
0.6656649	1.6979121097391123e-11
0.6668181	1.6814695461892795e-11
0.6679714	1.665730351553128e-11
0.6691247	1.6692781923323155e-11
0.670278	1.650247413190434e-11
0.6714312	1.629832458534287e-11
0.6725845	1.6242283477910872e-11
0.6737378	1.6186129804430886e-11
0.6748911	1.6036467105687794e-11
0.6760444	1.61103679289024e-11
0.6771977	1.5943343766077556e-11
0.678351	1.5797574037253573e-11
0.6795043	1.5524437781826158e-11
0.6806576	1.5319180073485676e-11
0.6818109	1.5167864863494477e-11
0.6829641	1.5193355694299808e-11
0.6841174	1.6022105984340357e-11
0.6852707	1.7600224258264666e-11
0.686424	1.817340669100177e-11
0.6875773	1.9128004334713062e-11
0.6887306	1.9997514649373107e-11
0.6898839	2.0161492505614036e-11
0.6910372	1.9977414683237352e-11
0.6921905	1.950167952505908e-11
0.6933438	1.9236390826919298e-11
0.694497	1.7733061301362515e-11
0.6956503	1.5125766590010698e-11
0.6968036	1.529014286905414e-11
0.6979569	1.668798281531751e-11
0.6991102	1.5105377091798026e-11
0.7002634	1.4849484972853098e-11
0.7014167	1.7398707507319004e-11
0.70257	1.7350661431345386e-11
0.7037233	1.4859955802654007e-11
0.7048766	1.3816241843284356e-11
0.7060299	1.3663326097353137e-11
0.7071832	1.4582823340924e-11
0.7083365	1.596279808074095e-11
0.7094898	1.4623291571729733e-11
0.7106431	1.3504682934356645e-11
0.7117963	1.4325230663702683e-11
0.7129496	1.5724098941362048e-11
0.7141029	1.5056216678908595e-11
0.7152562	1.587842827282655e-11
0.7164095	1.6098174831127282e-11
0.7175628	1.5639734043797396e-11
0.7187161	1.5595699857485862e-11
0.7198694	1.6326864311825622e-11
0.7210227	1.673761666032181e-11
0.722176	1.6315178616857712e-11
0.7233292	1.5847343660868305e-11
0.7244825	1.572484232367423e-11
0.7256358	1.572774627475502e-11
0.7267891	1.562861753276443e-11
0.7279423	1.548813639941665e-11
0.7290956	1.5448572015200896e-11
0.7302489	1.542438491201314e-11
0.7314022	1.5562728823073377e-11
0.7325555	1.606404214188324e-11
0.7337088	1.574015981747409e-11
0.7348621	1.5505946714104834e-11
0.7360154	1.548398712412058e-11
0.7371687	1.5532081425680652e-11
0.738322	1.5209997003511666e-11
0.7394753	1.5202077368241683e-11
0.7406285	1.5239704113567346e-11
0.7417818	1.5045239428370428e-11
0.7429351	1.5042127680216245e-11
0.7440884	1.508671251017246e-11
0.7452417	1.5238065291779145e-11
0.746395	1.5286515132420612e-11
0.7475483	1.533340776723862e-11
0.7487016	1.538350671164306e-11
0.7498549	1.5232789076336246e-11
0.7510082	1.517195973806729e-11
0.7521614	1.5244565940131126e-11
0.7533147	1.5237739482633496e-11
0.754468	1.4982604405700952e-11
0.7556213	1.4725478539062268e-11
0.7567745	1.4113389203060712e-11
0.7579278	1.1062972224888365e-11
0.7590811	8.45494831171924e-12
0.7602344	1.0106063562268176e-11
0.7613877	1.4015028023134842e-11
0.762541	1.4979403051103804e-11
0.7636943	1.61571030605323e-11
0.7648476	1.741729371678664e-11
0.7660009	1.6669338336366212e-11
0.7671542	1.5411673653300913e-11
0.7683074	1.4722942938611755e-11
0.7694607	1.4556698078051486e-11
0.770614	1.4317341070845243e-11
0.7717673	1.3868498261449083e-11
0.7729206	1.3717425101940728e-11
0.7740739	1.3686787138371456e-11
0.7752272	1.3535726239857621e-11
0.7763805	1.3720780120725267e-11
0.7775338	1.333758642571219e-11
0.7786871	1.373315829404631e-11
0.7798404	1.3636796727576276e-11
0.7809936	1.3490176377377607e-11
0.7821469	1.3379629227123676e-11
0.7833002	1.3162298813855972e-11
0.7844535	1.3078896627558874e-11
0.7856067	1.2925741985672532e-11
0.78676	1.2725192588506916e-11
0.7879133	1.2662519399028042e-11
0.7890666	1.2751438378145954e-11
0.7902199	1.2574726541665333e-11
0.7913732	1.2435171515159722e-11
0.7925265	1.234564012614925e-11
0.7936798	1.2228185631545491e-11
0.7948331	1.2189291882066421e-11
0.7959864	1.2413036521530556e-11
0.7971396	1.247433929191438e-11
0.7982929	1.2348708469787639e-11
0.7994462	1.20048405457523e-11
0.8005995	1.196635910197367e-11
0.8017528	1.2316429541732098e-11
0.8029061	1.220770799999478e-11
0.8040594	1.1954599543441686e-11
0.8052127	1.1838128562132593e-11
0.806366	1.1927018525547453e-11
0.8075193	1.168036825026095e-11
0.8086725	1.1296211933259402e-11
0.8098258	1.1151384470792215e-11
0.8109791	1.1235178830355786e-11
0.8121324	1.1093570221186661e-11
0.8132856	1.0751869487452168e-11
0.8144389	1.0429092765488218e-11
0.8155922	1.0531557539577664e-11
0.8167455	1.0713794814070624e-11
0.8178988	1.062529382475498e-11
0.8190521	1.0527085505504725e-11
0.8202054	1.0489921181206617e-11
0.8213587	1.032803514883784e-11
0.822512	1.0268916829378215e-11
0.8236653	1.0720060241789868e-11
0.8248186	1.0753720451229294e-11
0.8259718	1.066292092719699e-11
0.8271251	1.0564818998857924e-11
0.8282784	1.0394314945566482e-11
0.8294317	1.0334018439764488e-11
0.830585	1.0433173980360824e-11
0.8317383	1.0528102007421785e-11
0.8328916	1.049531301306629e-11
0.8340449	1.0309402023210349e-11
0.8351982	1.0452415528081687e-11
0.8363515	1.0523223113672671e-11
0.8375047	1.042130399847892e-11
0.838658	1.0259468661751321e-11
0.8398113	1.019757752730885e-11
0.8409646	1.0338010107713522e-11
0.8421178	1.0440725770915353e-11
0.8432711	1.035926047951596e-11
0.8444244	1.006323674168039e-11
0.8455777	1.051239967612037e-11
0.846731	1.054028617728827e-11
0.8478843	1.05728596816891e-11
0.8490376	1.0318176624770557e-11
0.8501909	1.0565791307627257e-11
0.8513442	1.0007522098107347e-11
0.8524975	9.631336722090719e-12
0.8536507	9.831334463782008e-12
0.854804	1.0224775642081735e-11
0.8559573	9.867560048247236e-12
0.8571106	9.420937401409801e-12
0.8582639	9.369260270596613e-12
0.8594172	9.87243984966706e-12
0.8605705	1.0235280293776509e-11
0.8617238	1.0009215558696369e-11
0.8628771	9.528146347107115e-12
0.8640304	9.253092793541439e-12
0.8651837	9.464715490662248e-12
0.8663369	1.0772945541838582e-11
0.8674902	1.0115261346697507e-11
0.8686435	9.62691458014718e-12
0.8697968	9.466230720435298e-12
0.87095	9.321329200966013e-12
0.8721033	9.185440182062264e-12
0.8732566	9.206475852541969e-12
0.8744099	9.580196500822766e-12
0.8755632	1.0090484153388768e-11
0.8767165	1.0339756733998445e-11
0.8778698	1.0368648696236395e-11
0.8790231	1.0336640164773598e-11
0.8801764	9.885478643587273e-12
0.8813297	9.43446797429712e-12
0.8824829	9.431130394694106e-12
0.8836362	9.424991936715448e-12
0.8847895	9.650798833794316e-12
0.8859428	9.993556334313798e-12
0.8870961	1.0097511905466338e-11
0.8882494	1.0114187750804751e-11
0.8894027	1.0315867614641104e-11
0.890556	1.045580326765136e-11
0.8917093	1.0107209399821608e-11
0.8928626	9.468599770750298e-12
0.8940158	9.059938025978748e-12
0.8951691	8.785480484713445e-12
0.8963224	9.157086706633408e-12
0.8974757	9.500258417473835e-12
0.898629	9.335322299039819e-12
0.8997822	9.064635757581884e-12
0.9009355	9.081869180574015e-12
0.9020888	9.762963334216189e-12
0.9032421	1.0638381870971143e-11
0.9043954	1.0527768550034406e-11
0.9055487	9.930048251459271e-12
0.906702	9.171720337511964e-12
0.9078553	8.97783066915029e-12
0.9090086	9.136130479660672e-12
0.9101619	9.760719929335328e-12
0.9113151	9.952796175775669e-12
0.9124684	9.707265385832286e-12
0.9136217	9.221530925347463e-12
0.914775	9.000371183269336e-12
0.9159283	9.052751401767085e-12
0.9170816	9.389753139111386e-12
0.9182349	9.844197496940966e-12
0.9193882	1.0265680447619539e-11
0.9205415	9.977698211006769e-12
0.9216948	9.715027875030513e-12
0.922848	1.0217043879769047e-11
0.9240013	1.009616716898845e-11
0.9251546	9.961218675499309e-12
0.9263079	1.0101313676798786e-11
0.9274611	1.0479660306057019e-11
0.9286144	1.0637602464547634e-11
0.9297677	1.0470282728427702e-11
0.930921	1.0142274073447665e-11
0.9320743	1.0130159258551396e-11
0.9332276	1.0944805506373546e-11
0.9343809	1.1548841705111387e-11
0.9355342	1.1869664048356562e-11
0.9366875	1.1812383657927465e-11
0.9378408	1.1906837032726044e-11
0.9389941	1.2296958769957128e-11
0.9401473	1.2252431465492192e-11
0.9413006	1.2135057589903372e-11
0.9424539	1.2708327441745826e-11
0.9436072	1.3059603059890387e-11
0.9447605	1.3400460255057705e-11
0.9459138	1.3562980719493666e-11
0.9470671	1.4197101455624572e-11
0.9482204	1.4155748260755614e-11
0.9493737	1.4003820253995814e-11
0.950527	1.349811662123668e-11
0.9516802	1.2488748876925836e-11
0.9528335	1.2667706022907827e-11
0.9539868	1.5670576069598284e-11
0.9551401	1.834490852736184e-11
0.9562933	1.835949981019379e-11
0.9574466	1.769436847446719e-11
0.9585999	1.684198093625164e-11
0.9597532	1.6705656845480442e-11
0.9609065	1.6611873495344793e-11
0.9620598	1.6426595910846543e-11
0.9632131	1.607886471706813e-11
0.9643664	1.5824593266497184e-11
0.9655197	1.5723799633225184e-11
0.966673	1.620312793239104e-11
0.9678262	1.972693210317088e-11
0.9689795	1.2004347740075702e-11
0.9978117	8.334750627909442e-12
0.998965	7.673903066422447e-12
1.000118	7.783588256857723e-12
1.001272	7.73446734996399e-12
1.002425	7.711133918519705e-12
1.003578	7.340954406158714e-12
1.004731	6.888117280200626e-12
1.005885	6.8408582291325485e-12
1.007038	6.8459585201358694e-12
1.008191	6.886362023604027e-12
1.009345	6.696894720383606e-12
1.010498	6.742649746203968e-12
1.011651	6.988391577027546e-12
1.012805	6.883764136110961e-12
1.013958	6.8961505379877916e-12
1.015111	7.0543691938087166e-12
1.016264	7.107786731130482e-12
1.017418	6.809812185739592e-12
1.018571	6.855305504798276e-12
1.019724	7.046869557120441e-12
1.020877	7.102490576691639e-12
1.022031	7.114361109127909e-12
1.023184	7.116623351895983e-12
1.024337	7.039397180313187e-12
1.025491	6.894623850731999e-12
1.026644	6.852277039151772e-12
1.027797	6.965161575404755e-12
1.02895	7.144042298488863e-12
1.030104	7.228365100964318e-12
1.031257	7.145108052701871e-12
1.03241	7.002896348424859e-12
1.033564	6.865908556926013e-12
1.034717	6.89899653206172e-12
1.03587	7.010368338356071e-12
1.037024	7.0157672976628026e-12
1.038177	7.084358872172575e-12
1.03933	7.335210472462471e-12
1.040483	7.456879639293027e-12
1.041637	7.336111908517122e-12
1.04279	7.23225594306521e-12
1.043943	7.170458774861082e-12
1.045097	7.0527533465053935e-12
1.04625	6.999659832747551e-12
1.047403	7.099608722184709e-12
1.048556	7.237963897289669e-12
1.04971	7.281857394641024e-12
1.050863	7.154837375051411e-12
1.052016	7.0451893395958865e-12
1.053169	7.0601287811047596e-12
1.054323	7.075238537350622e-12
1.055476	7.005049655827783e-12
1.056629	6.9396738842472935e-12
1.057783	6.902631455661697e-12
1.058936	6.857671281546776e-12
1.060089	6.843835478343204e-12
1.061243	6.8823476341275256e-12
1.062396	6.840938446391601e-12
1.063549	6.763141141613816e-12
1.064702	6.727214850405603e-12
1.065856	6.689466626003163e-12
1.067009	6.64877315894251e-12
1.068162	6.609038400470377e-12
1.069316	6.574595540800639e-12
1.070469	6.549368723133382e-12
1.071622	6.536435040457455e-12
1.072775	6.540165388520852e-12
1.073929	6.555920617680906e-12
1.075082	6.5789753644572645e-12
1.076235	6.6050858218813e-12
1.077389	6.626724036914528e-12
1.078542	6.6482759339511404e-12
1.079695	6.672243261788091e-12
1.080848	6.700377646339136e-12
1.082002	6.7357048153588e-12
1.083155	6.77726425979699e-12
1.084308	6.824429552944592e-12
1.085462	6.879874127281541e-12
1.086615	6.948046908477269e-12
1.087768	6.9976465595915076e-12
1.088921	7.006178381556337e-12
1.090075	6.941021135419445e-12
1.091228	6.7834483393887534e-12
1.092381	6.590609009717851e-12
1.093535	6.3984504925994735e-12
1.094688	6.2490644995045566e-12
1.095841	6.1653156276354606e-12
1.096995	6.12885074545922e-12
1.098148	6.133131707407603e-12
1.099301	6.1713587801894805e-12
1.100454	6.235612373174412e-12
1.101608	6.31938523135803e-12
1.102761	6.415127721763724e-12
1.103914	6.50978084363808e-12
1.105067	6.605425394886089e-12
1.106221	6.713168720554527e-12
1.107374	6.842200421156476e-12
1.108527	7.012174350113241e-12
1.109681	7.209918776945089e-12
1.110834	7.406054409521433e-12
1.111987	7.569914000732691e-12
1.11314	7.65158830935299e-12
1.114294	7.643779826545463e-12
1.115447	7.549037633902662e-12
1.1166	7.370697763523437e-12
1.117754	7.128495312797633e-12
1.118907	6.830876172569506e-12
1.12006	6.496810229180115e-12
1.121214	6.146717782126911e-12
1.122367	5.794596958872228e-12
1.12352	5.493699312036531e-12
1.124673	5.2732999599365274e-12
1.125827	5.163357913569928e-12
1.12698	5.189470171455537e-12
1.128133	5.263782318300635e-12
1.129287	5.326651877129854e-12
1.13044	5.303198990268083e-12
1.131593	5.149414201710699e-12
1.132746	4.977006257023796e-12
1.1339	4.844029358237237e-12
1.135053	4.807487056213316e-12
1.136206	4.890484466012919e-12
1.13736	5.040408142405153e-12
1.138513	5.23530847978358e-12
1.139666	5.46349256645415e-12
1.140819	5.703627789696083e-12
1.141973	5.909968453353535e-12
1.143126	6.0330932264073294e-12
1.144279	5.994562887449096e-12
1.145433	5.806698292626464e-12
1.146586	5.555203183562275e-12
1.147739	5.301640103021828e-12
1.148892	5.1162370814073095e-12
1.150046	5.001546265559898e-12
1.151199	4.937151730657373e-12
1.152352	4.914820233759233e-12
1.153506	4.923077835010454e-12
1.154659	4.955340127396247e-12
1.155812	5.005416246114288e-12
1.156965	5.066251075047053e-12
1.158119	5.132151495178258e-12
1.159272	5.201303712590378e-12
1.160425	5.27274336435276e-12
1.161579	5.3443063700527295e-12
1.162732	5.412033901565169e-12
1.163885	5.478095515086711e-12
1.165038	5.5436714057391705e-12
1.166192	5.610940072507659e-12
1.167345	5.682658304779031e-12
1.168498	5.75006850865902e-12
1.169652	5.807083650922684e-12
1.170805	5.846142596471126e-12
1.171958	5.861789277142072e-12
1.173111	5.866105638248177e-12
1.174265	5.866780216144507e-12
1.175418	5.87363183546463e-12
1.176571	5.8919837319702365e-12
1.177725	5.9101736018140334e-12
1.178878	5.921925526984136e-12
1.180031	5.9185792129105126e-12
1.181185	5.897470303820336e-12
1.182338	5.867152569453821e-12
1.183491	5.831857630184316e-12
1.184644	5.796881699970053e-12
1.185798	5.766011209020482e-12
1.186951	5.742019537752664e-12
1.188104	5.7281337829003e-12
1.189258	5.730699455523054e-12
1.190411	5.744897895495381e-12
1.191564	5.7621467488895954e-12
1.192717	5.774992194068551e-12
1.193871	5.7682656249886565e-12
1.195024	5.755172281546706e-12
1.196177	5.752182622543053e-12
1.19733	5.774144518903708e-12
1.198484	5.844585598965532e-12
1.199637	5.935281291420454e-12
1.20079	6.015694741264455e-12
1.201944	6.0573761111748526e-12
1.203097	6.028089460976161e-12
1.20425	5.952232815697553e-12
1.205404	5.853430165569714e-12
1.206557	5.75268658810544e-12
1.20771	5.671557685423426e-12
1.208863	5.612987003879242e-12
1.210017	5.581191581595473e-12
1.21117	5.5825665241642294e-12
1.212323	5.6195348213484915e-12
1.213477	5.677948818096196e-12
1.21463	5.7451344850741094e-12
1.215783	5.807795487957702e-12
1.216936	5.855372610650616e-12
1.21809	5.888188001855963e-12
1.219243	5.905292892723499e-12
1.220396	5.90272098544455e-12
1.22155	5.881412165600272e-12
1.222703	5.8506122497684306e-12
1.223856	5.817303606491055e-12
1.225009	5.79658728730309e-12
1.226163	5.785168090407826e-12
1.227316	5.7623385947662334e-12
1.228469	5.715441168637264e-12
1.229623	5.6174805690918305e-12
1.230776	5.485641115624589e-12
1.231929	5.357023164068308e-12
1.233082	5.2569705472127025e-12
1.234236	5.218115619256331e-12
1.235389	5.240878795416641e-12
1.236542	5.316161882085082e-12
1.237696	5.4394891252267874e-12
1.238849	5.6368445630795715e-12
1.240002	5.830806740939179e-12
1.241156	5.947955692749882e-12
1.242309	5.915274621929892e-12
1.243462	5.595463557775225e-12
1.244615	5.149989367344421e-12
1.245769	4.70153316615169e-12
1.246922	4.370470348028138e-12
1.248075	4.319825209053483e-12
1.249228	4.437521129186481e-12
1.250382	4.670160718419174e-12
1.251535	4.957717778263227e-12
1.252688	5.224397474327455e-12
1.253842	5.47539787309454e-12
1.254995	5.689819529090638e-12
1.256148	5.837834775733855e-12
1.257301	5.897627762368896e-12
1.258455	5.901945715618707e-12
1.259608	5.869567226502078e-12
1.260761	5.839043093767857e-12
1.261915	5.833378618458432e-12
1.263068	5.8210481796888716e-12
1.264221	5.791759743908454e-12
1.265375	5.7240545470474404e-12
1.266528	5.616950102520656e-12
1.267681	5.49636645034088e-12
1.268834	5.378155955314073e-12
1.269988	5.278652970273503e-12
1.271141	5.210681067021978e-12
1.272294	5.1826653790161856e-12
1.273448	5.201677033089794e-12
1.274601	5.2865388580488615e-12
1.275754	5.416673601762202e-12
1.276907	5.557043061852852e-12
1.278061	5.6751994686332e-12
1.279214	5.720815635714651e-12
1.280367	5.700709598601022e-12
1.28152	5.6327545393371164e-12
1.282674	5.531482399922177e-12
1.283827	5.414168891875552e-12
1.28498	5.298777845274342e-12
1.286134	5.201737117914882e-12
1.287287	5.141282067335443e-12
1.28844	5.137047188275446e-12
1.289594	5.168972005714977e-12
1.290747	5.221358756465874e-12
1.2919	5.276481345778037e-12
1.293053	5.315527583936527e-12
1.294207	5.345422522309961e-12
1.29536	5.368430977880067e-12
1.296513	5.386398661837727e-12
1.297667	5.400924607258344e-12
1.29882	5.411179604868092e-12
1.299973	5.417496695418613e-12
1.301126	5.421594293003557e-12
1.30228	5.425725920800234e-12
1.303433	5.4282919654191826e-12
1.304586	5.428743940793639e-12
1.30574	5.426041775327761e-12
1.306893	5.41936566381148e-12
1.308046	5.4101755871432684e-12
1.309199	5.399328535272639e-12
1.310353	5.387287583940446e-12
1.311506	5.375009804951962e-12
1.312659	5.362097965892485e-12
1.313813	5.3484872055058115e-12
1.314966	5.33592287040996e-12
1.316119	5.3218470850223795e-12
1.317272	5.303776864034089e-12
1.318426	5.27869845796798e-12
1.319579	5.239301412519671e-12
1.320732	5.197395074191615e-12
1.321886	5.167281074700065e-12
1.323039	5.162877919442216e-12
1.324192	5.2046912884817265e-12
1.325346	5.274397467744567e-12
1.326499	5.351343317876189e-12
1.327652	5.4163081378223824e-12
1.328805	5.4453933595225044e-12
1.329959	5.435202940451855e-12
1.331112	5.3814673315052534e-12
1.332265	5.278004357711443e-12
1.333418	5.124308803600827e-12
1.334572	4.960129102225595e-12
1.335725	4.8173710545798926e-12
1.336878	4.724890405352324e-12
1.338032	4.705926589989131e-12
1.339185	4.75330381680779e-12
1.340338	4.868719757394233e-12
1.341491	5.061200616653743e-12
1.342645	5.3385821521547135e-12
1.343798	5.688617892108262e-12
1.344951	6.103521599079202e-12
1.346105	6.564400062581766e-12
1.347258	7.059382407943187e-12
1.348411	7.607908233657465e-12
1.349565	8.215292710608827e-12
1.350718	8.874489784507012e-12
1.351871	9.568288605088873e-12
1.353024	1.0274606243312416e-11
1.354178	1.0931970819324492e-11
1.355331	1.1393314382227202e-11
1.356484	1.1478665560738196e-11
1.357638	1.102924657387867e-11
1.358791	9.972541718818613e-12
1.359944	8.47041768412477e-12
1.361097	6.738525841048257e-12
1.362251	5.056948045454808e-12
1.363404	3.713624885263427e-12
1.364557	2.927522143405351e-12
1.36571	2.5360594342978535e-12
1.366864	2.370092469773578e-12
1.368017	2.1857541905424232e-12
1.36917	1.760898603339614e-12
1.370324	1.4229627984346154e-12
1.371477	1.2522216347697761e-12
1.37263	1.2218051279741045e-12
1.373784	1.3014461798028729e-12
1.374937	1.4693671808094233e-12
1.37609	1.7235455132933453e-12
1.377243	2.1260675501790283e-12
1.378397	2.8219955728105116e-12
1.37955	3.730313170154534e-12
1.380703	4.7314277325289305e-12
1.381857	5.366356548549899e-12
1.38301	5.0471842018585604e-12
1.384163	4.175865003630735e-12
1.385316	3.1702917097672594e-12
1.38647	2.380152928254251e-12
1.387623	1.909422428298011e-12
1.388776	1.6785143623048062e-12
1.38993	1.6221111091390328e-12
1.391083	1.7292523515292256e-12
1.392236	1.9737113609212746e-12
1.393389	2.2752325031360837e-12
1.394543	2.5664503179957533e-12
1.395696	2.7080262658991347e-12
1.396849	2.6912111451860743e-12
1.398003	2.6097350510172376e-12
1.399156	2.516888104578375e-12
1.400309	2.473253427298241e-12
1.401462	2.4763697435656764e-12
1.402616	2.5092596232887034e-12
1.403769	2.5692998832331345e-12
1.404922	2.661292503215224e-12
1.406076	2.7488981274540876e-12
1.407229	2.7967821767658967e-12
1.408382	2.776262345967058e-12
1.409536	2.6564121512410347e-12
1.410689	2.527811519827498e-12
1.411842	2.4457756160277864e-12
1.412995	2.444425254967461e-12
1.414149	2.5583645641058365e-12
1.415302	2.715200435678257e-12
1.416455	2.8683977827275525e-12
1.417608	2.9771773558709715e-12
1.418762	3.007648308029446e-12
1.419915	2.998668171132698e-12
1.421068	2.969893134738121e-12
1.422222	2.9350211105004783e-12
1.423375	2.906044839045353e-12
1.424528	2.8976655355196407e-12
1.425681	2.9195407270076383e-12
1.426835	2.985668139215793e-12
1.427988	3.0990742438910148e-12
1.429141	3.231836337195905e-12
1.430295	3.383777959016367e-12
1.431448	3.5816371541136694e-12
1.432601	3.702320694711182e-12
1.433755	3.672846736989407e-12
1.434908	3.624826537070971e-12
1.436061	3.5705226072205992e-12
1.437214	3.424195479301075e-12
1.438368	3.252380883421804e-12
1.439521	3.161204780203434e-12
1.440674	3.1559994225953714e-12
1.441828	3.1409812220525233e-12
1.442981	3.0931757829762126e-12
1.444134	3.085699567168247e-12
1.445287	3.137708473946021e-12
1.446441	3.1814642583067372e-12
1.447594	3.211863906234944e-12
1.448747	3.267676221128414e-12
1.449901	3.360869793619885e-12
1.451054	3.2492419200261415e-12
1.452207	2.985684016013309e-12
1.45336	2.8764121579879623e-12
1.454514	2.904803949024695e-12
1.455667	2.89380658093241e-12
1.45682	2.879617173027649e-12
1.457974	3.0024528008805733e-12
1.459127	3.238151924881807e-12
1.46028	3.458380158733045e-12
1.461433	3.68039849778424e-12
1.462587	3.950725601640682e-12
1.46374	4.079380023703723e-12
1.464893	4.001039425926031e-12
1.466047	3.988928316111844e-12
1.4672	4.191219920247611e-12
1.468353	4.317100887494351e-12
1.469507	4.195037479098488e-12
1.47066	3.978001805854396e-12
1.471813	3.758042733568542e-12
1.472966	3.5007396628233764e-12
1.47412	3.363971899632749e-12
1.475273	3.365337854773483e-12
1.476426	3.22800669590868e-12
1.477579	3.0213291971384183e-12
1.478733	2.880125304947397e-12
1.479886	2.9747407808070247e-12
1.481039	3.137958395868305e-12
1.482193	3.246955735583088e-12
1.483346	3.2996438032502895e-12
1.484499	3.191558270844017e-12
1.485652	2.9652260109817415e-12
1.486806	2.7874376026388208e-12
1.487959	2.7670730876904705e-12
1.489112	2.9561438876087288e-12
1.490266	3.108566336828375e-12
1.491419	3.167864866123721e-12
1.492572	3.137709411376427e-12
1.493726	3.0793083600962378e-12
1.494879	3.0350949460189305e-12
1.496032	3.0549074483766105e-12
1.497185	3.1677830418411155e-12
1.498339	3.3046948270778128e-12
1.499492	3.4269984706150964e-12
1.500645	3.4613116524119654e-12
1.501799	3.3391774605805036e-12
1.502952	3.1298720021449365e-12
1.504105	3.0328877735672637e-12
1.505258	3.2105149885198473e-12
1.506412	3.4914222741780827e-12
1.507565	3.677677628349779e-12
1.508718	3.6320901198550357e-12
1.509871	3.5102551915208935e-12
1.511025	3.4649762613081417e-12
1.512178	3.4716248599859898e-12
1.513331	3.455659646414929e-12
1.514485	3.4270205225494152e-12
1.515638	3.4315302919161692e-12
1.516791	3.4442841218727196e-12
1.517945	3.450237876301645e-12
1.519098	3.465452089078492e-12
1.520251	3.45704832308313e-12
1.521404	3.3979392588887867e-12
1.522558	3.341991864737725e-12
1.523711	3.3949480970205143e-12
1.524864	3.545809263338421e-12
1.526018	3.6360082218369483e-12
1.527171	3.5521606221782394e-12
1.528324	3.3882365417069676e-12
1.529477	3.288640899854653e-12
1.530631	3.2826302300082032e-12
1.531784	3.3228274987869793e-12
1.532937	3.3800890810885613e-12
1.534091	3.4497600695115477e-12
1.535244	3.5065797352157307e-12
1.536397	3.5309681478632737e-12
1.53755	3.5146650724699114e-12
1.538704	3.4631655028795505e-12
1.539857	3.4042447282782403e-12
1.54101	3.40367895182843e-12
1.542164	3.503678998182045e-12
1.543317	3.6207824027788806e-12
1.54447	3.595243420786332e-12
1.545623	3.4367692631002287e-12
1.546777	3.30992839687715e-12
1.54793	3.3049064929116126e-12
1.549083	3.369605662936482e-12
1.550237	3.376717649831988e-12
1.55139	3.3106275562819115e-12
1.552543	3.2836365838691186e-12
1.553697	3.356552137967028e-12
1.55485	3.478101626182382e-12
1.556003	3.536845107398123e-12
1.557156	3.5013596316785784e-12
1.55831	3.3941990603661992e-12
1.559463	3.3276795046512644e-12
1.560616	3.296447775638625e-12
1.561769	3.2944909268651313e-12
1.562923	3.312340182114798e-12
1.564076	3.3787738959882435e-12
1.565229	3.490604105751267e-12
1.566383	3.519174008565193e-12
1.567536	3.4320117293891094e-12
1.568689	3.3772270911783353e-12
1.569842	3.3792268236729544e-12
1.570996	3.3670794070303347e-12
1.572149	3.343249316028894e-12
1.573302	3.270080953318243e-12
1.574456	3.173519148737458e-12
1.575609	3.0891843679845892e-12
1.576762	3.038643715300616e-12
1.577916	3.0787929072914122e-12
1.579069	3.136380953451944e-12
1.580222	3.182634171453777e-12
1.581375	3.1566608169466225e-12
1.582529	3.080237993462315e-12
1.583682	3.0692447917273912e-12
1.584835	3.169846251766103e-12
1.585989	3.272818562581388e-12
1.587142	3.2533562425599216e-12
1.588295	3.0949630163655605e-12
1.589448	2.9815374042099793e-12
1.590602	3.013967154401999e-12
1.591755	3.08957840123203e-12
1.592908	3.1028976356421975e-12
1.594061	3.070828156323144e-12
1.595215	3.0334961956606365e-12
1.596368	3.0067396998881953e-12
1.597521	2.9984440359865105e-12
1.598675	3.04079644238948e-12
1.599828	3.1109811873146518e-12
1.600981	3.165354799491891e-12
1.602135	3.150256560248164e-12
1.603288	3.0924619818012957e-12
1.604441	3.100699391099162e-12
1.605594	3.1549768794601382e-12
1.606748	3.151442796588151e-12
1.607901	3.053768053797242e-12
1.609054	2.969282004512464e-12
1.610208	2.993238023665148e-12
1.611361	3.0444724343691606e-12
1.612514	3.0380660052129353e-12
1.613667	2.9453200780602357e-12
1.614821	2.805156212825517e-12
1.615974	2.7201130025227574e-12
1.617127	2.728196509555669e-12
1.618281	2.731407387255357e-12
1.619434	2.7186964112602365e-12
1.620587	2.73892477560196e-12
1.62174	2.7833862962601297e-12
1.622894	2.8604242080095875e-12
1.624047	2.9080518626653547e-12
1.6252	2.9034408061751796e-12
1.626354	2.884547402251392e-12
1.627507	2.8812545365907737e-12
1.62866	2.8606705141288762e-12
1.629813	2.819077218037127e-12
1.630967	2.782421769651152e-12
1.63212	2.8043086864591518e-12
1.633273	2.8825895565281004e-12
1.634427	2.956631753175884e-12
1.63558	2.949241051852758e-12
1.636733	2.8351760824003974e-12
1.637887	2.734518763413349e-12
1.63904	2.7281337909975347e-12
1.640193	2.8436300381221146e-12
1.641346	2.977894549651168e-12
1.6425	2.985848096094104e-12
1.643653	2.8613293640261675e-12
1.644806	2.7330208537830448e-12
1.645959	2.680317831868886e-12
1.647113	2.6640873998920864e-12
1.648266	2.654657817194993e-12
1.649419	2.6189036560651917e-12
1.650573	2.6138194204175595e-12
1.651726	2.646930027801647e-12
1.652879	2.6603713513623466e-12
1.654032	2.596637228741125e-12
1.655186	2.5052405764198667e-12
1.656339	2.476961485349756e-12
1.657492	2.5222752195263222e-12
1.658646	2.588768378391404e-12
1.659799	2.61963375067336e-12
1.660952	2.615985613768609e-12
1.662106	2.6340816810523866e-12
1.663259	2.6821823511872856e-12
1.664412	2.7215591302830005e-12
1.665565	2.692224180098615e-12
1.666719	2.632148074601029e-12
1.667872	2.6205972356929973e-12
1.669025	2.6527393881883087e-12
1.670179	2.6598045779627395e-12
1.671332	2.662161039926568e-12
1.672485	2.654133138884582e-12
1.673638	2.615531971851207e-12
1.674792	2.548354280471671e-12
1.675945	2.4929259102888877e-12
1.677098	2.4866415256436516e-12
1.678252	2.5138052084489163e-12
1.679405	2.5301033586126843e-12
1.680558	2.5215765213968403e-12
1.681711	2.490948571965085e-12
1.682865	2.48977778090703e-12
1.684018	2.5107811472373373e-12
1.685171	2.5005471599725677e-12
1.686325	2.4336846684072587e-12
1.687478	2.375266802899147e-12
1.688631	2.3747503531445246e-12
1.689784	2.4061217295280045e-12
1.690938	2.3909923616428497e-12
1.692091	2.348502852322999e-12
1.693244	2.2776011070556512e-12
1.694398	2.2304671062278015e-12
1.695551	2.232579136933154e-12
1.696704	2.2841796514104393e-12
1.697857	2.3377348868429944e-12
1.699011	2.335683253439532e-12
1.700164	2.3051298371649997e-12
1.701317	2.302546249205592e-12
1.702471	2.338833213042659e-12
1.703624	2.3719286727417687e-12
1.704777	2.356079313665046e-12
1.70593	2.2843717353646406e-12
1.707084	2.2179339890524636e-12
1.708237	2.203643725539865e-12
1.70939	2.2407244994930323e-12
1.710544	2.281636685435303e-12
1.711697	2.2780484547974677e-12
1.71285	2.212145802689105e-12
1.714003	2.141486777497745e-12
1.715157	2.0986474875975697e-12
1.71631	2.095987476740278e-12
1.717463	2.1122696310677483e-12
1.718617	2.134955789136266e-12
1.71977	2.145998853240895e-12
1.720923	2.129032538395164e-12
1.722077	2.109703333491389e-12
1.72323	2.0941267071435037e-12
1.724383	2.0994621146206286e-12
1.725536	2.1287014171438784e-12
1.72669	2.1676043326091422e-12
1.727843	2.183250239528006e-12
1.728996	2.1654690893413476e-12
1.73015	2.156274176722627e-12
1.731303	2.1545889744490866e-12
1.732456	2.1452215597557626e-12
1.733609	2.139892967248893e-12
1.734763	2.125037403441611e-12
1.735916	2.122198313617024e-12
1.737069	2.1076079086960906e-12
1.738222	2.049197185514884e-12
1.739376	1.9894303725319808e-12
1.740529	1.933318957819515e-12
1.741682	1.9002185282512682e-12
1.742836	1.8800425260936664e-12
1.743989	1.8993758229555637e-12
1.745142	1.9472293090601585e-12
1.746296	1.9894047345543613e-12
1.747449	2.006985006796816e-12
1.748602	1.9822953813919016e-12
1.749755	1.930160620862122e-12
1.750909	1.890271320291582e-12
1.752062	1.8758679848161687e-12
1.753215	1.876977381622536e-12
1.754369	1.886662004909529e-12
1.755522	1.8849667140992357e-12
1.756675	1.865991604931624e-12
1.757828	1.8522516428272084e-12
1.758982	1.857706788438926e-12
1.760135	1.876731164782334e-12
1.761288	1.8948336304006307e-12
1.762442	1.9026522463844524e-12
1.763595	1.909234525581018e-12
1.764748	1.9335175442671697e-12
1.765901	1.9793442016744494e-12
1.767055	2.0157113827705683e-12
1.768208	2.0057828638996175e-12
1.769361	1.9526594565277083e-12
1.770515	1.894570986208547e-12
1.771668	1.8678637873715982e-12
1.772821	1.8835403765364586e-12
1.773974	1.908582624572612e-12
1.775128	1.8988814548949557e-12
1.776281	1.8495434807826987e-12
1.777434	1.7851876037245485e-12
1.778588	1.7448541396996033e-12
1.779741	1.7375562737463948e-12
1.780894	1.7408348398733554e-12
1.782048	1.7427456206383119e-12
1.783201	1.7369782214222166e-12
1.784354	1.7433218129815255e-12
1.785507	1.7750593972972116e-12
1.786661	1.8089634130415106e-12
1.787814	1.8152520830828896e-12
1.788967	1.779400949985505e-12
1.79012	1.723151108049712e-12
1.791274	1.6882153236645944e-12
1.792427	1.7101202450883337e-12
1.79358	1.7848803646288517e-12
1.794734	1.878967055340098e-12
1.795887	1.9616431348282138e-12
1.79704	2.0193080056425175e-12
1.798193	2.0745721171863337e-12
1.799347	2.1317955475583645e-12
1.8005	2.152691600426925e-12
1.801653	2.109984354295406e-12
1.802807	2.010944043239803e-12
1.80396	1.890351016755964e-12
1.805113	1.7887183981501899e-12
1.806267	1.7319798722556173e-12
1.80742	1.7226834790754545e-12
1.808573	1.7631479155200203e-12
1.809726	1.8393177815931087e-12
1.81088	1.925861356701046e-12
1.812033	2.015355263375115e-12
1.813186	2.0719217633502113e-12
1.81434	2.0779374774650375e-12
1.815493	2.0356875039337636e-12
1.816646	1.953643966772172e-12
1.817799	1.8640760923750928e-12
1.818953	1.7997979625212731e-12
1.820106	1.7678045341039104e-12
1.821259	1.7661470232269747e-12
1.822412	1.8025184153199982e-12
1.823566	1.863076613003824e-12
1.824719	1.956521907879153e-12
1.825872	2.0965546667756217e-12
1.827026	2.2604227395000796e-12
1.828179	2.405164241086998e-12
1.829332	2.4853000329725666e-12
1.830486	2.49117337670442e-12
1.831638979	0.
1.832792267	0.
1.833945555	0.
1.835098843	0.
1.836252131	0.
1.837405418	0.
1.838558706	0.
1.839711994	0.
1.840865282	0.
1.84201857	0.
1.843171858	0.
1.844325146	0.
1.845478434	0.
1.846631722	0.
1.84778501	0.
1.848938298	0.
1.850091586	0.
1.851244874	0.
1.852398162	0.
1.85355145	0.
1.854704738	0.
1.855858026	0.
1.857011314	0.
1.858164602	0.
1.85931789	0.
1.860471178	0.
1.861624466	0.
1.862777754	0.
1.863931042	0.
1.86508433	0.
1.866237618	0.
1.867390905	0.
1.868544193	0.
1.869697481	0.
1.870850769	0.
1.872004	6.69177529389612e-11
1.873157	3.57034753093234e-12
1.874311	3.0393908622142702e-12
1.875464	2.4374688963992455e-12
1.876617	7.175314932202881e-13
1.877771	6.937140500894088e-13
1.878924	8.105551676105062e-13
1.880077	9.745655363186986e-13
1.88123	1.0502928310810883e-12
1.882384	9.496243224485558e-13
1.883537	6.587608414026125e-13
1.88469	3.752113709446526e-13
1.885844	2.7907681143141673e-13
1.886997	3.9155817821046083e-13
1.88815	6.475141763416475e-13
1.889303	8.470232489540062e-13
1.890457	8.800965376800146e-13
1.89161	7.772982020442574e-13
1.892763	6.752896143261734e-13
1.893916	6.975996544839037e-13
1.89507	9.823071639704239e-13
1.896223	1.507688279349036e-12
1.897376	2.3726605231719676e-12
1.89853	6.3008925268534614e-12
1.899683	-2.9471520551516736e-12
1.900836	-9.253003990610253e-13
1.90199	-9.156302687457106e-13
1.903143	5.991245603958371e-12
1.904296	9.213913440265257e-13
1.905449	7.941265658217878e-13
1.906603	9.131355134771834e-13
1.907756	1.1368079261604919e-12
1.908909	1.4668955190645558e-12
1.910063	1.9858962599002983e-12
1.911216	2.5364815458179394e-12
1.912369	2.130275094958767e-12
1.913522	1.6544646149913418e-12
1.914676	1.4460978071095693e-12
1.915829	1.3857146410744595e-12
1.916982	1.4087895649243249e-12
1.918136	1.493561054327892e-12
1.919289	1.564971883825242e-12
1.920442	1.5748994355060912e-12
1.921595	1.5497074813220393e-12
1.922749	1.5440851755010497e-12
1.923902	1.632790435366177e-12
1.925055	1.7754789197237945e-12
1.926209	1.877007111558278e-12
1.927362	1.814787325919242e-12
1.928515	1.57856813636039e-12
1.929668	1.2696191527225492e-12
1.930822	1.0781740350231993e-12
1.931975	1.0558133438638343e-12
1.933128	1.192905160378081e-12
1.934282	1.4008621623738313e-12
1.935435	1.6262427369357099e-12
1.936588	1.7997433534801452e-12
1.937742	1.773148616532255e-12
1.938895	1.4935087963027037e-12
1.940048	1.2392698284393279e-12
1.941201	1.1889383417747372e-12
1.942355	1.292459257695565e-12
1.943508	1.4089067734848055e-12
1.944661	1.4163524409654046e-12
1.945814	1.3613430575346859e-12
1.946968	1.3000017632251174e-12
1.948121	1.2675908211606143e-12
1.949274	1.2736086482138164e-12
1.950428	1.326806425064624e-12
1.951581	1.4348596384416516e-12
1.952734	1.5874759125576818e-12
1.953887	1.7172609054503934e-12
1.955041	1.6854476719889052e-12
1.956194	1.4146529837977497e-12
1.957347	1.1286751817114792e-12
1.958501	9.81352160463986e-13
1.959654	9.649310283588228e-13
1.960807	1.0142216994351815e-12
1.961961	1.0863742447017688e-12
1.963114	1.1362838876835324e-12
1.964267	1.127115565352685e-12
1.96542	1.0757065098759974e-12
1.966574	1.0461058353710498e-12
1.967727	1.0742193434957462e-12
1.96888	1.1196158691450194e-12
1.970034	1.1413995495695463e-12
1.971187	1.1257512618750475e-12
1.97234	1.0859928593248892e-12
1.973493	1.0245940246441923e-12
1.974647	9.622509445869584e-13
1.9758	9.20752522404264e-13
1.976953	9.085763578958512e-13
1.978106	9.136281554754562e-13
1.97926	9.323116196277796e-13
1.980413	9.606226428510947e-13
1.981566	9.887919504047363e-13
1.98272	1.0054469788361908e-12
1.983873	1.0171058454386609e-12
1.985026	1.0349676295201069e-12
1.98618	1.0529962910937186e-12
1.987333	1.0570575520905335e-12
1.988486	1.0410535021169271e-12
1.989639	1.0258657010697807e-12
1.990793	1.0274749119610214e-12
1.991946	1.0501724382331958e-12
1.993099	1.0992465331260083e-12
1.994253	1.1885639350464377e-12
1.995406	1.3205999066625002e-12
1.996559	1.4861595502353221e-12
1.997712	1.6709932986358164e-12
1.998866	1.8408886471167782e-12
2.000019	1.9116583188557745e-12
2.001172	1.774748185282174e-12
2.002326	1.4494023088111036e-12
2.003479	1.1952876918351132e-12
2.004632	1.119184219642546e-12
2.005785	1.0957801982006846e-12
2.006939	1.1108886152602516e-12
2.008092	1.1929715393787546e-12
2.009245	1.312175918954088e-12
2.010399	1.4152117964788277e-12
2.011552	1.5030779370915512e-12
2.012705	1.5776985283000102e-12
2.013859	1.537580613749119e-12
2.015012	1.3947773313663515e-12
2.016165	1.1973661536040126e-12
2.017318	1.0377556665871708e-12
2.018472	9.864072762496323e-13
2.019625	1.057822897057948e-12
2.020778	1.2060006018785587e-12
2.021931	1.2816216545282362e-12
2.023085	1.1936353591451837e-12
2.024238	1.0282596304901654e-12
2.025391	8.873694352487509e-13
2.026545	7.943316101233524e-13
2.027698	7.3819845595337e-13
2.028851	7.208704715289868e-13
2.030005	7.336889990634183e-13
2.031158	7.623423480633511e-13
2.032311	7.771880316517477e-13
2.033464	7.744217489220487e-13
2.034618	7.653831937431567e-13
2.035771	7.49907214685241e-13
2.036924	7.20120646242743e-13
2.038078	6.769160412012247e-13
2.039231	6.457546194690565e-13
2.040384	6.358094649283559e-13
2.041537	6.605314242423631e-13
2.042691	7.319582198163154e-13
2.043844	8.527140020745024e-13
2.044997	9.826034663780475e-13
2.04615	1.0868184230360213e-12
2.047304	1.1471188571178149e-12
2.048457	1.174282197686582e-12
2.04961	1.1701081176843634e-12
2.050764	1.1326783517828e-12
2.051917	1.0700675386255625e-12
2.05307	9.920582108976331e-13
2.054224	8.950776130028042e-13
2.055377	8.073213898251792e-13
2.05653	7.665698318390322e-13
2.057683	7.836101739271641e-13
2.058837	8.491870020100296e-13
2.05999	9.269545470923767e-13
2.061143	1.0108351204936307e-12
2.062297	1.0903915059888793e-12
2.06345	1.0920775564137395e-12
2.064603	1.0709668022224457e-12
2.065756	1.023584828732363e-12
2.06691	9.767034579590824e-13
2.068063	9.20646012454293e-13
2.069216	8.463189262420865e-13
2.070369	7.52597208435686e-13
2.071523	6.969275020027521e-13
2.072676	6.788543050449179e-13
2.073829	7.007121912700184e-13
2.074983	7.664559712442884e-13
2.076136	8.536368204703244e-13
2.077289	9.278034275248841e-13
2.078443	9.648121978949407e-13
2.079596	9.83377218459423e-13
2.080749	1.009818588816876e-12
2.081903	1.0831877699523396e-12
2.083056	1.157775536216731e-12
2.084209	1.1929319292241272e-12
2.085362	1.1759576536598665e-12
2.086516	1.099672498526653e-12
2.087669	9.763362381972312e-13
2.088822	8.734184620238355e-13
2.089976	8.369254718152543e-13
2.091129	8.478077442854346e-13
2.092282	8.699294055710455e-13
2.093435	9.174960230914704e-13
2.094589	9.635776020498677e-13
2.095742	1.0093725356218107e-12
2.096895	1.0494984108912315e-12
2.098048	1.0655743602890153e-12
2.099202	1.0532523286334154e-12
2.100355	1.0199068726127833e-12
2.101508	9.835591989970234e-13
2.102662	9.502066601688771e-13
2.103815	9.31561958019861e-13
2.104968	9.1210716720134e-13
2.106122	8.798152787984346e-13
2.107275	8.633174113185855e-13
2.108428	8.478330102668611e-13
2.109581	8.212428116725251e-13
2.110735	8.229289662563195e-13
2.111888	8.350860250402613e-13
2.113041	8.452483807181127e-13
2.114195	8.571264423573278e-13
2.115348	8.714379245327733e-13
2.116501	8.725383041514233e-13
2.117654	8.759350757886615e-13
2.118808	8.79046184109395e-13
2.119961	8.681452969497186e-13
2.121114	8.674403939237378e-13
2.122267	8.704748412690244e-13
2.123421	8.751964252680547e-13
2.124574	8.840958985103194e-13
2.125727	9.067270904213638e-13
2.126881	9.244104204891187e-13
2.128034	9.37327482375144e-13
2.129187	9.435573026187952e-13
2.130341	9.51404443270694e-13
2.131494	9.668045053455485e-13
2.132647	9.859797782246726e-13
2.133801	1.012728715034472e-12
2.134954	1.0271406213021716e-12
2.136107	1.0291889513794406e-12
2.13726	1.0446258113177034e-12
2.138414	1.0601772460834008e-12
2.139567	1.0952886275514478e-12
2.14072	1.1397450593016975e-12
2.141873	1.1735895854148168e-12
2.143027	1.1736206098973105e-12
2.14418	1.1464847821669753e-12
2.145333	1.083751864979358e-12
2.146487	1.0000375738763608e-12
2.14764	9.005374904060962e-13
2.148793	7.865793136208129e-13
2.149946	6.923403574278607e-13
2.1511	6.432637032012409e-13
2.152253	6.408724223937499e-13
2.153406	6.937205228231665e-13
2.15456	7.96188585358958e-13
2.155713	9.1096308546994e-13
2.156866	9.954607410359387e-13
2.15802	1.0363416048987616e-12
2.159173	1.053124629780293e-12
2.160326	1.07210081029694e-12
2.161479	1.0725239038869752e-12
2.162633	1.080637111095933e-12
2.163786	1.1008718886520237e-12
2.164939	1.0702351303504188e-12
2.166092	9.960680173810368e-13
2.167246	9.577854278873203e-13
2.168399	9.512831129923954e-13
2.169552	9.482288754496428e-13
2.170706	9.530518060914856e-13
2.171859	9.797100502294395e-13
2.173012	1.0081328359889701e-12
2.174165	1.0251463943512081e-12
2.175319	1.0151764946237512e-12
2.176472	9.745362230186929e-13
2.177625	9.17512971238022e-13
2.178779	8.529517225216573e-13
2.179932	8.295609590241135e-13
2.181085	8.253808080440256e-13
2.182239	8.263513163517864e-13
2.183392	8.456521007464181e-13
2.184545	8.728972209582475e-13
2.185698	8.871815622914539e-13
2.186852	8.943688858559598e-13
2.188005	8.995698241492499e-13
2.189158	9.45816227180828e-13
2.190311	1.0016305062141973e-12
2.191465	1.0317110111685315e-12
2.192618	9.988007311742822e-13
2.193771	9.43918778759427e-13
2.194925	9.034736563572003e-13
2.196078	8.795990002118425e-13
2.197231	8.87843536956766e-13
2.198385	9.258906528603332e-13
2.199538	9.68952381604056e-13
2.200691	9.811420421343496e-13
2.201844	9.737031449844626e-13
2.202998	9.67401544355416e-13
2.204151	9.66332442176671e-13
2.205304	9.65536489362499e-13
2.206458	9.671266986882027e-13
2.207611	9.962824657463595e-13
2.208764	9.895062277347798e-13
2.209918	9.505400729167114e-13
2.211071	9.030202971569052e-13
2.212224	8.809132032422109e-13
2.213377	8.949799268025306e-13
2.21453	9.44395320762468e-13
2.215684	1.019597163462365e-12
2.216837	1.0969289224445728e-12
2.21799	1.1393796251215727e-12
2.219144	1.1464755715412374e-12
2.220297	1.1309265919504136e-12
2.22145	1.1041506779766998e-12
2.222604	1.0753774866832403e-12
2.223757	1.0399516642732006e-12
2.22491	9.984899655546761e-13
2.226063	9.600645890422503e-13
2.227217	9.41243441658985e-13
2.22837	9.256681396175468e-13
2.229523	8.978475710548899e-13
2.230677	8.67441123036276e-13
2.23183	8.540632471462486e-13
2.232983	8.821415049116991e-13
2.234137	9.347214704852235e-13
2.23529	9.987702274864588e-13
2.236443	1.0560966561643993e-12
2.237596	1.1069267516461978e-12
2.23875	1.1345280954124142e-12
2.239903	1.1631316564418801e-12
2.241056	1.1661915036872226e-12
2.242209	1.1461382751531486e-12
2.243363	1.130613936590147e-12
2.244516	1.126555443245008e-12
2.245669	1.1235624809151612e-12
2.246823	1.106580720787498e-12
2.247976	1.067213777271125e-12
2.249129	1.0400403332857568e-12
2.250283	9.958861558822182e-13
2.251436	9.533000614708254e-13
2.252589	9.252175183092318e-13
2.253742	9.155105454909655e-13
2.254896	9.174426044381599e-13
2.256049	9.243514367727616e-13
2.257202	9.378977525389652e-13
2.258356	9.53345683083931e-13
2.259509	9.644103676072956e-13
2.260662	9.670185965945261e-13
2.261815	9.575425738927025e-13
2.262969	9.455071429840136e-13
2.264122	9.557921086070676e-13
2.265275	9.50493751950763e-13
2.266428	9.440904922021015e-13
2.267582	9.272730799924921e-13
2.268735	9.061736196056168e-13
2.269888	8.95928011179779e-13
2.271042	9.022516042237541e-13
2.272195	9.206180383405818e-13
2.273348	9.3546775436771e-13
2.274502	9.388629189813949e-13
2.275655	9.440687527445846e-13
2.276808	9.496037733788561e-13
2.277961	9.558076878076292e-13
2.279115	9.669352248077578e-13
2.280268	9.676464666488667e-13
2.281421	9.42233561606039e-13
2.282575	9.323795758923113e-13
2.283728	9.118513826190546e-13
2.284881	9.071999422221705e-13
2.286034	9.212405665295915e-13
2.287188	9.366942704554721e-13
2.288341	9.362640345385318e-13
2.289494	9.215669708691502e-13
2.290648	9.020470360773166e-13
2.291801	8.901792117733319e-13
2.292954	8.724016327501264e-13
2.294107	8.494042626665711e-13
2.295261	8.426650457161157e-13
2.296414	8.38081100308484e-13
2.297567	8.42551438078783e-13
2.298721	8.399869856035412e-13
2.299874	8.429242973029197e-13
2.301027	8.439444447826701e-13
2.302181	8.42190661290994e-13
2.303334	8.373046549746715e-13
2.304487	8.307160369629776e-13
2.30564	8.178860965853458e-13
2.306794	8.028930876246856e-13
2.307947	7.977111657767801e-13
2.3091	8.080048956301404e-13
2.310253	8.261551255596144e-13
2.311407	8.466523092302253e-13
2.31256	8.637418887344585e-13
2.313713	8.626640967246456e-13
2.314867	8.275687854921352e-13
2.31602	7.828129563259362e-13
2.317173	7.294327376622491e-13
2.318326	6.909416963818406e-13
2.31948	6.742736332037843e-13
2.320633	6.707414103127621e-13
2.321786	6.700166129303814e-13
2.32294	6.641862719584356e-13
2.324093	6.717090765696085e-13
2.325246	6.859992656829685e-13
2.3264	7.080878193074051e-13
2.327553	7.281049195712179e-13
2.328706	7.436879888931654e-13
2.329859	7.558974545007727e-13
2.331013	7.635610522310606e-13
2.332166	7.654858200528729e-13
2.333319	7.693222316708096e-13
2.334472	7.815313550419195e-13
2.335626	7.90292014184816e-13
2.336779	7.962774924490776e-13
2.337932	7.726720573884952e-13
2.339086	7.366844016882907e-13
2.340239	7.01067432754456e-13
2.341392	6.634345122919883e-13
2.342546	6.361986175857446e-13
2.343699	6.18789225514492e-13
2.344852	6.119625596989935e-13
2.346005	6.170033908308298e-13
2.347159	6.230552480957648e-13
2.348312	6.164020366651239e-13
2.349465	5.924881423613315e-13
2.350619	5.571668211218209e-13
2.351772	5.315238141138703e-13
2.352925	5.18109155240282e-13
2.354079	5.248278231210378e-13
2.355232	5.424526753872581e-13
2.356385	5.640481703776858e-13
2.357538	5.906694827336017e-13
2.358692	6.182270946273728e-13
2.359845	6.467965956854104e-13
2.360998	6.691082428666943e-13
2.362151	6.815152533326159e-13
2.363305	6.881747291791465e-13
2.364458	6.966118260333986e-13
2.365611	6.956271669904574e-13
2.366765	6.787809473956645e-13
2.367918	6.414013861003041e-13
2.369071	5.86479749131583e-13
2.370224	5.254390723854767e-13
2.371378	4.847768530050332e-13
2.372531	4.818665928688075e-13
2.373684	5.065273067296042e-13
2.374838	5.269677833005588e-13
2.375991	5.23652672267601e-13
2.377144	5.035726302479379e-13
2.378298	4.788990899584076e-13
2.379451	4.555362112954887e-13
2.380604	4.394688773295343e-13
2.381757	4.3341608263419294e-13
2.382911	4.2065143502835096e-13
2.384064	3.9813831470895497e-13
2.385217	3.7043476126875836e-13
2.38637	3.6272502113069463e-13
2.387524	3.822941784587819e-13
2.388677	4.1781021738554027e-13
2.38983	4.624237654478525e-13
2.390984	5.177955326899137e-13
2.392137	5.73166079784462e-13
2.39329	6.115198693495127e-13
2.394444	6.276495201177133e-13
2.395597	6.088620011902925e-13
2.39675	5.738135317184007e-13
2.397903	5.497639183235657e-13
2.399057	5.433242029479934e-13
2.40021	5.36383140863233e-13
2.401363	5.222604690754908e-13
2.402517	4.847989942184387e-13
2.40367	4.3149653763892984e-13
2.404823	3.746624087227644e-13
2.405976	3.240718936690857e-13
2.40713	2.9001937704455354e-13
2.408283	2.669740194521052e-13
2.409436	2.624701871445913e-13
2.410589	2.688191205692313e-13
2.411743	2.751107665801542e-13
2.412896	2.726795780210816e-13
2.414049	2.526515261893478e-13
2.415203	2.2157486006978568e-13
2.416356	1.938447907409542e-13
2.417509	1.799374749892456e-13
2.418663	1.8265910329594064e-13
2.419816	2.00787787205918e-13
2.420969	2.280264495638375e-13
2.422122	2.6093269711935505e-13
2.423276	2.9231261453542546e-13
2.424429	3.04413025739102e-13
2.425582	2.885679669383703e-13
2.426736	2.7233832359349955e-13
2.427889	2.7550878762678326e-13
2.429042	2.899238037826559e-13
2.430195	2.9750263102049e-13
2.431349	2.7851088618312917e-13
2.432502	2.273886546510683e-13
2.433655	1.4836592001440529e-13
2.434808	8.295662413700537e-14
2.435962	6.948503496604519e-14
2.437115	1.073196220046452e-13
2.438268	1.5497852434062178e-13
2.439422	1.9907246812059494e-13
2.440575	2.394823848031191e-13
2.441728	2.72826427238218e-13
2.442882	2.875162146620653e-13
2.444035	2.5509574949502205e-13
2.445188	1.4071930019036454e-13
2.446342	-1.0554261107068013e-14
2.447495	-1.3174999582275557e-13
2.448648	-2.2004364934028678e-13
2.449801	-2.6811128621324997e-13
2.450955	-2.618070220914616e-13
2.452108	-2.101770455156935e-13
2.453261	-1.4023755024062198e-13
2.454414	-6.371675783893425e-14
2.455568	2.0455624255932317e-15
2.456721	4.6009084340311457e-14
2.457874	6.279091883402534e-14
2.459028	5.3102411906777887e-14
2.460181	1.457436444509284e-14
2.461334	-3.347550588969413e-14
2.462487	-6.17744615565092e-14
2.463641	-5.905274397072785e-14
2.464794	-4.9226866289340806e-14
2.465947	-5.0565859146008763e-14
2.467101	-6.481355141428396e-14
2.468254	-9.196967525690749e-14
2.469407	-1.3201808603910443e-13
2.470561	-1.7850311718854812e-13
2.471714	-2.1318461985599995e-13
2.472867	-2.3181024604024066e-13
2.47402	-2.4470269665813903e-13
2.475174	-2.640903347239052e-13
2.476327	-3.014540192217496e-13
2.47748	-3.786117583848865e-13
2.478634	-5.229902958464006e-13
2.479787	-7.509664217652531e-13
2.48094	-9.90181743061516e-13
2.482093	-1.1315880309412079e-12
2.483247	-1.13535083195248e-12
2.4844	-1.0564456927523383e-12
2.485553	-9.602690232700583e-13
2.486706	-8.920868677702677e-13
2.48786	-9.14431458934401e-13
2.489013	-1.1777153059119494e-12
2.490166	-2.1967392232409493e-12
2.49132	-7.167279472198254e-12
2.492473	-1.0939873238610666e-11
2.493626	-3.9377181000402225e-12
2.49478	-1.7343212311740116e-12
2.495933	-1.0394040858771503e-12
2.497086	-7.897082331192659e-13