0.45	4.33417809042701e-11
0.451155427	4.332050098356152e-11
0.452310855	4.0599420076048945e-11
0.453466282	4.0697471444365845e-11
0.454621709	3.970158713493143e-11
0.455777137	3.9958599558256876e-11
0.456932564	4.113208943586085e-11
0.458087992	3.968795161022149e-11
0.459243419	3.982674586262483e-11
0.460398846	4.081154824213574e-11
0.461554274	4.076301361735389e-11
0.462709701	3.9615436168261923e-11
0.463865128	3.9374743799261916e-11
0.465020556	3.928178323215722e-11
0.466175983	3.849157762367546e-11
0.46733141	3.800241753334071e-11
0.468486838	3.9807986781488387e-11
0.469642265	3.913234904090663e-11
0.470797693	3.836653348546453e-11
0.47195312	3.9367574085032723e-11
0.473108547	3.8640471665742075e-11
0.474263975	3.9952608451052613e-11
0.475419402	3.954012158569735e-11
0.476574829	3.8763682436754585e-11
0.477730257	4.004571631984001e-11
0.478885684	3.98479439275582e-11
0.480041111	3.993339103349332e-11
0.481196539	3.889003611681952e-11
0.482351966	3.9337831296601614e-11
0.483507394	3.9718922084731404e-11
0.484662821	3.865247026851127e-11
0.485818248	2.9370181587594545e-11
0.486973676	3.359410018109911e-11
0.488129103	3.594638352812353e-11
0.48928453	3.6356087641234463e-11
0.490439958	3.7498246909027486e-11
0.491595385	3.5624238146164946e-11
0.492750812	3.64582313036497e-11
0.49390624	3.702354079361952e-11
0.495061667	3.701401392986156e-11
0.496217095	3.68323651896616e-11
0.497372522	3.6498122982304984e-11
0.498527949	3.5643013594155026e-11
0.499683377	3.5827903423022174e-11
0.500838804	3.3827557368455377e-11
0.501994231	3.408535552979745e-11
0.503149659	3.583702107242523e-11
0.504305086	3.4536915623591147e-11
0.505460514	3.5694772919243395e-11
0.506615941	3.550161664640435e-11
0.507771368	3.4062684211459665e-11
0.508926796	3.503296712712222e-11
0.510082223	3.4522805395604735e-11
0.51123765	3.505205358834541e-11
0.512393078	3.411799565995537e-11
0.513548505	3.317192274043547e-11
0.514703932	3.272394750375637e-11
0.51585936	3.207443496078386e-11
0.517014787	2.966296066176966e-11
0.518170215	3.1740160019719986e-11
0.519325642	3.109640942649383e-11
0.520481069	3.273797589747462e-11
0.521636497	3.42382272549729e-11
0.522791924	3.2449583742270284e-11
0.523947351	3.373056999617391e-11
0.525102779	3.404580759808254e-11
0.526258206	3.248883702760572e-11
0.527413633	3.189705857157924e-11
0.528569061	3.4541793634199084e-11
0.529724488	3.5315400887322525e-11
0.530879916	3.5123374099440474e-11
0.532035343	3.400300218933978e-11
0.53319077	3.321001382861367e-11
0.534346198	3.432910893056764e-11
0.535501625	3.4918382892368575e-11
0.536657052	3.3404987080290466e-11
0.53781248	3.342942625539807e-11
0.538967907	3.317963262535568e-11
0.540123334	3.133042317290179e-11
0.541278762	3.1165094487027264e-11
0.542434189	3.132431745470802e-11
0.543589617	3.2274220755654055e-11
0.544745044	3.222768318811399e-11
0.545900471	3.239595831627623e-11
0.547055899	3.29765566412574e-11
0.548211326	3.236326908555741e-11
0.549366753	3.3015384323877254e-11
0.550522181	3.249081769648684e-11
0.551677608	3.255470660218754e-11
0.552833035	3.202326492845444e-11
0.553988463	3.283273705505639e-11
0.55514389	3.3189372301224945e-11
0.556299318	3.288425085583322e-11
0.557454745	3.2731575532901375e-11
0.558610172	3.2126259774793806e-11
0.5597656	3.1635511863079204e-11
0.560921027	3.3185443697169977e-11
0.562076454	3.27409550734696e-11
0.563231882	3.3110341905209664e-11
0.564387309	3.307758718556928e-11
0.565542736	3.2291031901616644e-11
0.566698164	3.246094395171963e-11
0.567853591	3.283258973186666e-11
0.569009019	3.2507612475595795e-11
0.570164446	3.227595590022364e-11
0.571319873	3.164122471226466e-11
0.572475301	3.325592936968752e-11
0.573630728	3.291198024167595e-11
0.574786155	3.250388029529146e-11
0.575941583	3.2606351337793444e-11
0.57709701	3.22538738746448e-11
0.578252437	3.179730481390707e-11
0.579407865	3.2390049043340135e-11
0.580563292	3.272812165362992e-11
0.58171872	3.287068079853782e-11
0.582874147	3.3342309515321967e-11
0.584029574	3.336663410094709e-11
0.585185002	3.223277401083323e-11
0.586340429	3.203935582532197e-11
0.587495856	3.2167739274828934e-11
0.588651284	3.01872326427806e-11
0.589806711	3.02815681976468e-11
0.590962138	3.1341095866963344e-11
0.592117566	3.1448461286926894e-11
0.593272993	3.156198152564511e-11
0.594428421	3.159909045205605e-11
0.595583848	3.1326952905269656e-11
0.596739275	3.1471705531169996e-11
0.597894703	3.118326427540476e-11
0.59905013	3.124237337161933e-11
0.600205557	3.06781278561779e-11
0.601360985	3.013152832527659e-11
0.602516412	3.019765981253062e-11
0.60367184	3.063404568230247e-11
0.604827267	3.053522496432962e-11
0.605982694	3.0310116055213407e-11
0.607138122	3.030433771710638e-11
0.608293549	2.984927462197329e-11
0.609448976	2.9555136905383265e-11
0.610604404	2.9319126123240555e-11
0.611759831	2.9008602841896488e-11
0.612915258	2.828844093636306e-11
0.614070686	2.657884418652936e-11
0.615226113	2.6191287566411804e-11
0.616381541	2.5186432952271108e-11
0.617536968	2.4799547459180664e-11
0.618692395	2.419262751283961e-11
0.619847823	2.4108817328845236e-11
0.62100325	2.4556956277074742e-11
0.622158677	2.486048990108662e-11
0.623314105	2.540668021763302e-11
0.624469532	2.5799032992583313e-11
0.625624959	2.6806899537933287e-11
0.626780387	2.807284252415117e-11
0.627935814	2.766781999789754e-11
0.629091242	2.8434339414074026e-11
0.630246669	2.8115320531300158e-11
0.631402096	2.821477964259286e-11
0.632557524	2.818078087002004e-11
0.633712951	2.8170190010226648e-11
0.634868378	2.7934244717005507e-11
0.636023806	2.8025699296998525e-11
0.637179233	2.7771895207125964e-11
0.63833466	2.8015795952592926e-11
0.639490088	2.768522043661908e-11
0.640645515	2.7106799225776697e-11
0.641800943	2.638560605791511e-11
0.64295637	2.6320865968290285e-11
0.644111797	2.5843049720551242e-11
0.645267225	2.5287430762875715e-11
0.646422652	2.4925508270237285e-11
0.647578079	2.5270799673810127e-11
0.648733507	2.4912674850397605e-11
0.649888934	2.4395146959393246e-11
0.651044361	2.5780584924679976e-11
0.652199789	2.573221401144853e-11
0.653355216	2.597323376053528e-11
0.654510644	2.5674741837174706e-11
0.655666071	2.1829769672875433e-11
0.656821498	2.1539364115082713e-11
0.657976926	2.570150544961083e-11
0.659132353	2.5612964578198257e-11
0.66028778	2.5798050852323087e-11
0.661443208	2.6048122740384278e-11
0.662598635	2.5705123040432695e-11
0.663754062	2.5029894514205855e-11
0.66490949	2.4840208508998936e-11
0.666064917	2.4707650909618436e-11
0.667220345	2.4665041946133344e-11
0.668375772	2.462426632833964e-11
0.669531199	2.4912052823931386e-11
0.670686627	2.4790511687059852e-11
0.671842054	2.4697305595643622e-11
0.672997481	2.5129255402869717e-11
0.674152909	2.5186989489815752e-11
0.675308336	2.5177446259204163e-11
0.676463763	2.5435620922700906e-11
0.677619191	2.5384369034596282e-11
0.678774618	2.5166544386177664e-11
0.679930046	2.498394623942474e-11
0.681085473	2.507638298118502e-11
0.6822409	2.4965596394150243e-11
0.683396328	2.4599630707974368e-11
0.684551755	2.439897736232642e-11
0.685707182	2.4288534522232015e-11
0.68686261	2.4680723607138934e-11
0.688018037	2.5124459248036987e-11
0.689173464	2.515934195974824e-11
0.690328892	2.5144446015252232e-11
0.691484319	2.492773448493698e-11
0.692639747	2.4522892015580346e-11
0.693795174	2.4120603141010157e-11
0.694950601	2.3735747438868772e-11
0.696106029	2.3432442972314796e-11
0.697261456	2.299101540189164e-11
0.698416883	2.215076922453042e-11
0.699572311	2.15070349981579e-11
0.700727738	2.0870044883299e-11
0.701883166	2.0321464683516565e-11
0.703038593	2.0288202505385396e-11
0.70419402	2.04086305456606e-11
0.705349448	2.0608891043807272e-11
0.706504875	2.059762903547973e-11
0.707660302	2.0857113219323447e-11
0.70881573	2.0903601686302608e-11
0.709971157	2.122026339804068e-11
0.711126584	2.1313256698852637e-11
0.712282012	2.1268274197478117e-11
0.713437439	2.121589282441649e-11
0.714592867	2.0818792995194375e-11
0.715748294	2.0799739267678457e-11
0.716903721	1.9669398545757622e-11
0.718059149	1.8175187396024502e-11
0.719214576	1.6283203634000453e-11
0.720370003	1.5287998645773488e-11
0.721525431	1.472447503546881e-11
0.722680858	1.377859527063023e-11
0.723836285	1.259320337835124e-11
0.724991713	1.1357725064194174e-11
0.72614714	1.0282424070888875e-11
0.727302568	9.745269547970317e-12
0.728457995	9.770016467241703e-12
0.729613422	1.0538493647307037e-11
0.73076885	1.164311838597354e-11
0.731924277	1.2925440355792764e-11
0.733079704	1.4062096317442318e-11
0.734235132	1.4996579848547934e-11
0.735390559	1.5450549483007648e-11
0.736545986	1.6352396153024666e-11
0.737701414	1.7135679227630465e-11
0.738856841	1.7516688181492082e-11
0.740012269	1.8324818032532768e-11
0.741167696	1.8412524086874848e-11
0.742323123	1.8994350076427783e-11
0.743478551	1.9991036490732457e-11
0.744633978	1.97152485979099e-11
0.745789405	1.9604707556693698e-11
0.746944833	1.9952094218630133e-11
0.74810026	1.9628917574343387e-11
0.749255687	1.9462001088596057e-11
0.750411115	1.945550252290101e-11
0.751566542	1.9125172531238706e-11
0.75272197	1.9426660018954926e-11
0.753877397	1.9769708862481482e-11
0.755032824	1.963264973314069e-11
0.756188252	1.934109834504437e-11
0.757343679	1.9281383589217214e-11
0.758499106	1.985188212453511e-11
0.759654534	2.1030642860248295e-11
0.760809961	2.114760063289137e-11
0.761965388	1.9958723719154244e-11
0.763120816	1.966797441442115e-11
0.764276243	1.901986963593148e-11
0.765431671	1.8005848271826838e-11
0.766587098	1.7494065985222238e-11
0.767742525	1.7724560341930128e-11
0.768897953	1.800491523212751e-11
0.77005338	1.8000151789495013e-11
0.771208807	1.783168023758214e-11
0.772364235	1.7553420605748347e-11
0.773519662	1.751752299856257e-11
0.774675089	1.7108882902994107e-11
0.775830517	1.713849473508911e-11
0.776985944	1.674088744737621e-11
0.778141372	1.626321359771589e-11
0.779296799	1.619430591786319e-11
0.780452226	1.5249792989619852e-11
0.781607654	1.4708025637834887e-11
0.782763081	1.4014116617177486e-11
0.783918508	1.3400231596045248e-11
0.785073936	1.2932580605384011e-11
0.786229363	1.2736860909043533e-11
0.78738479	1.2589485930365877e-11
0.788540218	1.264934310577879e-11
0.789695645	1.2515516913938923e-11
0.790851073	1.2492030414453604e-11
0.7920065	1.2252200692627377e-11
0.793161927	1.2123822168231437e-11
0.794317355	1.227079935278977e-11
0.795472782	1.2463967088878468e-11
0.796628209	1.2644576394076975e-11
0.797783637	1.275745333587136e-11
0.798939064	1.2858395486269396e-11
0.800094492	1.281299557635963e-11
0.801249919	1.3203742550048816e-11
0.802405346	1.3470365327442086e-11
0.803560774	1.369009532710526e-11
0.804716201	1.3896525376325575e-11
0.805871628	1.447139446376062e-11
0.807027056	1.489094464804295e-11
0.808182483	1.4947035253402566e-11
0.80933791	1.478133499048438e-11
0.810493338	1.496041869415529e-11
0.811648765	1.528713436406505e-11
0.812804193	1.5452431929259935e-11
0.81395962	1.5394841896434317e-11
0.815115047	1.518082147688728e-11
0.816270475	1.5061156248129387e-11
0.817425902	1.5139887072654176e-11
0.818581329	1.493099345709593e-11
0.819736757	1.4904688202589683e-11
0.820892184	1.60385106553923e-11
0.822047611	1.560716975534107e-11
0.823203039	1.4627233944695465e-11
0.824358466	1.5881492588939555e-11
0.825513894	1.5691290952568554e-11
0.826669321	1.605365704931086e-11
0.827824748	1.5588688953730467e-11
0.828980176	1.544371370851087e-11
0.830135603	1.5593584987233727e-11
0.83129103	1.5537617122522848e-11
0.832446458	1.5257843352411113e-11
0.833601885	1.471099010301793e-11
0.834757312	1.4558904094352066e-11
0.83591274	1.4138381577017469e-11
0.837068167	1.3630881470123211e-11
0.838223595	1.2955111138670697e-11
0.839379022	1.2630297572443208e-11
0.840534449	1.2686579697949482e-11
0.841689877	1.2550961088305831e-11
0.842845304	1.3005724633455471e-11
0.844000731	1.2775074737870473e-11
0.845156159	1.3341646303668055e-11
0.846311586	1.3615523898628008e-11
0.847467013	1.3369216903071383e-11
0.848622441	1.4310246487405318e-11
0.849777868	1.2510493214675914e-11
0.850933296	1.2525467724370765e-11
0.852088723	1.2847799722872028e-11
0.85324415	1.2199267685625087e-11
0.854399578	9.519435486155071e-12
0.855555005	9.69246422823481e-12
0.856710432	9.882960510985284e-12
0.85786586	9.14788629410222e-12
0.859021287	8.029987779054447e-12
0.860176714	6.858363980849125e-12
0.861332142	7.005884648181859e-12
0.862487569	6.544028340974248e-12
0.863642997	6.452775088335849e-12
0.864798424	6.518428581737045e-12
0.865953851	6.321384611223591e-12
0.867109279	6.314750185588465e-12
0.868264706	7.705444298172466e-12
0.869420133	8.216990889180521e-12
0.870575561	8.937571837783854e-12
0.871730988	9.24354775767605e-12
0.872886415	9.567835864024466e-12
0.874041843	9.558413761033983e-12
0.87519727	8.88395950957411e-12
0.876352698	9.027378054093506e-12
0.877508125	8.763590420081834e-12
0.878663552	7.636163406741444e-12
0.87981898	6.397406345098911e-12
0.880974407	4.919868846853638e-12
0.882129834	3.666507218025255e-12
0.883285262	2.90504589086074e-12
0.884440689	2.6453079885251516e-12
0.885596116	2.4598288453920133e-12
0.886751544	2.2336019145684548e-12
0.887906971	2.3528431751454268e-12
0.889062399	2.41036283695253e-12
0.890217826	2.539569640280318e-12
0.891373253	2.608537905450606e-12
0.892528681	2.639269393787614e-12
0.893684108	2.729371891011401e-12
0.894839535	2.8461021192241986e-12
0.895994963	3.1110716078230886e-12
0.89715039	3.4443464072384482e-12
0.898305817	3.7111050445718e-12
0.899461245	3.911728947088836e-12
0.900616672	4.197521654508118e-12
0.9017721	4.375724688109925e-12
0.902927527	5.606544341909003e-12
0.904082954	6.716096213251374e-12
0.905238382	7.493122998911386e-12
0.906393809	7.893665265662344e-12
0.907549236	8.628711673949158e-12
0.908704664	9.124534020022325e-12
0.909860091	9.537284432584462e-12
0.911015519	9.882826285579861e-12
0.912170946	9.992565243432842e-12
0.913326373	9.87186384874281e-12
0.914481801	1.0338018702514398e-11
0.915637228	1.0194477395839232e-11
0.916792655	1.072947280600729e-11
0.917948083	1.0811413641533696e-11
0.91910351	1.1102049991318983e-11
0.920258937	1.1194873042441898e-11
0.921414365	1.0667209380504713e-11
0.922569792	1.0297852013402593e-11
0.92372522	1.060595265629633e-11
0.924880647	1.1236368909330658e-11
0.926036074	1.1309886148980442e-11
0.927191502	1.1974315928413603e-11
0.928346929	1.2137059920329083e-11
0.929502356	1.1973310861654067e-11
0.930657784	1.1352514769895522e-11
0.931813211	1.0447269859306586e-11
0.932968638	1.0322747890398376e-11
0.934124066	9.707854533437282e-12
0.935279493	1.0398375120730723e-11
0.936434921	1.082831481594479e-11
0.937590348	1.0993725336087482e-11
0.938745775	1.2188270880546109e-11
0.939901203	1.3013462326971934e-11
0.94105663	1.2038152442977049e-11
0.942212057	1.1542521617050541e-11
0.943367485	1.0744877843528735e-11
0.944522912	1.0300084766240927e-11
0.945678339	1.0729664326153948e-11
0.946833767	1.119139623667113e-11
0.947989194	1.0801942437982312e-11
0.949144622	1.092729595489169e-11
0.950300049	1.0734252615493421e-11
0.951455476	1.1587324040021024e-11
0.952610904	1.0836086899210213e-11
0.953766331	1.132245113951631e-11
0.954921758	1.0515043150598306e-11
0.956077186	1.0970374718049283e-11
0.957232613	1.1246185515864112e-11
0.95838804	1.0885145327829446e-11
0.959543468	1.0551117545611765e-11
0.960698895	1.0694033556751396e-11
0.961854323	1.024221645388947e-11
0.96300975	9.948625467636135e-12
0.964165177	9.853001641373551e-12
0.965320605	9.595178940504548e-12
0.966476032	9.372332248864615e-12
0.967631459	9.847955037118269e-12
0.968786887	9.832877379683564e-12
0.969942314	9.824142792080867e-12
0.971097741	0.
0.972253169	0.
0.973408596	0.
0.974564024	0.
0.975719451	0.
0.976874878	0.
0.978030306	0.
0.979185733	0.
0.98034116	0.
0.981496588	0.
0.982652015	0.
0.983807442	0.
0.98496287	0.
0.986118297	0.
0.987273725	0.
0.988429152	0.
0.989584579	0.
0.990740007	0.
0.991895434	0.
0.993050861	0.
0.994206289	0.
0.995361716	0.
0.996517143	0.
0.997672571	2.5490932349689576e-12
0.998827998	2.5750138361542625e-12
0.999983426	2.481100593427291e-12
1.001138853	2.3890354287106768e-12
1.00229428	2.215913389113115e-12
1.003449708	2.085015638172666e-12
1.004605135	1.9354570072175763e-12
1.005760562	1.878896602185461e-12
1.00691599	1.883900665525517e-12
1.008071417	1.965019760258714e-12
1.009226845	2.0752874255530545e-12
1.010382272	2.1699192828404194e-12
1.011537699	2.2750994159918754e-12
1.012693127	2.4478351462268005e-12
1.013848554	2.6289306179514395e-12
1.015003981	2.76307438267009e-12
1.016159409	2.873396073636346e-12
1.017314836	3.004691597189085e-12
1.018470263	3.1256532700166645e-12
1.019625691	3.2328959278244443e-12
1.020781118	3.3291974192527856e-12
1.021936546	3.417721923811724e-12
1.023091973	3.506473972800942e-12
1.0242474	3.5987862963637554e-12
1.025402828	3.695344796860325e-12
1.026558255	3.798928935958638e-12
1.027713682	3.9097777428456634e-12
1.02886911	4.033738227591176e-12
1.030024537	4.175094247454249e-12
1.031179964	4.338398067490732e-12
1.032335392	4.542151738261805e-12
1.033490819	4.7721632190199195e-12
1.034646247	5.0205785707244476e-12
1.035801674	5.279607687214636e-12
1.036957101	5.534087807718294e-12
1.038112529	5.791118253939071e-12
1.039267956	6.0543034974074776e-12
1.040423383	6.3281254536678895e-12
1.041578811	6.623739671224605e-12
1.042734238	6.9197647591779254e-12
1.043889665	7.201854772437854e-12
1.045045093	7.45204944416185e-12
1.04620052	7.650018281701329e-12
1.047355948	7.810211947899693e-12
1.048511375	7.938053570673938e-12
1.049666802	8.042649336177458e-12
1.05082223	8.133282196884301e-12
1.051977657	8.209112389105926e-12
1.053133084	8.274089830368991e-12
1.054288512	8.332049827210647e-12
1.055443939	8.386095930809267e-12
1.056599366	8.438185926560736e-12
1.057754794	8.48944598733866e-12
1.058910221	8.542897894574352e-12
1.060065649	8.59534146598119e-12
1.061221076	8.639520249457831e-12
1.062376503	8.61578003148064e-12
1.063531931	8.583514747435704e-12
1.064687358	8.554164806505873e-12
1.065842785	8.49984696152005e-12
1.066998213	8.420927907424953e-12
1.06815364	8.315839415749625e-12
1.069309067	8.195051283187445e-12
1.070464495	8.069779600546235e-12
1.071619922	7.94969859778776e-12
1.07277535	7.848116398028181e-12
1.073930777	7.761286110151224e-12
1.075086204	7.686225246078518e-12
1.076241632	7.620530846296754e-12
1.077397059	7.56083736092721e-12
1.078552486	7.503409383610305e-12
1.079707914	7.444532735429994e-12
1.080863341	7.379304844744375e-12
1.082018768	7.302114354066151e-12
1.083174196	7.219374704245843e-12
1.084329623	7.1336591474998745e-12
1.085485051	7.049948820668995e-12
1.086640478	6.971895682816995e-12
1.087795905	6.885579370062423e-12
1.088951333	6.784252544836411e-12
1.09010676	6.654535013948523e-12
1.091262187	6.492426146283572e-12
1.092417615	6.32204756557741e-12
1.093573042	6.156515917813608e-12
1.094728469	6.019325853643749e-12
1.095883897	5.915473242227554e-12
1.097039324	5.8272892155396725e-12
1.098194752	5.745448258683796e-12
1.099350179	5.6602483331019094e-12
1.100505606	5.558183235885516e-12
1.101661034	5.425306450598607e-12
1.102816461	5.2504083600508974e-12
1.103971888	5.012515110148868e-12
1.105127316	4.724835031366288e-12
1.106282743	4.403388606538111e-12
1.107438171	4.05558290153177e-12
1.108593598	3.678743172432687e-12
1.109749025	3.2854884569556797e-12
1.110904453	2.889784907459712e-12
1.11205988	2.511283716892951e-12
1.113215307	2.201585445411412e-12
1.114370735	1.93669615654603e-12
1.115526162	1.706586474666114e-12
1.116681589	1.503649124915431e-12
1.117837017	1.3108925818288606e-12
1.118992444	1.143967901901193e-12
1.120147872	1.0029525104584212e-12
1.121303299	8.721858879103563e-13
1.122458726	7.255388578462818e-13
1.123614154	5.821332390549197e-13
1.124769581	4.528933579073042e-13
1.125925008	3.507073051260816e-13
1.127080436	2.845466973466633e-13
1.128235863	2.48205335507771e-13
1.12939129	2.3551659349252276e-13
1.130546718	2.4350458588229356e-13
1.131702145	2.6783949488421927e-13
1.132857573	2.990776244446787e-13
1.134013	3.3006528307554957e-13
1.135168427	3.4897495647105e-13
1.136323855	3.5569762547077415e-13
1.137479282	3.577963034529294e-13
1.138634709	3.58349421379012e-13
1.139790137	3.629486793063331e-13
1.140945564	3.6949684022408224e-13
1.142100991	3.739181489438285e-13
1.143256419	3.728888437558517e-13
1.144411846	3.608760033294906e-13
1.145567274	3.3672835608129386e-13
1.146722701	3.012270590294296e-13
1.147878128	2.566020690976818e-13
1.149033556	2.0529058499907666e-13
1.150188983	1.5528561026253963e-13
1.15134441	1.1215806914957354e-13
1.152499838	7.911863937987841e-14
1.153655265	5.819141253823585e-14
1.154810692	4.5048872084526524e-14
1.15596612	3.70211992151841e-14
1.157121547	3.202756678710181e-14
1.158276975	2.843094532435986e-14
1.159432402	2.612790749565212e-14
1.160587829	2.4892844503847903e-14
1.161743257	2.435796454344372e-14
1.162898684	2.4556259406126732e-14
1.164054111	2.7219217465528645e-14
1.165209539	3.3270802452205326e-14
1.166364966	4.33923142208284e-14
1.167520393	5.827458024257372e-14
1.168675821	7.869353132610482e-14
1.169831248	1.0485733406316886e-13
1.170986676	1.3850455264191195e-13
1.172142103	1.7753534770028892e-13
1.17329753	2.1646499517306955e-13
1.174452958	2.516765709564736e-13
1.175608385	2.7779753167982133e-13
1.176763812	2.94298954831403e-13
1.17791924	3.0288836994786234e-13
1.179074667	3.0459484563979113e-13
1.180230094	3.004523111076909e-13
1.181385522	2.930535899698347e-13
1.182540949	2.852528593337928e-13
1.183696377	2.7978835188146084e-13
1.184851804	2.797313797457507e-13
1.186007231	2.8636825718286725e-13
1.187162659	3.0061632375658687e-13
1.188318086	3.231576535748412e-13
1.189473513	3.5479189970589673e-13
1.190628941	3.927192978407282e-13
1.191784368	4.349916977351325e-13
1.192939795	4.798867945194222e-13
1.194095223	5.256194827817152e-13
1.19525065	5.743582093257006e-13
1.196406078	6.279155440469534e-13
1.197561505	6.890905845364136e-13
1.198716932	7.618887364710334e-13
1.19987236	8.46120759449864e-13
1.201027787	9.405686025457843e-13
1.202183214	1.040139206307916e-12
1.203338642	1.1370835215053177e-12
1.204494069	1.2291874634060339e-12
1.205649497	1.3145595958171516e-12
1.206804924	1.3922368982325585e-12
1.207960351	1.4644631135854724e-12
1.209115779	1.5362725656141918e-12
1.210271206	1.611575684929117e-12
1.211426633	1.7015922400410519e-12
1.212582061	1.8039143248186378e-12
1.213737488	1.905709315182489e-12
1.214892915	1.9965926253118846e-12
1.216048343	2.0506960236517407e-12
1.21720377	2.0756180962161513e-12
1.218359198	2.0877247288221393e-12
1.219514625	2.0976788298303367e-12
1.220670052	2.1275231099596007e-12
1.22182548	2.1653670177845693e-12
1.222980907	2.2002382662461626e-12
1.224136334	2.223976849688694e-12
1.225291762	2.2209076237381767e-12
1.226447189	2.2032780275587317e-12
1.227602616	2.1800076092540402e-12
1.228758044	2.1592252968142152e-12
1.229913471	2.1510112439795784e-12
1.231068899	2.1561839009669855e-12
1.232224326	2.1773623299774067e-12
1.233379753	2.216320968933365e-12
1.234535181	2.2734117589555698e-12
1.235690608	2.3515811208247e-12
1.236846035	2.4521320582561175e-12
1.238001463	2.579808356452332e-12
1.23915689	2.7379918891316283e-12
1.240312317	2.9112972762025493e-12
1.241467745	3.088698226441135e-12
1.242623172	3.25005245526207e-12
1.2437786	3.3815656945300958e-12
1.244934027	3.4903175870118356e-12
1.246089454	3.576745198672523e-12
1.247244882	3.647762869207786e-12
1.248400309	3.703720905203673e-12
1.249555736	3.738808234845892e-12
1.250711164	3.751543453563772e-12
1.251866591	3.736927423128268e-12
1.253022018	3.699265206734964e-12
1.254177446	3.646148873766348e-12
1.255332873	3.5834532859025183e-12
1.256488301	3.520598933106332e-12
1.257643728	3.45868579268277e-12
1.258799155	3.398664948733521e-12
1.259954583	3.3427331083062618e-12
1.26111001	3.290621820590145e-12
1.262265437	3.2495679447776314e-12
1.263420865	3.2250272564648435e-12
1.264576292	3.2221119133497376e-12
1.265731719	3.2502079726321416e-12
1.266887147	3.2961022217413407e-12
1.268042574	3.349220210751651e-12
1.269198002	3.3948623759036368e-12
1.270353429	3.4137998794024242e-12
1.271508856	3.422210355987699e-12
1.272664284	3.427548359060172e-12
1.273819711	3.4396386248125265e-12
1.274975138	3.46651026708545e-12
1.276130566	3.496655731732828e-12
1.277285993	3.5254720401102846e-12
1.27844142	3.5499914149513896e-12
1.279596848	3.565334254127621e-12
1.280752275	3.5609031166928797e-12
1.281907703	3.5295397731746614e-12
1.28306313	3.457101261879281e-12
1.284218557	3.3466436894659067e-12
1.285373985	3.218712038243159e-12
1.286529412	3.0840493732911083e-12
1.287684839	2.9602656548662448e-12
1.288840267	2.846709413371442e-12
1.289995694	2.7362960379149887e-12
1.291151121	2.6280123105710883e-12
1.292306549	2.5183666502359294e-12
1.293461976	2.41194082961738e-12
1.294617404	2.3127992696964265e-12
1.295772831	2.2224937890763263e-12
1.296928258	2.142872487274471e-12
1.298083686	2.0707155245742513e-12
1.299239113	2.0029291354982174e-12
1.30039454	1.936372045528608e-12
1.301549968	1.8658896635874146e-12
1.302705395	1.7935280829562224e-12
1.303860823	1.7206312137309613e-12
1.30501625	1.6495382470661704e-12
1.306171677	1.5851000086775445e-12
1.307327105	1.5209015737291483e-12
1.308482532	1.4533931200663955e-12
1.309637959	1.3780019294431527e-12
1.310793387	1.2901603592735465e-12
1.311948814	1.197053307753481e-12
1.313104241	1.1027627456045022e-12
1.314259669	1.0116193509008737e-12
1.315415096	9.280352273513627e-13
1.316570524	8.554732871821279e-13
1.317725951	7.966794625935936e-13
1.318881378	7.5650180489394e-13
1.320036806	7.348416182995601e-13
1.321192233	7.238521686265513e-13
1.32234766	7.188389432895857e-13
1.323503088	7.113962187581232e-13
1.324658515	6.991641786310609e-13
1.325813942	6.840791657903879e-13
1.32696937	6.656491207823815e-13
1.328124797	6.431243083670058e-13
1.329280225	6.158139655941899e-13
1.330435652	5.839214199728065e-13
1.331591079	5.489210002590144e-13
1.332746507	5.186640646492409e-13
1.333901934	4.909191292202173e-13
1.335057361	4.6204847256532e-13
1.336212789	4.291934226066642e-13
1.337368216	3.853687094471978e-13
1.338523643	3.3755975353321766e-13
1.339679071	2.899920635378469e-13
1.340834498	2.4490940390133826e-13
1.341989926	2.043033690785912e-13
1.343145353	1.6782006080871104e-13
1.34430078	1.3572840305731473e-13
1.345456208	1.0958395665174902e-13
1.346611635	9.27927046965322e-14
1.347767062	8.251077195385787e-14
1.34892249	7.873712608604608e-14
1.350077917	8.022498276721865e-14
1.351233344	8.278165305965967e-14
1.352388772	9.180925250717145e-14
1.353544199	1.1290657848861444e-13
1.354699627	1.5969960659038655e-13
1.355855054	2.700580100653843e-13
1.357010481	5.676432613515408e-13
1.358165909	1.4171422813378105e-12
1.359321336	-2.95084192809462e-10
1.360476763	-1.2839277925873604e-12
1.361632191	-7.046360629963973e-13
1.362787618	-4.938375908553973e-13
1.363943045	-4.536209839153619e-13
1.365098473	-4.884455836180442e-13
1.3662539	-4.724578129833235e-13
1.367409328	-3.37964236340428e-13
1.368564755	-1.0007565346499341e-13
1.369720182	4.2622943057839306e-14
1.37087561	9.728500813880744e-14
1.372031037	9.93087771180641e-14
1.373186464	3.6630825022932534e-14
1.374341892	-5.0803918072648596e-14
1.375497319	-1.4138935576731984e-13
1.376652746	-2.1089490968593161e-13
1.377808174	-1.855937111085737e-13
1.378963601	-7.687171340548086e-14
1.380119029	1.1857615551965383e-13
1.381274456	3.628903952414881e-13
1.382429883	4.945105244734547e-13
1.383585311	5.368714903379814e-13
1.384740738	5.293045196653346e-13
1.385896165	5.165696235529803e-13
1.387051593	6.154684120628745e-13
1.38820702	1.7205772095660808e-13
1.389362447	3.3210619316169976e-13
1.390517875	3.2189772845057915e-13
1.391673302	2.6095102815169425e-13
1.39282873	1.8877408541596128e-13
1.393984157	1.127703529289361e-13
1.395139584	1.4081870960771373e-13
1.396295012	4.480822986993213e-13
1.397450439	8.867871860268857e-13
1.398605866	9.223623167298988e-13
1.399761294	5.449359402371706e-13
1.400916721	3.2339943566229053e-13
1.402072149	2.1435584326487021e-13
1.403227576	1.4536327514503448e-13
1.404383003	9.154002744306449e-14
1.405538431	3.147341652333927e-14
1.406693858	-3.739221707593732e-14
1.407849285	-9.40024969222136e-14
1.409004713	-8.758245341194848e-14
1.41016014	-4.7431141830167476e-14
1.411315567	-8.740136417726399e-15
1.412470995	1.7976827259490266e-14
1.413626422	3.0916878978691935e-14
1.41478185	4.072185020621213e-14
1.415937277	5.1574192531107613e-14
1.417092704	6.602459729008993e-14
1.418248132	8.857984215998804e-14
1.419403559	1.156975464203254e-13
1.420558986	1.4310852060989762e-13
1.421714414	1.6387771375837372e-13
1.422869841	1.7240933947179296e-13
1.424025268	1.7643074638278352e-13
1.425180696	1.7936131647866751e-13
1.426336123	1.8339795037043677e-13
1.427491551	1.8982433845602636e-13
1.428646978	1.9895145095447462e-13
1.429802405	2.1149514952569523e-13
1.430957833	2.285564223053139e-13
1.43211326	2.5138536570259857e-13
1.433268687	2.8062972859762374e-13
1.434424115	3.1692983994338965e-13
1.435579542	3.6105999601389986e-13
1.436734969	4.1119534639659566e-13
1.437890397	4.630560126338787e-13
1.439045824	5.117534886847378e-13
1.440201252	5.516720081196988e-13
1.441356679	5.783036748961127e-13
1.442512106	5.896186980649236e-13
1.443667534	5.861775724652183e-13
1.444822961	5.665730282759625e-13
1.445978388	5.42900256360525e-13
1.447133816	5.239545801884378e-13
1.448289243	5.140073614314398e-13
1.44944467	5.185006972113949e-13
1.450600098	5.308818456120994e-13
1.451755525	5.464784032802036e-13
1.452910953	5.616198935947817e-13
1.45406638	5.725130777791387e-13
1.455221807	5.804293872212607e-13
1.456377235	5.86286269020099e-13
1.457532662	5.904988734722232e-13
1.458688089	5.931922639861475e-13
1.459843517	5.97564472144993e-13
1.460998944	6.05037155976208e-13
1.462154371	6.180148019925865e-13
1.463309799	6.38650457960759e-13
1.464465226	6.622420408190783e-13
1.465620654	6.869712813076953e-13
1.466776081	7.094563057083244e-13
1.467931508	7.267027110452071e-13
1.469086936	7.386466429314342e-13
1.470242363	7.415988060904562e-13
1.47139779	7.318928747591026e-13
1.472553218	7.086995591748792e-13
1.473708645	6.749286321308267e-13
1.474864072	6.35917774093893e-13
1.4760195	5.92743089560211e-13
1.477174927	5.523040353571895e-13
1.478330355	5.216701029309334e-13
1.479485782	5.031724398048928e-13
1.480641209	5.003038959979435e-13
1.481796637	5.102020141940407e-13
1.482952064	5.296968940118409e-13
1.484107491	5.566384126414734e-13
1.485262919	5.893877340160783e-13
1.486418346	6.229537205236334e-13
1.487573773	6.524480166723722e-13
1.488729201	6.73628768442573e-13
1.489884628	6.818159589904968e-13
1.491040056	6.819943813528415e-13
1.492195483	6.775421455167679e-13
1.49335091	6.711512870529952e-13
1.494506338	6.655237347683422e-13
1.495661765	6.585008490670788e-13
1.496817192	6.496616727531858e-13
1.49797262	6.381978424092227e-13
1.499128047	6.235781987918399e-13
1.500283475	6.105195357746235e-13
1.501438902	6.010134478124726e-13
1.502594329	5.978471606130088e-13
1.503749757	6.024830880350017e-13
1.504905184	6.105683137299992e-13
1.506060611	6.200197093021497e-13
1.507216039	6.274326465901398e-13
1.508371466	6.309232168633058e-13
1.509526893	6.318185977443491e-13
1.510682321	6.304332866060477e-13
1.511837748	6.267836072879653e-13
1.512993176	6.22141808445418e-13
1.514148603	6.185026030533796e-13
1.51530403	6.172683788359404e-13
1.516459458	6.212730962877724e-13
1.517614885	6.296053302797237e-13
1.518770312	6.403381149970644e-13
1.51992574	6.522308171259258e-13
1.521081167	6.625333966221983e-13
1.522236594	6.721979269111806e-13
1.523392022	6.822983617855055e-13
1.524547449	6.935832751053188e-13
1.525702877	7.077262367990026e-13
1.526858304	7.235107229389206e-13
1.528013731	7.400003602353233e-13
1.529169159	7.563173175477257e-13
1.530324586	7.711121144581333e-13
1.531480013	7.84930147867065e-13
1.532635441	7.980512027928111e-13
1.533790868	8.107972180422594e-13
1.534946295	8.236409612587393e-13
1.536101723	8.37329694373262e-13
1.53725715	8.525932801255246e-13
1.538412578	8.699991171128487e-13
1.539568005	8.900493946024413e-13
1.540723432	9.137838917083236e-13
1.54187886	9.41855884618564e-13
1.543034287	9.76017852572953e-13
1.544189714	1.0165022651127855e-12
1.545345142	1.0591852343053048e-12
1.546500569	1.101527209457928e-12
1.547655996	1.1377788869608782e-12
1.548811424	1.1675090722694766e-12
1.549966851	1.1960811252504594e-12
1.551122279	1.2261074409239476e-12
1.552277706	1.2641811729249066e-12
1.553433133	1.3087364155421553e-12
1.554588561	1.3547099180753229e-12
1.555743988	1.399003914738449e-12
1.556899415	1.436447920754662e-12
1.558054843	1.4660900347549429e-12
1.55921027	1.4876947331990274e-12
1.560365697	1.5005738339810442e-12
1.561521125	1.502563342253549e-12
1.562676552	1.4990488776645e-12
1.56383198	1.4951684063538522e-12
1.564987407	1.4956999097097618e-12
1.566142834	1.5068150895093698e-12
1.567298262	1.527545010811939e-12
1.568453689	1.557679678927748e-12
1.569609116	1.5982117295501015e-12
1.570764544	1.6518315852220938e-12
1.571919971	1.7077503278650395e-12
1.573075398	1.7564895490708299e-12
1.574230826	1.782861927033306e-12
1.575386253	1.771852002662979e-12
1.576541681	1.7418080297137573e-12
1.577697108	1.703330632172918e-12
1.578852535	1.6707396025758994e-12
1.580007963	1.6542165648541445e-12
1.58116339	1.6491093752812722e-12
1.582318817	1.656058104725862e-12
1.583474245	1.6744766864842142e-12
1.584629672	1.7035025163966233e-12
1.585785099	1.742618307257313e-12
1.586940527	1.7904097564448046e-12
1.588095954	1.8468293764258225e-12
1.589251382	1.908614851089635e-12
1.590406809	1.9699436023582273e-12
1.591562236	2.0254776701731958e-12
1.592717664	2.064935573439601e-12
1.593873091	2.090013141867048e-12
1.595028518	2.106058207243004e-12
1.596183946	2.116766925588182e-12
1.597339373	2.1294513877034654e-12
1.5984948	2.1423781265680034e-12
1.599650228	2.1537023332407583e-12
1.600805655	2.1623075990420115e-12
1.601961083	2.1660987086222414e-12
1.60311651	2.1643357554564073e-12
1.604271937	2.1559170846907984e-12
1.605427365	2.139158329865464e-12
1.606582792	2.111509143756252e-12
1.607738219	2.0759847481488e-12
1.608893647	2.034115669681716e-12
1.610049074	1.9888287147197596e-12
1.611204502	1.9434631730519207e-12
1.612359929	1.8854131692687975e-12
1.613515356	1.808175212564333e-12
1.614670784	1.7034795898973151e-12
1.615826211	1.5690632880311684e-12
1.616981638	1.4226462541993638e-12
1.618137066	1.2730973014100228e-12
1.619292493	1.1289670245814328e-12
1.62044792	9.943082954167864e-13
1.621603348	8.68395767653736e-13
1.622758775	7.525160781540113e-13
1.623914203	6.487582482410532e-13
1.62506963	5.570208077237406e-13
1.626225057	4.75581215155001e-13
1.627380485	4.037470300360337e-13
1.628535912	3.4033433310426e-13
1.629691339	2.8535746955202386e-13
1.630846767	2.388426564549879e-13
1.632002194	2.0027114412899656e-13
1.633157621	1.6842195669016946e-13
1.634313049	1.4337996089860935e-13
1.635468476	1.2521083923920056e-13
1.636623904	1.1379047461296874e-13
1.637779331	1.1005842335084338e-13
1.638934758	1.1113870021176586e-13
1.640090186	1.1437021824837907e-13
1.641245613	1.1711754840607876e-13
1.64240104	1.1592257452751111e-13
1.643556468	1.110704798967517e-13
1.644711895	1.0257810452220407e-13
1.645867322	9.058068463993666e-14
1.64702275	7.55694409293074e-14
1.648178177	6.018709332978491e-14
1.649333605	4.636151095156909e-14
1.650489032	3.6074351999390195e-14
1.651644459	3.085979930780683e-14
1.652799887	2.97801461508993e-14
1.653955314	3.256091974802112e-14
1.655110741	3.91518366513466e-14
1.656266169	4.872590835112658e-14
1.657421596	5.874779953363819e-14
1.658577023	6.751602413907218e-14
1.659732451	7.236893603716153e-14
1.660887878	7.274335200944446e-14
1.662043306	7.054423617384782e-14
1.663198733	6.662550384793846e-14
1.66435416	6.250305688652656e-14
1.665509588	5.8820084678267e-14
1.666665015	5.5824692378898554e-14
1.667820442	5.409604293388661e-14
1.66897587	5.44804166633737e-14
1.670131297	5.671099729117265e-14
1.671286724	6.023757034092559e-14
1.672442152	6.459500316672738e-14
1.673597579	6.90218607015032e-14
1.674753007	7.363935659450271e-14
1.675908434	7.84965698995917e-14
1.677063861	8.360339385286929e-14
1.678219289	8.938074263628445e-14
1.679374716	9.466162302380213e-14
1.680530143	9.843356983584907e-14
1.681685571	9.953195562023998e-14
1.682840998	9.647552635554679e-14
1.683996425	9.076927982983553e-14
1.685151853	8.34059162575162e-14
1.68630728	7.548324073303479e-14
1.687462708	6.806208775767542e-14
1.688618135	6.101406033249909e-14
1.689773562	5.453272177248921e-14
1.69092899	4.880109694548014e-14
1.692084417	4.388261009768141e-14
1.693239844	3.9559437978631693e-14
1.694395272	3.567206290974965e-14
1.695550699	3.2011823637483156e-14
1.696706126	2.8413266541591376e-14
1.697861554	2.4822344443123942e-14
1.699016981	2.1184171388765555e-14
1.700172409	1.7337466123065028e-14
1.701327836	1.3461876909361977e-14
1.702483263	9.922571694890121e-15
1.703638691	6.938427574825717e-15
1.704794118	4.8532345036143155e-15
1.705949545	3.632215605663897e-15
1.707104973	3.1503719935651677e-15
1.7082604	3.339225267883992e-15
1.709415828	4.076916568320808e-15
1.710571255	5.2286182924721635e-15
1.711726682	6.639372253176332e-15
1.71288211	8.154091221061594e-15
1.714037537	9.68803747823521e-15
1.715192964	1.097372803042509e-14
1.716348392	1.1801168187909219e-14
1.717503819	1.196939621566481e-14
1.718659246	1.1188174676391721e-14
1.719814674	9.83105926097296e-15
1.720970101	8.15893030393618e-15
1.722125529	6.466950353596099e-15
1.723280956	5.101275138248071e-15
1.724436383	4.091971492819518e-15
1.725591811	3.566662162989512e-15
1.726747238	3.6655300028760435e-15
1.727902665	4.471140519837042e-15
1.729058093	5.882840790081129e-15
1.73021352	7.848261183387788e-15
1.731368947	1.0312408211266732e-14
1.732524375	1.3300918259435764e-14
1.733679802	1.6893819005123028e-14
1.73483523	2.1092766490023385e-14
1.735990657	2.5769557278512812e-14
1.737146084	3.077869627882877e-14
1.738301512	3.6059533652276463e-14
1.739456939	4.1490662186291285e-14
1.740612366	4.70771360340978e-14
1.741767794	5.2579065727326555e-14
1.742923221	5.769528825489835e-14
1.744078648	6.224774687406343e-14
1.745234076	6.607225687964585e-14
1.746389503	6.910750171486588e-14
1.747544931	7.128311036120953e-14
1.748700358	7.25186250007487e-14
1.749855785	7.261478295422548e-14
1.751011213	7.190182474403654e-14
1.75216664	7.068304257772592e-14
1.753322067	6.922566136514574e-14
1.754477495	6.792596973317208e-14
1.755632922	6.645667362320292e-14
1.756788349	6.463141457697925e-14
1.757943777	6.226787745882169e-14
1.759099204	5.914707763837899e-14
1.760254632	5.551826014424481e-14
1.761410059	5.1490358108684796e-14
1.762565486	4.71693366931349e-14
1.763720914	4.2629201605023765e-14
1.764876341	3.783201443461465e-14
1.766031768	3.287554616300918e-14
1.767187196	2.7884817184651636e-14
1.768342623	2.3123460734549456e-14
1.76949805	1.8989572030518524e-14
1.770653478	1.5706867250609693e-14
1.771808905	1.3479921311725431e-14
1.772964333	1.2393536452863482e-14
1.77411976	1.2433883650520024e-14
1.775275187	1.3634492372257191e-14
1.776430615	1.6186065497403647e-14
1.777586042	1.9869639902643145e-14
1.778741469	2.417857436452408e-14
1.779896897	2.8676899776598795e-14
1.781052324	3.25226802397944e-14
1.782207751	3.5750714136737915e-14
1.783363179	3.86696489266879e-14
1.784518606	4.150018980279547e-14
1.785674034	4.448971068160941e-14
1.786829461	4.812287259681323e-14
1.787984888	5.2987290758626586e-14
1.789140316	5.986850962035721e-14
1.790295743	7.049956606215664e-14
1.79145117	8.500453416892928e-14
1.792606598	1.0365644574997673e-13
1.793762025	1.2614553498022052e-13
1.794917452	1.497983483671796e-13
1.79607288	1.7660426514114866e-13
1.797228307	2.0852922186427427e-13
1.798383735	2.494554319170389e-13
1.799539162	3.071841205972894e-13
1.800694589	3.830906197790879e-13
1.801850017	4.782912951280839e-13
1.803005444	5.852216277736202e-13
1.804160871	6.863415553229492e-13
1.805316299	7.810576986804716e-13
1.806471726	8.683816805458123e-13
1.807627154	9.555243150920484e-13
1.808782581	1.0490081698652813e-12
1.809938008	1.1441198060893849e-12
1.811093436	1.2402075175898449e-12
1.812248863	1.3356706002728535e-12
1.81340429	1.4274047717208463e-12
1.814559718	1.5101450667522045e-12
1.815715145	1.5780966298570244e-12
1.816870572	1.6228812234954935e-12
1.818026	1.6458813843983985e-12
1.819181427	1.6533162588620869e-12
1.820336855	1.649914749220848e-12
1.821492282	1.6396856377561293e-12
1.822647709	1.6266705049777492e-12
1.823803137	1.6141525073133512e-12
1.824958564	1.6050278466168925e-12
1.826113991	1.604873813232236e-12
1.827269419	1.6107149948955258e-12
1.828424846	1.6199527610890395e-12
1.829580273	1.6291975815900326e-12
1.831203559	0.
1.832409851	0.
1.833616142	0.
1.834822433	0.
1.836028725	0.
1.837235016	0.
1.838441307	0.
1.839647599	0.
1.84085389	0.
1.842060181	0.
1.843266473	0.
1.844472764	0.
1.845679055	0.
1.846885347	0.
1.848091638	0.
1.849297929	0.
1.850504221	0.
1.851710512	0.
1.852916803	0.
1.854123095	0.
1.855329386	0.
1.856535677	0.
1.857741968	0.
1.85894826	0.
1.860154551	0.
1.861360842	0.
1.862567134	0.
1.863773425	0.
1.864979716	0.
1.866186008	0.
1.867392299	0.
1.86859859	0.
1.869804882	0.
1.871011173	-7.1736066799250486e-12
1.872217464	-3.759163804697284e-12
1.873423756	-1.7283060851981937e-12
1.874630047	-1.2358148347336812e-12
1.875836338	-1.2548628413782898e-12
1.87704263	-1.7574358586107489e-12
1.878248921	-3.492219045483058e-12
1.879455212	-1.8592162005330628e-11
1.880661504	2.220101647601621e-12
1.881867795	5.026524427127073e-13
1.883074086	2.1290854885170417e-13
1.884280377	1.7081835655780422e-13
1.885486669	2.1349067976799933e-13
1.88669296	2.962277487441078e-13
1.887899251	3.833825992862229e-13
1.889105543	4.3268070230347544e-13
1.890311834	3.8876546603370187e-13
1.891518125	3.307120426320142e-13
1.892724417	3.438447113566593e-13
1.893930708	4.764998881549473e-13
1.895136999	8.544708442808637e-13
1.896343291	3.0141442401692653e-12
1.897549582	-2.519254675711003e-12
1.898755873	-1.2806671110112896e-12
1.899962165	-1.9919231254082597e-12
1.901168456	2.6889343638078647e-12
1.902374747	6.807415105360588e-13
1.903581039	4.356651260149948e-13
1.90478733	3.789843461079946e-13
1.905993621	3.9037780543344374e-13
1.907199913	4.1976581381522166e-13
1.908406204	4.422689471393192e-13
1.909612495	4.3146215671454986e-13
1.910818786	3.6853356163354975e-13
1.912025078	3.097967737018306e-13
1.913231369	2.890254083428197e-13
1.91443766	3.0222354448199923e-13
1.915643952	3.1732060126227115e-13
1.916850243	3.128478907288793e-13
1.918056534	2.821529428443333e-13
1.919262826	2.319603407344724e-13
1.920469117	1.9002865528850884e-13
1.921675408	1.7932987319350023e-13
1.9228817	1.9999467119409526e-13
1.924087991	2.3678131468558943e-13
1.925294282	2.7640563938881057e-13
1.926500574	3.0444051115664435e-13
1.927706865	2.791363876225267e-13
1.928913156	2.1701247825598268e-13
1.930119448	1.9088386102817558e-13
1.931325739	1.980444562745323e-13
1.93253203	2.139995792301257e-13
1.933738322	2.2593598365410334e-13
1.934944613	2.384002137310058e-13
1.936150904	2.1888238590686247e-13
1.937357195	1.63080383449887e-13
1.938563487	1.3279553170868593e-13
1.939769778	1.340252609558106e-13
1.940976069	1.5080169456391368e-13
1.942182361	1.653896368117092e-13
1.943388652	1.729751680555595e-13
1.944594943	1.7334450836758285e-13
1.945801235	1.628652700858354e-13
1.947007526	1.5163608149370221e-13
1.948213817	1.5557374001040996e-13
1.949420109	1.7269269465789371e-13
1.9506264	1.9233491917246633e-13
1.951832691	2.1221376408608867e-13
1.953038983	2.307703779950593e-13
1.954245274	2.2457308284627007e-13
1.955451565	1.8800056339521758e-13
1.956657857	1.6528838169093787e-13
1.957864148	1.6283468708206803e-13
1.959070439	1.6358508904018877e-13
1.960276731	1.6127052344072201e-13
1.961483022	1.60932325315376e-13
1.962689313	1.6113438390918367e-13
1.963895604	1.5873417729635426e-13
1.965101896	1.5873983364655877e-13
1.966308187	1.643962053581093e-13
1.967514478	1.7075886809899934e-13
1.96872077	1.7107755934360204e-13
1.969927061	1.6799078365252642e-13
1.971133352	1.6769600823084165e-13
1.972339644	1.7275029049761877e-13
1.973545935	1.8232027586074906e-13
1.974752226	1.9696448051209977e-13
1.975958518	2.103452974065537e-13
1.977164809	2.1254011183515072e-13
1.9783711	2.024835943262921e-13
1.979577392	1.917257539131785e-13
1.980783683	1.886737550976949e-13
1.981989974	1.925522477611227e-13
1.983196266	2.0270348225211326e-13
1.984402557	2.1803107294053042e-13
1.985608848	2.304641823377905e-13
1.98681514	2.30260123589728e-13
1.988021431	2.220449523892716e-13
1.989227722	2.1545751962561584e-13
1.990434013	2.1318869948959016e-13
1.991640305	2.1531273426600823e-13
1.992846596	2.2363126827666574e-13
1.994052887	2.3589987036322495e-13
1.995259179	2.4585126148501256e-13
1.99646547	2.5213295023913456e-13
1.997671761	2.5972889088792394e-13
1.998878053	2.720728321180817e-13
2.000084344	2.8169974660285213e-13
2.001290635	2.704182744086384e-13
2.002496927	2.2968853112058194e-13
2.003703218	1.8288423333247078e-13
2.004909509	1.508527737720343e-13
2.006115801	1.3994449164910862e-13
2.007322092	1.459901191870908e-13
2.008528383	1.596490865651759e-13
2.009734675	1.7149176333063157e-13
2.010940966	1.7902455932466637e-13
2.012147257	1.7928722474309888e-13
2.013353549	1.6771727868845485e-13
2.01455984	1.5163752246504709e-13
2.015766131	1.4069579690269926e-13
2.016972422	1.348087837478285e-13
2.018178714	1.3076866571638954e-13
2.019385005	1.2775232556493287e-13
2.020591296	1.2795550252456047e-13
2.021797588	1.3232906562661089e-13
2.023003879	1.3962558533415594e-13
2.02421017	1.4814273681302143e-13
2.025416462	1.5592843403159956e-13
2.026622753	1.6102813915629277e-13
2.027829044	1.6231017351253298e-13
2.029035336	1.6128968620890537e-13
2.030241627	1.5950961344321284e-13
2.031447918	1.5760991854886054e-13
2.03265421	1.564396777605408e-13
2.033860501	1.5639492162070963e-13
2.035066792	1.564663679909735e-13
2.036273084	1.5568428617030048e-13
2.037479375	1.5423466899735465e-13
2.038685666	1.520542642822064e-13
2.039891958	1.4858262019983875e-13
2.041098249	1.4414225624708406e-13
2.04230454	1.3908909234612687e-13
2.043510831	1.343860629749397e-13
2.044717123	1.3122605582969537e-13
2.045923414	1.304224884810592e-13
2.047129705	1.307735263062991e-13
2.048335997	1.3100416774961936e-13
2.049542288	1.3018109352023986e-13
2.050748579	1.2719223935951087e-13
2.051954871	1.2152724332692606e-13
2.053161162	1.1393186186104661e-13
2.054367453	1.0523818063891623e-13
2.055573745	9.801807542671965e-14
2.056780036	9.37841359958773e-14
2.057986327	9.194902672762447e-14
2.059192619	9.106506608216519e-14
2.06039891	9.063141973549732e-14
2.061605201	8.930757570322072e-14
2.062811493	8.553025213242425e-14
2.064017784	8.049401426801061e-14
2.065224075	7.642443159862416e-14
2.066430367	7.415703092690837e-14
2.067636658	7.2853683098985e-14
2.068842949	7.162771758298502e-14
2.070049241	7.028086102326037e-14
2.071255532	6.885956861540711e-14
2.072461823	6.680794802582783e-14
2.073668114	6.323367237244897e-14
2.074874406	5.845336822451342e-14
2.076080697	5.3939643775380014e-14
2.077286988	5.0683113057063944e-14
2.07849328	4.8473007126583236e-14
2.079699571	4.7139506435592453e-14
2.080905862	4.652092109497544e-14
2.082112154	4.6003117720359784e-14
2.083318445	4.5024246529453626e-14
2.084524736	4.377823645683535e-14
2.085731028	4.2612490638830196e-14
2.086937319	4.1559312642005403e-14
2.08814361	4.05214046400293e-14
2.089349902	3.940207100355017e-14
2.090556193	3.7973380175657543e-14
2.091762484	3.602189634102969e-14
2.092968776	3.387039708091897e-14
2.094175067	3.19937147140147e-14
2.095381358	3.062743730168673e-14
2.09658765	2.964538306960084e-14
2.097793941	2.893876943473636e-14
2.099000232	2.846036694823734e-14
2.100206523	2.817068869384715e-14
2.101412815	2.7985427094373023e-14
2.102619106	2.7903485291030036e-14
2.103825397	2.7955231217235603e-14
2.105031689	2.8145632998074298e-14
2.10623798	2.845569992164274e-14
2.107444271	2.879484435652869e-14
2.108650563	2.901625928183473e-14
2.109856854	2.901047388942022e-14
2.111063145	2.8903024742569424e-14
2.112269437	2.8849622774669004e-14
2.113475728	2.904624008862216e-14
2.114682019	2.9671363567878615e-14
2.115888311	3.063795424180083e-14
2.117094602	3.152496888622985e-14
2.118300893	3.1955647262067966e-14
2.119507185	3.2233088013544203e-14
2.120713476	3.278713074213175e-14
2.121919767	3.36679943745513e-14
2.123126059	3.461731489936999e-14
2.12433235	3.543086151224531e-14
2.125538641	3.5939373847741756e-14
2.126744932	3.593754574976691e-14
2.127951224	3.576329575221184e-14
2.129157515	3.602815488821415e-14
2.130363806	3.696650682518378e-14
2.131570098	3.8134768966283716e-14
2.132776389	3.914585769561712e-14
2.13398268	3.9995686676534326e-14
2.135188972	4.0664168338347075e-14
2.136395263	4.114654962632076e-14
2.137601554	4.1640996360928404e-14
2.138807846	4.232104880757016e-14
2.140014137	4.29685826172947e-14
2.141220428	4.333529907104829e-14
2.14242672	4.358394190266199e-14
2.143633011	4.400021056505134e-14
2.144839302	4.4846964039963817e-14
2.146045594	4.652208247486534e-14
2.147251885	4.94285431845164e-14
2.148458176	5.2817213125861154e-14
2.149664468	5.5461309515569683e-14
2.150870759	5.6432481187946496e-14
2.15207705	5.556168284790608e-14
2.153283341	5.2868012742526804e-14
2.154489633	4.947332083138256e-14
2.155695924	4.667602983138215e-14
2.156902215	4.483167253808012e-14
2.158108507	4.3580457762992296e-14
2.159314798	4.2668516465000395e-14
2.160521089	4.177715739950174e-14
2.161727381	4.042014951925797e-14
2.162933672	3.85366494222593e-14
2.164139963	3.6577552097242094e-14
2.165346255	3.488281924642225e-14
2.166552546	3.357250313915948e-14
2.167758837	3.2752740993169693e-14
2.168965129	3.229184523315917e-14
2.17017142	3.1965368441887134e-14
2.171377711	3.16645495433679e-14
2.172584003	3.141072351631964e-14
2.173790294	3.124051684134422e-14
2.174996585	3.170614414905434e-14
2.176202877	3.344094460607575e-14
2.177409168	3.606007132815142e-14
2.178615459	3.871909360014867e-14
2.17982175	4.088777698122292e-14
2.181028042	4.2420411309261646e-14
2.182234333	4.2945419540601684e-14
2.183440624	4.2594618292746724e-14
2.184646916	4.20006585072026e-14
2.185853207	4.146964981309808e-14
2.187059498	4.073731376437581e-14
2.18826579	3.963469109409025e-14
2.189472081	3.885514710354702e-14
2.190678372	3.910492980801562e-14
2.191884664	4.0372618971912044e-14
2.193090955	4.1943385273002506e-14
2.194297246	4.315853275039843e-14
2.195503538	4.33258359756491e-14
2.196709829	4.1670826618470853e-14
2.19791612	3.8727760935252924e-14
2.199122412	3.582639739289643e-14
2.200328703	3.3961974035941127e-14
2.201534994	3.312068334791818e-14
2.202741286	3.328826616462383e-14
2.203947577	3.399216991307854e-14
2.205153868	3.4616540646110056e-14
2.206360159	3.502607760654498e-14
2.207566451	3.5694774338707706e-14
2.208772742	3.694555897309557e-14
2.209979033	3.8262047599402816e-14
2.211185325	3.910351034370574e-14
2.212391616	3.915125596140166e-14
2.213597907	3.8416962772494547e-14
2.214804199	3.7055416907866165e-14
2.21601049	3.549508151874981e-14
2.217216781	3.414822495902517e-14
2.218423073	3.316212740435963e-14
2.219629364	3.2754848682599515e-14
2.220835655	3.298432874602986e-14
2.222041947	3.3540737248467205e-14
2.223248238	3.4098328637829445e-14
2.224454529	3.465374781665687e-14
2.225660821	3.521157578340409e-14
2.226867112	3.5758800781897225e-14
2.228073403	3.640160304392217e-14
2.229279695	3.724074302844529e-14
2.230485986	3.7952131225079365e-14
2.231692277	3.814745811693263e-14
2.232898568	3.7787344322923475e-14
2.23410486	3.703700688590774e-14
2.235311151	3.606977100093559e-14
2.236517442	3.522045818885833e-14
2.237723734	3.485608600191954e-14
2.238930025	3.50281422819048e-14
2.240136316	3.5626984164393516e-14
2.241342608	3.65261502835965e-14
2.242548899	3.741907936265002e-14
2.24375519	3.794410910102505e-14
2.244961482	3.815859876106168e-14
2.246167773	3.832280497327261e-14
2.247374064	3.866534751968827e-14
2.248580356	3.9266125035326816e-14
2.249786647	4.019208892013751e-14
2.250992938	4.120033872085115e-14
2.25219923	4.197805461341954e-14
2.253405521	4.245426338234875e-14
2.254611812	4.277437409126133e-14
2.255818104	4.305321280001245e-14
2.257024395	4.321546187203855e-14
2.258230686	4.3196750751590155e-14
2.259436977	4.2995466411042395e-14
2.260643269	4.2692389273848353e-14
2.26184956	4.238105343521502e-14
2.263055851	4.2290745395257754e-14
2.264262143	4.2655913342491474e-14
2.265468434	4.3317276175719836e-14
2.266674725	4.3898439275440054e-14
2.267881017	4.41524158517333e-14
2.269087308	4.427367251505291e-14
2.270293599	4.444734182266304e-14
2.271499891	4.463262492917217e-14
2.272706182	4.475770984472146e-14
2.273912473	4.477018392502039e-14
2.275118765	4.4651207007410586e-14
2.276325056	4.4398692909497214e-14
2.277531347	4.4266467658328535e-14
2.278737639	4.4564383107123014e-14
2.27994393	4.5150858444487784e-14
2.281150221	4.553204913279514e-14
2.282356513	4.536760634319922e-14
2.283562804	4.5052721843791187e-14
2.284769095	4.4983512205167115e-14
2.285975386	4.532594721640779e-14
2.287181678	4.616280745522111e-14
2.288387969	4.7467316663034375e-14
2.28959426	4.888398505836303e-14
2.290800552	4.9977381210634385e-14
2.292006843	5.081215526705289e-14
2.293213134	5.1621873627698537e-14
2.294419426	5.245036762989757e-14
2.295625717	5.309957898835197e-14
2.296832008	5.3455262333151505e-14
2.2980383	5.3585745514485324e-14
2.299244591	5.3549054512778473e-14
2.300450882	5.340220447781104e-14
2.301657174	5.3208684176897626e-14
2.302863465	5.299576453041586e-14
2.304069756	5.27477454028171e-14
2.305276048	5.251906109968169e-14
2.306482339	5.2150817646443235e-14
2.30768863	5.1410265910351665e-14
2.308894922	5.0474946465316766e-14
2.310101213	5.02118509061843e-14
2.311307504	5.131236588704005e-14
2.312513795	5.372644453744327e-14
2.313720087	5.735769232653225e-14
2.314926378	6.159898716334398e-14
2.316132669	6.511482820263285e-14
2.317338961	6.64848048249805e-14
2.318545252	6.63214588941695e-14
2.319751543	6.56209317502095e-14
2.320957835	6.468556929110461e-14
2.322164126	6.353264166595836e-14
2.323370417	6.229405152041446e-14
2.324576709	6.113841400885843e-14
2.325783	6.018298548610027e-14
2.326989291	5.965066486286086e-14
2.328195583	5.980491331786765e-14
2.329401874	6.053165753749041e-14
2.330608165	6.136572186175396e-14
2.331814457	6.194649783484422e-14
2.333020748	6.27138903506135e-14
2.334227039	6.417069087324871e-14
2.335433331	6.650986052075336e-14
2.336639622	6.966627599115302e-14
2.337845913	7.333466642968381e-14
2.339052204	7.651233085066165e-14
2.340258496	7.812148720922381e-14
2.341464787	7.827040191955106e-14
2.342671078	7.754096932055354e-14
2.34387737	7.691169498354243e-14
2.345083661	7.789742691861301e-14
2.346289952	8.199124801644236e-14
2.347496244	8.821796478910904e-14
2.348702535	9.450146013417085e-14
2.349908826	9.85054463468129e-14
2.351115118	9.898920408502648e-14
2.352321409	9.563599924439367e-14
2.3535277	9.055044574872926e-14
2.354733992	8.571205109926368e-14
2.355940283	8.17106887448914e-14
2.357146574	7.853177691588367e-14
2.358352866	7.616400291183148e-14
2.359559157	7.463670232847229e-14
2.360765448	7.39337879036275e-14
2.36197174	7.452903811127151e-14
2.363178031	7.68863381892796e-14
2.364384322	8.150650095461889e-14
2.365590613	8.915519836025878e-14
2.366796905	1.0098122868062585e-13
2.368003196	1.145801269099611e-13
2.369209487	1.2406922431446334e-13
2.370415779	1.2567405775899087e-13
2.37162207	1.2122248864100216e-13
2.372828361	1.1398038173200247e-13
2.374034653	1.0831678365669255e-13
2.375240944	1.079414428819047e-13
2.376447235	1.1152079419554313e-13
2.377653527	1.1553544789754428e-13
2.378859818	1.1778919160203622e-13
2.380066109	1.2112557794130048e-13
2.381272401	1.285075020848232e-13
2.382478692	1.374973351788782e-13
2.383684983	1.4286955594403306e-13
2.384891275	1.417237901615412e-13
2.386097566	1.3670772589595586e-13
2.387303857	1.3036831225989883e-13
2.388510149	1.245086775605807e-13
2.38971644	1.2066197229488018e-13
2.390922731	1.1873745828214003e-13
2.392129022	1.1789188769415245e-13
2.393335314	1.1742019540257285e-13
2.394541605	1.1674846617847537e-13
2.395747896	1.1530082765274936e-13
2.396954188	1.1338063655404384e-13
2.398160479	1.1148137180039151e-13
2.39936677	1.1067178248195585e-13
2.400573062	1.131310474128902e-13
2.401779353	1.2119790609999928e-13
2.402985644	1.3344325908172544e-13
2.404191936	1.4666109566496333e-13
2.405398227	1.5701238859550673e-13
2.406604518	1.6204408847553576e-13
2.40781081	1.608632017048919e-13
2.409017101	1.593174265784693e-13
2.410223392	1.634142801682334e-13
2.411429684	1.754144744580156e-13
2.412635975	1.9619880855913037e-13
2.413842266	2.254099000710134e-13
2.415048558	2.537672483216096e-13
2.416254849	2.6506433462323195e-13
2.41746114	2.5478240188055763e-13
2.418667431	2.2879788178723824e-13
2.419873723	1.989221368657721e-13
2.421080014	1.7680748511484626e-13
2.422286305	1.6718820562750016e-13
2.423492597	1.6137941355891768e-13
2.424698888	1.5154213876483027e-13
2.425905179	1.3930874369456307e-13
2.427111471	1.3070896218723464e-13
2.428317762	1.2872061529461996e-13
2.429524053	1.3757521215260655e-13
2.430730345	1.672986442522157e-13
2.431936636	2.2134638238549648e-13
2.433142927	2.7916451882430426e-13
2.434349219	2.915529796169082e-13
2.43555551	2.592418210663207e-13
2.436761801	2.0834832619290477e-13
2.437968093	1.6831392685337373e-13
2.439174384	1.4860201954540708e-13
2.440380675	1.489149684116653e-13
2.441586967	1.6879656622576742e-13
2.442793258	2.1734258973616938e-13
2.443999549	3.0224014791301783e-13
2.44520584	4.0574484002404754e-13
2.446412132	4.854986036544565e-13
2.447618423	5.24722445858977e-13
2.448824714	5.29659751362399e-13
2.450031006	4.897704599880006e-13
2.451237297	4.1969271140326287e-13
2.452443588	3.4308987894932904e-13
2.45364988	2.73493436300815e-13
2.454856171	2.2013261135834041e-13
2.456062462	1.9054841580330935e-13
2.457268754	1.8501547296561324e-13
2.458475045	1.9661155006778e-13
2.459681336	2.214928452938339e-13
2.460887628	2.5328856624365557e-13
2.462093919	2.796392005937486e-13
2.46330021	2.8636632154971745e-13
2.464506502	2.860399738006554e-13
2.465712793	2.946590471183772e-13
2.466919084	3.1993968497027683e-13
2.468125376	3.6847220206269997e-13
2.469331667	4.459585865284282e-13
2.470537958	5.178072243749143e-13
2.47174425	5.144411798343876e-13
2.472950541	4.707555741772893e-13
2.474156832	4.435382278238055e-13
2.475363123	4.5372445426073807e-13
2.476569415	5.06041542794752e-13
2.477775706	6.308615131798961e-13
2.478981997	8.563398701433086e-13
2.480188289	1.149326078572494e-12
2.48139458	1.3970987570572072e-12
2.482600871	1.5738603891734372e-12
2.483807163	1.7330450958389331e-12
2.485013454	1.858801891161562e-12
2.486219745	1.941284962054342e-12
2.487426037	2.0195485677508337e-12
2.488632328	2.164350057634681e-12
2.489838619	2.4000525364306933e-12
2.491044911	2.5129681263669718e-12
2.492251202	2.2817687045307343e-12
2.493457493	1.841706873844031e-12
2.494663785	1.3937377881769401e-12
2.495870076	1.067623971134567e-12
2.497076367	8.951155057384675e-13