0.45	3.0149701424949187e-15
0.451155239	2.9368020721385644e-15
0.452310478	2.8959640586192484e-15
0.453465717	2.9250836339508958e-15
0.454620956	2.9405732066487593e-15
0.455776195	2.892501034321541e-15
0.456931434	2.851273390339961e-15
0.458086673	2.8434737214192157e-15
0.459241912	2.941325507523344e-15
0.46039715	3.081958966374453e-15
0.461552389	3.1182177002392533e-15
0.462707628	3.112178749672133e-15
0.463862867	3.122520965236834e-15
0.465018106	3.087895213021409e-15
0.466173345	3.0918024287552168e-15
0.467328584	3.1310369888149075e-15
0.468483823	3.1802119372479638e-15
0.469639062	3.174709611799892e-15
0.470794301	3.174391873772141e-15
0.47194954	3.2516163578605075e-15
0.473104779	3.272031834008434e-15
0.474260018	3.2571629740451988e-15
0.475415257	3.2005112302247573e-15
0.476570496	3.1349647450231467e-15
0.477725735	3.0807907174096123e-15
0.478880973	3.008720650903868e-15
0.480036212	2.9215994267568036e-15
0.481191451	2.821797563397503e-15
0.48234669	2.7151896845016224e-15
0.483501929	2.6600277798834805e-15
0.484657168	2.378703733841623e-15
0.485812407	1.974373955281343e-15
0.486967646	2.2406981940939568e-15
0.488122885	2.8575222395090583e-15
0.489278124	3.1586250015734386e-15
0.490433363	3.214449984718978e-15
0.491588602	3.167674440482803e-15
0.492743841	3.169474956489391e-15
0.49389908	3.2580205462057517e-15
0.495054319	3.329566825969469e-15
0.496209558	3.3434401060566833e-15
0.497364796	3.3052338630765165e-15
0.498520035	3.2373040210687997e-15
0.499675274	3.1929850093691455e-15
0.500830513	3.097237355626434e-15
0.501985752	3.037811982889671e-15
0.503140991	3.0295771094741413e-15
0.50429623	2.9364657193542347e-15
0.505451469	2.85685723603781e-15
0.506606708	2.7784112253066684e-15
0.507761947	2.63878040678104e-15
0.508917186	2.526491756194708e-15
0.510072425	2.5311795169229474e-15
0.511227664	2.643502188008683e-15
0.512382903	2.851706669116892e-15
0.513538142	3.0160902500614353e-15
0.514693381	3.0955247794451347e-15
0.515848619	3.05456095416542e-15
0.517003858	2.940257394338862e-15
0.518159097	2.839873331827993e-15
0.519314336	2.7968252730133427e-15
0.520469575	2.799437143952008e-15
0.521624814	2.823631457481542e-15
0.522780053	2.8372704462826385e-15
0.523935292	2.872323059247488e-15
0.525090531	2.970097175763543e-15
0.52624577	2.9958070037014152e-15
0.527401009	2.9947093631011856e-15
0.528556248	3.0781640823760727e-15
0.529711487	3.102826336829892e-15
0.530866726	3.0469718270426074e-15
0.532021965	2.9013245256901483e-15
0.533177204	2.7263637962468354e-15
0.534332442	2.5765531617821116e-15
0.535487681	2.421535473704781e-15
0.53664292	2.2141134633088563e-15
0.537798159	1.997161233928257e-15
0.538953398	1.7868314383362498e-15
0.540108637	1.612861153263348e-15
0.541263876	1.4515561016598572e-15
0.542419115	1.3274681335100273e-15
0.543574354	1.321263574303547e-15
0.544729593	1.4636108934058578e-15
0.545884832	1.7692101315790757e-15
0.547040071	2.1846331425087398e-15
0.54819531	2.5815541674544444e-15
0.549350549	2.890569571822947e-15
0.550505788	3.0722438831198917e-15
0.551661027	3.1442959757430046e-15
0.552816265	3.125262499371605e-15
0.553971504	3.050228161752091e-15
0.555126743	2.985908337924863e-15
0.556281982	2.9004399934796523e-15
0.557437221	2.8510955849715293e-15
0.55859246	2.825919172364949e-15
0.559747699	2.856023414139446e-15
0.560902938	2.9161991628069427e-15
0.562058177	2.9512299504534554e-15
0.563213416	2.9198797893520423e-15
0.564368655	2.8589819096476602e-15
0.565523894	2.7562799631896868e-15
0.566679133	2.6157325184460138e-15
0.567834372	2.471222012924795e-15
0.568989611	2.3472277617538138e-15
0.57014485	2.2383411549158417e-15
0.571300089	2.1454833132605843e-15
0.572455327	2.047095544459361e-15
0.573610566	1.9431983897606056e-15
0.574765805	1.8258657260612216e-15
0.575921044	1.719470957103079e-15
0.577076283	1.6790630133469413e-15
0.578231522	1.7259784902424353e-15
0.579386761	1.846200324381324e-15
0.580542	2.064704655261466e-15
0.581697239	2.3388747794492974e-15
0.582852478	2.5633814730313526e-15
0.584007717	2.731467504291328e-15
0.585162956	2.870902545113899e-15
0.586318195	2.9213343239850355e-15
0.587473434	2.8736049240176586e-15
0.588628673	2.7867911668871263e-15
0.589783912	2.654198729466342e-15
0.59093915	2.504028634377054e-15
0.592094389	2.376673419632574e-15
0.593249628	2.2212256617920656e-15
0.594404867	2.0228113661606873e-15
0.595560106	1.8709286941160976e-15
0.596715345	1.7929660300520667e-15
0.597870584	1.7711448038654255e-15
0.599025823	1.792280486106387e-15
0.600181062	1.861903647890873e-15
0.601336301	1.9673503382713733e-15
0.60249154	2.0922496613532803e-15
0.603646779	2.2083357648518e-15
0.604802018	2.257555004021477e-15
0.605957257	2.196606414004963e-15
0.607112496	2.032695910264317e-15
0.608267735	1.822995171152298e-15
0.609422973	1.6353621470161123e-15
0.610578212	1.4869155399932889e-15
0.611733451	1.3458751199932394e-15
0.61288869	1.1599565977562055e-15
0.614043929	9.641875519149455e-16
0.615199168	8.225925344612221e-16
0.616354407	7.471435320473534e-16
0.617509646	6.868901145657855e-16
0.618664885	6.355543543530381e-16
0.619820124	6.082561567133871e-16
0.620975363	6.102799878787314e-16
0.622130602	6.468217333817327e-16
0.623285841	7.215518129984678e-16
0.62444108	8.438373394238566e-16
0.625596319	1.0206890920648501e-15
0.626751558	1.2382742293611445e-15
0.627906796	1.4657580324339906e-15
0.629062035	1.7054769999870725e-15
0.630217274	1.9036634231338427e-15
0.631372513	2.0481501783928737e-15
0.632527752	2.1328874040858817e-15
0.633682991	2.176445127969636e-15
0.63483823	2.162713063837641e-15
0.635993469	2.1455629085665107e-15
0.637148708	2.0998426399117988e-15
0.638303947	2.046425406256506e-15
0.639459186	1.959604588676514e-15
0.640614425	1.824890687433635e-15
0.641769664	1.7038177007097066e-15
0.642924903	1.6433896884214654e-15
0.644080142	1.6110195555338941e-15
0.645235381	1.597231647132163e-15
0.646390619	1.5996239901055825e-15
0.647545858	1.5791931082148306e-15
0.648701097	1.5125573269323534e-15
0.649856336	1.4391315782780741e-15
0.651011575	1.3930479975630913e-15
0.652166814	1.3500089249157548e-15
0.653322053	1.2882701620895461e-15
0.654477292	1.2187792308669684e-15
0.655632531	1.099382232459131e-15
0.65678777	1.0211685880702567e-15
0.657943009	1.0558777862533123e-15
0.659098248	1.016028933034505e-15
0.660253487	9.663250631278153e-16
0.661408726	9.39448269521003e-16
0.662563965	8.977834945527828e-16
0.663719204	8.457675186265501e-16
0.664874442	8.04848625731405e-16
0.666029681	7.677374552116618e-16
0.66718492	7.392764645497535e-16
0.668340159	7.368680741855586e-16
0.669495398	7.674421833761963e-16
0.670650637	8.203856989536443e-16
0.671805876	8.977404878860657e-16
0.672961115	1.0140891260165483e-15
0.674116354	1.1509591532288754e-15
0.675271593	1.2879318835873638e-15
0.676426832	1.4345182781241546e-15
0.677582071	1.5367548502496436e-15
0.67873731	1.5663731779912263e-15
0.679892549	1.4829056211133197e-15
0.681047788	1.3105253102490736e-15
0.682203027	1.1528411894852403e-15
0.683358266	1.0464952043473742e-15
0.684513504	1.0038117416628982e-15
0.685668743	1.0306975222110259e-15
0.686823982	1.0745838960076965e-15
0.687979221	1.0981273277389044e-15
0.68913446	1.134399540854674e-15
0.690289699	1.1872397108640076e-15
0.691444938	1.2263696412856813e-15
0.692600177	1.2278967100011384e-15
0.693755416	1.1874008264197112e-15
0.694910655	1.1108265817077188e-15
0.696065894	9.835939689358822e-16
0.697221133	8.481386794775876e-16
0.698376372	7.359674953582896e-16
0.699531611	6.336233415498109e-16
0.70068685	5.453961957513469e-16
0.701842089	4.817044020769882e-16
0.702997327	4.519992258534335e-16
0.704152566	4.555775354795456e-16
0.705307805	4.798518289941752e-16
0.706463044	5.193509771140695e-16
0.707618283	5.693307339673053e-16
0.708773522	6.214915218636875e-16
0.709928761	6.677340369957443e-16
0.711084	7.097473607033629e-16
0.712239239	7.454296717961518e-16
0.713394478	7.518820023137218e-16
0.714549717	7.11741087047205e-16
0.715704956	6.274927289800882e-16
0.716860195	5.092000469427713e-16
0.718015434	3.9092328458584137e-16
0.719170673	3.1162637746443836e-16
0.720325912	2.734180795080254e-16
0.72148115	2.578237494617566e-16
0.722636389	2.496013289700772e-16
0.723791628	2.4054585671237424e-16
0.724946867	2.2339294057485273e-16
0.726102106	2.043229413544429e-16
0.727257345	1.9502476827506167e-16
0.728412584	1.9650735352731324e-16
0.729567823	2.0317613070676325e-16
0.730723062	2.1350621455859114e-16
0.731878301	2.242578301536459e-16
0.73303354	2.381884320810875e-16
0.734188779	2.5632704253658284e-16
0.735344018	2.7814910387176236e-16
0.736499257	3.0033081933209454e-16
0.737654496	3.318642409705194e-16
0.738809735	3.824050140789391e-16
0.739964973	4.590615499470518e-16
0.741120212	5.5706360318991e-16
0.742275451	6.672147433373745e-16
0.74343069	7.793538326751216e-16
0.744585929	8.727117108102173e-16
0.745741168	9.263054657640387e-16
0.746896407	9.399258398085565e-16
0.748051646	9.329670540096384e-16
0.749206885	9.273010448660569e-16
0.750362124	9.314849176787512e-16
0.751517363	9.427681513716353e-16
0.752672602	9.582358995251642e-16
0.753827841	9.666903016799415e-16
0.75498308	9.618459184796554e-16
0.756138319	9.071038126134727e-16
0.757293558	8.314404177399676e-16
0.758448796	8.140733018693957e-16
0.759604035	8.138659690852169e-16
0.760759274	6.782566245206786e-16
0.761914513	4.762311543492966e-16
0.763069752	4.256977636753155e-16
0.764224991	4.0330987179031925e-16
0.76538023	3.7917807830081213e-16
0.766535469	3.813178364425113e-16
0.767690708	3.9997163137788685e-16
0.768845947	4.1805041686954683e-16
0.770001186	4.167337614676316e-16
0.771156425	4.0781385726998173e-16
0.772311664	3.916821969885217e-16
0.773466903	3.5710285395415494e-16
0.774622142	3.278686364900583e-16
0.775777381	3.1100630637776e-16
0.77693262	2.9227644636118806e-16
0.778087858	2.778732811674116e-16
0.779243097	2.6287315350119435e-16
0.780398336	2.3779687667497235e-16
0.781553575	2.1986437917594815e-16
0.782708814	2.1323867290541024e-16
0.783864053	2.070755801009653e-16
0.785019292	2.0726275708988138e-16
0.786174531	2.1341371740745017e-16
0.78732977	2.1440640793268863e-16
0.788485009	2.1697180699610435e-16
0.789640248	2.1586338222109685e-16
0.790795487	2.1167135684162317e-16
0.791950726	2.082906879422312e-16
0.793105965	1.9780141425255293e-16
0.794261204	1.8605158717347898e-16
0.795416443	1.7948994198165184e-16
0.796571681	1.7397118368963282e-16
0.79772692	1.7510149725117035e-16
0.798882159	1.797918895874081e-16
0.800037398	1.8141614126424843e-16
0.801192637	1.8382318409034745e-16
0.802347876	1.8872931719831963e-16
0.803503115	1.9553058190845957e-16
0.804658354	2.0390872625545465e-16
0.805813593	2.1180666870689754e-16
0.806968832	2.203490099129616e-16
0.808124071	2.2721555552951996e-16
0.80927931	2.324765919362048e-16
0.810434549	2.409741934842847e-16
0.811589788	2.5212339938179744e-16
0.812745027	2.6677478558203057e-16
0.813900266	2.8881643912465083e-16
0.815055504	3.1013230214726326e-16
0.816210743	3.2669762665882627e-16
0.817365982	3.5580224594301505e-16
0.818521221	3.9234976782557344e-16
0.81967646	4.359547352649219e-16
0.820831699	4.81085679302408e-16
0.821986938	5.037735296071145e-16
0.823142177	5.102062817351768e-16
0.824297416	5.247267856855993e-16
0.825452655	5.252370924026537e-16
0.826607894	5.263350542138596e-16
0.827763133	5.400599928801968e-16
0.828918372	5.805153086763201e-16
0.830073611	6.32368949993144e-16
0.83122885	6.548948488196061e-16
0.832384089	6.141406667210921e-16
0.833539327	5.291908458019104e-16
0.834694566	4.1354007605656765e-16
0.835849805	3.0923936117520907e-16
0.837005044	2.4259247528097984e-16
0.838160283	2.0551198776249627e-16
0.839315522	1.8561182457884024e-16
0.840470761	1.794343539066944e-16
0.841626	1.8323828908858527e-16
0.842781239	1.9421687932551931e-16
0.843936478	2.0773820815899362e-16
0.845091717	2.220715358945023e-16
0.846246956	2.352989412046092e-16
0.847402195	2.4299366005036306e-16
0.848557434	2.4634082238791324e-16
0.849712673	2.423870689886566e-16
0.850867912	2.328084524108799e-16
0.85202315	2.1975564190744606e-16
0.853178389	1.985866442832245e-16
0.854333628	1.7508159842468874e-16
0.855488867	1.6508703375665639e-16
0.856644106	1.6275361635633857e-16
0.857799345	1.612942031865175e-16
0.858954584	1.579408782422363e-16
0.860109823	1.518111000470496e-16
0.861265062	1.5014897720910157e-16
0.862420301	1.4904074516067981e-16
0.86357554	1.5020129125410774e-16
0.864730779	1.546494967062293e-16
0.865886018	1.5844181333880612e-16
0.867041257	1.6252092880309515e-16
0.868196496	1.735361069052364e-16
0.869351735	1.8095846980317648e-16
0.870506973	1.847873743009605e-16
0.871662212	1.8652543373571442e-16
0.872817451	1.8990706626803526e-16
0.87397269	1.9502643702413375e-16
0.875127929	2.0033439654943936e-16
0.876283168	2.0433488034073093e-16
0.877438407	1.993863179717969e-16
0.878593646	1.9182928563053505e-16
0.879748885	1.869482503228465e-16
0.880904124	1.8049521391513095e-16
0.882059363	1.7088713416380221e-16
0.883214602	1.587292538184686e-16
0.884369841	1.5036811972117542e-16
0.88552508	1.4496978148916777e-16
0.886680319	1.4668672304373485e-16
0.887835558	1.585094054162492e-16
0.888990797	1.6545528859595052e-16
0.890146035	1.660760013305791e-16
0.891301274	1.6579831715057047e-16
0.892456513	1.6854286912051345e-16
0.893611752	1.7360864176170283e-16
0.894766991	1.78562917042001e-16
0.89592223	1.831032984342872e-16
0.897077469	1.8045997358801955e-16
0.898232708	1.7406175512292064e-16
0.899387947	1.6804674831857644e-16
0.900543186	1.7298369213819642e-16
0.901698425	1.8415067841775182e-16
0.902853664	2.0799759801939752e-16
0.904008903	2.238118414840833e-16
0.905164142	2.2404106228078965e-16
0.906319381	2.2300600673678465e-16
0.90747462	2.3343096237897114e-16
0.908629858	2.4731207382198853e-16
0.909785097	2.526010331375439e-16
0.910940336	2.521327067600868e-16
0.912095575	2.4955074791633835e-16
0.913250814	2.4615852393582527e-16
0.914406053	2.5292640979451165e-16
0.915561292	2.5827281943468466e-16
0.916716531	2.7044315192986605e-16
0.91787177	2.7608707956033173e-16
0.919027009	2.739237646570328e-16
0.920182248	2.7031169227430033e-16
0.921337487	2.701109075500241e-16
0.922492726	2.709996108591981e-16
0.923647965	2.893167960414633e-16
0.924803204	3.2332934566708685e-16
0.925958443	3.4109052161538685e-16
0.927113681	3.5383194865038454e-16
0.92826892	3.671104489517924e-16
0.929424159	3.8225866184410803e-16
0.930579398	3.9303678856774223e-16
0.931734637	3.964500661862469e-16
0.932889876	3.9487979807748726e-16
0.934045115	3.8902166993996867e-16
0.935200354	4.030918198475601e-16
0.936355593	4.1452153348566365e-16
0.937510832	4.257027699225317e-16
0.938666071	4.348374520329895e-16
0.93982131	4.4075887111687794e-16
0.940976549	4.2294223557801107e-16
0.942131788	4.0367979537868545e-16
0.943287027	3.7150004926778627e-16
0.944442266	3.659434198146595e-16
0.945597504	3.7011426152374635e-16
0.946752743	3.6466296682477993e-16
0.947907982	3.4794628305716717e-16
0.949063221	3.407727193454411e-16
0.95021846	3.1797131825160214e-16
0.951373699	3.170550774867293e-16
0.952528938	2.99982783756256e-16
0.953684177	3.076171637006124e-16
0.954839416	3.022522043200583e-16
0.955994655	3.361384924899158e-16
0.957149894	3.6156209977583316e-16
0.958305133	3.8527993436113077e-16
0.959460372	3.9402376618161656e-16
0.960615611	4.1005657475262123e-16
0.96177085	4.2557843495862113e-16
0.962926089	4.4179662328507927e-16
0.964081327	4.402501054385075e-16
0.965236566	4.372084209314434e-16
0.966391805	4.360270766208002e-16
0.967547044	4.473400296820152e-16
0.968702283	4.4392835734438964e-16
0.969857522	4.304946463512258e-16
0.971012761	0.
0.972168	0.
0.973323239	0.
0.974478478	0.
0.975633717	0.
0.976788956	0.
0.977944195	0.
0.979099434	0.
0.980254673	0.
0.981409912	0.
0.98256515	0.
0.983720389	0.
0.984875628	0.
0.986030867	0.
0.987186106	0.
0.988341345	0.
0.989496584	0.
0.990651823	0.
0.991807062	0.
0.992962301	0.
0.99411754	0.
0.995272779	0.
0.996428018	0.
0.997583257	1.2857770424618205e-16
0.998738496	1.2591460905782333e-16
0.999893735	1.19741631469334e-16
1.001048974	1.111545506052857e-16
1.002204212	1.0125671920326982e-16
1.003359451	9.10863391268544e-17
1.00451469	8.812861452498273e-17
1.005669929	9.143399002352374e-17
1.006825168	9.189743786415273e-17
1.007980407	9.023281112859421e-17
1.009135646	9.186405978670155e-17
1.010290885	9.828660591974329e-17
1.011446124	1.0590981778415486e-16
1.012601363	1.0674627129051788e-16
1.013756602	1.0292128169663306e-16
1.014911841	1.0658496300822857e-16
1.01606708	1.1688173225079822e-16
1.017222319	1.2512302446783736e-16
1.018377558	1.2627856354004668e-16
1.019532797	1.211149020473285e-16
1.020688035	1.1682896773642283e-16
1.021843274	1.1680072439057844e-16
1.022998513	1.2035740142493925e-16
1.024153752	1.2364294233919392e-16
1.025308991	1.2379590610212044e-16
1.02646423	1.242271314508106e-16
1.027619469	1.2656074080371187e-16
1.028774708	1.2876943856094993e-16
1.029929947	1.3065301508199653e-16
1.031085186	1.3250507577525217e-16
1.032240425	1.3621632107941632e-16
1.033395664	1.3930723910212342e-16
1.034550903	1.4315270492824484e-16
1.035706142	1.4960625449952015e-16
1.036861381	1.6004379154994724e-16
1.03801662	1.710352836320959e-16
1.039171858	1.783292031616381e-16
1.040327097	1.8577428844664191e-16
1.041482336	1.9769396105395373e-16
1.042637575	2.129497556292591e-16
1.043792814	2.282903444842929e-16
1.044948053	2.4030906152864586e-16
1.046103292	2.508351800523124e-16
1.047258531	2.6278970753356404e-16
1.04841377	2.7391317320884055e-16
1.049569009	2.8362928433852585e-16
1.050724248	2.957673293255707e-16
1.051879487	3.0700293478369106e-16
1.053034726	3.106643683924548e-16
1.054189965	3.1967657701465986e-16
1.055345204	3.429645345633654e-16
1.056500443	3.592211722306886e-16
1.057655681	3.616203194587893e-16
1.05881092	3.691402499972819e-16
1.059966159	3.855012595598388e-16
1.061121398	4.028606733330006e-16
1.062276637	4.235463235161093e-16
1.063431876	4.4350868630281825e-16
1.064587115	4.598289995956807e-16
1.065742354	4.757648179318878e-16
1.066897593	4.908456314733462e-16
1.068052832	5.049527546993163e-16
1.069208071	5.171044724379191e-16
1.07036331	5.261629617567922e-16
1.071518549	5.312392616039786e-16
1.072673788	5.305362577132297e-16
1.073829027	5.253177140356995e-16
1.074984266	5.16921019174321e-16
1.076139504	5.064995937568646e-16
1.077294743	4.96353220911418e-16
1.078449982	4.84596139882296e-16
1.079605221	4.700319233750112e-16
1.08076046	4.516415624623317e-16
1.081915699	4.279251396573252e-16
1.083070938	4.017518638788239e-16
1.084226177	3.7448922700325827e-16
1.085381416	3.4710039368812425e-16
1.086536655	3.2011698125724886e-16
1.087691894	2.92326129572198e-16
1.088847133	2.635811001709666e-16
1.090002372	2.3424488545085387e-16
1.091157611	2.054094131007252e-16
1.09231285	1.7835840936640908e-16
1.093468089	1.5423264999924236e-16
1.094623327	1.341904999540236e-16
1.095778566	1.1870009288162403e-16
1.096933805	1.0709141828957676e-16
1.098089044	9.876886201753915e-17
1.099244283	9.270128342540537e-17
1.100399522	8.825205087216198e-17
1.101554761	8.51635725048701e-17
1.10271	8.29751590272852e-17
1.103865239	8.130777219933751e-17
1.105020478	7.982852444523011e-17
1.106175717	7.826493210676112e-17
1.107330956	7.638886495653892e-17
1.108486195	7.382770355600338e-17
1.109641434	7.066014304634486e-17
1.110796673	6.70406247609809e-17
1.111951912	6.311438946736431e-17
1.113107151	5.928724350292529e-17
1.114262389	5.546738244862844e-17
1.115417628	5.165448664150215e-17
1.116572867	4.7993090958853715e-17
1.117728106	4.479391090508901e-17
1.118883345	4.2100885045757344e-17
1.120038584	3.9889485246306546e-17
1.121193823	3.802825262517323e-17
1.122349062	3.626023542936403e-17
1.123504301	3.4468057750120116e-17
1.12465954	3.255244991571577e-17
1.125814779	3.0347931771181454e-17
1.126970018	2.783898147333923e-17
1.128125257	2.577250277836965e-17
1.129280496	2.4378704109980925e-17
1.130435735	2.3962570259160694e-17
1.131590974	2.4609035600063187e-17
1.132746212	2.570255541176775e-17
1.133901451	2.6920249968895904e-17
1.13505669	2.766753143822451e-17
1.136211929	2.7797881174416706e-17
1.137367168	2.775066316089967e-17
1.138522407	2.7662556925104705e-17
1.139677646	2.7790852459053236e-17
1.140832885	2.809081010476109e-17
1.141988124	2.835611798715254e-17
1.143143363	2.845724836053378e-17
1.144298602	2.8171277711338784e-17
1.145453841	2.74145472212903e-17
1.14660908	2.618344384740665e-17
1.147764319	2.4508989603977857e-17
1.148919558	2.2409389026335796e-17
1.150074797	2.0159340967415346e-17
1.151230035	1.8007509163018802e-17
1.152385274	1.613410612889406e-17
1.153540513	1.4725325870969466e-17
1.154695752	1.365415073318054e-17
1.155850991	1.284022766129776e-17
1.15700623	1.2210798112174793e-17
1.158161469	1.1666155876759076e-17
1.159316708	1.1352917898686248e-17
1.160471947	1.1335278385071737e-17
1.161627186	1.1663075347395945e-17
1.162782425	1.2378326277369159e-17
1.163937664	1.3450567216397545e-17
1.165092903	1.4855733657338103e-17
1.166248142	1.6574465479346612e-17
1.167403381	1.8551643652891254e-17
1.16855862	2.0625799677195733e-17
1.169713858	2.2676847861264965e-17
1.170869097	2.46211866629958e-17
1.172024336	2.634071493342508e-17
1.173179575	2.7642067534828118e-17
1.174334814	2.840380427209286e-17
1.175490053	2.842146932778501e-17
1.176645292	2.7737940884230876e-17
1.177800531	2.6592774217548005e-17
1.17895577	2.514198807794841e-17
1.180111009	2.359121399243993e-17
1.181266248	2.207037831792791e-17
1.182421487	2.068560529097222e-17
1.183576726	1.9554592031307997e-17
1.184731965	1.880089176046973e-17
1.185887204	1.844995522381382e-17
1.187042443	1.8495593498529315e-17
1.188197681	1.8915765319622775e-17
1.18935292	1.9655620236378708e-17
1.190508159	2.066930712343467e-17
1.191663398	2.1901187595680275e-17
1.192818637	2.3336016128777436e-17
1.193973876	2.511893132186843e-17
1.195129115	2.676480862443889e-17
1.196284354	2.793751893883945e-17
1.197439593	2.8190284113107886e-17
1.198594832	2.6946234001873213e-17
1.199750071	2.543113600680061e-17
1.20090531	2.4327308031764844e-17
1.202060549	2.4474873128282356e-17
1.203215788	2.6592632575117488e-17
1.204371027	2.9703256697720404e-17
1.205526266	3.337608516911829e-17
1.206681505	3.692824976976374e-17
1.207836743	3.984168982703451e-17
1.208991982	4.2372264976604503e-17
1.210147221	4.4491777538768153e-17
1.21130246	4.623709014956778e-17
1.212457699	4.7646275210722756e-17
1.213612938	4.8742541956776504e-17
1.214768177	4.958173697947225e-17
1.215923416	5.029110781357318e-17
1.217078655	5.084840111744125e-17
1.218233894	5.114800581807634e-17
1.219389133	5.1130777299711027e-17
1.220544372	5.0691021671093457e-17
1.221699611	4.9865191347019125e-17
1.22285485	4.8725827375973284e-17
1.224010089	4.7330064289613804e-17
1.225165328	4.570117866068878e-17
1.226320566	4.3988723997759415e-17
1.227475805	4.231920634133516e-17
1.228631044	4.080313929531717e-17
1.229786283	3.960811681509978e-17
1.230941522	3.8639253178282084e-17
1.232096761	3.7861834379352414e-17
1.233252	3.724935780375725e-17
1.234407239	3.6738543341159534e-17
1.235562478	3.648846163304737e-17
1.236717717	3.658547740992248e-17
1.237872956	3.7111324546211335e-17
1.239028195	3.815261313116143e-17
1.240183434	3.966642009030998e-17
1.241338673	4.16428157474762e-17
1.242493912	4.406135483051758e-17
1.243649151	4.68883063169102e-17
1.244804389	5.010366843785958e-17
1.245959628	5.3680789196358156e-17
1.247114867	5.754060812210516e-17
1.248270106	6.166755073976269e-17
1.249425345	6.614524490751388e-17
1.250580584	7.09550936708341e-17
1.251735823	7.63009259052521e-17
1.252891062	8.185639977286648e-17
1.254046301	8.69306454178092e-17
1.25520154	9.108909921924356e-17
1.256356779	9.345981114891646e-17
1.257512018	9.431224780385955e-17
1.258667257	9.428978161157456e-17
1.259822496	9.384218766113277e-17
1.260977735	9.38102856061679e-17
1.262132974	9.421769645047494e-17
1.263288212	9.504323807167178e-17
1.264443451	9.637555541119075e-17
1.26559869	9.81811426811925e-17
1.266753929	1.0070963189442239e-16
1.267909168	1.0410596350542046e-16
1.269064407	1.0837899597111155e-16
1.270219646	1.1339155517656107e-16
1.271374885	1.18782640232523e-16
1.272530124	1.2428303996274202e-16
1.273685363	1.2973651734834265e-16
1.274840602	1.3511078488118847e-16
1.275995841	1.401622431228699e-16
1.27715108	1.447364522879741e-16
1.278306319	1.4871729422156515e-16
1.279461558	1.5199365546791863e-16
1.280616797	1.542767480092763e-16
1.281772035	1.55312702944015e-16
1.282927274	1.5465861135793287e-16
1.284082513	1.5221459598745747e-16
1.285237752	1.4875067229901631e-16
1.286392991	1.4473311478982995e-16
1.28754823	1.4080298316837063e-16
1.288703469	1.3720361990426695e-16
1.289858708	1.3372968294739094e-16
1.291013947	1.303257127071756e-16
1.292169186	1.2697386455938304e-16
1.293324425	1.2340569746009873e-16
1.294479664	1.1927510232533952e-16
1.295634903	1.1433591157689013e-16
1.296790142	1.0816408879991079e-16
1.297945381	1.010488090133361e-16
1.29910062	9.33687900202618e-17
1.300255858	8.537963448758084e-17
1.301411097	7.728668369141881e-17
1.302566336	6.934605501023305e-17
1.303721575	6.186812416139664e-17
1.304876814	5.522406629507988e-17
1.306032053	4.999787083029248e-17
1.307187292	4.594394295055998e-17
1.308342531	4.285471999300495e-17
1.30949777	4.04894322718187e-17
1.310653009	3.8508813657816994e-17
1.311808248	3.683522629702305e-17
1.312963487	3.5328364460983895e-17
1.314118726	3.381485239673166e-17
1.315273965	3.214606617253056e-17
1.316429204	3.045215583196583e-17
1.317584443	2.878344700799998e-17
1.318739682	2.721972618514047e-17
1.31989492	2.5815682821613455e-17
1.321050159	2.4515684724327373e-17
1.322205398	2.3331689455626705e-17
1.323360637	2.2288468960804664e-17
1.324515876	2.1411755722073982e-17
1.325671115	2.0693320546422394e-17
1.326826354	2.0113715076737488e-17
1.327981593	1.9627934946230507e-17
1.329136832	1.9215594480940102e-17
1.330292071	1.889361337229292e-17
1.33144731	1.867374484601237e-17
1.332602549	1.8612771262685887e-17
1.333757788	1.8661112353616472e-17
1.334913027	1.87307965594185e-17
1.336068266	1.8754521279528727e-17
1.337223505	1.8641637680424073e-17
1.338378743	1.840153673264798e-17
1.339533982	1.80517039233468e-17
1.340689221	1.7599187317942816e-17
1.34184446	1.703808050448375e-17
1.342999699	1.640748917782961e-17
1.344154938	1.573484088534521e-17
1.345310177	1.504176744477948e-17
1.346465416	1.435645415180037e-17
1.347620655	1.3644214090978559e-17
1.348775894	1.2888362867602566e-17
1.349931133	1.2096546850913195e-17
1.351086372	1.1338147611792622e-17
1.352241611	1.0603068289551896e-17
1.35339685	9.932005927887857e-18
1.354552089	9.460347470303069e-18
1.355707328	9.52947981242773e-18
1.356862566	1.0656846747009113e-17
1.358017805	1.3828084541844572e-17
1.359173044	1.9398483496823086e-17
1.360328283	2.5543467742227897e-17
1.361483522	2.7014480111304207e-17
1.362638761	1.1901404603787062e-17
1.363794	-1.985195289912306e-18
1.364949239	-6.18632448505662e-18
1.366104478	-4.075010929813486e-18
1.367259717	7.588017203438953e-20
1.368414956	3.495061803084051e-19
1.369570195	-7.123437771370546e-19
1.370725434	-1.528078788527142e-18
1.371880673	-2.0932622723770663e-18
1.373035912	-2.4691642549143315e-18
1.374191151	-2.582900804611488e-18
1.375346389	-2.392668054407551e-18
1.376501628	-1.861708632580133e-18
1.377656867	-7.049853367714041e-19
1.378812106	5.71878604199443e-19
1.379967345	1.7268673607361173e-18
1.381122584	2.607659591864715e-18
1.382277823	2.735934227749734e-18
1.383433062	2.650619818440402e-18
1.384588301	2.8187880835803237e-18
1.38574354	4.1302267096393795e-18
1.386898779	7.564330409444002e-18
1.388054018	1.0915318640622874e-17
1.389209257	1.311545902785119e-17
1.390364496	1.3891850725659036e-17
1.391519735	1.3368917708227516e-17
1.392674974	1.2389764484135078e-17
1.393830212	1.1305648801013941e-17
1.394985451	1.0477520463954894e-17
1.39614069	1.0062765885326901e-17
1.397295929	9.754329043846915e-18
1.398451168	9.470264762446234e-18
1.399606407	9.15374656240332e-18
1.400761646	8.758184920111398e-18
1.401916885	8.232806829248186e-18
1.403072124	7.550863542512063e-18
1.404227363	6.554436907917867e-18
1.405382602	5.3366866226203326e-18
1.406537841	4.220387921680352e-18
1.40769308	3.483298515330064e-18
1.408848319	3.4454010381423766e-18
1.410003558	4.0396452143209756e-18
1.411158797	5.012258892536755e-18
1.412314035	6.126224750386163e-18
1.413469274	7.247651216911759e-18
1.414624513	8.172525978027235e-18
1.415779752	8.901044856327785e-18
1.416934991	9.486511071826165e-18
1.41809023	9.961705946159735e-18
1.419245469	1.0436188738328962e-17
1.420400708	1.0934947340283429e-17
1.421555947	1.1441146426852915e-17
1.422711186	1.1909537046505258e-17
1.423866425	1.229406451125929e-17
1.425021664	1.2597604239854722e-17
1.426176903	1.2841729225861699e-17
1.427332142	1.3053888688710899e-17
1.428487381	1.3225858853406525e-17
1.42964262	1.3362871201849428e-17
1.430797859	1.3452460426151871e-17
1.431953097	1.349255994003255e-17
1.433108336	1.3563700818262067e-17
1.434263575	1.3701913644353771e-17
1.435418814	1.3981581592391995e-17
1.436574053	1.4403223243952936e-17
1.437729292	1.481197543433694e-17
1.438884531	1.5125495923268446e-17
1.44003977	1.5207639244939398e-17
1.441195009	1.507153867126779e-17
1.442350248	1.484838373099833e-17
1.443505487	1.460004120617233e-17
1.444660726	1.4442134664222457e-17
1.445815965	1.4340111866128727e-17
1.446971204	1.4227472077765126e-17
1.448126443	1.4085099763030842e-17
1.449281682	1.3808744545061518e-17
1.45043692	1.354689645318595e-17
1.451592159	1.3444571794174727e-17
1.452747398	1.3577976517652417e-17
1.453902637	1.4061477985233507e-17
1.455057876	1.4657760109606356e-17
1.456213115	1.522348771711012e-17
1.457368354	1.5687308626873033e-17
1.458523593	1.5982785572961996e-17
1.459678832	1.6184841209101068e-17
1.460834071	1.632788767988442e-17
1.46198931	1.6440264307448153e-17
1.463144549	1.655623540193711e-17
1.464299788	1.664553592336205e-17
1.465455027	1.669536619481893e-17
1.466610266	1.6675776195276004e-17
1.467765505	1.654973300817337e-17
1.468920743	1.6381101115624277e-17
1.470075982	1.6207012506489735e-17
1.471231221	1.6135197472211152e-17
1.47238646	1.622205214620205e-17
1.473541699	1.6264231404404014e-17
1.474696938	1.6173762139426733e-17
1.475852177	1.5769329656172283e-17
1.477007416	1.5127807094293147e-17
1.478162655	1.4586791833901455e-17
1.479317894	1.427350199767101e-17
1.480473133	1.4408550702145508e-17
1.481628372	1.492408270908199e-17
1.482783611	1.5630506916226773e-17
1.48393885	1.6444616522676517e-17
1.485094089	1.715362202766704e-17
1.486249328	1.785681787099936e-17
1.487404566	1.8679894294703343e-17
1.488559805	1.9656762663851062e-17
1.489715044	2.0891030933354275e-17
1.490870283	2.2153651683033576e-17
1.492025522	2.327911224982064e-17
1.493180761	2.4183805673595842e-17
1.494336	2.4809711190007667e-17
1.495491239	2.5142065478183668e-17
1.496646478	2.5166110635267843e-17
1.497801717	2.4860902157600325e-17
1.498956956	2.418992261418801e-17
1.500112195	2.3329244382195014e-17
1.501267434	2.239819463031093e-17
1.502422673	2.1496460217529508e-17
1.503577912	2.071015741959732e-17
1.504733151	2.018186520987677e-17
1.505888389	2.0031295436226676e-17
1.507043628	2.0443456332971292e-17
1.508198867	2.1498142124641588e-17
1.509354106	2.2808628727807015e-17
1.510509345	2.4169388331774978e-17
1.511664584	2.52882698785654e-17
1.512819823	2.606213213668513e-17
1.513975062	2.673666125488622e-17
1.515130301	2.7399861300653097e-17
1.51628554	2.8218951612241473e-17
1.517440779	2.9226469700547645e-17
1.518596018	3.033420174344965e-17
1.519751257	3.1504805997448934e-17
1.520906496	3.271634491386729e-17
1.522061735	3.3881750968066875e-17
1.523216974	3.4918963656628455e-17
1.524372212	3.57786983797537e-17
1.525527451	3.625354030901451e-17
1.52668269	3.6624453072387264e-17
1.527837929	3.7193505793997565e-17
1.528993168	3.8198797851537815e-17
1.530148407	4.012344990343166e-17
1.531303646	4.2516287464354416e-17
1.532458885	4.4987814748451064e-17
1.533614124	4.7193995450038655e-17
1.534769363	4.864829943033056e-17
1.535924602	4.954994328483674e-17
1.537079841	4.9988505401826675e-17
1.53823508	5.005049370223735e-17
1.539390319	4.9856839861635153e-17
1.540545558	4.9498553398639484e-17
1.541700797	4.908898618377824e-17
1.542856036	4.875411561395412e-17
1.544011274	4.860779588722185e-17
1.545166513	4.868739041914588e-17
1.546321752	4.903087486115147e-17
1.547476991	4.970704718634702e-17
1.54863223	5.0702132474864255e-17
1.549787469	5.176979054596322e-17
1.550942708	5.27512100489439e-17
1.552097947	5.3397816258274567e-17
1.553253186	5.3610007455220214e-17
1.554408425	5.3495205104283604e-17
1.555563664	5.306960907470351e-17
1.556718903	5.2472120280663034e-17
1.557874142	5.165568711915095e-17
1.559029381	5.0489017119109667e-17
1.56018462	4.8938345975914064e-17
1.561339859	4.679213110658995e-17
1.562495097	4.4376499176384726e-17
1.563650336	4.2113831783108375e-17
1.564805575	4.0328901087891347e-17
1.565960814	3.9481226869423466e-17
1.567116053	3.955268895862929e-17
1.568271292	4.050513987556126e-17
1.569426531	4.233934201253663e-17
1.57058177	4.5094125519577904e-17
1.571737009	4.855706003301249e-17
1.572892248	5.246625334283074e-17
1.574047487	5.64665954916918e-17
1.575202726	6.006411585619407e-17
1.576357965	6.300798891196457e-17
1.577513204	6.508521927361336e-17
1.578668443	6.608201820333914e-17
1.579823682	6.584933142409807e-17
1.58097892	6.493713404751495e-17
1.582134159	6.372288689686503e-17
1.583289398	6.272752528950793e-17
1.584444637	6.235028350889842e-17
1.585599876	6.226744048910077e-17
1.586755115	6.239413151617248e-17
1.587910354	6.257788044866914e-17
1.589065593	6.270347394040494e-17
1.590220832	6.275335529601709e-17
1.591376071	6.265219938055821e-17
1.59253131	6.230087661672838e-17
1.593686549	6.166085639341554e-17
1.594841788	6.073680981481728e-17
1.595997027	5.953124077854411e-17
1.597152266	5.801169459195142e-17
1.598307505	5.624605280936219e-17
1.599462743	5.433392411553253e-17
1.600617982	5.2353896065325817e-17
1.601773221	5.044615132082098e-17
1.60292846	4.856849204775959e-17
1.604083699	4.6672173125983037e-17
1.605238938	4.473892655196652e-17
1.606394177	4.271996695742913e-17
1.607549416	4.0699525148386604e-17
1.608704655	3.873088344678819e-17
1.609859894	3.6852999713044554e-17
1.611015133	3.5135949798148125e-17
1.612170372	3.3414919189152554e-17
1.613325611	3.159003062248537e-17
1.61448085	2.9557149047632735e-17
1.615636089	2.7210726859787422e-17
1.616791328	2.478944626041332e-17
1.617946566	2.243623297592678e-17
1.619101805	2.0287001045432442e-17
1.620257044	1.845422384678811e-17
1.621412283	1.6959852860714326e-17
1.622567522	1.5824995131365008e-17
1.623722761	1.5111669919244924e-17
1.624878	1.4797198955424492e-17
1.626033239	1.463784812508477e-17
1.627188478	1.4488216442285964e-17
1.628343717	1.409790563195371e-17
1.629498956	1.340892124581648e-17
1.630654195	1.2601166198681135e-17
1.631809434	1.1751695520752999e-17
1.632964673	1.1004349035226778e-17
1.634119912	1.0396449135542218e-17
1.635275151	9.911830782566406e-18
1.63643039	9.564334686367562e-18
1.637585628	9.38418022079612e-18
1.638740867	9.327777121361421e-18
1.639896106	9.333521766822014e-18
1.641051345	9.34545456109121e-18
1.642206584	9.290290639422936e-18
1.643361823	9.138192985128918e-18
1.644517062	8.865939979628082e-18
1.645672301	8.449721762551424e-18
1.64682754	7.84046116673109e-18
1.647982779	7.179309131189045e-18
1.649138018	6.572679369365013e-18
1.650293257	6.1230211546489785e-18
1.651448496	5.954879979591395e-18
1.652603735	5.940412327617614e-18
1.653758974	6.012394546404349e-18
1.654914213	6.091178697865255e-18
1.656069451	6.091159347806441e-18
1.65722469	6.064376544401308e-18
1.658379929	6.017273083232444e-18
1.659535168	5.975096147037532e-18
1.660690407	5.951576537550731e-18
1.661845646	5.883237547837428e-18
1.663000885	5.7459960946981685e-18
1.664156124	5.476983837047441e-18
1.665311363	5.083550701225019e-18
1.666466602	4.700887034135916e-18
1.667621841	4.4110130910770295e-18
1.66877708	4.346982198457995e-18
1.669932319	4.536123605344843e-18
1.671087558	4.920645652082408e-18
1.672242797	5.468868422381002e-18
1.673398036	6.1606786911073756e-18
1.674553274	6.910964837568564e-18
1.675708513	7.626061741073624e-18
1.676863752	8.232350941862535e-18
1.678018991	8.594674601129095e-18
1.67917423	8.773988500145673e-18
1.680329469	8.836541048271346e-18
1.681484708	8.833075065736648e-18
1.682639947	8.885087249825353e-18
1.683795186	8.902001523235532e-18
1.684950425	8.823125265494673e-18
1.686105664	8.59873192146114e-18
1.687260903	8.1391602846137e-18
1.688416142	7.59946779424251e-18
1.689571381	7.078287118137155e-18
1.69072662	6.6736495242592826e-18
1.691881859	6.487762797264889e-18
1.693037097	6.438850492598127e-18
1.694192336	6.491036827216157e-18
1.695347575	6.602534188107399e-18
1.696502814	6.729025522572154e-18
1.697658053	6.849406882465913e-18
1.698813292	6.930086565688202e-18
1.699968531	6.954600768198023e-18
1.70112377	6.89181060135012e-18
1.702279009	6.664367688047557e-18
1.703434248	6.236695010155578e-18
1.704589487	5.5358900600902725e-18
1.705744726	4.598464850828271e-18
1.706899965	3.587627840434382e-18
1.708055204	2.637180815593154e-18
1.709210443	1.7153920018572773e-18
1.710365682	1.1555677102963783e-18
1.71152092	1.389026169882926e-18
1.712676159	2.6409579470735763e-18
1.713831398	5.732708796312019e-18
1.714986637	9.478949842844149e-18
1.716141876	1.2690441178028443e-17
1.717297115	1.464569263892782e-17
1.718452354	1.390131213041655e-17
1.719607593	1.1479505983445071e-17
1.720762832	8.23943074138127e-18
1.721918071	4.9862500914841675e-18
1.72307331	3.2441356584052553e-18
1.724228549	2.488044494299975e-18
1.725383788	2.451726755913833e-18
1.726539027	2.874674923445874e-18
1.727694266	3.336233424332297e-18
1.728849505	3.9199488465092184e-18
1.730004743	4.561713671124703e-18
1.731159982	5.172516079631308e-18
1.732315221	5.6848638408894166e-18
1.73347046	6.158403898193244e-18
1.734625699	6.612124077255438e-18
1.735780938	7.09478420427931e-18
1.736936177	7.627640705872818e-18
1.738091416	8.099754276840903e-18
1.739246655	8.456410690882124e-18
1.740401894	8.610099694012976e-18
1.741557133	8.545120648512072e-18
1.742712372	8.355446728006673e-18
1.743867611	8.091955429136655e-18
1.74502285	7.833111240391318e-18
1.746178089	7.603621090866272e-18
1.747333328	7.395190771351636e-18
1.748488567	7.214965871566112e-18
1.749643805	7.066104321108088e-18
1.750799044	6.945299581927484e-18
1.751954283	6.8458247995783325e-18
1.753109522	6.759053717841509e-18
1.754264761	6.687989465844894e-18
1.75542	6.600903365150585e-18
1.756575239	6.46903890635446e-18
1.757730478	6.2679260050807904e-18
1.758885717	5.9395764050768644e-18
1.760040956	5.574964794856181e-18
1.761196195	5.242285425692116e-18
1.762351434	5.002487112835868e-18
1.763506673	4.941694646059884e-18
1.764661912	4.987096850057853e-18
1.765817151	5.096785367451196e-18
1.76697239	5.227425354525594e-18
1.768127628	5.328299533128149e-18
1.769282867	5.368454775178212e-18
1.770438106	5.319451912236201e-18
1.771593345	5.133671223564106e-18
1.772748584	4.779780319928531e-18
1.773903823	4.3663167772245824e-18
1.775059062	3.952257252709174e-18
1.776214301	3.656592224048542e-18
1.77736954	3.533042872525813e-18
1.778524779	3.4464273652618526e-18
1.779680018	3.3423364328821186e-18
1.780835257	3.0723295822083702e-18
1.781990496	2.652539344274715e-18
1.783145735	2.267174408975228e-18
1.784300974	2.0123333603972573e-18
1.785456213	2.0898078998776555e-18
1.786611451	2.451700439833847e-18
1.78776669	2.9517222136276672e-18
1.788921929	3.5087995708393815e-18
1.790077168	3.97474743906709e-18
1.791232407	4.370490197909508e-18
1.792387646	4.7349663577184965e-18
1.793542885	5.082382731675028e-18
1.794698124	5.433042949491079e-18
1.795853363	5.818164848051867e-18
1.797008602	6.2817868392101765e-18
1.798163841	6.889082243057397e-18
1.79931908	7.773735971922846e-18
1.800474319	8.929757247597815e-18
1.801629558	1.0345604147001149e-17
1.802784797	1.1930617000576834e-17
1.803940036	1.3427279033614154e-17
1.805095274	1.4903657561000663e-17
1.806250513	1.6409126192805244e-17
1.807405752	1.804845620947552e-17
1.808560991	1.998143962269216e-17
1.80971623	2.227648430837785e-17
1.810871469	2.503441955299869e-17
1.812026708	2.841332372702682e-17
1.813181947	3.2530163291976576e-17
1.814337186	3.7159691179219557e-17
1.815492425	4.203764518354261e-17
1.816647664	4.6657281320720054e-17
1.817802903	5.06213885494467e-17
1.818958142	5.3951823148153726e-17
1.820113381	5.667494841097119e-17
1.82126862	5.877001720483909e-17
1.822423859	6.054613433526769e-17
1.823579097	6.245230630699214e-17
1.824734336	6.477569728083511e-17
1.825889575	6.835253011045854e-17
1.827044814	7.280298171740717e-17
1.828200053	7.737892464778107e-17
1.829355292	8.141278651652383e-17
1.830510531	8.337743513998545e-17
1.83166577	8.371526394680101e-17
1.832821009	0.
1.833976248	0.
1.835131487	0.
1.836286726	0.
1.837441965	0.
1.838597204	0.
1.839752443	0.
1.840907682	0.
1.84206292	0.
1.843218159	0.
1.844373398	0.
1.845528637	0.
1.846683876	0.
1.847839115	0.
1.848994354	0.
1.850149593	0.
1.851304832	0.
1.852460071	0.
1.85361531	0.
1.854770549	0.
1.855925788	0.
1.857081027	0.
1.858236266	0.
1.859391505	0.
1.860546744	0.
1.861701982	0.
1.862857221	0.
1.86401246	0.
1.865167699	0.
1.866322938	0.
1.867478177	0.
1.868633416	0.
1.869788655	0.
1.870943894	6.342586248787262e-14
1.872099133	6.350009766496713e-14
1.873254372	5.2899911148714244e-14
1.874409611	4.5253745532455796e-14
1.87556485	-2.161969749130369e-15
1.876720089	4.1672066689583123e-16
1.877875328	-1.9837520464256314e-16
1.879030567	-5.253410788447158e-16
1.880185805	-5.379462961717103e-16
1.881341044	-5.844510247247529e-16
1.882496283	3.658034863813381e-15
1.883651522	2.27168825137485e-16
1.884806761	1.1809799490357416e-16
1.885962	8.774289974061989e-17
1.887117239	6.414615859738044e-17
1.888272478	2.798327950592664e-17
1.889427717	-7.14426772268225e-18
1.890582956	-2.5579452659602444e-17
1.891738195	-1.51374929597329e-17
1.892893434	2.0489647245366503e-17
1.894048673	8.931676231630481e-17
1.895203912	2.6373926290769516e-16
1.896359151	4.3598567438356e-15
1.89751439	-4.489491968270068e-16
1.898669628	-2.291995890419011e-16
1.899824867	-1.4161677775586288e-16
1.900980106	-8.140976945535361e-17
1.902135345	-5.812167723023874e-17
1.903290584	-9.143033131440326e-17
1.904445823	-1.4875779776467386e-16
1.905601062	-2.2037404347105e-16
1.906756301	-3.2504423301941026e-16
1.90791154	-5.674750153389316e-16
1.909066779	-2.15998436730589e-14
1.910222018	4.359525525782878e-16
1.911377257	2.0944494371854006e-16
1.912532496	1.3889347292449963e-16
1.913687735	8.713573127315849e-17
1.914842974	5.976638578925684e-17
1.915998213	5.303902282373796e-17
1.917153451	5.247253746793106e-17
1.91830869	5.348875379467514e-17
1.919463929	5.42422551469088e-17
1.920619168	5.356281575778316e-17
1.921774407	5.1148384305226736e-17
1.922929646	4.698409607405888e-17
1.924084885	4.3796168466495486e-17
1.925240124	4.535486988409874e-17
1.926395363	5.665511382668486e-17
1.927550602	8.700748063134639e-17
1.928705841	1.5739141629417128e-16
1.92986108	2.3275164450821483e-16
1.931016319	1.8799858389928843e-16
1.932171558	8.698629773496194e-17
1.933326797	3.2584396862817086e-17
1.934482036	6.3321225342032695e-18
1.935637274	-7.304472277616832e-18
1.936792513	-1.408126767738339e-17
1.937947752	-1.2038416952229967e-17
1.939102991	-2.3481288630326706e-18
1.94025823	7.893410667668731e-18
1.941413469	1.2387800066164317e-17
1.942568708	1.2398410864415363e-17
1.943723947	8.72583936179852e-18
1.944879186	3.0100672849649023e-18
1.946034425	-1.0197101733634704e-18
1.947189664	7.375143336418354e-19
1.948344903	4.398384468692897e-18
1.949500142	6.3586917129591006e-18
1.950655381	6.487974873909486e-18
1.95181062	5.742313391504757e-18
1.952965859	4.455364199880241e-18
1.954121097	3.8301444495527696e-18
1.955276336	6.276219440288316e-18
1.956431575	1.2341712096081995e-17
1.957586814	1.82549089529794e-17
1.958742053	1.863451918078771e-17
1.959897292	1.5424934213397738e-17
1.961052531	1.1194876680327034e-17
1.96220777	6.512013838974846e-18
1.963363009	1.357717774722459e-18
1.964518248	-4.069941214404313e-18
1.965673487	-7.152259296972284e-18
1.966828726	-5.662465760811454e-18
1.967983965	-1.3084231128935389e-18
1.969139204	2.2760777580365592e-18
1.970294443	3.253696909466251e-18
1.971449682	3.283144602971198e-18
1.972604921	3.8289068197910496e-18
1.973760159	5.225741125406455e-18
1.974915398	6.748276509084665e-18
1.976070637	8.063198145730176e-18
1.977225876	8.74442935030196e-18
1.978381115	8.352795769949205e-18
1.979536354	7.005914028162384e-18
1.980691593	5.7737409830275155e-18
1.981846832	5.6661879381248456e-18
1.983002071	6.201196940260782e-18
1.98415731	6.706508246131898e-18
1.985312549	6.84425202679796e-18
1.986467788	6.745651093104831e-18
1.987623027	6.4336832528925326e-18
1.988778266	6.022088925869982e-18
1.989933505	5.701709228090218e-18
1.991088744	5.577015901090427e-18
1.992243982	5.4274770985739235e-18
1.993399221	5.104409290623769e-18
1.99455446	4.3561370982839035e-18
1.995709699	2.7291191370355704e-18
1.996864938	-2.0938234240826614e-19
1.998020177	-3.445506302462323e-18
1.999175416	-4.286346854159578e-18
2.000330655	-1.115238317716993e-18
2.001485894	6.2840252540137376e-18
2.002641133	1.595784179914651e-17
2.003796372	2.421598404740057e-17
2.004951611	2.2699108168924174e-17
2.00610685	1.5135182562710553e-17
2.007262089	9.543042655651386e-18
2.008417328	7.671025859740052e-18
2.009572567	6.125452296038324e-18
2.010727805	2.3621692657078465e-18
2.011883044	-3.0443780352508933e-18
2.013038283	-6.802298003280582e-18
2.014193522	-4.664861868639037e-18
2.015348761	1.2864476381000659e-18
2.016504	7.104309851232087e-18
2.017659239	1.0507798661984124e-17
2.018814478	1.1589514163810017e-17
2.019969717	1.0953055899323584e-17
2.021124956	9.358382722385777e-18
2.022280195	7.384914342116888e-18
2.023435434	5.335107657821139e-18
2.024590673	3.3483860352696145e-18
2.025745912	1.540982955748781e-18
2.026901151	3.7069372070698664e-19
2.02805639	1.2561825981108304e-19
2.029211628	8.266554105821524e-19
2.030366867	2.27885410447514e-18
2.031522106	4.313358762261064e-18
2.032677345	5.826082892118408e-18
2.033832584	5.6962633475377076e-18
2.034987823	4.0804467483354135e-18
2.036143062	2.700082438779825e-18
2.037298301	2.9532911163962768e-18
2.03845354	4.5995252340512575e-18
2.039608779	7.31112173182755e-18
2.040764018	1.0042032684309264e-17
2.041919257	1.0530746283732395e-17
2.043074496	6.541213851726979e-18
2.044229735	9.70189502847607e-19
2.045384974	-2.2688555420849567e-18
2.046540213	-1.2501051316386428e-18
2.047695451	1.5208805666484684e-18
2.04885069	3.7603565274355015e-18
2.050005929	5.084333991605795e-18
2.051161168	5.387352816617963e-18
2.052316407	4.608660783818353e-18
2.053471646	3.5608520030504215e-18
2.054626885	3.63145185363551e-18
2.055782124	4.744340300210175e-18
2.056937363	6.094152414903733e-18
2.058092602	7.039426782022901e-18
2.059247841	7.395775143127807e-18
2.06040308	6.97202820516794e-18
2.061558319	6.139947038094444e-18
2.062713558	5.439251996363199e-18
2.063868797	5.2086140013493276e-18
2.065024036	4.7928447056371464e-18
2.066179274	3.4686458767940245e-18
2.067334513	1.680376135428117e-18
2.068489752	4.0170799497348625e-19
2.069644991	2.3660710115670287e-19
2.07080023	1.1036073843652915e-18
2.071955469	2.9959649621015227e-18
2.073110708	5.0264920217977154e-18
2.074265947	5.978596185675743e-18
2.075421186	5.095807028477578e-18
2.076576425	3.493193361405006e-18
2.077731664	2.2982606654605145e-18
2.078886903	1.7600333615426935e-18
2.080042142	1.481084461689987e-18
2.081197381	1.1866709948334207e-18
2.08235262	1.231043775702504e-18
2.083507859	2.041517119099987e-18
2.084663098	3.2975054426203277e-18
2.085818336	3.956156676561299e-18
2.086973575	3.1632686666136508e-18
2.088128814	1.771215373529919e-18
2.089284053	7.106386499543968e-19
2.090439292	4.415489920684152e-19
2.091594531	9.152926119909622e-19
2.09274977	2.1604085244650963e-18
2.093905009	3.302012458319201e-18
2.095060248	3.3205265945920904e-18
2.096215487	1.947630633736213e-18
2.097370726	5.805930966867532e-20
2.098525965	-1.5886498906302982e-18
2.099681204	-2.5737784128843864e-18
2.100836443	-2.5013178606437783e-18
2.101991682	-1.3201740166098851e-18
2.103146921	3.849701940996891e-19
2.104302159	2.072174578281963e-18
2.105457398	3.1269493802228037e-18
2.106612637	2.9487237285139056e-18
2.107767876	1.4363556397387332e-18
2.108923115	-4.335628357948505e-19
2.110078354	-1.746925631702335e-18
2.111233593	-2.1350932295203895e-18
2.112388832	-1.392042457050796e-18
2.113544071	4.075849948363646e-19
2.11469931	2.4285353234245114e-18
2.115854549	3.832492772690393e-18
2.117009788	4.475490583053483e-18
2.118165027	4.452523611246399e-18
2.119320266	3.904560131735908e-18
2.120475505	3.1634753252417803e-18
2.121630744	2.6409842631535627e-18
2.122785982	2.4364107973616624e-18
2.123941221	2.483456208354085e-18
2.12509646	2.6973378264376985e-18
2.126251699	2.9477956996932038e-18
2.127406938	3.083723670840193e-18
2.128562177	3.0279142312098974e-18
2.129717416	2.7509839294926295e-18
2.130872655	2.2602076137999655e-18
2.132027894	1.835110041734906e-18
2.133183133	1.800961831942949e-18
2.134338372	2.1167114476497858e-18
2.135493611	2.4781109481074057e-18
2.13664885	2.6260645938058952e-18
2.137804089	2.69312415763044e-18
2.138959328	2.8419756460578828e-18
2.140114567	3.0552829543959076e-18
2.141269805	3.168053549157087e-18
2.142425044	3.0695369817203862e-18
2.143580283	2.9658144744604636e-18
2.144735522	3.054570872231566e-18
2.145890761	3.490348128757048e-18
2.147046	4.3856877341017394e-18
2.148201239	5.830408791266785e-18
2.149356478	7.287680296578356e-18
2.150511717	8.11007637221445e-18
2.151666956	8.02292602932488e-18
2.152822195	7.295376201969717e-18
2.153977434	6.1813778360215005e-18
2.155132673	4.9957966365004645e-18
2.156287912	4.105030611056965e-18
2.157443151	3.632666263326654e-18
2.15859839	3.27713989272015e-18
2.159753628	2.7214812818206514e-18
2.160908867	2.1948872332615898e-18
2.162064106	2.066952384409338e-18
2.163219345	2.4629861681363132e-18
2.164374584	2.9117209980457614e-18
2.165529823	2.9232900112092593e-18
2.166685062	2.6901063224578653e-18
2.167840301	2.599429624850098e-18
2.16899554	2.854048534752888e-18
2.170150779	3.1973828203020948e-18
2.171306018	3.452658084199844e-18
2.172461257	3.580916466035459e-18
2.173616496	3.5522071707748404e-18
2.174771735	3.4191151442475778e-18
2.175926974	3.586017141538734e-18
2.177082213	4.505819865237979e-18
2.178237452	5.780161332541881e-18
2.17939269	6.670760947479583e-18
2.180547929	6.6621401092769306e-18
2.181703168	6.101208994351892e-18
2.182858407	5.241866690419389e-18
2.184013646	4.469039273445016e-18
2.185168885	4.323307014498332e-18
2.186324124	5.135038111718701e-18
2.187479363	5.5889711414278455e-18
2.188634602	4.177725686010394e-18
2.189789841	1.7419294465166533e-18
2.19094508	4.431782670205237e-19
2.192100319	1.814393094766672e-18
2.193255558	4.002506259438784e-18
2.194410797	5.092784549290888e-18
2.195566036	4.896396932379508e-18
2.196721275	4.461454824392423e-18
2.197876513	4.638759413301791e-18
2.199031752	4.952470306812023e-18
2.200186991	4.8057078507341004e-18
2.20134223	4.267402372578673e-18
2.202497469	4.059838935698889e-18
2.203652708	4.751394557651275e-18
2.204807947	5.504135065572386e-18
2.205963186	5.368406013030001e-18
2.207118425	4.389626632073843e-18
2.208273664	3.698246708655486e-18
2.209428903	4.243479507866196e-18
2.210584142	5.268646397815112e-18
2.211739381	5.8578851007797985e-18
2.21289462	5.733143011631798e-18
2.214049859	5.4815759930050944e-18
2.215205098	5.602318811997493e-18
2.216360336	5.781148959543729e-18
2.217515575	5.5827837666215965e-18
2.218670814	4.896299408083088e-18
2.219826053	4.198551767310337e-18
2.220981292	3.927551097615921e-18
2.222136531	3.9647852547874764e-18
2.22329177	4.03513123260093e-18
2.224447009	4.011449856622447e-18
2.225602248	4.166326953364456e-18
2.226757487	4.9328377371397046e-18
2.227912726	5.078830060876845e-18
2.229067965	2.9142868158444497e-18
2.230223204	-1.997090932068578e-18
2.231378443	-6.3261100839286954e-18
2.232533682	-6.4565666324455415e-18
2.233688921	-3.40593156217667e-18
2.234844159	9.237176275984204e-20
2.235999398	2.0759238456776934e-18
2.237154637	3.235175033169836e-18
2.238309876	4.2243933838547745e-18
2.239465115	4.334141499429264e-18
2.240620354	2.420435388805122e-18
2.241775593	-1.9326405301744638e-18
2.242930832	-5.9126983993823686e-18
2.244086071	-6.266015767274708e-18
2.24524131	-3.609115693745752e-18
2.246396549	-6.707558567324303e-19
2.247551788	5.02129382199802e-19
2.248707027	1.0125986397482821e-18
2.249862266	2.027639256918845e-18
2.251017505	3.1855173642375725e-18
2.252172744	3.2056723854978578e-18
2.253327982	1.2288579930589153e-18
2.254483221	-1.180362101657822e-18
2.25563846	-2.1978686903235957e-18
2.256793699	-1.5460929192802868e-18
2.257948938	-2.677575998372506e-19
2.259104177	7.845179485072208e-19
2.260259416	1.6286905803321836e-18
2.261414655	2.2850577333307925e-18
2.262569894	2.6712214390581065e-18
2.263725133	2.6311822973609262e-18
2.264880372	2.089254488195585e-18
2.266035611	1.402324304302011e-18
2.26719085	9.416342340551444e-19
2.268346089	9.228089488365319e-19
2.269501328	1.380561680155488e-18
2.270656567	2.3577141081665946e-18
2.271811805	3.3202448577357634e-18
2.272967044	3.627968069046703e-18
2.274122283	3.055036821647798e-18
2.275277522	2.0356099331453594e-18
2.276432761	9.508363480245583e-19
2.277588	1.197861520846524e-19
2.278743239	-1.2523280663951534e-19
2.279898478	2.088351227450165e-19
2.281053717	4.539167756597405e-19
2.282208956	-4.3187009264983336e-20
2.283364195	-1.0754174446832304e-18
2.284519434	-2.2072441808199794e-18
2.285674673	-2.9952598459583534e-18
2.286829912	-3.1042633712696937e-18
2.287985151	-2.160969676170692e-18
2.28914039	-6.706087962854466e-19
2.290295629	5.516771427980044e-19
2.291450867	9.314514591050553e-19
2.292606106	9.26201401147739e-19
2.293761345	1.015047583191736e-18
2.294916584	1.201949027270317e-18
2.296071823	1.3391424922637186e-18
2.297227062	1.3607379319020917e-18
2.298382301	1.3309326493102682e-18
2.29953754	1.2670132130300001e-18
2.300692779	1.2866775167987719e-18
2.301848018	1.5444280402199612e-18
2.303003257	2.1094969717217087e-18
2.304158496	2.7093557609656728e-18
2.305313735	3.08282582811124e-18
2.306468974	3.0185310006899876e-18
2.307624213	2.3773319717942135e-18
2.308779452	1.141175136550794e-18
2.30993469	-4.313832451700822e-19
2.311089929	-2.1521522413704932e-18
2.312245168	-3.6364658408753e-18
2.313400407	-4.435968474927803e-18
2.314555646	-4.1924712048287395e-18
2.315710885	-3.126848759916973e-18
2.316866124	-1.452121293657733e-18
2.318021363	6.346579350144116e-20
2.319176602	1.9118167708815786e-19
2.320331841	-2.02083887224938e-18
2.32148708	-4.536422370252925e-18
2.322642319	-5.2442808037569784e-18
2.323797558	-3.8328642938196155e-18
2.324952797	-1.5409450296335064e-18
2.326108036	7.460492575833551e-19
2.327263275	2.4973340705352265e-18
2.328418513	3.1820180996017136e-18
2.329573752	2.6149236039433546e-18
2.330728991	1.0948603837791742e-18
2.33188423	-1.066156506535023e-18
2.333039469	-3.1166110307998527e-18
2.334194708	-4.227042793907538e-18
2.335349947	-4.0086595781415204e-18
2.336505186	-2.8021578690335302e-18
2.337660425	-8.822171694596338e-19
2.338815664	1.267774831344905e-18
2.339970903	2.9521517849333297e-18
2.341126142	3.670953837700025e-18
2.342281381	3.665747897876803e-18
2.34343662	3.2437277591654646e-18
2.344591859	2.5660902475165518e-18
2.345747098	1.754986866204097e-18
2.346902336	9.510662267232644e-19
2.348057575	3.940058975633057e-19
2.349212814	3.8416213564363156e-19
2.350368053	6.830911322249485e-19
2.351523292	7.915822679789038e-19
2.352678531	3.909021481295981e-19
2.35383377	-1.494134141353905e-19
2.354989009	-5.520564039507518e-19
2.356144248	-7.511158769831182e-19
2.357299487	-7.33803766363732e-19
2.358454726	-5.206946026279591e-19
2.359609965	-3.4203550960163557e-19
2.360765204	-4.339072668417332e-19
2.361920443	-6.975022820269938e-19
2.363075682	-9.002343962221888e-19
2.364230921	-8.78217899304031e-19
2.365386159	-6.988877462380503e-19
2.366541398	-4.074704424881878e-19
2.367696637	-5.1796701833758873e-20
2.368851876	2.879815073069129e-19
2.370007115	4.976835126867804e-19
2.371162354	6.196291313350348e-19
2.372317593	7.240048965805056e-19
2.373472832	8.295230892983335e-19
2.374628071	9.248205809507979e-19
2.37578331	1.0185035036958519e-18
2.376938549	9.646569340316113e-19
2.378093788	5.810946502112027e-19
2.379249027	-3.893100252904119e-20
2.380404266	-5.353689132298701e-19
2.381559505	-5.881659357040587e-19
2.382714744	-2.7378553015887525e-19
2.383869982	3.157782537938808e-19
2.385025221	1.0129655168633885e-18
2.38618046	1.4864428799766599e-18
2.387335699	1.3741475226599432e-18
2.388490938	9.816756977593828e-19
2.389646177	6.8019868543348585e-19
2.390801416	5.54380733015446e-19
2.391956655	3.931366929213971e-19
2.393111894	4.9692421637893317e-20
2.394267133	-3.7507921803650966e-19
2.395422372	-7.440832916078894e-19
2.396577611	-9.547295798578624e-19
2.39773285	-9.880325790808392e-19
2.398888089	-8.394179353732757e-19
2.400043328	-5.2698646775180185e-19
2.401198567	-6.404652746655607e-20
2.402353806	4.851524145990681e-19
2.403509044	8.840445890139938e-19
2.404664283	8.840128549175394e-19
2.405819522	3.27442469246742e-19
2.406974761	-8.873836351628753e-19
2.40813	-2.5567991232765947e-18
2.409285239	-3.898945518670543e-18
2.410440478	-4.243014332452316e-18
2.411595717	-3.692265218475013e-18
2.412750956	-2.550696888729126e-18
2.413906195	-1.0643693351029954e-18
2.415061434	3.6613484685049343e-19
2.416216673	1.0348713314451323e-18
2.417371912	7.770031596663562e-19
2.418527151	-9.093908440528025e-20
2.41968239	-1.0743500954390701e-18
2.420837629	-1.6407626950248363e-18
2.421992867	-1.440996557844596e-18
2.423148106	-7.288277052392169e-19
2.424303345	8.179347260760218e-20
2.425458584	6.916012880911867e-19
2.426613823	7.655208347663432e-19
2.427769062	-2.5350512051747707e-20
2.428924301	-1.2454030673469288e-18
2.43007954	-2.3085417387093764e-18
2.431234779	-2.9372491436374184e-18
2.432390018	-2.851647579455292e-18
2.433545257	-1.2438450006112544e-18
2.434700496	1.8325086198279998e-18
2.435855735	4.154455305281112e-18
2.437010974	2.9746690613735847e-18
2.438166213	8.933078491692588e-19
2.439321452	-1.0562345703777419e-19
2.44047669	3.959796035622968e-20
2.441631929	7.377821384558162e-19
2.442787168	1.9299052058605678e-18
2.443942407	2.739306555999775e-18
2.445097646	1.0676031169319307e-18
2.446252885	-4.534473432329216e-18
2.447408124	-1.1464068506523553e-17
2.448563363	-1.4295577318767962e-17
2.449718602	-1.1553843491390604e-17
2.450873841	-4.834539438366422e-18
2.45202908	2.350972547675923e-18
2.453184319	6.03832826922874e-18
2.454339558	4.494843737876532e-18
2.455494797	1.0817031177882527e-18
2.456650036	-1.533951144375905e-18
2.457805275	-2.559833986500926e-18
2.458960513	-2.9853510678410656e-18
2.460115752	-3.3686362588192634e-18
2.461270991	-3.6494466343298415e-18
2.46242623	-3.556677808363143e-18
2.463581469	-2.9595868515318823e-18
2.464736708	-2.2637246804899323e-18
2.465891947	-2.039972210404306e-18
2.467047186	-1.5122179323187788e-18
2.468202425	5.560905042122192e-19
2.469357664	4.635133986282468e-18
2.470512903	8.014607052039721e-18
2.471668142	7.426932607829529e-18
2.472823381	2.8496862574939414e-18
2.47397862	-3.637321113474864e-18
2.475133859	-9.308385266420746e-18
2.476289098	-1.2441334712880483e-17
2.477444336	-1.1861035737087696e-17
2.478599575	-7.45843063356637e-18
2.479754814	8.5701952287251375e-19
2.480910053	1.3183480676599949e-17
2.482065292	3.4910958924298426e-17
2.483220531	6.566831704191296e-17
2.48437577	9.074382373579418e-17
2.485531009	1.072827029089778e-16
2.486686248	1.2465058968589297e-16
2.487841487	1.5281451127887316e-16
2.488996726	2.0291083598241177e-16
2.490151965	2.7883772912080804e-16
2.491307204	3.842427603726868e-16
2.492462443	5.347419550702587e-16
2.493617682	6.22196066019118e-16
2.494772921	4.3583277494022896e-16
2.495928159	2.2418625893010837e-16
2.497083398	1.2394643020963172e-16