0.451153287	8.77679363056345e-13
0.452306574	8.668540879782389e-13
0.453459861	8.933827660963143e-13
0.454613148	8.999226689383404e-13
0.455766435	8.99735198893293e-13
0.456919722	9.105453006279877e-13
0.45807301	9.024694184948173e-13
0.459226297	9.134552414019484e-13
0.460379584	9.453480987145085e-13
0.461532871	9.503970544948861e-13
0.462686158	9.21396027942813e-13
0.463839445	9.150861785060061e-13
0.464992732	9.215761557646146e-13
0.466146019	9.180930370652844e-13
0.467299306	9.218164880631418e-13
0.468452593	9.35334376080258e-13
0.46960588	9.48491030659932e-13
0.470759167	9.58945771201127e-13
0.471912455	9.66117588658308e-13
0.473065742	9.70704967648944e-13
0.474219029	9.779081128753313e-13
0.475372316	9.801097801316163e-13
0.476525603	9.85521928225659e-13
0.47767889	1.004932141133134e-12
0.478832177	1.018369754687647e-12
0.479985464	1.0259121066817392e-12
0.481138751	1.0171622154701614e-12
0.482292038	1.0254989887846564e-12
0.483445325	1.0607007103148692e-12
0.484598612	1.0466933454981499e-12
0.4857519	8.036865835079838e-13
0.486905187	8.301090449336357e-13
0.488058474	9.356833739405325e-13
0.489211761	9.63948715861988e-13
0.490365048	9.874460620740867e-13
0.491518335	9.963594399771142e-13
0.492671622	9.990393273458557e-13
0.493824909	1.0315699726136948e-12
0.494978196	1.052734960434205e-12
0.496131483	1.041907238679138e-12
0.49728477	1.0411054751354894e-12
0.498438057	1.0227373591663715e-12
0.499591345	1.0219106322829234e-12
0.500744632	1.0081426208747102e-12
0.501897919	1.0023731549033079e-12
0.503051206	1.033711434297073e-12
0.504204493	1.052814744903707e-12
0.50535778	1.055247446647595e-12
0.506511067	1.0646165269040589e-12
0.507664354	1.0586830853442872e-12
0.508817641	1.0705201095777464e-12
0.509970928	1.0787379395333674e-12
0.511124215	1.0933390411582538e-12
0.512277502	1.0881882742386366e-12
0.51343079	1.0838838120028812e-12
0.514584077	1.0797981475813795e-12
0.515737364	1.058361009700035e-12
0.516890651	1.006046191420828e-12
0.518043938	1.0234294793544336e-12
0.519197225	1.0580134807228822e-12
0.520350512	1.0965426686696853e-12
0.521503799	1.1256988586075787e-12
0.522657086	1.1287654327466632e-12
0.523810373	1.1441736812622212e-12
0.52496366	1.1464194018579813e-12
0.526116947	1.1187859745516809e-12
0.527270234	1.0958157951454354e-12
0.528423522	1.136500639229007e-12
0.529576809	1.1892197653951109e-12
0.530730096	1.193964756640891e-12
0.531883383	1.1733651145294037e-12
0.53303667	1.1615310269660066e-12
0.534189957	1.1794517616949547e-12
0.535343244	1.1971067096962936e-12
0.536496531	1.175480145086042e-12
0.537649818	1.1754106384136663e-12
0.538803105	1.1630244218007978e-12
0.539956392	1.136856488223245e-12
0.541109679	1.1268305300118266e-12
0.542262967	1.1222431510211907e-12
0.543416254	1.1281457548048575e-12
0.544569541	1.1488550402719313e-12
0.545722828	1.1664830671534292e-12
0.546876115	1.1885912774431187e-12
0.548029402	1.1959955971748432e-12
0.549182689	1.2114983146063951e-12
0.550335976	1.2245800780704888e-12
0.551489263	1.2279613856305794e-12
0.55264255	1.2146833410150708e-12
0.553795837	1.2239280945656378e-12
0.554949124	1.239514513122956e-12
0.556102412	1.249145953443866e-12
0.557255699	1.2334890504203328e-12
0.558408986	1.2219080229180945e-12
0.559562273	1.2116662046586661e-12
0.56071556	1.2210142382315945e-12
0.561868847	1.224986343737427e-12
0.563022134	1.2382090772301321e-12
0.564175421	1.2492100745768558e-12
0.565328708	1.2354885642812601e-12
0.566481995	1.2286735747083377e-12
0.567635282	1.2360005566475206e-12
0.568788569	1.2311052964660234e-12
0.569941857	1.2260891362417924e-12
0.571095144	1.2236583933741271e-12
0.572248431	1.24513322016554e-12
0.573401718	1.258449932581138e-12
0.574555005	1.250514041586558e-12
0.575708292	1.2438228898226126e-12
0.576861579	1.2514264262796327e-12
0.578014866	1.2334117126277916e-12
0.579168153	1.2544778270753056e-12
0.58032144	1.2742389945269151e-12
0.581474727	1.293695707450826e-12
0.582628014	1.3022228874804305e-12
0.583781301	1.310747620833074e-12
0.584934589	1.308062349021128e-12
0.586087876	1.312732939144429e-12
0.587241163	1.3008210259877525e-12
0.58839445	1.2499247114277565e-12
0.589547737	1.2063005576772407e-12
0.590701024	1.2673094682444837e-12
0.591854311	1.2862047510194547e-12
0.593007598	1.2962615470069785e-12
0.594160885	1.2943246853959189e-12
0.595314172	1.286107345433399e-12
0.596467459	1.291943869207853e-12
0.597620746	1.2975513184671087e-12
0.598774034	1.2954499934669416e-12
0.599927321	1.2926423527291404e-12
0.601080608	1.30460810922168e-12
0.602233895	1.3060295507071346e-12
0.603387182	1.3103658285128343e-12
0.604540469	1.3273536196659107e-12
0.605693756	1.3359850575117156e-12
0.606847043	1.3356654296406061e-12
0.60800033	1.3187167962807197e-12
0.609153617	1.3183849306400792e-12
0.610306904	1.3028136865223538e-12
0.611460191	1.2784152134005093e-12
0.612613479	1.2430010584854494e-12
0.613766766	1.1972956475282814e-12
0.614920053	1.1459808306279977e-12
0.61607334	1.1103341734383948e-12
0.617226627	1.0654050748843377e-12
0.618379914	1.01836045468436e-12
0.619533201	1.0064529459846857e-12
0.620686488	1.0167172809069529e-12
0.621839775	1.0500438152821352e-12
0.622993062	1.1136004542958756e-12
0.624146349	1.1753675650603933e-12
0.625299636	1.236885042426915e-12
0.626452924	1.282765684563418e-12
0.627606211	1.277443600928367e-12
0.628759498	1.2992654678000131e-12
0.629912785	1.3256184225532893e-12
0.631066072	1.3355817285148397e-12
0.632219359	1.344898924311663e-12
0.633372646	1.3472498827098258e-12
0.634525933	1.3323776121064887e-12
0.63567922	1.3516742660982943e-12
0.636832507	1.3511715726391396e-12
0.637985794	1.3572479409113828e-12
0.639139081	1.355699724946889e-12
0.640292369	1.3482185574157247e-12
0.641445656	1.339139248336649e-12
0.642598943	1.3459757734900267e-12
0.64375223	1.3341103603497863e-12
0.644905517	1.3079497689954793e-12
0.646058804	1.3064764430503846e-12
0.647212091	1.304023673512982e-12
0.648365378	1.2760500594527745e-12
0.649518665	1.274634981300545e-12
0.650671952	1.2938503830359084e-12
0.651825239	1.2932541995507805e-12
0.652978526	1.297035899437685e-12
0.654131813	1.296975693864778e-12
0.655285101	1.200576612832254e-12
0.656438388	1.0547472009615828e-12
0.657591675	1.3156986810342943e-12
0.658744962	1.3492082809975218e-12
0.659898249	1.3105234396717974e-12
0.661051536	1.2811753741356723e-12
0.662204823	1.2633789672088026e-12
0.66335811	1.2430671373984804e-12
0.664511397	1.2308967797374408e-12
0.665664684	1.215279035603279e-12
0.666817971	1.2082418237453027e-12
0.667971258	1.2027797489716607e-12
0.669124546	1.2092325251209387e-12
0.670277833	1.213433217341232e-12
0.67143112	1.2170656260862585e-12
0.672584407	1.2325840068543226e-12
0.673737694	1.2441929343664226e-12
0.674890981	1.2594469972899995e-12
0.676044268	1.2686295874876181e-12
0.677197555	1.2698831378246202e-12
0.678350842	1.2660055012347815e-12
0.679504129	1.2680877362352732e-12
0.680657416	1.2570568810986465e-12
0.681810703	1.253177285632585e-12
0.682963991	1.2393882275408363e-12
0.684117278	1.2380705560708446e-12
0.685270565	1.241811139288336e-12
0.686423852	1.2499173692045108e-12
0.687577139	1.2675664438657253e-12
0.688730426	1.2680236151022833e-12
0.689883713	1.2638708917815483e-12
0.691037	1.2582497369658217e-12
0.692190287	1.2555899184867765e-12
0.693343574	1.2381243983105265e-12
0.694496861	1.2238439045429518e-12
0.695650148	1.208609910509071e-12
0.696803436	1.1851527009801834e-12
0.697956723	1.166823742804256e-12
0.69911001	1.135290162245278e-12
0.700263297	1.0961814341360615e-12
0.701416584	1.0685896123960935e-12
0.702569871	1.0489787138802012e-12
0.703723158	1.052819150456891e-12
0.704876445	1.0707677851957008e-12
0.706029732	1.0833752452036026e-12
0.707183019	1.1106831712986692e-12
0.708336306	1.1308383677438676e-12
0.709489593	1.1358927079674496e-12
0.710642881	1.138857959864214e-12
0.711796168	1.1346974054233133e-12
0.712949455	1.132941650524076e-12
0.714102742	1.1335760129123736e-12
0.715256029	1.1082000539782626e-12
0.716409316	1.0230002081277373e-12
0.717562603	8.877229423843171e-13
0.71871589	7.569082400287163e-13
0.719869177	6.729090811655318e-13
0.721022464	6.313524790651975e-13
0.722175751	5.967170821340281e-13
0.723329038	5.301707167806435e-13
0.724482325	4.528526752365563e-13
0.725635613	3.76653529102102e-13
0.7267889	3.3594156877839407e-13
0.727942187	3.3346515679982e-13
0.729095474	3.6789149877732256e-13
0.730248761	4.322459364464644e-13
0.731402048	5.108422472188934e-13
0.732555335	5.951840395129457e-13
0.733708622	6.755542151980852e-13
0.734861909	7.486781723035645e-13
0.736015196	8.161320278999202e-13
0.737168483	8.741629599039487e-13
0.73832177	9.364371685846232e-13
0.739475058	9.835498254776735e-13
0.740628345	1.0232317304160782e-12
0.741781632	1.049197999495193e-12
0.742934919	1.074850024050221e-12
0.744088206	1.078801082872518e-12
0.745241493	1.0849410833808312e-12
0.74639478	1.0779214926394086e-12
0.747548067	1.0780800826883922e-12
0.748701354	1.0761632910632104e-12
0.749854641	1.0729312735488163e-12
0.751007928	1.072531860112023e-12
0.752161215	1.0697511415902442e-12
0.753314503	1.0529185149191695e-12
0.75446779	1.0399204514846609e-12
0.755621077	1.0272508270276293e-12
0.756774364	1.006204292572892e-12
0.757927651	9.945312428316208e-13
0.759080938	9.889835102483527e-13
0.760234225	9.496618598573697e-13
0.761387512	8.666274601400013e-13
0.762540799	8.44306327568545e-13
0.763694086	8.64677872958673e-13
0.764847373	8.733797963668745e-13
0.76600066	8.95269699931593e-13
0.767153948	9.190245117580344e-13
0.768307235	9.353803871997743e-13
0.769460522	9.330411765780412e-13
0.770613809	9.21610908004621e-13
0.771767096	9.114816697708413e-13
0.772920383	8.866039976465198e-13
0.77407367	8.719240915383332e-13
0.775226957	8.690151296543934e-13
0.776380244	8.529886709839699e-13
0.777533531	7.985617588181869e-13
0.778686818	8.042656347734776e-13
0.779840105	7.628710493852902e-13
0.780993392	7.114495257994821e-13
0.78214668	6.676041286539333e-13
0.783299967	6.431332121896511e-13
0.784453254	6.378218974410088e-13
0.785606541	6.475238222281339e-13
0.786759828	6.570612825299696e-13
0.787913115	6.606134179085745e-13
0.789066402	6.693750568965818e-13
0.790219689	6.660226282363737e-13
0.791372976	6.515742444165281e-13
0.792526263	6.251591252141221e-13
0.79367955	6.096378077759957e-13
0.794832837	5.989892338565281e-13
0.795986125	5.958355330246959e-13
0.797139412	5.981277547330735e-13
0.798292699	5.97951053574435e-13
0.799445986	6.043636919443208e-13
0.800599273	6.166490774041519e-13
0.80175256	6.274440046992538e-13
0.802905847	6.435703156326944e-13
0.804059134	6.604930056665788e-13
0.805212421	6.74102915922728e-13
0.806365708	6.857818379079418e-13
0.807518995	6.978611533161509e-13
0.808672282	7.059336087861583e-13
0.80982557	7.150667612010974e-13
0.810978857	7.30682058658298e-13
0.812132144	7.470829663295338e-13
0.813285431	7.519552209512728e-13
0.814438718	7.522449921286611e-13
0.815592005	7.486184567237586e-13
0.816745292	7.487486567697795e-13
0.817898579	7.639278307701389e-13
0.819051866	7.747756214149021e-13
0.820205153	7.971143751029122e-13
0.82135844	8.177345750010153e-13
0.822511727	7.982993987537407e-13
0.823665015	8.157286989030442e-13
0.824818302	8.489778965818668e-13
0.825971589	8.550738437507051e-13
0.827124876	8.540009101324241e-13
0.828278163	8.441844475396092e-13
0.82943145	8.434521895721548e-13
0.830584737	8.389920750536592e-13
0.831738024	8.228285630108887e-13
0.832891311	8.007923060705356e-13
0.834044598	7.655303778712341e-13
0.835197885	7.210868405566976e-13
0.836351172	6.652619813621381e-13
0.83750446	6.11486562708105e-13
0.838657747	5.740768094922003e-13
0.839811034	5.452901741050156e-13
0.840964321	5.349915769358431e-13
0.842117608	5.492725596003375e-13
0.843270895	5.718173833399692e-13
0.844424182	5.977895257592079e-13
0.845577469	6.752179440042611e-13
0.846730756	6.645380445079501e-13
0.847884043	7.044519617277968e-13
0.84903733	6.900642734739596e-13
0.850190617	6.023382358535733e-13
0.851343904	6.215942642652484e-13
0.852497192	6.075452927860148e-13
0.853650479	5.21277897760413e-13
0.854803766	4.4009308497686236e-13
0.855957053	4.54966482454714e-13
0.85711034	4.2457274642875666e-13
0.858263627	3.6891802993931503e-13
0.859416914	2.8960507520777955e-13
0.860570201	2.5742049003397123e-13
0.861723488	2.449149387254569e-13
0.862876775	2.2249512680511827e-13
0.864030062	2.1570539544480103e-13
0.865183349	2.132939376971067e-13
0.866336637	1.9721760167524854e-13
0.867489924	2.4191087104410997e-13
0.868643211	2.956167841219487e-13
0.869796498	3.4252508429495876e-13
0.870949785	3.7149375595582184e-13
0.872103072	4.022548936321514e-13
0.873256359	4.181096913861706e-13
0.874409646	3.8797581941953393e-13
0.875562933	3.7587844222983446e-13
0.87671622	4.1216465003446274e-13
0.877869507	3.8316920304588946e-13
0.879022794	3.219165335169562e-13
0.880176082	2.5163873806105515e-13
0.881329369	1.802211474002981e-13
0.882482656	1.2427411440017827e-13
0.883635943	9.456109498682371e-14
0.88478923	8.2550258032805e-14
0.885942517	7.007461274617675e-14
0.887095804	7.255234562337896e-14
0.888249091	7.865808278860542e-14
0.889402378	8.052098394212222e-14
0.890555665	8.21659203792754e-14
0.891708952	8.26851574086341e-14
0.892862239	8.136019194737949e-14
0.894015527	8.164991379660308e-14
0.895168814	8.372191923195138e-14
0.896322101	8.960553057609024e-14
0.897475388	9.680583669256316e-14
0.898628675	1.005892499110492e-13
0.899781962	1.0845357998924583e-13
0.900935249	1.1422216463077505e-13
0.902088536	1.378561728784488e-13
0.903241823	1.9369077274123218e-13
0.90439511	2.390763091864678e-13
0.905548397	2.724015719911866e-13
0.906701684	2.9424194130925944e-13
0.907854972	3.142015428126206e-13
0.909008259	3.290523260674859e-13
0.910161546	3.432670818344554e-13
0.911314833	3.5589001005857417e-13
0.91246812	3.5589397494682147e-13
0.913621407	3.477991014703045e-13
0.914774694	3.54681540183051e-13
0.915927981	3.5145808932656464e-13
0.917081268	3.613867395120748e-13
0.918234555	3.691209671043981e-13
0.919387842	3.75533704130613e-13
0.920541129	3.7840708067665653e-13
0.921694416	3.612281987912557e-13
0.922847704	3.358630569755369e-13
0.924000991	3.692912073696637e-13
0.925154278	3.945772498292767e-13
0.926307565	3.865022972579624e-13
0.927460852	3.8570523304412183e-13
0.928614139	3.7932338202599515e-13
0.929767426	3.63480282720241e-13
0.930920713	3.4357183123495956e-13
0.932074	3.1390051385190387e-13
0.933227287	2.917299933209536e-13
0.934380574	2.6348765695925616e-13
0.935533861	2.6181986075447555e-13
0.936687149	2.6292891793573697e-13
0.937840436	2.670683281329545e-13
0.938993723	2.919832978305723e-13
0.94014701	2.944245651361865e-13
0.941300297	2.745337829994419e-13
0.942453584	2.4489496849208976e-13
0.943606871	2.26148828874503e-13
0.944760158	2.2676625525964298e-13
0.945913445	2.249448621123112e-13
0.947066732	2.268451583992721e-13
0.948220019	2.1891807741487839e-13
0.949373306	2.147842972055066e-13
0.950526594	2.1784069001143058e-13
0.951679881	2.2781324664810363e-13
0.952833168	2.3622970687195306e-13
0.953986455	2.457997171852941e-13
0.955139742	2.3540704243689976e-13
0.956293029	2.3233327405906333e-13
0.957446316	2.2352635729691892e-13
0.958599603	2.0339049529985592e-13
0.95975289	1.926300757963005e-13
0.960906177	1.889364814921647e-13
0.962059464	1.831499819574574e-13
0.963212751	1.8282957031662227e-13
0.964366039	1.7737601287272367e-13
0.965519326	1.7453875879347925e-13
0.966672613	1.708800647138435e-13
0.9678259	1.725073800344429e-13
0.968979187	1.7269979385775827e-13
0.970132474	0.
0.971285761	0.
0.972439048	0.
0.973592335	0.
0.974745622	0.
0.975898909	0.
0.977052196	0.
0.978205483	0.
0.979358771	0.
0.980512058	0.
0.981665345	0.
0.982818632	0.
0.983971919	0.
0.985125206	0.
0.986278493	0.
0.98743178	0.
0.988585067	0.
0.989738354	0.
0.990891641	0.
0.992044928	0.
0.993198216	0.
0.994351503	0.
0.99550479	0.
0.996658077	0.
0.997811364	1.2657470545380554e-13
0.998964651	1.2296153250058512e-13
1.000117938	1.1734850367782983e-13
1.001271225	1.0407339573238319e-13
1.002424512	9.185766383324007e-14
1.003577799	7.911961134636403e-14
1.004731086	6.963046195269351e-14
1.005884373	6.836124718299764e-14
1.007037661	7.38965479726212e-14
1.008190948	8.067835065262536e-14
1.009344235	9.149843640782222e-14
1.010497522	1.0415322953004989e-13
1.011650809	1.1697552246395786e-13
1.012804096	1.3129404824638985e-13
1.013957383	1.4726411824765996e-13
1.01511067	1.6176654052366404e-13
1.016263957	1.7568202998966296e-13
1.017417244	1.8797084101647563e-13
1.018570531	1.9726498302155761e-13
1.019723818	2.0831791305990504e-13
1.020877106	2.206896907709232e-13
1.022030393	2.3140042804333924e-13
1.02318368	2.451642783468284e-13
1.024336967	2.603233834574917e-13
1.025490254	2.7432624516087983e-13
1.026643541	2.8605582826725367e-13
1.027796828	2.9567953502814577e-13
1.028950115	3.061882153691704e-13
1.030103402	3.175417347994795e-13
1.031256689	3.288176708926061e-13
1.032409976	3.43310303172222e-13
1.033563263	3.5968057038001076e-13
1.034716551	3.7470864125058184e-13
1.035869838	3.888215376463285e-13
1.037023125	4.037085913524866e-13
1.038176412	4.1624037866744557e-13
1.039329699	4.2310960181682207e-13
1.040482986	4.28942749352459e-13
1.041636273	4.366344407204121e-13
1.04278956	4.433569180612008e-13
1.043942847	4.474097397907545e-13
1.045096134	4.4851757253735397e-13
1.046249421	4.478352423456802e-13
1.047402708	4.471447861610352e-13
1.048555995	4.465228073343992e-13
1.049709283	4.4645951820311797e-13
1.05086257	4.493558509807551e-13
1.052015857	4.5174337360683507e-13
1.053169144	4.560691763027502e-13
1.054322431	4.595218978909118e-13
1.055475718	4.606549395219521e-13
1.056629005	4.62160229021485e-13
1.057782292	4.636510774268045e-13
1.058935579	4.629010525506657e-13
1.060088866	4.61095567188306e-13
1.061242153	4.597201368223682e-13
1.06239544	4.670205889784822e-13
1.063548728	4.690002301661903e-13
1.064702015	4.648169628459744e-13
1.065855302	4.602798043115621e-13
1.067008589	4.562782323525986e-13
1.068161876	4.5454978990997435e-13
1.069315163	4.544655516553053e-13
1.07046845	4.550412738177837e-13
1.071621737	4.556235566261452e-13
1.072775024	4.548446024257781e-13
1.073928311	4.5328473734118397e-13
1.075081598	4.514564426355428e-13
1.076234885	4.497131206261316e-13
1.077388173	4.4881615372492824e-13
1.07854146	4.4804468973230057e-13
1.079694747	4.469122838864921e-13
1.080848034	4.4491296624204136e-13
1.082001321	4.4122318993784064e-13
1.083154608	4.369274905764698e-13
1.084307895	4.325963034373501e-13
1.085461182	4.290160236004239e-13
1.086614469	4.2717103734008513e-13
1.087767756	4.2497382386896697e-13
1.088921043	4.212144444284244e-13
1.09007433	4.14221285909923e-13
1.091227618	4.0274133510536355e-13
1.092380905	3.887993158562957e-13
1.093534192	3.734852424801071e-13
1.094687479	3.581394510941218e-13
1.095840766	3.4380002551646653e-13
1.096994053	3.306764591733821e-13
1.09814734	3.1908662166095765e-13
1.099300627	3.094188626567719e-13
1.100453914	3.0142922588647626e-13
1.101607201	2.9424130442784623e-13
1.102760488	2.872370350143285e-13
1.103913775	2.7973481970344724e-13
1.105067063	2.711062198713752e-13
1.10622035	2.607780093607596e-13
1.107373637	2.4818361802791563e-13
1.108526924	2.319548590738223e-13
1.109680211	2.1272472465998427e-13
1.110833498	1.9167412666067059e-13
1.111986785	1.6981334754047556e-13
1.113140072	1.4939686748099948e-13
1.114293359	1.3021112841524397e-13
1.115446646	1.1207977228935946e-13
1.116599933	9.523691605314158e-14
1.11775322	7.991031222697936e-14
1.118906507	6.627181684757232e-14
1.120059795	5.431756368300228e-14
1.121213082	4.3794570500992144e-14
1.122366369	3.4051891880508895e-14
1.123519656	2.5755612604372407e-14
1.124672943	1.9096325738535913e-14
1.12582623	1.4140728442359418e-14
1.126979517	1.0941339864533822e-14
1.128132804	9.070905752201647e-15
1.129286091	8.292152153036969e-15
1.130439378	8.372911127834075e-15
1.131592665	9.081865374180137e-15
1.132745952	1.0282371491584363e-14
1.13389924	1.1802314744528744e-14
1.135052527	1.3480971914958816e-14
1.136205814	1.516527222741182e-14
1.137359101	1.6743258287293704e-14
1.138512388	1.8150172080201448e-14
1.139665675	1.9419195018146348e-14
1.140818962	2.0495393064738107e-14
1.141972249	2.1136593432821656e-14
1.143125536	2.1178625413732168e-14
1.144278823	2.0331952412908423e-14
1.14543211	1.865890001815109e-14
1.146585397	1.6466595247494973e-14
1.147738685	1.398625345847953e-14
1.148891972	1.1485790163059088e-14
1.150045259	9.150239691134374e-15
1.151198546	7.111793850392164e-15
1.152351833	5.471761728975311e-15
1.15350512	4.3566514338345874e-15
1.154658407	3.652004084343244e-15
1.155811694	3.233772500870142e-15
1.156964981	3.009954175648241e-15
1.158118268	2.8748432368023667e-15
1.159271555	2.8092444512393623e-15
1.160424842	2.7973475941346835e-15
1.16157813	2.8165132303291186e-15
1.162731417	2.814084092271073e-15
1.163884704	2.92998883620945e-15
1.165037991	3.254459636895158e-15
1.166191278	3.865339626510502e-15
1.167344565	4.843063310148085e-15
1.168497852	6.135682649644196e-15
1.169651139	7.698499750840506e-15
1.170804426	9.505668847882954e-15
1.171957713	1.1503234794401927e-14
1.173111	1.337201915367573e-14
1.174264287	1.4922256476733894e-14
1.175417574	1.5937407083077185e-14
1.176570862	1.6294299642040333e-14
1.177724149	1.6180138922763667e-14
1.178877436	1.56853017959474e-14
1.180030723	1.4928643925950605e-14
1.18118401	1.4050854718937472e-14
1.182337297	1.3197520223538478e-14
1.183490584	1.2514019310093055e-14
1.184643871	1.2138800789914016e-14
1.185797158	1.2189100171200784e-14
1.186950445	1.2758307727416011e-14
1.188103732	1.3919337062832694e-14
1.189257019	1.580633009190893e-14
1.190410307	1.8332374973457807e-14
1.191563594	2.1351552419692868e-14
1.192716881	2.4783799531027686e-14
1.193870168	2.8505069127831124e-14
1.195023455	3.259223202935339e-14
1.196176742	3.714161298675636e-14
1.197330029	4.2217783663599207e-14
1.198483316	4.7793426122361855e-14
1.199636603	5.4113941404522905e-14
1.20078989	6.138247933436362e-14
1.201943177	6.975987932517049e-14
1.203096464	7.94829012201768e-14
1.204249752	9.023906096267914e-14
1.205403039	1.0175072977703532e-13
1.206556326	1.1373694649604332e-13
1.207709613	1.2590324061250692e-13
1.2088629	1.3786473844017517e-13
1.210016187	1.4924498277384844e-13
1.211169474	1.595492088346852e-13
1.212322761	1.6824178291143484e-13
1.213476048	1.7600293162359908e-13
1.214629335	1.832330462018105e-13
1.215782622	1.9082101797864706e-13
1.216935909	1.9947761538072836e-13
1.218089197	2.0731786344899845e-13
1.219242484	2.131283967616492e-13
1.220395771	2.1473765030075837e-13
1.221549058	2.1114792357223272e-13
1.222702345	2.0438976223721856e-13
1.223855632	1.9556282700972397e-13
1.225008919	1.8606163606299947e-13
1.226162206	1.76745566044509e-13
1.227315493	1.6805416707425674e-13
1.22846878	1.606176886677992e-13
1.229622067	1.551642287840482e-13
1.230775354	1.5193025348961276e-13
1.231928642	1.5087621365453064e-13
1.233081929	1.5199515839232795e-13
1.234235216	1.5516310300571536e-13
1.235388503	1.6030202458875534e-13
1.23654179	1.6732714666169466e-13
1.237695077	1.7616299055570448e-13
1.238848364	1.873355983944866e-13
1.240001651	1.9982450747646788e-13
1.241154938	2.1226535009874376e-13
1.242308225	2.229236646864351e-13
1.243461512	2.2847839638816017e-13
1.244614799	2.3070537118521517e-13
1.245768086	2.312011619898791e-13
1.246921374	2.316087003234622e-13
1.248074661	2.342634774640917e-13
1.249227948	2.378818386440399e-13
1.250381235	2.419966768382298e-13
1.251534522	2.4614812749231987e-13
1.252687809	2.497153386541884e-13
1.253841096	2.528254268114821e-13
1.254994383	2.5532660591337903e-13
1.25614767	2.570001274737902e-13
1.257300957	2.576649845334038e-13
1.258454244	2.5741730891544936e-13
1.259607531	2.563469688624416e-13
1.260760819	2.544320374571536e-13
1.261914106	2.518623799010662e-13
1.263067393	2.4946790748469374e-13
1.26422068	2.4781861482252137e-13
1.265373967	2.480286497623904e-13
1.266527254	2.5025278435334953e-13
1.267680541	2.5330212871265206e-13
1.268833828	2.5649714133419255e-13
1.269987115	2.5826018803232956e-13
1.271140402	2.586939141403742e-13
1.272293689	2.5891745842023755e-13
1.273446976	2.5947037123943435e-13
1.274600264	2.6186092809572403e-13
1.275753551	2.653195241201912e-13
1.276906838	2.6857958853275904e-13
1.278060125	2.7080871623015067e-13
1.279213412	2.701341185023133e-13
1.280366699	2.675744964872554e-13
1.281519986	2.642247107204849e-13
1.282673273	2.6084438205041506e-13
1.28382656	2.58815695512981e-13
1.284979847	2.574506909286631e-13
1.286133134	2.562985603941288e-13
1.287286421	2.549803978348544e-13
1.288439709	2.5278675791521153e-13
1.289592996	2.504227308419908e-13
1.290746283	2.4821714692944155e-13
1.29189957	2.466079416223155e-13
1.293052857	2.462424988481661e-13
1.294206144	2.4587323697790014e-13
1.295359431	2.4479961824622293e-13
1.296512718	2.4207029419098356e-13
1.297666005	2.3684497926057497e-13
1.298819292	2.303689531030788e-13
1.299972579	2.2319576432292356e-13
1.301125866	2.161102415567819e-13
1.302279153	2.095910927178482e-13
1.303432441	2.0300170276497796e-13
1.304585728	1.9615382117194266e-13
1.305739015	1.8877593366313972e-13
1.306892302	1.807103797514416e-13
1.308045589	1.7199005145696105e-13
1.309198876	1.6256727584912746e-13
1.310352163	1.5237332892910913e-13
1.31150545	1.4145510205011407e-13
1.312658737	1.3001342880505324e-13
1.313812024	1.1830024238057122e-13
1.314965311	1.0648318947666051e-13
1.316118598	9.515316669539216e-14
1.317271886	8.489969821968166e-14
1.318425173	7.612029122680834e-14
1.31957846	6.94352583476283e-14
1.320731747	6.448228859834942e-14
1.321885034	6.083367829172626e-14
1.323038321	5.81539871394617e-14
1.324191608	5.593753678035588e-14
1.325344895	5.408344673320667e-14
1.326498182	5.244232719980716e-14
1.327651469	5.081892853547188e-14
1.328804756	4.8997535388140084e-14
1.329958043	4.693750244641543e-14
1.331111331	4.4612510394064315e-14
1.332264618	4.2052550755124704e-14
1.333417905	3.937668746842815e-14
1.334571192	3.6507568491074846e-14
1.335724479	3.343506181806906e-14
1.336877766	3.0100686169899645e-14
1.338031053	2.642813416457352e-14
1.33918434	2.2749132227688945e-14
1.340337627	1.924072681503609e-14
1.341490914	1.612570474510734e-14
1.342644201	1.3578186765445171e-14
1.343797488	1.1478428208547429e-14
1.344950776	9.81092687657256e-15
1.346104063	8.577356638570489e-15
1.34725735	7.746248317930039e-15
1.348410637	7.214657323808624e-15
1.349563924	6.898528463836691e-15
1.350717211	6.576251122200689e-15
1.351870498	6.131693645405375e-15
1.353023785	5.622280594059401e-15
1.354177072	5.034574976143127e-15
1.355330359	4.4947790639872046e-15
1.356483646	4.0551763272741854e-15
1.357636933	3.708773128454283e-15
1.358790221	3.5223422634064603e-15
1.359943508	3.591870859410843e-15
1.361096795	3.9488522090701585e-15
1.362250082	4.526260298594159e-15
1.363403369	5.151276643984121e-15
1.364556656	5.456118123728755e-15
1.365709943	5.485398226015963e-15
1.36686323	5.350185342296714e-15
1.368016517	5.2313055619460925e-15
1.369169804	5.485975913631753e-15
1.370323091	5.729329288191393e-15
1.371476378	5.78542746926474e-15
1.372629665	5.595163257741743e-15
1.373782953	5.128055136483383e-15
1.37493624	4.722622567435253e-15
1.376089527	4.427838552348818e-15
1.377242814	4.268788107162845e-15
1.378396101	4.286169159982507e-15
1.379549388	4.370259430157952e-15
1.380702675	4.48382163437158e-15
1.381855962	4.555098639763409e-15
1.383009249	4.490656325613418e-15
1.384162536	4.313564926384435e-15
1.385315823	4.049720632276491e-15
1.38646911	3.776625663045871e-15
1.387622398	3.572479409840975e-15
1.388775685	3.4358590291602958e-15
1.389928972	3.3437041521739113e-15
1.391082259	3.2740582647560764e-15
1.392235546	3.2120966091915356e-15
1.393388833	3.151473391158075e-15
1.39454212	3.088091084454894e-15
1.395695407	3.0192530827540173e-15
1.396848694	2.947082689493367e-15
1.398001981	2.875038357097643e-15
1.399155268	2.806576345628675e-15
1.400308555	2.7601070222727792e-15
1.401461843	2.717564220813959e-15
1.40261513	2.6608697170404414e-15
1.403768417	2.583580156482376e-15
1.404921704	2.46575928739713e-15
1.406074991	2.34678194689887e-15
1.407228278	2.2662915365531272e-15
1.408381565	2.2547147644272162e-15
1.409534852	2.3300761418426364e-15
1.410688139	2.516659376109804e-15
1.411841426	2.822897391001527e-15
1.412994713	3.256404262759315e-15
1.414148	3.841005494854116e-15
1.415301288	4.504674293793151e-15
1.416454575	5.21149646724982e-15
1.417607862	5.9260697396272645e-15
1.418761149	6.614054035138306e-15
1.419914436	7.336370733166488e-15
1.421067723	8.10755629570989e-15
1.42222101	8.943984384850202e-15
1.423374297	9.84332451885845e-15
1.424527584	1.0752445879803496e-14
1.425680871	1.1672466572748156e-14
1.426834158	1.2602374822228724e-14
1.427987445	1.358167700713146e-14
1.429140733	1.4703715168935926e-14
1.43029402	1.6012287236843018e-14
1.431447307	1.757300515059296e-14
1.432600594	1.935824952277125e-14
1.433753881	2.126134216857064e-14
1.434907168	2.320068443821548e-14
1.436060455	2.5095768382457074e-14
1.437213742	2.6929128542505332e-14
1.438367029	2.863254845153254e-14
1.439520316	2.999188906638021e-14
1.440673603	3.087193531096623e-14
1.44182689	3.1319331897675956e-14
1.442980177	3.151509345909115e-14
1.444133465	3.151956697552386e-14
1.445286752	3.1274843374171546e-14
1.446440039	3.081416216466152e-14
1.447593326	3.037801349564747e-14
1.448746613	3.007302512759066e-14
1.4498999	2.9886343236994416e-14
1.451053187	3.0151992941924386e-14
1.452206474	3.084683933321312e-14
1.453359761	3.178170122659455e-14
1.454513048	3.29873813203679e-14
1.455666335	3.4626346857249335e-14
1.456819622	3.670302202550704e-14
1.45797291	3.8905673652719964e-14
1.459126197	4.1176474879693125e-14
1.460279484	4.3672597296634386e-14
1.461432771	4.666885249290024e-14
1.462586058	4.998294988071956e-14
1.463739345	5.3394849672273945e-14
1.464892632	5.6690400766409135e-14
1.466045919	5.956607929346431e-14
1.467199206	6.131537220314724e-14
1.468352493	6.177807477122181e-14
1.46950578	6.157895560607386e-14
1.470659067	6.092736343799471e-14
1.471812355	6.015844368247567e-14
1.472965642	5.933387079554553e-14
1.474118929	5.778981593577589e-14
1.475272216	5.5375910414939136e-14
1.476425503	5.6396812685267336e-14
1.47757879	5.717219333415918e-14
1.478732077	5.836524541781128e-14
1.479885364	5.995780740222287e-14
1.481038651	6.445272458507078e-14
1.482191938	7.089243096310975e-14
1.483345225	7.593008072817562e-14
1.484498512	8.27505512082689e-14
1.4856518	8.87742523473275e-14
1.486805087	9.681445158245404e-14
1.487958374	1.054217098581849e-13
1.489111661	1.092834879912159e-13
1.490264948	1.1398036344912616e-13
1.491418235	1.1847963576081188e-13
1.492571522	1.2298659449671376e-13
1.493724809	1.2628434781935014e-13
1.494878096	1.2766716973669844e-13
1.496031383	1.2930593905710317e-13
1.49718467	1.300147990318459e-13
1.498337957	1.2949463244063103e-13
1.499491244	1.2818503653926447e-13
1.500644532	1.2863657888415807e-13
1.501797819	1.273001594230982e-13
1.502951106	1.24907889235227e-13
1.504104393	1.2496016612782092e-13
1.50525768	1.258604117076938e-13
1.506410967	1.2646075520136423e-13
1.507564254	1.2709271914468374e-13
1.508717541	1.2984005565324883e-13
1.509870828	1.3225787673416832e-13
1.511024115	1.3439018639875273e-13
1.512177402	1.3599058059951122e-13
1.513330689	1.3713801180423745e-13
1.514483977	1.3840649213237244e-13
1.515637264	1.388240155826391e-13
1.516790551	1.3985906407437485e-13
1.517943838	1.4187805927174973e-13
1.519097125	1.439282824858203e-13
1.520250412	1.455707722460125e-13
1.521403699	1.463229028866863e-13
1.522556986	1.472968151474774e-13
1.523710273	1.4814454048247788e-13
1.52486356	1.478788030830332e-13
1.526016847	1.4772383481750795e-13
1.527170134	1.4941473304601302e-13
1.528323422	1.5235541403593106e-13
1.529476709	1.5430651833236417e-13
1.530629996	1.54242886096294e-13
1.531783283	1.538228173127373e-13
1.53293657	1.5386755466942724e-13
1.534089857	1.5423686586785772e-13
1.535243144	1.5480255468166936e-13
1.536396431	1.5565341180702722e-13
1.537549718	1.5731464846210602e-13
1.538703005	1.588029526303169e-13
1.539856292	1.5830862961259328e-13
1.541009579	1.5662712894752304e-13
1.542162867	1.5558503200916581e-13
1.543316154	1.5560123357076233e-13
1.544469441	1.5737573536488608e-13
1.545622728	1.5891479821440468e-13
1.546776015	1.5999203872954031e-13
1.547929302	1.6051524064714628e-13
1.549082589	1.592173431940448e-13
1.550235876	1.5722874510783847e-13
1.551389163	1.553819479557706e-13
1.55254245	1.543191463424854e-13
1.553695737	1.5391053155873398e-13
1.554849024	1.5336045675327016e-13
1.556002312	1.5399496602987974e-13
1.557155599	1.5536388617428033e-13
1.558308886	1.5644768623911783e-13
1.559462173	1.5653633114315212e-13
1.56061546	1.5639281578125071e-13
1.561768747	1.5512414033282045e-13
1.562922034	1.5412276872710424e-13
1.564075321	1.5356946347495401e-13
1.565228608	1.519961866105132e-13
1.566381895	1.508660816495349e-13
1.567535182	1.4992907562526831e-13
1.568688469	1.484389123333451e-13
1.569841756	1.4688041637936215e-13
1.570995044	1.4794243531910337e-13
1.572148331	1.5194572170582985e-13
1.573301618	1.557829771639978e-13
1.574454905	1.5729423756380237e-13
1.575608192	1.5651386380847804e-13
1.576761479	1.5586535629495456e-13
1.577914766	1.5432502077879095e-13
1.579068053	1.5467832443973874e-13
1.58022134	1.5574724493778925e-13
1.581374627	1.5796149197221248e-13
1.582527914	1.5948699615357223e-13
1.583681201	1.5882571264543388e-13
1.584834489	1.5652854825496974e-13
1.585987776	1.5371929284191603e-13
1.587141063	1.5105350236641777e-13
1.58829435	1.5107846570621733e-13
1.589447637	1.5309320223872062e-13
1.590600924	1.558960954147306e-13
1.591754211	1.575592405216862e-13
1.592907498	1.5880123929873536e-13
1.594060785	1.6022850589233068e-13
1.595214072	1.6072087003383156e-13
1.596367359	1.592334471954937e-13
1.597520646	1.575878749731087e-13
1.598673934	1.5590412275137277e-13
1.599827221	1.552932054915887e-13
1.600980508	1.5453642594545267e-13
1.602133795	1.5318135714965387e-13
1.603287082	1.5245208518042606e-13
1.604440369	1.5158752249859722e-13
1.605593656	1.5115849572036075e-13
1.606746943	1.5035898373337782e-13
1.60790023	1.487153199628697e-13
1.609053517	1.4620244241270764e-13
1.610206804	1.429195193286937e-13
1.611360091	1.4182553793069598e-13
1.612513379	1.4157370230419898e-13
1.613666666	1.3915612676792074e-13
1.614819953	1.3502807301036088e-13
1.61597324	1.2965562093459255e-13
1.617126527	1.2245746991081916e-13
1.618279814	1.1510958708023138e-13
1.619433101	1.066276837285826e-13
1.620586388	9.653735883953313e-14
1.621739675	8.764292404786875e-14
1.622892962	7.860419122075899e-14
1.624046249	7.01301200854571e-14
1.625199536	6.228443934199945e-14
1.626352824	5.471570445315054e-14
1.627506111	4.729514808202383e-14
1.628659398	4.044011061658649e-14
1.629812685	3.400804900786919e-14
1.630965972	2.823578338908412e-14
1.632119259	2.30807720549539e-14
1.633272546	1.890220406454619e-14
1.634425833	1.5695434897124555e-14
1.63557912	1.3255523567944355e-14
1.636732407	1.1622035649689291e-14
1.637885694	1.0624863515047269e-14
1.639038981	1.0244256166938017e-14
1.640192268	1.0210672456340391e-14
1.641345556	1.0375514028042904e-14
1.642498843	1.0471211763424416e-14
1.64365213	1.0131386749390764e-14
1.644805417	9.267646203637517e-15
1.645958704	8.079797693253263e-15
1.647111991	6.724720128002946e-15
1.648265278	5.353973745333088e-15
1.649418565	4.083684717831762e-15
1.650571852	3.01673076927407e-15
1.651725139	2.3546130670643382e-15
1.652878426	2.055022296389216e-15
1.654031713	2.0472065227638257e-15
1.655185001	2.2616130341922348e-15
1.656338288	2.6287801017375427e-15
1.657491575	3.065157872671333e-15
1.658644862	3.4796229767367437e-15
1.659798149	3.759501116681797e-15
1.660951436	3.7447487069411944e-15
1.662104723	3.577681886927385e-15
1.66325801	3.3874560417545836e-15
1.664411297	3.2755819569495257e-15
1.665564584	3.439487389707286e-15
1.666717871	3.7468226822145794e-15
1.667871158	4.114971928324873e-15
1.669024446	4.490396530613528e-15
1.670177733	4.835608180214525e-15
1.67133102	5.149900936284281e-15
1.672484307	5.447918686601417e-15
1.673637594	5.751072046937481e-15
1.674790881	6.0755998490577644e-15
1.675944168	6.4056984452263276e-15
1.677097455	6.766486833006398e-15
1.678250742	7.176977183191631e-15
1.679404029	7.652332973560431e-15
1.680557316	8.139176745358979e-15
1.681710603	8.72825697479366e-15
1.682863891	9.096510358140196e-15
1.684017178	9.105256789803167e-15
1.685170465	8.795526340862285e-15
1.686323752	8.260791498387769e-15
1.687477039	7.577814559667863e-15
1.688630326	6.781621810067515e-15
1.689783613	5.984845891944206e-15
1.6909369	5.231927096819247e-15
1.692090187	4.5338009306795795e-15
1.693243474	3.933588978781247e-15
1.694396761	3.3842223065238824e-15
1.695550048	2.926786890240338e-15
1.696703335	2.5501926623614603e-15
1.697856623	2.2286673011892753e-15
1.69900991	1.9678736800125306e-15
1.700163197	1.7370825446880903e-15
1.701316484	1.5085736591095211e-15
1.702469771	1.3060815436887369e-15
1.703623058	1.1367390510176617e-15
1.704776345	9.979734432703776e-16
1.705929632	9.018701207582351e-16
1.707082919	8.353417733390832e-16
1.708236206	7.989945893459998e-16
1.709389493	7.910976982944836e-16
1.71054278	8.070570037940705e-16
1.711696068	8.37957262240932e-16
1.712849355	8.895446567128091e-16
1.714002642	9.51038242804974e-16
1.715155929	1.0199047452231378e-15
1.716309216	1.0796258059363046e-15
1.717462503	1.1184492637891015e-15
1.71861579	1.1101709015985058e-15
1.719769077	1.052302387509029e-15
1.720922364	9.734672111288319e-16
1.722075651	8.851632195205673e-16
1.723228938	8.179124885363198e-16
1.724382225	7.826691592474114e-16
1.725535513	7.794957139955875e-16
1.7266888	8.106426132651296e-16
1.727842087	8.844090466938817e-16
1.728995374	1.011624190669674e-15
1.730148661	1.1923932786101837e-15
1.731301948	1.435540571060206e-15
1.732455235	1.740881909538806e-15
1.733608522	2.109146254699684e-15
1.734761809	2.5720044805378994e-15
1.735915096	3.120101774694535e-15
1.737068383	3.780371315006314e-15
1.73822167	4.624547214523099e-15
1.739374958	5.5217706221820315e-15
1.740528245	6.3942203294294894e-15
1.741681532	7.169057272329999e-15
1.742834819	7.864526294673319e-15
1.743988106	8.391492499324114e-15
1.745141393	8.674629586672855e-15
1.74629468	8.64661228539777e-15
1.747447967	8.364286372310291e-15
1.748601254	7.943727595652518e-15
1.749754541	7.469527180515298e-15
1.750907828	6.98167601797878e-15
1.752061115	6.515443745686293e-15
1.753214403	6.113470725244298e-15
1.75436769	5.760963988199126e-15
1.755520977	5.4585450694239316e-15
1.756674264	5.215250888661735e-15
1.757827551	4.971623468743562e-15
1.758980838	4.705879492210259e-15
1.760134125	4.404974399995608e-15
1.761287412	4.0749141701772395e-15
1.762440699	3.723790814101947e-15
1.763593986	3.3540115461990926e-15
1.764747273	2.974455436085179e-15
1.76590056	2.60003164744589e-15
1.767053847	2.2434142300227077e-15
1.768207135	1.9214679351798146e-15
1.769360422	1.64399591348269e-15
1.770513709	1.4150321126089544e-15
1.771666996	1.2403150423663099e-15
1.772820283	1.1262902495874768e-15
1.77397357	1.0702107035985099e-15
1.775126857	1.0651858079044303e-15
1.776280144	1.103404173605584e-15
1.777433431	1.1759374029209332e-15
1.778586718	1.2763640650093083e-15
1.779740005	1.4010305871507343e-15
1.780893292	1.5471526685025056e-15
1.78204658	1.7009129420873365e-15
1.783199867	1.8609444696568603e-15
1.784353154	2.0259899311061222e-15
1.785506441	2.1984642141345244e-15
1.786659728	2.382793699373108e-15
1.787813015	2.6027260614109968e-15
1.788966302	2.8741811432161483e-15
1.790119589	3.2158269146119007e-15
1.791272876	3.6543838942367535e-15
1.792426163	4.169249352036121e-15
1.79357945	4.7644747745905676e-15
1.794732737	5.435946192977783e-15
1.795886025	6.174150944712333e-15
1.797039312	7.046100793225824e-15
1.798192599	8.09904883159956e-15
1.799345886	9.402551060373774e-15
1.800499173	1.102381107473105e-14
1.80165246	1.293808257879576e-14
1.802805747	1.5085952538837735e-14
1.803959034	1.7327100961836082e-14
1.805112321	1.9533061960798666e-14
1.806265608	2.1711836564013236e-14
1.807418895	2.38997017998611e-14
1.808572182	2.621288140107796e-14
1.80972547	2.8767032374598084e-14
1.810878757	3.1603258235657276e-14
1.812032044	3.4769846872610654e-14
1.813185331	3.826065966942706e-14
1.814338618	4.194269693270276e-14
1.815491905	4.55958794120877e-14
1.816645192	4.897922806200858e-14
1.817798479	5.180086813290515e-14
1.818951766	5.39754673810371e-14
1.820105053	5.5564750686779195e-14
1.82125834	5.6661521866526816e-14
1.822411627	5.731379914800231e-14
1.823564915	5.775481815112824e-14
1.824718202	5.816798537637563e-14
1.825871489	5.871752195675528e-14
1.827024776	5.969955911433618e-14
1.828178063	6.087645786837486e-14
1.82933135	6.206182462399223e-14
1.830484637	6.301527665831518e-14
1.831637924	6.336960963362961e-14
1.832791211	6.336706430033955e-14
1.833944498	0.
1.835097785	0.
1.836251072	0.
1.837404359	0.
1.838557647	0.
1.839710934	0.
1.840864221	0.
1.842017508	0.
1.843170795	0.
1.844324082	0.
1.845477369	0.
1.846630656	0.
1.847783943	0.
1.84893723	0.
1.850090517	0.
1.851243804	0.
1.852397092	0.
1.853550379	0.
1.854703666	0.
1.855856953	0.
1.85701024	0.
1.858163527	0.
1.859316814	0.
1.860470101	0.
1.861623388	0.
1.862776675	0.
1.863929962	0.
1.865083249	0.
1.866236537	0.
1.867389824	0.
1.868543111	0.
1.869696398	0.
1.870849685	0.
1.872002972	2.6599697520830158e-15
1.873156259	3.5016945899130733e-15
1.874309546	6.932424586143047e-15
1.875462833	1.5587499392212348e-14
1.87661612	2.6234502483684863e-14
1.877769407	3.10722241017044e-14
1.878922694	3.221442432862693e-14
1.880075982	3.2303489070150486e-14
1.881229269	3.1806209651098964e-14
1.882382556	3.109678623909909e-14
1.883535843	3.04866724803062e-14
1.88468913	3.036675571231889e-14
1.885842417	3.112650700632282e-14
1.886995704	3.199391427897325e-14
1.888148991	3.218983259433352e-14
1.889302278	3.1230736321806217e-14
1.890455565	3.024170443049408e-14
1.891608852	3.0901034543316806e-14
1.892762139	3.267873170632107e-14
1.893915426	3.361009458856474e-14
1.895068714	3.294977462390699e-14
1.896222001	3.1469753202612415e-14
1.897375288	2.899810961327684e-14
1.898528575	2.4984935670014443e-14
1.899681862	1.9721300429031375e-14
1.900835149	1.5092051692337266e-14
1.901988436	1.2475860138189343e-14
1.903141723	1.361524537118901e-14
1.90429501	1.782283914979121e-14
1.905448297	2.219754030712028e-14
1.906601584	2.4974926437339345e-14
1.907754871	2.6157615221713128e-14
1.908908159	2.595854976945545e-14
1.910061446	2.4806217537537205e-14
1.911214733	2.365992636150248e-14
1.91236802	2.349811025055818e-14
1.913521307	2.4706594376440048e-14
1.914674594	2.6563283469769592e-14
1.915827881	2.7664787960949822e-14
1.916981168	2.750796934116375e-14
1.918134455	2.6131373734361342e-14
1.919287742	2.4121258702784376e-14
1.920441029	2.1883335245565256e-14
1.921594316	1.9511999930723172e-14
1.922747604	1.7295589034148973e-14
1.923900891	1.59403393684135e-14
1.925054178	1.5786633903900373e-14
1.926207465	1.6840267055670444e-14
1.927360752	1.9202278251233764e-14
1.928514039	2.3313018919222874e-14
1.929667326	2.9614385007911e-14
1.930820613	3.5351991562111557e-14
1.9319739	3.5046137210721775e-14
1.933127187	3.08083074596218e-14
1.934280474	2.734369668762555e-14
1.935433761	2.5413972313883826e-14
1.936587049	2.4377337647612904e-14
1.937740336	2.4388698471996288e-14
1.938893623	2.5387466646806416e-14
1.94004691	2.6203336949330937e-14
1.941200197	2.560386491990065e-14
1.942353484	2.4221160293965803e-14
1.943506771	2.2974550977804682e-14
1.944660058	2.2158152315828906e-14
1.945813345	2.2000853568574683e-14
1.946966632	2.2840865074823188e-14
1.948119919	2.4324533491749135e-14
1.949273206	2.5901598759226346e-14
1.950426494	2.7227586957758995e-14
1.951579781	2.8069712997993944e-14
1.952733068	2.7998744019585106e-14
1.953886355	2.7162217274115725e-14
1.955039642	2.638831537397853e-14
1.956192929	2.6698976480956993e-14
1.957346216	2.7190597411445503e-14
1.958499503	2.6835310758283364e-14
1.95965279	2.609638143062085e-14
1.960806077	2.546053590884306e-14
1.961959364	2.4956614726482104e-14
1.963112651	2.4768312679726214e-14
1.964265938	2.5198332598342016e-14
1.965419226	2.604922480150575e-14
1.966572513	2.6814351769262682e-14
1.9677258	2.7180451156091142e-14
1.968879087	2.7394376443869967e-14
1.970032374	2.7669868761897042e-14
1.971185661	2.7950471477770058e-14
1.972338948	2.81035159448784e-14
1.973492235	2.8076477533623996e-14
1.974645522	2.7922889360524327e-14
1.975798809	2.767214004982857e-14
1.976952096	2.7358355921944254e-14
1.978105383	2.708960840828142e-14
1.979258671	2.694800807534546e-14
1.980411958	2.695587427331682e-14
1.981565245	2.7109085360003147e-14
1.982718532	2.7409614461985888e-14
1.983871819	2.779249309802667e-14
1.985025106	2.8203384650616795e-14
1.986178393	2.84512455232336e-14
1.98733168	2.831893532795195e-14
1.988484967	2.7820897351348005e-14
1.989638254	2.7239853228006973e-14
1.990791541	2.6828570338644863e-14
1.991944828	2.6511541513715504e-14
1.993098116	2.6151124731441604e-14
1.994251403	2.564401146874445e-14
1.99540469	2.502194056286801e-14
1.996557977	2.425457190407827e-14
1.997711264	2.3342485372353886e-14
1.998864551	2.236513658276678e-14
2.000017838	2.147164019198391e-14
2.001171125	2.0623239609219962e-14
2.002324412	1.9871505786225307e-14
2.003477699	1.9441343364023066e-14
2.004630986	1.9449370700665245e-14
2.005784273	1.976415893074323e-14
2.006937561	1.994784934220571e-14
2.008090848	1.959860812965283e-14
2.009244135	1.9471186903567417e-14
2.010397422	2.0818580236964444e-14
2.011550709	2.558686533822007e-14
2.012703996	3.315540949149944e-14
2.013857283	3.293657331089569e-14
2.01501057	2.577057109622263e-14
2.016163857	2.0732138657612775e-14
2.017317144	1.8588086697505896e-14
2.018470431	1.77455353388745e-14
2.019623718	1.7651840326973154e-14
2.020777006	1.7806255020874163e-14
2.021930293	1.7785437439258487e-14
2.02308358	1.7367052390384606e-14
2.024236867	1.6782318520336274e-14
2.025390154	1.6188494017654655e-14
2.026543441	1.564332023938286e-14
2.027696728	1.5157900407267253e-14
2.028850015	1.473910867508131e-14
2.030003302	1.4357032443850316e-14
2.031156589	1.3988686981263314e-14
2.032309876	1.3631143290528285e-14
2.033463163	1.3279160528208629e-14
2.03461645	1.292619339496112e-14
2.035769738	1.2582023117722553e-14
2.036923025	1.2259314976782935e-14
2.038076312	1.1957606383577063e-14
2.039229599	1.166299556515722e-14
2.040382886	1.1367444223066888e-14
2.041536173	1.1045103302907707e-14
2.04268946	1.0671377781841963e-14
2.043842747	1.0260849065306535e-14
2.044996034	9.859781490729136e-15
2.046149321	9.49034861615947e-15
2.047302608	9.140754433184796e-15
2.048455895	8.803480233348378e-15
2.049609183	8.47781130635516e-15
2.05076247	8.16886353095825e-15
2.051915757	7.893419444914278e-15
2.053069044	7.629577343169201e-15
2.054222331	7.355225053833628e-15
2.055375618	7.066243127078075e-15
2.056528905	6.7481707374234186e-15
2.057682192	6.3785811089086695e-15
2.058835479	6.030513906671749e-15
2.059988766	5.753866213413094e-15
2.061142053	5.540410091288082e-15
2.06229534	5.341590183671653e-15
2.063448628	5.136969283905777e-15
2.064601915	4.921814080557853e-15
2.065755202	4.691611594663544e-15
2.066908489	4.457500125775105e-15
2.068061776	4.237990889770793e-15
2.069215063	4.0372943195391236e-15
2.07036835	3.846825122087944e-15
2.071521637	3.662973571954644e-15
2.072674924	3.4841830915027496e-15
2.073828211	3.309131685922694e-15
2.074981498	3.136636575447043e-15
2.076134785	2.969315441340515e-15
2.077288073	2.8106223513020716e-15
2.07844136	2.6624975464701336e-15
2.079594647	2.525178898215909e-15
2.080747934	2.3969300551477265e-15
2.081901221	2.2736063552631172e-15
2.083054508	2.1548011152500165e-15
2.084207795	2.043076111120001e-15
2.085361082	1.9307799964628007e-15
2.086514369	1.810037803855582e-15
2.087667656	1.6875263744136672e-15
2.088820943	1.5787840799659356e-15
2.08997423	1.492066262892866e-15
2.091127517	1.4193127011092557e-15
2.092280805	1.3526034837534715e-15
2.093434092	1.2897813257631338e-15
2.094587379	1.2340470769259198e-15
2.095740666	1.1874056530848645e-15
2.096893953	1.1437206305716743e-15
2.09804724	1.0967722759290609e-15
2.099200527	1.048997400485109e-15
2.100353814	1.0141837743183817e-15
2.101507101	1.003816090314323e-15
2.102660388	1.0081580649749357e-15
2.103813675	1.012502231998417e-15
2.104966962	1.004131790567354e-15
2.10612025	9.80026760830702e-16
2.107273537	9.384069441394241e-16
2.108426824	8.957030040097855e-16
2.109580111	8.681570607513805e-16
2.110733398	8.623220869774742e-16
2.111886685	8.684267213841778e-16
2.113039972	8.782627573926808e-16
2.114193259	8.894821743710633e-16
2.115346546	9.0142616727741e-16
2.116499833	9.137954785802012e-16
2.11765312	9.291277682994622e-16
2.118806407	9.505997702313194e-16
2.119959695	9.808061458303727e-16
2.121112982	1.0222560543993598e-15
2.122266269	1.0766102108109963e-15
2.123419556	1.1393567322823786e-15
2.124572843	1.2040171865377626e-15
2.12572613	1.268644755350122e-15
2.126879417	1.3350580037186897e-15
2.128032704	1.4051566140688226e-15
2.129185991	1.479086378531261e-15
2.130339278	1.5584411449112387e-15
2.131492565	1.6422979284412133e-15
2.132645852	1.7269647900510143e-15
2.13379914	1.8080723505441758e-15
2.134952427	1.8901609934208888e-15
2.136105714	1.979437297961232e-15
2.137259001	2.074262472921172e-15
2.138412288	2.1628591449723508e-15
2.139565575	2.2340089933178204e-15
2.140718862	2.2940885053599498e-15
2.141872149	2.353861086600521e-15
2.143025436	2.410097386534569e-15
2.144178723	2.4371489519661786e-15
2.14533201	2.410106155986042e-15
2.146485297	2.3543598491530524e-15
2.147638585	2.3053890397644583e-15
2.148791872	2.277342141590653e-15
2.149945159	2.2427017120905193e-15
2.151098446	2.1758006629837613e-15
2.152251733	2.094667890317615e-15
2.15340502	2.0271924421393695e-15
2.154558307	1.9843394213346887e-15
2.155711594	1.9347010374527053e-15
2.156864881	1.8482978244512325e-15
2.158018168	1.7368830396670776e-15
2.159171455	1.6248500085540694e-15
2.160324742	1.5209955871211508e-15
2.161478029	1.4164626293805019e-15
2.162631317	1.3076600449538929e-15
2.163784604	1.1975771206122132e-15
2.164937891	1.0924379745384868e-15
2.166091178	9.975141432494746e-16
2.167244465	9.15035259782209e-16
2.168397752	8.463518196635459e-16
2.169551039	7.927825291587507e-16
2.170704326	7.535743116225721e-16
2.171857613	7.272177252202046e-16
2.1730109	7.097862480545729e-16
2.174164187	6.966123395791257e-16
2.175317474	6.909297350245644e-16
2.176470762	7.005969590922104e-16
2.177624049	7.30379112476253e-16
2.178777336	7.657726186216382e-16
2.179930623	7.910089075983186e-16
2.18108391	8.037509205887162e-16
2.182237197	8.132098701838762e-16
2.183390484	8.271105469501556e-16
2.184543771	8.413674826825292e-16
2.185697058	8.510873234590136e-16
2.186850345	8.548592837738759e-16
2.188003632	8.546290856727073e-16
2.189156919	8.516978965178274e-16
2.190310207	8.450188630396364e-16
2.191463494	8.338520627700924e-16
2.192616781	8.18452905983349e-16
2.193770068	7.995558342402773e-16
2.194923355	7.779709256207042e-16
2.196076642	7.537935479093992e-16
2.197229929	7.28671261801869e-16
2.198383216	7.054651008412086e-16
2.199536503	6.874986871357185e-16
2.20068979	6.769424599249882e-16
2.201843077	6.771671771189862e-16
2.202996364	6.921804780409137e-16
2.204149652	7.197034014892019e-16
2.205302939	7.445351995166862e-16
2.206456226	7.519410012857092e-16
2.207609513	7.480035175742925e-16
2.2087628	7.457684036300891e-16
2.209916087	7.52639268859254e-16
2.211069374	7.607849930963191e-16
2.212222661	7.636800082638724e-16
2.213375948	7.605164286449557e-16
2.214529235	7.523542616863786e-16
2.215682522	7.406876026828685e-16
2.216835809	7.284750453251586e-16
2.217989097	7.185655651605687e-16
2.219142384	7.11204706830345e-16
2.220295671	7.061754264105288e-16
2.221448958	7.033944141121256e-16
2.222602245	7.010014500414065e-16
2.223755532	6.965323183344338e-16
2.224908819	6.903334123243943e-16
2.226062106	6.850892803434875e-16
2.227215393	6.831051919477012e-16
2.22836868	6.820813584882182e-16
2.229521967	6.7917976623206e-16
2.230675254	6.748586190186955e-16
2.231828541	6.726574866989503e-16
2.232981829	6.75667600917088e-16
2.234135116	6.792400562109374e-16
2.235288403	6.775102819078707e-16
2.23644169	6.711875073957739e-16
2.237594977	6.683308585784154e-16
2.238748264	6.75997551528763e-16
2.239901551	6.845083041833953e-16
2.241054838	6.818686992899957e-16
2.242208125	6.670746346548955e-16
2.243361412	6.534063483526528e-16
2.244514699	6.529623948718278e-16
2.245667986	6.560602036046963e-16
2.246821274	6.497133131010486e-16
2.247974561	6.312218284886073e-16
2.249127848	6.144217518290379e-16
2.250281135	6.115398908386942e-16
2.251434422	6.175173681990382e-16
2.252587709	6.242194214873461e-16
2.253740996	6.258647898199843e-16
2.254894283	6.217650712563154e-16
2.25604757	6.106136175268493e-16
2.257200857	5.966460736930876e-16
2.258354144	5.850155886769039e-16
2.259507431	5.7808662583173e-16
2.260660719	5.73437720369559e-16
2.261814006	5.692853850970516e-16
2.262967293	5.646759421665094e-16
2.26412058	5.587138113462434e-16
2.265273867	5.507544379529814e-16
2.266427154	5.411376382313057e-16
2.267580441	5.296080019070627e-16
2.268733728	5.206324683243566e-16
2.269887015	5.200635501600399e-16
2.271040302	5.31085654480278e-16
2.272193589	5.463565580392275e-16
2.273346876	5.583137051227838e-16
2.274500164	5.63512893664891e-16
2.275653451	5.608908276744375e-16
2.276806738	5.503115806535905e-16
2.277960025	5.361763210604059e-16
2.279113312	5.235537918463292e-16
2.280266599	5.133987670404927e-16
2.281419886	5.041437071920819e-16
2.282573173	4.946683148754098e-16
2.28372646	4.876812544142265e-16
2.284879747	4.858900939508482e-16
2.286033034	4.882194794983874e-16
2.287186321	4.906606755522084e-16
2.288339608	4.898319623880015e-16
2.289492896	4.826366274543325e-16
2.290646183	4.651941884743594e-16
2.29179947	4.414048589907386e-16
2.292952757	4.2314466866090004e-16
2.294106044	4.207473198644445e-16
2.295259331	4.2952225224470367e-16
2.296412618	4.4307653567779607e-16
2.297565905	4.555401185839231e-16
2.298719192	4.623726174628931e-16
2.299872479	4.587201409243518e-16
2.301025766	4.476048611822121e-16
2.302179053	4.33730492770352e-16
2.303332341	4.208437838306485e-16
2.304485628	4.1068875902481197e-16
2.305638915	4.0528896928025777e-16
2.306792202	4.032884381629594e-16
2.307945489	4.025572851463907e-16
2.309098776	4.011223836491066e-16
2.310252063	3.9712460995881233e-16
2.31140535	3.8838475538444554e-16
2.312558637	3.772519367393597e-16
2.313711924	3.673939771021741e-16
2.314865211	3.60963776809532e-16
2.316018498	3.561953875710401e-16
2.317171786	3.517942191129838e-16
2.318325073	3.477635599796655e-16
2.31947836	3.4405737055085146e-16
2.320631647	3.4070853626956586e-16
2.321784934	3.386444266290876e-16
2.322938221	3.3872335169234547e-16
2.324091508	3.3945888943465075e-16
2.325244795	3.3874527532102817e-16
2.326398082	3.3517391620861287e-16
2.327551369	3.295702367173093e-16
2.328704656	3.2271800657252476e-16
2.329857943	3.1576163919149737e-16
2.331011231	3.100055904808489e-16
2.332164518	3.0644519318277495e-16
2.333317805	3.043492942807068e-16
2.334471092	3.0277627392272153e-16
2.335624379	3.0118571466179014e-16
2.336777666	2.995852897679515e-16
2.337930953	2.9798157632981046e-16
2.33908424	2.963219576385284e-16
2.340237527	2.946217802341834e-16
2.341390814	2.9264098038269953e-16
2.342544101	2.898314673670088e-16
2.343697388	2.8563528483713597e-16
2.344850676	2.8042951920642377e-16
2.346003963	2.745506981751521e-16
2.34715725	2.6844825613131664e-16
2.348310537	2.6319535469893667e-16
2.349463824	2.6023128010103273e-16
2.350617111	2.581331888360963e-16
2.351770398	2.548961650610925e-16
2.352923685	2.49961156244612e-16
2.354076972	2.4470387008649545e-16
2.355230259	2.39818189434551e-16
2.356383546	2.3614159690445867e-16
2.357536833	2.345937887194585e-16
2.35869012	2.352493052170719e-16
2.359843408	2.3646058570179225e-16
2.360996695	2.369220780855635e-16
2.362149982	2.3579739593413993e-16
2.363303269	2.3239704112544984e-16
2.364456556	2.266102993346456e-16
2.365609843	2.1999703674250274e-16
2.36676313	2.1408094554247043e-16
2.367916417	2.093268066626223e-16
2.369069704	2.0617966976521768e-16
2.370222991	2.049398885632098e-16
2.371376278	2.0442249092629758e-16
2.372529565	2.0317065172851419e-16
2.373682853	2.014321079739744e-16
2.37483614	2.0002899573828023e-16
2.375989427	1.9937347924066686e-16
2.377142714	1.9901173936740197e-16
2.378296001	1.985349004435528e-16
2.379449288	1.9798680972648474e-16
2.380602575	1.9761520422031263e-16
2.381755862	1.9765576293337567e-16
2.382909149	1.9782019014849608e-16
2.384062436	1.9772263000085794e-16
2.385215723	1.980251760766795e-16
2.38636901	1.9998624466234893e-16
2.387522298	2.0446743436509715e-16
2.388675585	2.0983324248519319e-16
2.389828872	2.145248990232955e-16
2.390982159	2.1764791992914915e-16
2.392135446	2.1878356389491412e-16
2.393288733	2.1747143471825325e-16
2.39444202	2.1677645568901098e-16
2.395595307	2.2036206516007003e-16
2.396748594	2.2750259102203234e-16
2.397901881	2.3276206954301715e-16
2.399055168	2.3169548500760277e-16
2.400208455	2.2600082245726595e-16
2.401361743	2.1773671062531415e-16
2.40251503	2.0880721666284182e-16
2.403668317	2.013871645351748e-16
2.404821604	1.9779826651981335e-16
2.405974891	1.9799667535939198e-16
2.407128178	2.013871645351748e-16
2.408281465	2.0579600626327006e-16
2.409434752	2.0671570248651023e-16
2.410588039	2.0015505660320587e-16
2.411741326	1.8800169304293937e-16
2.412894613	1.7274503984263367e-16
2.4140479	1.5674846417428614e-16
2.415201188	1.4441423067738716e-16
2.416354475	1.4172748998231968e-16
2.417507762	1.4586886344048571e-16
2.418661049	1.506624648519627e-16
2.419814336	1.5156352599082253e-16
2.420967623	1.488877471100964e-16
2.42212091	1.41697893083598e-16
2.423274197	1.356162784870111e-16
2.424427484	1.3836111679808783e-16
2.425580771	1.537723315806067e-16
2.426734058	1.6981275450631972e-16
2.427887345	1.740231873948363e-16
2.429040632	1.6672590758779255e-16
2.43019392	1.5358817309967185e-16
2.431347207	1.383874251525071e-16
2.432500494	1.2674926686628451e-16
2.433653781	1.2908413332099433e-16
2.434807068	1.4465758295576536e-16
2.435960355	1.6013895335006896e-16
2.437113642	1.6307562341211946e-16
2.438266929	1.5850673919464037e-16
2.439420216	1.5174220356458675e-16
2.440573503	1.4295411700711794e-16
2.44172679	1.2987776867930883e-16
2.442880077	1.1090725278015016e-16
2.444033365	9.925024017326046e-17
2.445186652	1.1507383841130133e-16
2.446339939	1.6471989556332354e-16
2.447493226	2.3285634114635287e-16
2.448646513	3.0107609651837656e-16
2.4497998	3.6180125942521194e-16
2.450953087	4.0365346658052673e-16
2.452106374	4.3298508939513953e-16
2.453259661	4.745435199261058e-16
2.454412948	5.450510059511715e-16
2.455566235	6.30252804100831e-16
2.456719522	7.210166268472968e-16
2.45787281	8.101109652695736e-16
2.459026097	8.860873004695439e-16
2.460179384	9.324097355132658e-16
2.461332671	9.716782430283218e-16
2.462485958	1.037041349582987e-15
2.463639245	1.1309062696066238e-15
2.464792532	1.1977525096416749e-15
2.465945819	1.196159758017875e-15
2.467099106	1.1651301501617855e-15
2.468252393	1.1557095669168203e-15
2.46940568	1.207534832759905e-15
2.470558967	1.3326661358294047e-15
2.471712255	1.5350771338240626e-15
2.472865542	1.7276849812532418e-15
2.474018829	1.8188817956661912e-15
2.475172116	1.7823142792048467e-15
2.476325403	1.708133489193991e-15
2.47747869	1.6674421381774264e-15
2.478631977	1.6767235063802562e-15
2.479785264	1.7416097740110723e-15
2.480938551	1.8647262956046296e-15
2.482091838	2.0043085585203453e-15
2.483245125	2.0892922165646118e-15
2.484398412	2.120923628028042e-15
2.485551699	2.1546991703766423e-15
2.486704987	2.2394570150454767e-15
2.487858274	2.3620199650147956e-15
2.489011561	2.5091417638344987e-15
2.490164848	2.6881185951301954e-15
2.491318135	2.9140437810685062e-15
2.492471422	3.177246809037482e-15
2.493624709	3.2619038050143755e-15