0.45	4.83963703185319e-14
0.451206287	1.4623325351847855e-13
0.452412573	1.8399624071396586e-13
0.45361886	6.554171666210202e-13
0.454825146	-6.647676924340511e-12
0.456031433	1.0417138983567452e-12
0.45723772	5.758008086566419e-13
0.458444006	7.619859029155108e-13
0.459650293	1.7954518328607947e-12
0.460856579	2.2218169177808973e-12
0.462062866	2.3236682363119115e-12
0.463269153	3.2124674700054775e-12
0.464475439	2.0389706027992277e-12
0.465681726	1.6604421442161788e-12
0.466888012	2.383354433916257e-12
0.468094299	2.509768490405082e-12
0.469300586	2.1227140378301487e-12
0.470506872	2.17270734883015e-12
0.471713159	2.144888903588248e-12
0.472919445	1.945147200430101e-12
0.474125732	2.0831365160153007e-12
0.475332019	2.2705270345545334e-12
0.476538305	2.0512033659736597e-12
0.477744592	1.8738026717362727e-12
0.478950878	1.901018404837993e-12
0.480157165	1.923313459389611e-12
0.481363452	1.790456920709872e-12
0.482569738	1.6886169137068177e-12
0.483776025	1.6812523348630703e-12
0.484982311	1.5325510006525164e-12
0.486188598	1.2354215853105926e-12
0.487394885	1.3326825688505756e-12
0.488601171	1.5446559744443112e-12
0.489807458	1.7132583052851475e-12
0.491013744	1.88208157122652e-12
0.492220031	1.920741768889774e-12
0.493426318	1.881164246251371e-12
0.494632604	1.8089430449044302e-12
0.495838891	1.6810969728589476e-12
0.497045177	1.671866812986116e-12
0.498251464	1.7207087842098818e-12
0.499457751	1.7364690937036495e-12
0.500664037	1.6378695936300042e-12
0.501870324	1.67261021714516e-12
0.50307661	1.654058164901982e-12
0.504282897	1.6459846476760475e-12
0.505489184	1.8219764789585636e-12
0.50669547	1.60739727039323e-12
0.507901757	1.4639024163195362e-12
0.509108043	1.5408298993192085e-12
0.51031433	1.6285238404005688e-12
0.511520617	1.6726142822126524e-12
0.512726903	1.6527603006903562e-12
0.51393319	1.5560334518654918e-12
0.515139476	1.4713811752995034e-12
0.516345763	1.4120334505656594e-12
0.51755205	1.4227226690707673e-12
0.518758336	1.5052433579889557e-12
0.519964623	1.605963486663982e-12
0.521170909	1.6132308538987826e-12
0.522377196	1.5400354149846861e-12
0.523583483	1.5217587372983782e-12
0.524789769	1.5417797464814085e-12
0.525996056	1.5416558451019388e-12
0.527202342	1.4860224901397605e-12
0.528408629	1.4492428967959475e-12
0.529614916	1.4696785568636604e-12
0.530821202	1.4507419003165131e-12
0.532027489	1.4317824428255647e-12
0.533233775	1.475690127076366e-12
0.534440062	1.5381415547239243e-12
0.535646349	1.4944880360180125e-12
0.536852635	1.4224412850330434e-12
0.538058922	1.4533788114312226e-12
0.539265208	1.440786187662873e-12
0.540471495	1.413248596089273e-12
0.541677782	1.4004894758531666e-12
0.542884068	1.3696408546881787e-12
0.544090355	1.3684315415810928e-12
0.545296641	1.4027244608315378e-12
0.546502928	1.4484102340986164e-12
0.547709215	1.440715665824449e-12
0.548915501	1.430131435758177e-12
0.550121788	1.4251188484697892e-12
0.551328074	1.4281884389117426e-12
0.552534361	1.4181708649240856e-12
0.553740648	1.4240991860793574e-12
0.554946934	1.4343141884371126e-12
0.556153221	1.4182790347558965e-12
0.557359507	1.403821184910669e-12
0.558565794	1.4023919966183354e-12
0.559772081	1.3928320243794096e-12
0.560978367	1.4143002494737793e-12
0.562184654	1.4258931837076191e-12
0.56339094	1.4119772445838447e-12
0.564597227	1.3768074756159612e-12
0.565803514	1.3387934705028044e-12
0.5670098	1.3415774364223258e-12
0.568216087	1.3604202398178268e-12
0.569422373	1.3754818625420792e-12
0.57062866	1.3293190450397691e-12
0.571834947	1.328618944226315e-12
0.573041233	1.3628556566713906e-12
0.57424752	1.3431828432492217e-12
0.575453806	1.3077166669532578e-12
0.576660093	1.31111589434409e-12
0.57786638	1.3004546017655635e-12
0.579072666	1.3239091270519575e-12
0.580278953	1.3325348066120167e-12
0.581485239	1.3317852167313487e-12
0.582691526	1.3392655659960256e-12
0.583897813	1.3534282463163412e-12
0.585104099	1.3522138074029197e-12
0.586310386	1.3516432633211377e-12
0.587516672	1.3245866039859364e-12
0.588722959	1.2380003452065713e-12
0.589929246	1.2375535254399336e-12
0.591135532	1.2963824937012216e-12
0.592341819	1.2926529235748734e-12
0.593548105	1.2766082257147327e-12
0.594754392	1.2420970223873046e-12
0.595960679	1.244911918562057e-12
0.597166965	1.269890722272045e-12
0.598373252	1.2642542130079394e-12
0.599579538	1.2441973248276677e-12
0.600785825	1.2280294330218042e-12
0.601992112	1.2354682462899273e-12
0.603198398	1.256961216741459e-12
0.604404685	1.2786024789774164e-12
0.605610971	1.2629775586318493e-12
0.606817258	1.2437483835833433e-12
0.608023545	1.2395237407792027e-12
0.609229831	1.2175494847841761e-12
0.610436118	1.1980274371056607e-12
0.611642404	1.2061322387154772e-12
0.612848691	1.1754441053609477e-12
0.614054978	1.1235219379539054e-12
0.615261264	1.0720511865739702e-12
0.616467551	1.0267075979397894e-12
0.617673837	9.893279434793478e-13
0.618880124	9.472488996979908e-13
0.620086411	9.18338679118968e-13
0.621292697	9.100030432774847e-13
0.622498984	9.386157966131386e-13
0.62370527	9.979788979424354e-13
0.624911557	1.0605404406587207e-12
0.626117844	1.1066767462783884e-12
0.62732413	1.1113298271015097e-12
0.628530417	1.1215607372476945e-12
0.629736703	1.1568637738860916e-12
0.63094299	1.164380533340987e-12
0.632149277	1.1644171205955304e-12
0.633355563	1.1708885894518692e-12
0.63456185	1.1513396765856152e-12
0.635768136	1.1489917492741932e-12
0.636974423	1.1591846581218948e-12
0.63818071	1.168276600758647e-12
0.639386996	1.1508474319957015e-12
0.640593283	1.1297434850442831e-12
0.641799569	1.1217781376501598e-12
0.643005856	1.1309114392191403e-12
0.644212143	1.1128701903778589e-12
0.645418429	1.0900638020549227e-12
0.646624716	1.0950102850539205e-12
0.647831002	1.0642509224272195e-12
0.649037289	1.0295228482431928e-12
0.650243576	1.0334993358068528e-12
0.651449862	1.0381414584071102e-12
0.652656149	1.037301372184986e-12
0.653862435	1.0098977557156473e-12
0.655068722	8.858031702422409e-13
0.656275009	7.487297655882505e-13
0.657481295	9.106128256373636e-13
0.658687582	1.0454344546735903e-12
0.659893868	1.0430108788938535e-12
0.661100155	1.0090087107957313e-12
0.662306442	1.0036694925342238e-12
0.663512728	9.830259762429703e-13
0.664719015	9.674832433924387e-13
0.665925301	9.722296478213397e-13
0.667131588	9.712635403891693e-13
0.668337875	9.600617511331292e-13
0.669544161	9.691466235501847e-13
0.670750448	9.850713096811328e-13
0.671956734	1.0020377508890113e-12
0.673163021	9.99855967563805e-13
0.674369308	1.0085671930762e-12
0.675575594	1.0499395970173822e-12
0.676781881	1.0659712151769724e-12
0.677988167	1.05683579295386e-12
0.679194454	1.0440291272403458e-12
0.680400741	1.015123148793141e-12
0.681607027	9.947550054116478e-13
0.682813314	9.707179179053197e-13
0.6840196	9.63060289367237e-13
0.685225887	9.55742195262054e-13
0.686432174	9.44336614849966e-13
0.68763846	9.548593360637619e-13
0.688844747	9.764196477842978e-13
0.690051033	9.811729445450153e-13
0.69125732	9.865187026567979e-13
0.692463607	9.8817271487639e-13
0.693669893	9.715735569636671e-13
0.69487618	9.475691678851606e-13
0.696082466	9.240762888187425e-13
0.697288753	9.006647135728422e-13
0.698495039	8.636977664072771e-13
0.699701326	8.235550025577538e-13
0.700907613	7.977495456312887e-13
0.702113899	7.832984127006621e-13
0.703320186	7.745725163794516e-13
0.704526472	7.806717531986244e-13
0.705732759	7.967427867006369e-13
0.706939046	8.184140955173075e-13
0.708145332	8.333595945155344e-13
0.709351619	8.470066997562689e-13
0.710557905	8.585897348589778e-13
0.711764192	8.522259054650285e-13
0.712970479	8.563255869744111e-13
0.714176765	8.535833341157692e-13
0.715383052	8.061638350932913e-13
0.716589338	7.157117333648599e-13
0.717795625	6.194004199227513e-13
0.719001912	5.454241059205495e-13
0.720208198	4.997316157388702e-13
0.721414485	4.732743109101055e-13
0.722620771	4.311558526098812e-13
0.723827058	3.702790761276483e-13
0.725033345	3.129051022546992e-13
0.726239631	2.716716229833435e-13
0.727445918	2.562906157464389e-13
0.728652204	2.7111415860211207e-13
0.729858491	3.1113761733263487e-13
0.731064778	3.6482125935733267e-13
0.732271064	4.2188910548250606e-13
0.733477351	4.750020271846513e-13
0.734683637	5.300277212646373e-13
0.735889924	5.864797755490781e-13
0.737096211	6.270306520801188e-13
0.738302497	6.611431114877385e-13
0.739508784	6.913407676013898e-13
0.74071507	7.218222825355478e-13
0.741921357	7.444480331277775e-13
0.743127644	7.615328966036939e-13
0.74433393	7.650434743957568e-13
0.745540217	7.593136423494264e-13
0.746746503	7.464459981528578e-13
0.74795279	7.538052757730538e-13
0.749159077	7.584155827964522e-13
0.750365363	7.51365969269213e-13
0.75157165	7.408975096238706e-13
0.752777936	7.427242056799538e-13
0.753984223	7.364155215289756e-13
0.75519051	7.143866498368445e-13
0.756396796	7.055821007186698e-13
0.757603083	6.894872063575681e-13
0.758809369	6.407698422999093e-13
0.760015656	6.171652587036094e-13
0.761221943	6.479702223943569e-13
0.762428229	6.817970564559895e-13
0.763634516	6.893180580427028e-13
0.764840802	6.703603679007899e-13
0.766047089	6.494805382664375e-13
0.767253376	6.376684371046522e-13
0.768459662	6.345170116492047e-13
0.769665949	6.2250235548743e-13
0.770872235	6.22071796814318e-13
0.772078522	6.293801696762508e-13
0.773284809	6.17141927390387e-13
0.774491095	6.035515593244437e-13
0.775697382	5.950914925576239e-13
0.776903668	5.603370835552804e-13
0.778109955	5.392357876274152e-13
0.779316242	5.313102088808103e-13
0.780522528	5.023363587951798e-13
0.781728815	4.678923196724304e-13
0.782935101	4.469546929479984e-13
0.784141388	4.4516652855981985e-13
0.785347675	4.5313293669278647e-13
0.786553961	4.604093185606451e-13
0.787760248	4.634090937743666e-13
0.788966534	4.715368733923094e-13
0.790172821	4.765614796424046e-13
0.791379108	4.641415397105463e-13
0.792585394	4.4126127109188605e-13
0.793791681	4.265899088473605e-13
0.794997967	4.054415978115092e-13
0.796204254	3.923061804707439e-13
0.797410541	3.9834921130810207e-13
0.798616827	4.01652110764505e-13
0.799823114	3.9664800691619855e-13
0.8010294	3.9667805432046685e-13
0.802235687	4.0098700609732937e-13
0.803441974	4.193266058564975e-13
0.80464826	4.3412204572126343e-13
0.805854547	4.4290679904784165e-13
0.807060833	4.572884700553325e-13
0.80826712	4.763997548523324e-13
0.809473407	4.775380149280175e-13
0.810679693	4.73685958289694e-13
0.81188598	4.817167025394604e-13
0.813092266	4.8969530669846e-13
0.814298553	4.885733068927453e-13
0.81550484	4.929607352258015e-13
0.816711126	5.029995190489945e-13
0.817917413	5.04121164726058e-13
0.819123699	5.047254679745049e-13
0.820329986	5.258925140631093e-13
0.821536273	5.273641220265148e-13
0.822742559	5.065037348786627e-13
0.823948846	5.291146392448615e-13
0.825155132	5.478446765480822e-13
0.826361419	5.419032756922597e-13
0.827567706	5.275910666079046e-13
0.828773992	5.268508438418356e-13
0.829980279	5.315125859929188e-13
0.831186565	5.387840182952121e-13
0.832392852	5.406833576674059e-13
0.833599139	5.243127354443379e-13
0.834805425	4.99774035409942e-13
0.836011712	4.623744080935781e-13
0.837217998	4.3342724695491555e-13
0.838424285	4.16763752925393e-13
0.839630572	3.8896068510249867e-13
0.840836858	3.7247376208907943e-13
0.842043145	3.771254288682614e-13
0.843249431	3.817111684223785e-13
0.844455718	3.907797805694633e-13
0.845662005	4.218032062250742e-13
0.846868291	4.193707928766047e-13
0.848074578	4.4227686759127023e-13
0.849280864	4.319538716424746e-13
0.850487151	4.0627938631517617e-13
0.851693438	4.2670232081098963e-13
0.852899724	4.0284162807999435e-13
0.854106011	3.4381717586196933e-13
0.855312297	3.3906052064395135e-13
0.856518584	3.4021698622652305e-13
0.857724871	3.026068508395105e-13
0.858931157	2.4595153576844335e-13
0.860137444	2.2166258125923802e-13
0.86134373	2.2769164954508273e-13
0.862550017	1.9224774382349793e-13
0.863756304	1.7023983490040193e-13
0.86496259	1.5784002677058126e-13
0.866168877	1.4245309817320836e-13
0.867375163	1.6771171293086523e-13
0.86858145	2.1687499496243394e-13
0.869787737	2.6445268407691325e-13
0.870994023	2.920136069637355e-13
0.87220031	3.128612685396881e-13
0.873406596	3.0594050431037395e-13
0.874612883	2.726598239255676e-13
0.87581917	2.824555783146157e-13
0.877025456	3.1163516396965514e-13
0.878231743	2.906404475888908e-13
0.879438029	2.406513787207074e-13
0.880644316	1.8372174983161333e-13
0.881850603	1.149442107856677e-13
0.883056889	6.694251931945156e-14
0.884263176	4.775809624978459e-14
0.885469462	3.8216682822841364e-14
0.886675749	3.2967959255680155e-14
0.887882036	3.514997235273194e-14
0.889088322	3.861077859821532e-14
0.890294609	4.149022419051316e-14
0.891500895	4.272564234407006e-14
0.892707182	4.137459459748905e-14
0.893913469	3.9905249763230626e-14
0.895119755	4.029810855899075e-14
0.896326042	4.609761500564755e-14
0.897532328	5.312038063980349e-14
0.898738615	5.647485522824163e-14
0.899944902	6.208435682959334e-14
0.901151188	7.073670804196535e-14
0.902357475	9.53580740568531e-14
0.903563761	1.41037873255943e-13
0.904770048	1.8448424317206146e-13
0.905976335	2.1967080277933705e-13
0.907182621	2.558213483410965e-13
0.908388908	2.7661068245754794e-13
0.909595194	2.7755310609495487e-13
0.910801481	2.7539394582566905e-13
0.912007768	2.7966277564991696e-13
0.913214054	2.86406084365055e-13
0.914420341	2.805019773739683e-13
0.915626627	2.7742779149510065e-13
0.916832914	3.0385787700747583e-13
0.918039201	3.215726711164085e-13
0.919245487	3.5261712954322976e-13
0.920451774	3.740082929489003e-13
0.92165806	3.368060931790797e-13
0.922864347	3.227966542087549e-13
0.924070634	3.415744140537089e-13
0.92527692	3.1516200367879857e-13
0.926483207	3.0262275862793984e-13
0.927689493	3.237926319808681e-13
0.92889578	3.7637283383538896e-13
0.930102067	3.6774114479447613e-13
0.931308353	3.4953322242111194e-13
0.93251464	3.2112938604784174e-13
0.933720926	2.940988852901869e-13
0.934927213	2.448334247894508e-13
0.9361335	2.592225193217347e-13
0.937339786	3.9245906769208375e-13
0.938546073	3.655093412090797e-13
0.939752359	2.8632442641588634e-13
0.940958646	2.7690108030477483e-13
0.942164933	2.594876422659331e-13
0.943371219	2.173451460422941e-13
0.944577506	2.151195290020769e-13
0.945783792	2.3661974591407615e-13
0.946990079	2.4463140180599336e-13
0.948196366	2.36209159273331e-13
0.949402652	2.4628682806952467e-13
0.950608939	2.24427457997355e-13
0.951815225	2.1759489156748477e-13
0.953021512	2.4953705624218407e-13
0.954227799	2.42168764812485e-13
0.955434085	2.524367917590799e-13
0.956640372	3.133399030596296e-13
0.957846658	2.813054763415487e-13
0.959052945	2.1187265928671796e-13
0.960259232	1.9708623405501007e-13
0.961465518	2.230184188017139e-13
0.962671805	2.3045864693733136e-13
0.963878091	1.8792306214608658e-13
0.965084378	1.9812127304089463e-13
0.966290665	2.098202556288587e-13
0.967496951	1.832740463904579e-13
0.968703238	1.8138336752267095e-13
0.969909524	2.0586603863957793e-13
0.971007713	0.
0.972213749	0.
0.973419785	0.
0.974625822	0.
0.975831858	0.
0.977037894	0.
0.978243931	0.
0.979449967	0.
0.980656004	0.
0.98186204	0.
0.983068076	0.
0.984274113	0.
0.985480149	0.
0.986686185	0.
0.987892222	0.
0.989098258	0.
0.990304294	0.
0.991510331	0.
0.992716367	0.
0.993922404	0.
0.99512844	0.
0.996334476	0.
0.997540513	8.890707218943791e-14
0.998746549	8.74796817176748e-14
0.999952585	8.74403709667377e-14
1.001158622	8.622385587115453e-14
1.002364658	8.669282432603102e-14
1.003570695	8.61522699996672e-14
1.004776731	8.589912978075601e-14
1.005982767	9.178346403978625e-14
1.007188804	1.015706534568078e-13
1.00839484	1.0835535898770439e-13
1.009600876	1.1324063867313183e-13
1.010806913	1.137036692964399e-13
1.012012949	1.0933643288493635e-13
1.013218986	1.052413031640529e-13
1.014425022	9.970797710621779e-14
1.015631058	9.278662732929683e-14
1.016837095	8.588300539736093e-14
1.018043131	7.980633975014333e-14
1.019249167	7.618135946201006e-14
1.020455204	7.823957577107737e-14
1.02166124	8.22661585384329e-14
1.022867277	8.970422813638867e-14
1.024073313	1.0004404437255653e-13
1.025279349	1.1235191741033168e-13
1.026485386	1.257783527352408e-13
1.027691422	1.3994468140421785e-13
1.028897458	1.5546245230262213e-13
1.030103495	1.7065107873803916e-13
1.031309531	1.8393048725900664e-13
1.032515567	1.9689625556346504e-13
1.033721604	2.0923640454534542e-13
1.03492764	2.200380127780975e-13
1.036133677	2.3096709167770043e-13
1.037339713	2.4315101145204063e-13
1.038545749	2.5342492516979383e-13
1.039751786	2.609395343225773e-13
1.040957822	2.690867407794755e-13
1.042163858	2.7828545485164433e-13
1.043369895	2.8695596709893277e-13
1.044575931	2.9471535903446147e-13
1.045781968	3.021863238898844e-13
1.046988004	3.101100488141785e-13
1.04819404	3.183897356230081e-13
1.049400077	3.2640772712355996e-13
1.050606113	3.3524682107987197e-13
1.051812149	3.432324526337083e-13
1.053018186	3.5202764946127396e-13
1.054224222	3.6035292168660517e-13
1.055430259	3.6693581259345995e-13
1.056636295	3.7322183498143274e-13
1.057842331	3.7859501994546554e-13
1.059048368	3.803894589992086e-13
1.060254404	3.7957933041385753e-13
1.06146044	3.784903419868654e-13
1.062666477	3.870573300761123e-13
1.063872513	3.8761195483969484e-13
1.06507855	3.866884252011566e-13
1.066284586	3.858332736873707e-13
1.067490622	3.852460081448168e-13
1.068696659	3.85131762947752e-13
1.069902695	3.859514587715677e-13
1.071108731	3.8720731261895814e-13
1.072314768	3.8845472420401726e-13
1.073520804	3.892842689221086e-13
1.07472684	3.88680682166514e-13
1.075932877	3.872616211300468e-13
1.077138913	3.856529011413755e-13
1.07834495	3.8427379817007737e-13
1.079550986	3.8419275706360567e-13
1.080757022	3.8488019818956067e-13
1.081963059	3.8562335528210376e-13
1.083169095	3.860170228088764e-13
1.084375131	3.852260295240098e-13
1.085581168	3.833398571491968e-13
1.086787204	3.8074654585987763e-13
1.087993241	3.776388495279559e-13
1.089199277	3.7421824511992236e-13
1.090405313	3.7077822457914853e-13
1.09161135	3.6761368648095023e-13
1.092817386	3.6491766717659715e-13
1.094023422	3.630146111006767e-13
1.095229459	3.6187440990585055e-13
1.096435495	3.6107441187058595e-13
1.097641532	3.6030001980746085e-13
1.098847568	3.594552804995723e-13
1.100053604	3.580303096324067e-13
1.101259641	3.5471578981491767e-13
1.102465677	3.4867964472093594e-13
1.103671713	3.3851575548085944e-13
1.10487775	3.239137472737643e-13
1.106083786	3.077435396312337e-13
1.107289823	2.915620772860382e-13
1.108495859	2.772413205243115e-13
1.109701895	2.6614697966590026e-13
1.110907932	2.5690265217635976e-13
1.112113968	2.4903500887707485e-13
1.113320004	2.4198089791596657e-13
1.114526041	2.350999566888011e-13
1.115732077	2.277768627811974e-13
1.116938113	2.1936725770004931e-13
1.11814415	2.089489616134677e-13
1.119350186	1.9515142663952104e-13
1.120556223	1.7899782104228704e-13
1.121762259	1.6093105764347122e-13
1.122968295	1.4168520478260846e-13
1.124174332	1.228587390712482e-13
1.125380368	1.040569511855396e-13
1.126586404	8.566897909974122e-14
1.127792441	6.857836556279709e-14
1.128998477	5.4400753366730003e-14
1.130204514	4.319894846314502e-14
1.13141055	3.4766269017935254e-14
1.132616586	2.8485199489747834e-14
1.133822623	2.2635276652944454e-14
1.135028659	1.775990186353277e-14
1.136234695	1.4104020144593526e-14
1.137440732	1.1635860391238043e-14
1.138646768	1.0494918820464567e-14
1.139852805	1.0305719411951962e-14
1.141058841	1.0741601544600702e-14
1.142264877	1.1578692497180494e-14
1.143470914	1.2602732906005906e-14
1.14467695	1.3677164174772818e-14
1.145882986	1.4727945414531277e-14
1.147089023	1.5710645832893298e-14
1.148295059	1.6713651823398382e-14
1.149501096	1.761115218252579e-14
1.150707132	1.8186892072818895e-14
1.151913168	1.8271839300667718e-14
1.153119205	1.7560653436878956e-14
1.154325241	1.6070577252541154e-14
1.155531277	1.405952017358532e-14
1.156737314	1.1757970538577287e-14
1.15794335	9.46650039324556e-15
1.159149387	7.42674406956059e-15
1.160355423	5.735194212952065e-15
1.161561459	4.432539381876348e-15
1.162767496	3.5406886100664842e-15
1.163973532	3.00506408394797e-15
1.165179568	2.7000909602858006e-15
1.166385605	2.5671444762229026e-15
1.167591641	2.509683396584443e-15
1.168797677	2.494105853711063e-15
1.170003714	2.6664059135711834e-15
1.17120975	3.069638208143521e-15
1.172415787	3.765478771569626e-15
1.173621823	4.793326475171862e-15
1.174827859	6.034257505915879e-15
1.176033896	7.423167370184484e-15
1.177239932	8.917731929286222e-15
1.178445968	1.0477335097604957e-14
1.179652005	1.1859593108117901e-14
1.180858041	1.2918401538486292e-14
1.182064078	1.3495323230208066e-14
1.183270114	1.3410683188375194e-14
1.18447615	1.2931711010882629e-14
1.185682187	1.2224530095071303e-14
1.186888223	1.1462441120129447e-14
1.188094259	1.0832901675739258e-14
1.189300296	1.0507643568809087e-14
1.190506332	1.0640877473567878e-14
1.191712369	1.1370853568295e-14
1.192918405	1.2856751034549821e-14
1.194124441	1.5037617743038043e-14
1.195330478	1.788266756065405e-14
1.196536514	2.1379855995485434e-14
1.19774255	2.5569373355212016e-14
1.198948587	3.0362789597879156e-14
1.200154623	3.5691852602649877e-14
1.20136066	4.149658203513291e-14
1.202566696	4.751283333447286e-14
1.203772732	5.40219707730736e-14
1.204978769	6.126196962802921e-14
1.206184805	6.934755111119599e-14
1.207390841	7.849699271111684e-14
1.208596878	8.846193741633544e-14
1.209802914	9.89365399584419e-14
1.21100895	1.0968046310459483e-13
1.212214987	1.2062946462326465e-13
1.213421023	1.3134434839647238e-13
1.21462706	1.4126806923248294e-13
1.215833096	1.4997347385811973e-13
1.217039132	1.5682568536902096e-13
1.218245169	1.616894101493665e-13
1.219451205	1.6475185872233765e-13
1.220657241	1.6607794781101117e-13
1.221863278	1.6583189840067198e-13
1.223069314	1.6419267558181598e-13
1.224275351	1.6134366364108267e-13
1.225481387	1.575566299644311e-13
1.226687423	1.5299151881601802e-13
1.22789346	1.480398309494043e-13
1.229099496	1.434953449124753e-13
1.230305532	1.3987278587604956e-13
1.231511569	1.3788821020820095e-13
1.232717605	1.3795242361530538e-13
1.233923642	1.3938420445878712e-13
1.235129678	1.4189343490012017e-13
1.236335714	1.450517823353642e-13
1.237541751	1.4840001272977295e-13
1.238747787	1.518703392710859e-13
1.239953823	1.552471025521133e-13
1.24115986	1.582427772854771e-13
1.242365896	1.6056322174290883e-13
1.243571933	1.6260337254944e-13
1.244777969	1.6455392716013295e-13
1.245984005	1.6670120353073184e-13
1.247190042	1.6947317107742088e-13
1.248396078	1.7233481799900342e-13
1.249602114	1.7502388649913498e-13
1.250808151	1.7725766332231753e-13
1.252014187	1.786135519252036e-13
1.253220223	1.7935338844397633e-13
1.25442626	1.7960917392155574e-13
1.255632296	1.7950773171056066e-13
1.256838333	1.7922197788999319e-13
1.258044369	1.7887879181421236e-13
1.259250405	1.7862559559356097e-13
1.260456442	1.7862461062177793e-13
1.261662478	1.7908820455670774e-13
1.262868514	1.7999420317990654e-13
1.264074551	1.8129989116405666e-13
1.265280587	1.8294173124071082e-13
1.266486624	1.8487644312381954e-13
1.26769266	1.8682356515726182e-13
1.268898696	1.8849647055216744e-13
1.270104733	1.8964801209937884e-13
1.271310769	1.8987807877778335e-13
1.272516805	1.893990085972455e-13
1.273722842	1.8853395218744385e-13
1.274928878	1.87513313884334e-13
1.276134915	1.867050712399388e-13
1.277340951	1.861850020207086e-13
1.278546987	1.8591855150584606e-13
1.279753024	1.859240668536982e-13
1.28095906	1.862429967639887e-13
1.282165096	1.8668458613280516e-13
1.283371133	1.8694310087166306e-13
1.284577169	1.8679446978257645e-13
1.285783206	1.8586550962235134e-13
1.286989242	1.8411598067000773e-13
1.288195278	1.818643079966196e-13
1.289401315	1.7924806317114421e-13
1.290607351	1.764809356572052e-13
1.291813387	1.7371082605060195e-13
1.293019424	1.7092853194773585e-13
1.29422546	1.6819753543886907e-13
1.295431496	1.6560450580536076e-13
1.296637533	1.6317397922140218e-13
1.297843569	1.6072983433192127e-13
1.299049606	1.581510431408522e-13
1.300255642	1.5528165809646564e-13
1.301461678	1.519542504667415e-13
1.302667715	1.4811673533909818e-13
1.303873751	1.436696956242918e-13
1.305079787	1.3855558788718366e-13
1.306285824	1.327525475660109e-13
1.30749186	1.260962416720081e-13
1.308697897	1.1854043665088665e-13
1.309903933	1.1000665347578789e-13
1.311109969	1.0033908377577785e-13
1.312316006	9.038601391014112e-14
1.313522042	8.07162214351792e-14
1.314728078	7.191787286261875e-14
1.315934115	6.476448728728215e-14
1.317140151	5.894098985984583e-14
1.318346188	5.4335273332031635e-14
1.319552224	5.08332053338101e-14
1.32075826	4.8243383447036767e-14
1.321964297	4.640535774478332e-14
1.323170333	4.510307433701376e-14
1.324376369	4.408547495186335e-14
1.325582406	4.29992446105748e-14
1.326788442	4.174854045261542e-14
1.327994479	4.023844858749546e-14
1.329200515	3.838472098556325e-14
1.330406551	3.621307562243867e-14
1.331612588	3.372708755038782e-14
1.332818624	3.095678029058394e-14
1.33402466	2.7962814433850438e-14
1.335230697	2.462387291631553e-14
1.336436733	2.1222912765758006e-14
1.33764277	1.8026791333211663e-14
1.338848806	1.515900480908504e-14
1.340054842	1.2884004116694464e-14
1.341260879	1.1113075911164407e-14
1.342466915	9.687109366000716e-15
1.343672951	8.575736714039073e-15
1.344878988	7.753381631120046e-15
1.346085024	7.229423585167764e-15
1.34729106	7.039891460434125e-15
1.348497097	7.233177348869422e-15
1.349703133	7.728368618582361e-15
1.35090917	8.49643166151277e-15
1.352115206	9.853507830712507e-15
1.353321242	1.2166406053655785e-14
1.354527279	1.6064328117181747e-14
1.355733315	2.203301252668397e-14
1.356939351	2.887312683815264e-14
1.358145388	3.2706393245537797e-14
1.359351424	3.262819422737993e-14
1.360557461	3.1636202461479055e-14
1.361763497	3.01111408370776e-14
1.362969533	2.932647821951564e-14
1.36417557	3.043021157527355e-14
1.365381606	3.458840090270284e-14
1.366587642	4.039493062642145e-14
1.367793679	4.651524139455459e-14
1.368999715	4.87535757711213e-14
1.370205752	4.3220644196132406e-14
1.371411788	3.7033756418037494e-14
1.372617824	3.1923954226482735e-14
1.373823861	2.825924152725107e-14
1.375029897	2.607087058557954e-14
1.376235933	2.4670961320696777e-14
1.37744197	2.393770912416948e-14
1.378648006	2.3982875351174753e-14
1.379854043	2.538860385570559e-14
1.381060079	2.6370508719935142e-14
1.382266115	2.5819587483199114e-14
1.383472152	2.3213622271265648e-14
1.384678188	1.8238696976699785e-14
1.385884224	1.4040965479377692e-14
1.387090261	1.1045555930724707e-14
1.388296297	9.076094144283056e-15
1.389502333	8.295125994462567e-15
1.39070837	8.053936382193493e-15
1.391914406	8.064533887966405e-15
1.393120443	8.145383106122504e-15
1.394326479	7.870437621408592e-15
1.395532515	7.467264622796437e-15
1.396738552	7.110586245408685e-15
1.397944588	6.8392166365158796e-15
1.399150624	6.747575553606265e-15
1.400356661	6.737273704079271e-15
1.401562697	6.7185921824012506e-15
1.402768734	6.655152093444222e-15
1.40397477	6.488985047688149e-15
1.405180806	6.2689105621296525e-15
1.406386843	6.070847231124518e-15
1.407592879	5.940087285593411e-15
1.408798915	5.866790066810769e-15
1.410004952	5.909009614016892e-15
1.411210988	6.12943575756148e-15
1.412417025	6.534111744053301e-15
1.413623061	7.18356474840534e-15
1.414829097	8.04065738133225e-15
1.416035134	8.962425435720031e-15
1.41724117	9.87280537153244e-15
1.418447206	1.0681822157630041e-14
1.419653243	1.1339900253523866e-14
1.420859279	1.187144488815971e-14
1.422065316	1.2295072522370389e-14
1.423271352	1.2597924168345971e-14
1.424477388	1.2816722967205505e-14
1.425683425	1.3135205687129632e-14
1.426889461	1.3628446778596515e-14
1.428095497	1.440225658833477e-14
1.429301534	1.5556904585015818e-14
1.43050757	1.6971162648708145e-14
1.431713606	1.862560558756643e-14
1.432919643	2.042758511091292e-14
1.434125679	2.2246012674770497e-14
1.435331716	2.3987709619039766e-14
1.436537752	2.5545790034158772e-14
1.437743788	2.692837170178772e-14
1.438949825	2.7968183188912114e-14
1.440155861	2.850258967718185e-14
1.441361897	2.8533908650374117e-14
1.442567934	2.821191182125407e-14
1.44377397	2.7582614502034634e-14
1.444980007	2.6914386090734287e-14
1.446186043	2.6305396814322918e-14
1.447392079	2.6008874188541993e-14
1.448598116	2.6276833456169208e-14
1.449804152	2.6839572707191935e-14
1.451010188	2.776882028811294e-14
1.452216225	2.893458298310851e-14
1.453422261	2.9840356775791614e-14
1.454628298	3.0773059993503354e-14
1.455834334	3.209138213494773e-14
1.45704037	3.3854727046014234e-14
1.458246407	3.6102770312506085e-14
1.459452443	3.8532986416228724e-14
1.460658479	4.124794336786569e-14
1.461864516	4.431202422685196e-14
1.463070552	4.713678000209493e-14
1.464276589	4.9586525065593223e-14
1.465482625	5.168413612820787e-14
1.466688661	5.303259544141585e-14
1.467894698	5.332878946875076e-14
1.469100734	5.2780609023063246e-14
1.47030677	5.1579261339962157e-14
1.471512807	4.972271882703121e-14
1.472718843	4.789251525019206e-14
1.473924879	4.4781161510503975e-14
1.475130916	4.1998585751827003e-14
1.476336952	4.279897744638281e-14
1.477542989	4.4761519723692974e-14
1.478749025	4.818406607442254e-14
1.479955061	5.2413420436732845e-14
1.481161098	5.85260762611172e-14
1.482367134	6.611058299763277e-14
1.48357317	7.090941905577175e-14
1.484779207	7.729052333945485e-14
1.485985243	8.200952809342088e-14
1.48719128	8.888959799939363e-14
1.488397316	9.518062842533699e-14
1.489603352	9.712760963087382e-14
1.490809389	9.935274736207954e-14
1.492015425	1.0283964794781898e-13
1.493221461	1.0441083029947367e-13
1.494427498	1.050000369611686e-13
1.495633534	1.0550294164703549e-13
1.496839571	1.0634582383839328e-13
1.498045607	1.0570844250326872e-13
1.499251643	1.0400216418899446e-13
1.50045768	1.0360177068851593e-13
1.501663716	1.019579054901105e-13
1.502869752	9.923974079173857e-14
1.504075789	9.870616444691142e-14
1.505281825	9.907732092124414e-14
1.506487862	9.910239322974201e-14
1.507693898	9.899960038854276e-14
1.508899934	1.0032175041363902e-13
1.510105971	1.0090898795532283e-13
1.511312007	1.0190627023856014e-13
1.512518043	1.0299289423913991e-13
1.51372408	1.0463146974376392e-13
1.514930116	1.0622732992107024e-13
1.516136152	1.0700079301415244e-13
1.517342189	1.0810835260645224e-13
1.518548225	1.0899760835644905e-13
1.519754262	1.0986795528358713e-13
1.520960298	1.1028658229182228e-13
1.522166334	1.1140534140860184e-13
1.523372371	1.1247744613448654e-13
1.524578407	1.1290910178286214e-13
1.525784443	1.1224062630506103e-13
1.52699048	1.1230948291526989e-13
1.528196516	1.1316229882706853e-13
1.529402553	1.1343358937468109e-13
1.530608589	1.1260759006087573e-13
1.531814625	1.1214444661053233e-13
1.533020662	1.1251675688542364e-13
1.534226698	1.1319131019914363e-13
1.535432734	1.138779360056461e-13
1.536638771	1.14536028101975e-13
1.537844807	1.153352939968423e-13
1.539050844	1.158700801439682e-13
1.54025688	1.1474428622035677e-13
1.541462916	1.137098879602642e-13
1.542668953	1.1364111617622059e-13
1.543874989	1.143577935047664e-13
1.545081025	1.1555523094871538e-13
1.546287062	1.1603491961906014e-13
1.547493098	1.162946729846419e-13
1.548699135	1.1608497940989063e-13
1.549905171	1.1551693317043143e-13
1.551111207	1.1501808119873212e-13
1.552317244	1.1484764154962277e-13
1.55352328	1.142078397863457e-13
1.554729316	1.1316035688437249e-13
1.555935353	1.1276331278208936e-13
1.557141389	1.1344816547467135e-13
1.558347426	1.1456118441308312e-13
1.559553462	1.1507013811044378e-13
1.560759498	1.1524992016750213e-13
1.561965535	1.140882200693342e-13
1.563171571	1.1298305208076182e-13
1.564377607	1.1152943549994226e-13
1.565583644	1.0958903861665087e-13
1.56678968	1.0793608466523722e-13
1.567995716	1.0640767446619536e-13
1.569201753	1.0468060056455151e-13
1.570407789	1.0407659214879562e-13
1.571613826	1.0665014964782344e-13
1.572819862	1.1077896276831149e-13
1.574025898	1.1417066780775024e-13
1.575231935	1.157053534959116e-13
1.576437971	1.1665173184444082e-13
1.577644007	1.1606958716689284e-13
1.578850044	1.162397171593212e-13
1.58005608	1.1571748116687927e-13
1.581262117	1.158810268370622e-13
1.582468153	1.1576233526653857e-13
1.583674189	1.1450107889833144e-13
1.584880226	1.1307819080176731e-13
1.586086262	1.1194634621955208e-13
1.587292298	1.112905337234703e-13
1.588498335	1.125639177626451e-13
1.589704371	1.1458769135439543e-13
1.590910408	1.1665164784183056e-13
1.592116444	1.1756102304053986e-13
1.59332248	1.1865834007927284e-13
1.594528517	1.2016069382158875e-13
1.595734553	1.2033622633483392e-13
1.596940589	1.1915980930877028e-13
1.598146626	1.1810993480306963e-13
1.599352662	1.1706143892844326e-13
1.600558699	1.1690813663538216e-13
1.601764735	1.158761588034421e-13
1.602970771	1.155591980131627e-13
1.604176808	1.1525805194959742e-13
1.605382844	1.1491618850315064e-13
1.60658888	1.141650404564178e-13
1.607794917	1.1233773496963264e-13
1.609000953	1.0988458532975378e-13
1.610206989	1.0730742560114477e-13
1.611413026	1.074421567288982e-13
1.612619062	1.0895894574329897e-13
1.613825099	1.0915592033459072e-13
1.615031135	1.083037517370241e-13
1.616237171	1.06156728197811e-13
1.617443208	1.026967290362301e-13
1.618649244	9.889919915107094e-14
1.61985528	9.348749157823853e-14
1.621061317	8.734255898619392e-14
1.622267353	8.129619933951547e-14
1.62347339	7.493628347893818e-14
1.624679426	6.846040613267074e-14
1.625885462	6.197276595030176e-14
1.627091499	5.5143263145041044e-14
1.628297535	4.8699126432127184e-14
1.629503571	4.253292141436651e-14
1.630709608	3.683624733954908e-14
1.631915644	3.1339980433274064e-14
1.633121681	2.6323690441594733e-14
1.634327717	2.194870437751713e-14
1.635533753	1.8000689580960594e-14
1.63673979	1.470633121348915e-14
1.637945826	1.1908293209639152e-14
1.639151862	9.804883496251492e-15
1.640357899	8.51634275080961e-15
1.641563935	7.92368045232395e-15
1.642769972	7.853852870767084e-15
1.643976008	7.938979633606465e-15
1.645182044	7.838891347035616e-15
1.646388081	7.631932798447855e-15
1.647594117	7.290449010857294e-15
1.648800153	6.8079907250389e-15
1.65000619	6.02559947217399e-15
1.651212226	5.080737288404487e-15
1.652418262	4.123721903462239e-15
1.653624299	3.277834559900126e-15
1.654830335	2.7224545963802564e-15
1.656036372	2.403093966823403e-15
1.657242408	2.268433664800182e-15
1.658448444	2.2949331941174826e-15
1.659654481	2.417967370169596e-15
1.660860517	2.6024107485424307e-15
1.662066553	2.801389049155407e-15
1.66327259	2.997190898123518e-15
1.664478626	3.1066355930784255e-15
1.665684663	3.162207437541018e-15
1.666890699	3.200803342735887e-15
1.668096735	3.2278595952349165e-15
1.669302772	3.324731075965775e-15
1.670508808	3.5172881182238082e-15
1.671714844	3.7299555500892994e-15
1.672920881	3.9577261571466984e-15
1.674126917	4.180776970484438e-15
1.675332954	4.376227161466456e-15
1.67653899	4.5538951528332486e-15
1.677745026	4.7265147520343605e-15
1.678951063	4.924491609764227e-15
1.680157099	5.202704137173285e-15
1.681363135	5.643237708476471e-15
1.682569172	6.2141260362495066e-15
1.683775208	6.7658378857879836e-15
1.684981245	7.2153004404289e-15
1.686187281	7.538237769361862e-15
1.687393317	7.691981487904351e-15
1.688599354	7.608515011950127e-15
1.68980539	7.353716976818787e-15
1.691011426	6.9925189295769975e-15
1.692217463	6.5147516130531734e-15
1.693423499	5.996261148762873e-15
1.694629535	5.3908741019326935e-15
1.695835572	4.799342544465546e-15
1.697041608	4.212510191842993e-15
1.698247645	3.665770143854956e-15
1.699453681	3.229995073356549e-15
1.700659717	2.840677564107427e-15
1.701865754	2.4990002410912634e-15
1.70307179	2.2096623091526534e-15
1.704277826	1.9377112704280417e-15
1.705483863	1.6957491635665687e-15
1.706689899	1.4838435200784432e-15
1.707895936	1.2994841443158697e-15
1.709101972	1.1433842349110627e-15
1.710308008	1.0216430402129652e-15
1.711514045	9.3005631193352e-16
1.712720081	8.844857194219893e-16
1.713926117	8.880294765979952e-16
1.715132154	9.249552122476773e-16
1.71633819	9.817673305441214e-16
1.717544227	1.0457007289476825e-15
1.718750263	1.0906017712421336e-15
1.719956299	1.1196246730872714e-15
1.721162336	1.131716931189827e-15
1.722368372	1.127375972771345e-15
1.723574408	1.1050403375469761e-15
1.724780445	1.075321531724677e-15
1.725986481	1.0430035863143057e-15
1.727192518	1.0214264452472925e-15
1.728398554	1.0276261673065474e-15
1.72960459	1.074271499096416e-15
1.730810627	1.1639352264448889e-15
1.732016663	1.3116373454886144e-15
1.733222699	1.5113000203087163e-15
1.734428736	1.7855932494606015e-15
1.735634772	2.146638115471916e-15
1.736840809	2.6062649859544008e-15
1.738046845	3.2817596230423162e-15
1.739252881	4.1164935612047895e-15
1.740458918	5.032607910500009e-15
1.741664954	5.918216958945487e-15
1.74287099	6.796563075823409e-15
1.744077027	7.595394133649376e-15
1.745283063	8.246257064165793e-15
1.746489099	8.750835213797884e-15
1.747695136	8.998317609841502e-15
1.748901172	9.049252016084691e-15
1.750107209	8.97637975168337e-15
1.751313245	8.7139086545932e-15
1.752519281	8.463660760850993e-15
1.753725318	8.163322604743218e-15
1.754931354	7.837329063195765e-15
1.75613739	7.490688174179185e-15
1.757343427	7.19894052030309e-15
1.758549463	6.9413761639181616e-15
1.7597555	6.716746595640519e-15
1.760961536	6.477644695302928e-15
1.762167572	6.2162508081561045e-15
1.763373609	5.893741727824474e-15
1.764579645	5.524321307437147e-15
1.765785681	5.112962172099569e-15
1.766991718	4.662163811244504e-15
1.768197754	4.166339227734597e-15
1.769403791	3.671493851122733e-15
1.770609827	3.2179769352042235e-15
1.771815863	2.845005345645868e-15
1.7730219	2.6135320352969707e-15
1.774227936	2.5042001673774133e-15
1.775433972	2.4954004821750838e-15
1.776640009	2.568043798285695e-15
1.777846045	2.6972776963970635e-15
1.779052082	2.880336678810598e-15
1.780258118	3.1197029403040097e-15
1.781464154	3.399555989278162e-15
1.782670191	3.682527017491999e-15
1.783876227	3.95979410375812e-15
1.785082263	4.2336541429786604e-15
1.7862883	4.5141174462097085e-15
1.787494336	4.822512440907506e-15
1.788700372	5.165188736141772e-15
1.789906409	5.541840793006558e-15
1.791112445	5.959815545679682e-15
1.792318482	6.426543930949223e-15
1.793524518	6.979015098200058e-15
1.794730554	7.661301593394068e-15
1.795936591	8.491575157662688e-15
1.797142627	9.514683302225204e-15
1.798348663	1.073093074243256e-14
1.7995547	1.2070212358692031e-14
1.800760736	1.3501345064386767e-14
1.801966773	1.493706167722574e-14
1.803172809	1.626722324538689e-14
1.804378845	1.7486368775648243e-14
1.805584882	1.8578213291389237e-14
1.806790918	1.953530444339172e-14
1.807996954	2.0384394592358782e-14
1.809202991	2.1235443155121924e-14
1.810409027	2.212861243849088e-14
1.811615064	2.3189942594277105e-14
1.8128211	2.450483545269083e-14
1.814027136	2.5930410809228308e-14
1.815233173	2.7379156062207744e-14
1.816439209	2.8735864102321336e-14
1.817645245	2.986303665700705e-14
1.818851282	3.069446649249926e-14
1.820057318	3.119624537867766e-14
1.821263355	3.13316509979782e-14
1.822469391	3.1024567926399474e-14
1.823675427	3.051994695190724e-14
1.824881464	2.996098946545627e-14
1.8260875	2.949086721002119e-14
1.827579297	0.
1.828785583	0.
1.82999187	0.
1.831198156	0.
1.832404443	0.
1.83361073	0.
1.834817016	0.
1.836023303	0.
1.837229589	0.
1.838435876	0.
1.839642163	0.
1.840848449	0.
1.842054736	0.
1.843261022	0.
1.844467309	0.
1.845673596	0.
1.846879882	0.
1.848086169	0.
1.849292455	0.
1.850498742	0.
1.851705029	0.
1.852911315	0.
1.854117602	0.
1.855323888	0.
1.856530175	0.
1.857736462	0.
1.858942748	0.
1.860149035	0.
1.861355321	0.
1.862561608	0.
1.863767895	0.
1.864974181	0.
1.866180468	0.
1.867386754	0.
1.868593041	0.
1.869799328	0.
1.871005614	-4.5442117931131743e-17
1.872211901	-2.5090426707924528e-17
1.873418187	7.033670325944804e-17
1.874624474	4.3702357988228484e-16
1.875830761	1.6239294024585146e-15
1.877037047	4.199851327898678e-15
1.878243334	7.027297657335012e-15
1.87944962	8.159176828860344e-15
1.880655907	7.712123172601907e-15
1.881862194	6.76242013252737e-15
1.88306848	6.0944099633026975e-15
1.884274767	6.248510281161295e-15
1.885481053	7.635101838097698e-15
1.88668734	9.137767707759598e-15
1.887893627	8.750893686203066e-15
1.889099913	7.234264441472799e-15
1.8903062	6.161447340510899e-15
1.891512486	5.898333870518735e-15
1.892718773	6.406614723442328e-15
1.89392506	8.077439818411487e-15
1.895131346	1.0048512478438142e-14
1.896337633	9.793920332057442e-15
1.897543919	7.294117124838685e-15
1.898750206	5.2447532084938785e-15
1.899956493	4.3332367667779394e-15
1.901162779	3.4557158520125806e-15
1.902369066	1.89373096262645e-15
1.903575352	1.289516658119913e-15
1.904781639	1.3955691300192852e-15
1.905987926	1.8741385891156013e-15
1.907194212	2.6215073419417397e-15
1.908400499	3.594371219353209e-15
1.909606785	3.848961718623903e-15
1.910813072	2.4240559123035055e-15
1.912019359	1.2447045597657381e-15
1.913225645	8.6608091222482855e-16
1.914431932	8.981583795744532e-16
1.915638218	1.0673231655398362e-15
1.916844505	1.2806576769573994e-15
1.918050792	1.5003977991848567e-15
1.919257078	1.6959138745670801e-15
1.920463365	1.7872156528156405e-15
1.921669651	1.790730585566557e-15
1.922875938	1.7714033967665315e-15
1.924082225	1.8448760327647193e-15
1.925288511	2.11493701275846e-15
1.926494798	2.7887392443161197e-15
1.927701084	4.288798562394925e-15
1.928907371	7.024890406062535e-15
1.930113658	9.713841137828738e-15
1.931319944	9.260451049380623e-15
1.932526231	7.703194189264175e-15
1.933732517	6.976733027287971e-15
1.934938804	7.100608876552698e-15
1.936145091	7.55632303721803e-15
1.937351377	7.924454594026356e-15
1.938557664	7.763150640560385e-15
1.93976395	6.933302854228087e-15
1.940970237	5.987028273629198e-15
1.942176524	5.3195954164613206e-15
1.94338281	4.9133958532147664e-15
1.944589097	4.70043029443835e-15
1.945795383	5.006035084787481e-15
1.94700167	6.312906517476293e-15
1.948207957	8.684380089976491e-15
1.949414243	1.1283024721492225e-14
1.95062053	1.2973956088293831e-14
1.951826816	1.313693103485999e-14
1.953033103	1.2078205783546858e-14
1.95423939	1.1374765454557149e-14
1.955445676	1.2471099992172086e-14
1.956651963	1.4914707923791317e-14
1.957858249	1.568608577560702e-14
1.959064536	1.4406302714062337e-14
1.960270823	1.273620646527044e-14
1.961477109	1.0959951505983842e-14
1.962683396	9.015492025864841e-15
1.963889682	7.282783360893487e-15
1.965095969	6.1600580032215846e-15
1.966302256	5.5897486346153475e-15
1.967508542	5.4602240215880775e-15
1.968714829	5.668644380305378e-15
1.969921115	6.190962728247567e-15
1.971127402	7.096833700420973e-15
1.972333689	8.619594312145283e-15
1.973539975	1.0985602773648509e-14
1.974746262	1.385258139031762e-14
1.975952548	1.5968103950682897e-14
1.977158835	1.6028813131251445e-14
1.978365122	1.407969974181299e-14
1.979571408	1.1748230353562035e-14
1.980777695	1.007368114287131e-14
1.981983981	9.203781406099621e-15
1.983190268	8.934856932009408e-15
1.984396555	9.137398755118452e-15
1.985602841	9.61998386840724e-15
1.986809128	1.0224760660980523e-14
1.988015414	1.0807610301610708e-14
1.989221701	1.131696342314763e-14
1.990427988	1.1660138792713446e-14
1.991634274	1.1431756284289146e-14
1.992840561	1.0290883892135886e-14
1.994046847	8.805604915687985e-15
1.995253134	7.643148794027691e-15
1.996459421	6.938578547574473e-15
1.997665707	6.562437918366275e-15
1.998871994	6.588326369871678e-15
2.00007828	7.145747102687886e-15
2.001284567	8.010121608947414e-15
2.002490854	8.36663033400464e-15
2.00369714	7.950512697862284e-15
2.004903427	7.411915961739538e-15
2.006109713	7.421854623510406e-15
2.007316	8.100680540583668e-15
2.008522287	8.925843122506415e-15
2.009728573	8.872175337209736e-15
2.01093486	7.546951804843926e-15
2.012141146	6.1259842385457596e-15
2.013347433	5.254037967592715e-15
2.01455372	5.001471766518308e-15
2.015760006	5.29468699540896e-15
2.016966293	6.0813961471522804e-15
2.018172579	6.868587902127099e-15
2.019378866	6.969323502929958e-15
2.020585153	6.721893814406504e-15
2.021791439	6.619301920627879e-15
2.022997726	6.7928496663168755e-15
2.024204012	7.265679770600366e-15
2.025410299	8.100833721814143e-15
2.026616586	8.87291736026704e-15
2.027822872	8.822953925371867e-15
2.029029159	8.077216635005796e-15
2.030235445	7.32804923805407e-15
2.031441732	6.834682142671797e-15
2.032648019	6.4329643657491626e-15
2.033854305	6.0146750150650616e-15
2.035060592	5.6411788209700766e-15
2.036266878	5.390440088446346e-15
2.037473165	5.272310182434464e-15
2.038679452	5.260938534959146e-15
2.039885738	5.346678846275434e-15
2.041092025	5.368776474104063e-15
2.042298311	5.089177903625701e-15
2.043504598	4.6438990083977775e-15
2.044710885	4.4002477902260584e-15
2.045917171	4.536104717667995e-15
2.047123458	4.8679767948237066e-15
2.048329744	5.072276907863211e-15
2.049536031	4.964771684939327e-15
2.050742318	4.644600677259957e-15
2.051948604	4.217324694387945e-15
2.053154891	3.642804489053631e-15
2.054361177	3.0027202464106907e-15
2.055567464	2.520267725477315e-15
2.056773751	2.2432369994969275e-15
2.057980037	2.1274204594872306e-15
2.059186324	2.1133269627284598e-15
2.06039261	2.1583803626983844e-15
2.061598897	2.202040307603981e-15
2.062805184	2.2201964011903693e-15
2.06401147	2.192552953974516e-15
2.065217757	2.094672618365524e-15
2.066424043	1.9438624027421455e-15
2.06763033	1.8366857782642822e-15
2.068836617	1.819818548256897e-15
2.070042903	1.9025298242737772e-15
2.07124919	2.122533484102053e-15
2.072455476	2.497680905977166e-15
2.073661763	2.7580280547157386e-15
2.07486805	2.4993634288473916e-15
2.076074336	2.059682236971853e-15
2.077280623	1.7518307885757441e-15
2.078486909	1.5828043598507905e-15
2.079693196	1.4864838374166434e-15
2.080899483	1.4300159651112685e-15
2.082105769	1.3862308398452828e-15
2.083312056	1.337643565359383e-15
2.084518342	1.2878868427698513e-15
2.085724629	1.2484212634922812e-15
2.086930916	1.2247868820288788e-15
2.088137202	1.2177850173971329e-15
2.089343489	1.228056395389033e-15
2.090549775	1.2422091881079882e-15
2.091756062	1.2388433188125346e-15
2.092962349	1.2117409472333613e-15
2.094168635	1.1831207637844743e-15
2.095374922	1.1709593270617039e-15
2.096581208	1.1729984492480369e-15
2.097787495	1.1860534431485825e-15
2.098993782	1.202583015604919e-15
2.100200068	1.208311664202711e-15
2.101406355	1.1975420354342632e-15
2.102612641	1.2132496999980472e-15
2.103818928	1.307349094590296e-15
2.105025215	1.473914740967607e-15
2.106231501	1.6291680358297844e-15
2.107437788	1.6597812223848613e-15
2.108644074	1.5643937877686121e-15
2.109850361	1.4016939085733074e-15
2.111056648	1.2717105754096119e-15
2.112262934	1.2366773691558077e-15
2.113469221	1.2991678991948875e-15
2.114675507	1.4079413968227104e-15
2.115881794	1.4940350132350955e-15
2.117088081	1.498661745239465e-15
2.118294367	1.3907801576794119e-15
2.119500654	1.236449244420099e-15
2.12070694	1.1142559180255975e-15
2.121913227	1.0464361635649664e-15
2.123119514	1.021872812058679e-15
2.1243258	1.0346708567984265e-15
2.125532087	1.0656653493196874e-15
2.126738373	1.0870678967261583e-15
2.12794466	1.0869303630407312e-15
2.129150947	1.0830440069836612e-15
2.130357233	1.0885881792608799e-15
2.13156352	1.1082357309569003e-15
2.132769806	1.1519541482676786e-15
2.133976093	1.2136697130493516e-15
2.13518238	1.2581433302974755e-15
2.136388666	1.2533197686474947e-15
2.137594953	1.2250084183245668e-15
2.138801239	1.201918406717855e-15
2.140007526	1.1984817116921816e-15
2.141213813	1.231406617139438e-15
2.142420099	1.3172342252859967e-15
2.143626386	1.435192008302344e-15
2.144832672	1.5278172394400144e-15
2.146038959	1.5641417799378294e-15
2.147245246	1.5453927267495996e-15
2.148451532	1.4911385702910998e-15
2.149657819	1.427612831613805e-15
2.150864105	1.3804190121922329e-15
2.152070392	1.3808950269837112e-15
2.153276679	1.465414006231206e-15
2.154482965	1.6415477146282328e-15
2.155689252	1.8504490294670275e-15
2.156895538	1.9751220799742303e-15
2.158101825	1.9656800218699057e-15
2.159308112	1.8340092245059693e-15
2.160514398	1.673742950343223e-15
2.161720685	1.591978762579284e-15
2.162926971	1.6074961859374773e-15
2.164133258	1.5567899044299963e-15
2.165339545	1.3040038141699065e-15
2.166545831	1.0156055584892144e-15
2.167752118	8.09139495792983e-16
2.168958404	6.892924776007684e-16
2.170164691	6.375798118801618e-16
2.171370978	6.411927476763828e-16
2.172577264	6.841024339746494e-16
2.173783551	7.449615015536622e-16
2.174989837	8.060602236384195e-16
2.176196124	8.576065312485092e-16
2.177402411	8.961200809431227e-16
2.178608697	9.188098448185914e-16
2.179814984	9.312043476070855e-16
2.18102127	9.468510691006802e-16
2.182227557	9.748544098526515e-16
2.183433844	1.011164949915423e-15
2.18464013	1.0415458939597785e-15
2.185846417	1.0581347623762993e-15
2.187052703	1.0708405689557603e-15
2.18825899	1.0958362868383908e-15
2.189465276	1.1275835086319896e-15
2.190671563	1.1314451580389829e-15
2.19187785	1.0820540938705866e-15
2.193084136	1.0057599584336364e-15
2.194290423	9.30991046861423e-16
2.195496709	8.707430570943079e-16
2.196702996	8.328191727815261e-16
2.197909283	8.244897374856569e-16
2.199115569	8.439610484111299e-16
2.200321856	8.88773146765305e-16
2.201528142	9.573793962533786e-16
2.202734429	1.0407956353524483e-15
2.203940716	1.1232096080134053e-15
2.205147002	1.1907921786332996e-15
2.206353289	1.233341147840446e-15
2.207559575	1.2593333672761714e-15
2.208765862	1.288496273471744e-15
2.209972149	1.3107174345507573e-15
2.211178435	1.287127525057493e-15
2.212384722	1.2032039760768478e-15
2.213591008	1.09814141729055e-15
2.214797295	1.0078699063501894e-15
2.216003582	9.46056338523212e-16
2.217209868	9.163828282260536e-16
2.218416155	9.137466286628663e-16
2.219622441	9.251800427633756e-16
2.220828728	9.37341479486146e-16
2.222035015	9.34825518953332e-16
2.223241301	9.051165957910636e-16
2.224447588	8.595583566045712e-16
2.225653874	8.263369713563941e-16
2.226860161	8.200392462518347e-16
2.228066448	8.28228677197269e-16
2.229272734	8.365564653831331e-16
2.230479021	8.401026932241467e-16
2.231685307	8.393713763818756e-16
2.232891594	8.399091577985457e-16
2.234097881	8.612614683498606e-16
2.235304167	9.249716833477285e-16
2.236510454	1.026654372403529e-15
2.23771674	1.1390366880525603e-15
2.238923027	1.23114966797864e-15
2.240129314	1.2921800349981848e-15
2.2413356	1.3183880258445802e-15
2.242541887	1.330926650758522e-15
2.243748173	1.356971577714411e-15
2.24495446	1.4135835721452336e-15
2.246160747	1.5248853836309089e-15
2.247367033	1.727981459256674e-15
2.24857332	1.898232514270431e-15
2.249779606	1.7747651482869725e-15
2.250985893	1.5258176478938043e-15
2.25219218	1.4105026528806649e-15
2.253398466	1.4750364228810905e-15
2.254604753	1.5868348380333083e-15
2.255811039	1.5775616087045078e-15
2.257017326	1.4417195052526165e-15
2.258223613	1.2580906227773116e-15
2.259429899	1.0877217993981894e-15
2.260636186	9.617483555419474e-16
2.261842472	8.87333572620834e-16
2.263048759	8.454714482858209e-16
2.264255046	8.217234162320653e-16
2.265461332	8.023674030069505e-16
2.266667619	7.744167697751429e-16
2.267873905	7.40386653514454e-16
2.269080192	7.48215367368768e-16
2.270286479	8.645227461599893e-16
2.271492765	1.1130831757019552e-15
2.272699052	1.359282473051588e-15
2.273905338	1.3347726526204669e-15
2.275111625	1.192413758433336e-15
2.276317912	1.105549294538557e-15
2.277524198	1.0667713836881225e-15
2.278730485	1.0576571004748158e-15
2.279936771	1.0415590708398194e-15
2.281143058	9.5932463316942e-16
2.282349345	8.126198392337919e-16
2.283555631	6.860979077458469e-16
2.284761918	6.111255780880017e-16
2.285968204	5.719243599662527e-16
2.287174491	5.509821798062115e-16
2.288380778	5.389113341337224e-16
2.289587064	5.313140392351272e-16
2.290793351	5.266164815005378e-16
2.291999637	5.279036979695355e-16
2.293205924	5.390908691242801e-16
2.294412211	5.615294487239687e-16
2.295618497	5.941496388202788e-16
2.296824784	6.310350202748354e-16
2.29803107	6.557639063366371e-16
2.299237357	6.496432455576279e-16
2.300443644	6.255048484326601e-16
2.30164993	6.139915494969027e-16
2.302856217	6.356008092090155e-16
2.304062503	6.930833012775417e-16
2.30526879	7.933815943740429e-16
2.306475077	9.275428220657137e-16
2.307681363	1.0422409743819373e-15
2.30888765	1.0706429157551464e-15
2.310093936	1.029319396391806e-15
2.311300223	9.587604979926678e-16
2.31250651	9.095654399148805e-16
2.313712796	9.276671788710999e-16
2.314919083	1.01411657104459e-15
2.316125369	1.0488697685975245e-15
2.317331656	9.076457332039184e-16
2.318537943	7.208774590588634e-16
2.319744229	5.847512291310896e-16
2.320950516	5.035931778490332e-16
2.322156802	4.662161340579495e-16
2.323363089	4.639826528910129e-16
2.324569376	4.772896546223412e-16
2.325775662	4.886505958826254e-16
2.326981949	4.939180536789847e-16
2.328188235	4.946073692161256e-16
2.329394522	4.93664398738197e-16
2.330600809	4.960782384506936e-16
2.331807095	5.074498859260112e-16
2.333013382	5.236525070463324e-16
2.334219668	5.341511862189387e-16
2.335425955	5.4075445022944675e-16
2.336632242	5.655862806665682e-16
2.337838528	6.312944401006411e-16
2.339044815	6.951232470188772e-16
2.340251101	6.634995584756621e-16
2.341457388	5.610567281525005e-16
2.342663675	4.69416468797889e-16
2.343869961	4.076827858061598e-16
2.345076248	3.6726188272562263e-16
2.346282534	3.430979553955756e-16
2.347488821	3.26184606308047e-16
2.348695108	3.072988429893926e-16
2.349901394	2.8854978980116274e-16
2.351107681	2.817604023600767e-16
2.352313967	2.9566942279827456e-16
2.353520254	3.300429614950301e-16
2.354726541	3.8229423218730936e-16
2.355932827	4.3807031829053573e-16
2.357139114	4.650491566193252e-16
2.3583454	4.441102706792943e-16
2.359551687	4.065627510026812e-16
2.360757974	3.7959461888892504e-16
2.36196426	3.684016828491626e-16
2.363170547	3.7462775866849922e-16
2.364376833	3.999940763022806e-16
2.36558312	4.497219744667229e-16
2.366789407	5.417847175376466e-16
2.367995693	6.983005222187451e-16
2.36920198	8.956028884015164e-16
2.370408266	1.0706058557800314e-15
2.371614553	1.3333264900359754e-15
2.37282084	2.0250657495493427e-15
2.374027126	2.4933893608588374e-15
2.375233413	1.4586896796353217e-15
2.376439699	7.690504853784766e-16
2.377645986	4.832596048358823e-16
2.378852273	3.522097679438746e-16
2.380058559	2.8817589583000156e-16
2.381264846	2.609590501054729e-16
2.382471132	2.5150134445609963e-16
2.383677419	2.4749474936865617e-16
2.384883706	2.4377475142210277e-16
2.386089992	2.4127855620935026e-16
2.387296279	2.4030758486133467e-16
2.388502565	2.4263495129856288e-16
2.389708852	2.51420636065849e-16
2.390915139	2.674980768257815e-16
2.392121425	2.885646137912088e-16
2.393327712	3.115212094875062e-16
2.394533998	3.2878456945112183e-16
2.395740285	3.301426116503396e-16
2.396946572	3.2016771345936003e-16
2.398152858	3.1157062278765965e-16
2.399359145	3.095026761762372e-16
2.400565431	3.1108966666616594e-16
2.401771718	3.1410387797552733e-16
2.402978005	3.151769701438601e-16
2.404184291	3.088718330442779e-16
2.405390578	2.9761301260431085e-16
2.406596864	2.9050902715224767e-16
2.407803151	2.923266130428926e-16
2.409009438	2.9465315592511828e-16
2.410215724	2.8864532218145947e-16
2.411422011	2.737480357401923e-16
2.412628297	2.5427590125971676e-16
2.413834584	2.3519330829545103e-16
2.415040871	2.2217866859003083e-16
2.416247157	2.2041873154956495e-16
2.417453444	2.2610867306223643e-16
2.41865973	2.296301942531734e-16
2.419866017	2.2465427492771947e-16
2.421072304	2.2027625653412244e-16
2.42227859	2.2313975727801573e-16
2.423484877	2.3244675236192095e-16
2.424691163	2.4551162892249713e-16
2.42589745	2.5926746813021923e-16
2.427103737	2.6776326153660504e-16
2.428310023	2.6640686644739247e-16
2.42951631	2.670978290945384e-16
2.430722596	2.857719387775355e-16
2.431928883	3.3472404812956835e-16
2.43313517	4.2499308840492114e-16
2.434341456	5.643320063976727e-16
2.435547743	6.422501922996669e-16
2.436754029	5.056710071204864e-16
2.437960316	3.8830124237596557e-16
2.439166603	3.4845023935719844e-16
2.440372889	3.5507573935277554e-16
2.441579176	3.8339120745071624e-16
2.442785462	4.286661437163288e-16
2.443991749	4.965723714522283e-16
2.445198036	5.639202288963938e-16
2.446404322	5.781907899807146e-16
2.447610609	5.333284547713835e-16
2.448816895	4.669655691102771e-16
2.450023182	4.07877968341766e-16
2.451229469	3.6576218906596497e-16
2.452435755	3.448117733558983e-16
2.453642042	3.439124512931052e-16
2.454848328	3.5884432704447985e-16
2.456054615	3.860290541239088e-16
2.457260902	4.2472872724910016e-16
2.458467188	4.657129419513868e-16
2.459673475	4.977393488908528e-16
2.460879761	5.24215818668082e-16
2.462086048	5.602891748901167e-16
2.463292335	6.193314801334872e-16
2.464498621	6.910870039513417e-16
2.465704908	7.541564931572196e-16
2.466911194	7.815034605721524e-16
2.468117481	7.619802656815183e-16
2.469323768	7.135321719910507e-16
2.470530054	7.013204984131243e-16
2.471736341	7.923307381907792e-16
2.472942627	1.0137756192735312e-15
2.474148914	1.3919726653231156e-15
2.475355201	1.923106346012683e-15
2.476561487	2.508096406094514e-15
2.477767774	2.850294215872294e-15
2.47897406	3.1545360226921923e-15
2.480180347	4.6426826176589995e-15
2.481386634	1.2057994096674085e-14
2.48259292	8.174656368688419e-15
2.483799207	2.0106765965446535e-15
2.485005493	9.198829369869242e-16
2.48621178	5.77655479229052e-16
2.487418067	4.37773838489615e-16
2.488624353	3.8798499725498343e-16
2.48983064	3.9450343510022806e-16
2.491036926	4.265784317848449e-16
2.492243213	4.516070918675775e-16
2.4934495	4.745010973836805e-16
2.494655786	5.206341779619582e-16
2.495862073	5.963468835671028e-16
2.497068359	6.654530309417291e-16