0.45	5.106302056882189e-24
0.451206289	6.895318727801053e-24
0.452412577	4.936500283971739e-24
0.453618866	2.247853765748018e-24
0.454825154	2.393062663111354e-24
0.456031443	2.0999155402080717e-24
0.457237731	2.6242217252067384e-24
0.45844402	2.852620897290873e-24
0.459650308	2.4233664779821057e-24
0.460856597	2.332515382098274e-24
0.462062886	2.0959179136308644e-24
0.463269174	2.0304674061415527e-24
0.464475463	2.831996874162419e-24
0.465681751	2.387287699119548e-24
0.46688804	2.9472573567218172e-24
0.468094328	3.358456317501435e-24
0.469300617	2.4968315399299634e-24
0.470506905	3.2549614037225337e-24
0.471713194	2.4741999308108674e-24
0.472919483	2.227999571810428e-24
0.474125771	1.8044862028634126e-24
0.47533206	2.45380098120811e-24
0.476538348	3.008866443189254e-24
0.477744637	2.2090152974354307e-24
0.478950925	3.4531357933294226e-24
0.480157214	3.2011707988556148e-24
0.481363502	2.626422419739587e-24
0.482569791	3.0918751534225366e-24
0.48377608	4.383464384806592e-24
0.484982368	2.6909912389951568e-24
0.486188657	3.347458003794217e-24
0.487394945	3.587607103411323e-24
0.488601234	3.0318741252490333e-24
0.489807522	4.235811610252153e-24
0.491013811	3.838437900924938e-24
0.492220099	3.596534779929793e-24
0.493426388	4.715553888011397e-24
0.494632677	3.8832866256423415e-24
0.495838965	4.3988195330003264e-24
0.497045254	3.7047867016582346e-24
0.498251542	4.818235191305772e-24
0.499457831	3.1118931807698423e-24
0.500664119	5.006650950054915e-24
0.501870408	4.476368452115431e-24
0.503076696	3.417105289884584e-24
0.504282985	2.672088517195734e-24
0.505489274	3.2160077764519246e-24
0.506695562	2.311948539258889e-24
0.507901851	2.673418535662217e-24
0.509108139	1.707575032196962e-24
0.510314428	1.6090145588830852e-24
0.511520716	1.5678473206871212e-24
0.512727005	2.1472649247272716e-24
0.513933293	2.3016576026641496e-24
0.515139582	2.2767684443361902e-24
0.516345871	2.575188315184642e-24
0.517552159	3.0572019627618828e-24
0.518758448	2.9259854432800294e-24
0.519964736	3.731512803281997e-24
0.521171025	3.628795202682144e-24
0.522377313	3.7979303210597905e-24
0.523583602	3.939999527122887e-24
0.52478989	3.915055760945758e-24
0.525996179	3.663921509728537e-24
0.527202468	4.264891542437807e-24
0.528408756	4.811190447741594e-24
0.529615045	5.53550940857031e-24
0.530821333	6.2457350586529485e-24
0.532027622	5.416257764324892e-24
0.53323391	5.4510767898689635e-24
0.534440199	4.965042088787827e-24
0.535646487	5.9909311885217585e-24
0.536852776	6.417925923662672e-24
0.538059065	6.565124540625179e-24
0.539265353	5.474517529505334e-24
0.540471642	4.7928712936083036e-24
0.54167793	4.9686744136099926e-24
0.542884219	5.108354963461425e-24
0.544090507	5.2941327304040574e-24
0.545296796	5.201114150076126e-24
0.546503084	4.828845779155114e-24
0.547709373	5.205559119595174e-24
0.548915662	4.581986407836178e-24
0.55012195	4.7282182124480665e-24
0.551328239	5.015477692376087e-24
0.552534527	4.201759821942846e-24
0.553740816	3.653517906883847e-24
0.554947104	4.2715797805352515e-24
0.556153393	4.442994315473352e-24
0.557359681	4.53804314876637e-24
0.55856597	4.749577521459974e-24
0.559772259	5.117328149814811e-24
0.560978547	4.480731514606734e-24
0.562184836	4.651868578442446e-24
0.563391124	4.7106118361492375e-24
0.564597413	4.854237417033039e-24
0.565803701	5.4405697687659894e-24
0.56700999	5.1983020814563725e-24
0.568216278	5.1538164978156175e-24
0.569422567	4.959818105793514e-24
0.570628856	4.9260468884026875e-24
0.571835144	4.8698311438338196e-24
0.573041433	4.977915363727733e-24
0.574247721	4.878641176093988e-24
0.57545401	4.828696990542334e-24
0.576660298	4.753751171003301e-24
0.577866587	4.3622460897481844e-24
0.579072876	4.1600939983982315e-24
0.580279164	4.1273475672117825e-24
0.581485453	3.742446500222875e-24
0.582691741	3.503570410805199e-24
0.58389803	3.494710033776946e-24
0.585104318	3.510734437647778e-24
0.586310607	3.741456464677645e-24
0.587516895	3.6874322531197754e-24
0.588723184	3.5871816607909685e-24
0.589929473	3.994177719619775e-24
0.591135761	3.842358935182494e-24
0.59234205	3.95543451597449e-24
0.593548338	4.1100897070742355e-24
0.594754627	4.4525628377064516e-24
0.595960915	4.641444528908488e-24
0.597167204	5.155404160205315e-24
0.598373492	5.804624531349974e-24
0.599579781	6.0479601366121544e-24
0.60078607	6.5489745323256685e-24
0.601992358	7.279301420673002e-24
0.603198647	7.238671756809819e-24
0.604404935	7.66733590227501e-24
0.605611224	7.907602567882269e-24
0.606817512	8.341966030946387e-24
0.608023801	8.297251268234708e-24
0.609230089	8.416608789566294e-24
0.610436378	8.905542725061866e-24
0.611642667	8.811354557155416e-24
0.612848955	9.321745564272058e-24
0.614055244	9.18359104424435e-24
0.615261532	8.530011257818416e-24
0.616467821	9.389340187162813e-24
0.617674109	9.11564821777587e-24
0.618880398	8.381967737626345e-24
0.620086686	8.287475782998744e-24
0.621292975	8.430121189051391e-24
0.622499264	8.787482543110354e-24
0.623705552	8.928915010050808e-24
0.624911841	8.535416858927816e-24
0.626118129	8.955671628512657e-24
0.627324418	8.906966364206522e-24
0.628530706	8.843724876798497e-24
0.629736995	8.867675574337778e-24
0.630943283	1.0190471617836139e-23
0.632149572	1.1026186673691252e-23
0.633355861	1.0938652850036465e-23
0.634562149	1.3371106459910117e-23
0.635768438	1.2064553350246781e-23
0.636974726	1.2784924667472518e-23
0.638181015	1.2685724936542158e-23
0.639387303	1.474996235381342e-23
0.640593592	1.5736065727985966e-23
0.64179988	1.6438660421476667e-23
0.643006169	1.6973988283340008e-23
0.644212458	1.6741467622738098e-23
0.645418746	1.8539448309185067e-23
0.646625035	1.8601765732059023e-23
0.647831323	2.028675603570694e-23
0.649037612	1.919434664220225e-23
0.6502439	1.9000233727990903e-23
0.651450189	2.1007538558688074e-23
0.652656477	1.9460767516734151e-23
0.653862766	1.7406958313326076e-23
0.655069055	2.0640471121603402e-23
0.656275343	1.628215486447207e-23
0.657481632	1.8499059054462863e-23
0.65868792	1.734087576952366e-23
0.659894209	1.8944364298876902e-23
0.661100497	1.6907401633856506e-23
0.662306786	1.7495589961406626e-23
0.663513074	1.7854190913081252e-23
0.664719363	1.816015184682517e-23
0.665925652	1.5661442188480183e-23
0.66713194	1.5901904426420805e-23
0.668338229	1.5741279922712824e-23
0.669544517	1.5627108840869872e-23
0.670750806	1.5878143618336993e-23
0.671957094	1.5316090440057885e-23
0.673163383	1.6036206657721313e-23
0.674369671	1.5467431328641962e-23
0.67557596	1.4962051280239866e-23
0.676782249	1.557033995827766e-23
0.677988537	1.4938343640591366e-23
0.679194826	1.4476896021809783e-23
0.680401114	1.548959485126761e-23
0.681607403	1.536735183759628e-23
0.682813691	1.458686160411201e-23
0.68401998	1.7243321964177237e-23
0.685226268	1.5126481456011366e-23
0.686432557	1.552038656820448e-23
0.687638846	1.6977005590430562e-23
0.688845134	1.7997120046702132e-23
0.690051423	1.643226864871923e-23
0.691257711	2.2283128690939938e-23
0.692464	2.2368023250271555e-23
0.693670288	2.1228875735119812e-23
0.694876577	2.6959119086758396e-23
0.696082865	2.369509824785088e-23
0.697289154	2.5062357546915913e-23
0.698495443	2.710458590359903e-23
0.699701731	2.779467089337346e-23
0.70090802	3.0642406654814493e-23
0.702114308	3.39044671520491e-23
0.703320597	2.791521225714598e-23
0.704526885	2.996914937676022e-23
0.705733174	2.8348944959549876e-23
0.706939462	2.878530400970847e-23
0.708145751	2.373743419545063e-23
0.70935204	2.825845414468389e-23
0.710558328	2.3685042877964766e-23
0.711764617	2.2078619774825854e-23
0.712970905	2.758958507709651e-23
0.714177194	2.7845189022110903e-23
0.715383482	2.6578694610079565e-23
0.716589771	2.6297552231588485e-23
0.717796059	3.1979055765698266e-23
0.719002348	2.793475865679099e-23
0.720208637	2.8548203485961624e-23
0.721414925	3.1950954798199707e-23
0.722621214	3.2536316870457825e-23
0.723827502	3.670445641966498e-23
0.725033791	3.9454463565283824e-23
0.726240079	3.909865665469257e-23
0.727446368	4.986087924400193e-23
0.728652656	4.499113847196859e-23
0.729858945	3.6085031342862365e-23
0.731065234	3.8835109438592836e-23
0.732271522	4.131480575555079e-23
0.733477811	4.464141664292165e-23
0.734684099	4.255328991266362e-23
0.735890388	3.916058907363725e-23
0.737096676	4.156965704787212e-23
0.738302965	4.086026623992548e-23
0.739509253	3.7815318788394954e-23
0.740715542	4.1976062874457306e-23
0.741921831	3.561898943027595e-23
0.743128119	3.7147021425849934e-23
0.744334408	2.8778290062178414e-23
0.745540696	2.818895265394358e-23
0.746746985	2.9832844367142734e-23
0.747953273	2.891184155583765e-23
0.749159562	2.8552661802911896e-23
0.75036585	3.026039064713682e-23
0.751572139	3.1508740207365195e-23
0.752778428	3.0440576574500943e-23
0.753984716	3.0551933652016776e-23
0.755191005	3.4318410572564844e-23
0.756397293	3.189411197682824e-23
0.757603582	3.0066522489679765e-23
0.75880987	2.957002169516088e-23
0.760016159	2.928103476502353e-23
0.761222447	2.789758188932507e-23
0.762428736	2.913487029330892e-23
0.763635025	2.906864012524889e-23
0.764841313	2.856073468419787e-23
0.766047602	3.1249880663806437e-23
0.76725389	3.0332442026251473e-23
0.768460179	3.1953289097977205e-23
0.769666467	3.326096820843566e-23
0.770872756	3.476288385238342e-23
0.772079044	3.4147594423376934e-23
0.773285333	3.6060297083964567e-23
0.774491622	3.424469274880732e-23
0.77569791	3.9486461038481075e-23
0.776904199	3.97671967056077e-23
0.778110487	4.683260654099349e-23
0.779316776	5.814437893453098e-23
0.780523064	6.212685974945621e-23
0.781729353	5.972631147380235e-23
0.782935641	6.159268493200015e-23
0.78414193	6.958528927449868e-23
0.785348219	7.235976880494759e-23
0.786554507	6.876419061287547e-23
0.787760796	6.808232853376438e-23
0.788967084	7.448506655192223e-23
0.790173373	7.217410543173228e-23
0.791379661	7.645012730615722e-23
0.79258595	7.226017715364082e-23
0.793792238	8.494095306324557e-23
0.794998527	7.611446772458006e-23
0.796204816	7.20729529226644e-23
0.797411104	8.794791015229816e-23
0.798617393	8.72743203119177e-23
0.799823681	9.755772305004111e-23
0.80102997	1.0476466678144283e-22
0.802236258	1.0947843758741118e-22
0.803442547	1.1150502251595662e-22
0.804648835	1.1857589177579186e-22
0.805855124	1.3152889839285397e-22
0.807061413	1.4632685150653062e-22
0.808267701	1.4945742617878488e-22
0.80947399	1.5247310205529672e-22
0.810680278	1.5784633545851355e-22
0.811886567	1.7483889382947895e-22
0.813092855	1.6499869758252275e-22
0.814299144	1.8271575670701041e-22
0.815505432	1.8052533241425862e-22
0.816711721	1.8817855754287762e-22
0.81791801	2.0760201030857453e-22
0.819124298	2.2139345425968394e-22
0.820330587	2.371217915058542e-22
0.821536875	2.149787804845162e-22
0.822743164	1.8521237305524517e-22
0.823949452	2.04873972553441e-22
0.825155741	2.0698494557676633e-22
0.82636203	2.0170498598312466e-22
0.827568318	1.853207702696762e-22
0.828774607	2.0805993777436547e-22
0.829980895	1.8739899294090747e-22
0.831187184	1.9113429640349837e-22
0.832393472	2.0456604818849643e-22
0.833599761	2.2437567841424556e-22
0.834806049	2.1527203221268697e-22
0.836012338	1.7761969660542087e-22
0.837218627	1.7568744172426147e-22
0.838424915	1.8718097944973552e-22
0.839631204	1.9217254662940384e-22
0.840837492	1.5886204733270427e-22
0.842043781	1.5317736609339325e-22
0.843250069	1.5662089412565322e-22
0.844456358	1.3368989266103736e-22
0.845662646	1.422989079203695e-22
0.846868935	1.3127460808286477e-22
0.848075224	1.2181399765033703e-22
0.849281512	1.3655957567436259e-22
0.850487801	1.2135296467087775e-22
0.851694089	9.843431910955548e-23
0.852900378	1.0753577601678117e-22
0.854106666	9.756614455250261e-23
0.855312955	9.65635949632177e-23
0.856519243	9.515647168022246e-23
0.857725532	9.698050150093031e-23
0.858931821	8.910294667440765e-23
0.860138109	7.906208486710794e-23
0.861344398	8.751326512114179e-23
0.862550686	8.955313862575718e-23
0.863756975	9.094419213784863e-23
0.864963263	8.78503786093893e-23
0.866169552	7.890231929627095e-23
0.86737584	8.617975693329063e-23
0.868582129	9.027473512761271e-23
0.869788418	1.0384854790899116e-22
0.870994706	1.173543299440359e-22
0.872200995	1.0913499741621735e-22
0.873407283	1.2593867123834314e-22
0.874613572	1.1172536834419816e-22
0.87581986	1.2195189859803074e-22
0.877026149	1.4397932403826946e-22
0.878232437	1.6246397902426507e-22
0.879438726	1.722552658963678e-22
0.880645015	1.4855007249441555e-22
0.881851303	1.543268677869639e-22
0.883057592	1.7897942771746636e-22
0.88426388	1.9169513948331246e-22
0.885470169	1.7234101702500994e-22
0.886676457	1.5272794286144561e-22
0.887882746	2.0471422370661745e-22
0.889089034	2.0326218418234242e-22
0.890295323	2.1759561431569157e-22
0.891501612	2.551172378004641e-22
0.8927079	2.6551396373220974e-22
0.893914189	2.7148308911824735e-22
0.895120477	2.3309012905051824e-22
0.896326766	2.279511084533676e-22
0.897533054	2.656774255785328e-22
0.898739343	2.6293681434073254e-22
0.899945631	2.8739492303033727e-22
0.90115192	2.570917479544109e-22
0.902358209	2.9501084984148594e-22
0.903564497	3.2476024589551497e-22
0.904770786	3.474874750066055e-22
0.905977074	4.0072748574744584e-22
0.907183363	3.72344454792685e-22
0.908389651	4.014028808319415e-22
0.90959594	3.770484423493999e-22
0.910802228	3.9124296016864963e-22
0.912008517	4.438334962882646e-22
0.913214806	4.598397686956246e-22
0.914421094	4.289018224485551e-22
0.915627383	3.75689601962214e-22
0.916833671	4.276021025644871e-22
0.91803996	3.7996501072982794e-22
0.919246248	3.7726170953863e-22
0.920452537	4.657140444489573e-22
0.921658825	3.4593642128103775e-22
0.922865114	3.092760087810452e-22
0.924071403	3.413455981194063e-22
0.925277691	3.41206657329137e-22
0.92648398	3.736944494959952e-22
0.927690268	4.1566169477498462e-22
0.928896557	3.7162168295695554e-22
0.930102845	3.300413367995482e-22
0.931309134	2.5946481441826573e-22
0.932515422	2.486119916402521e-22
0.933721711	2.8131025238003653e-22
0.934928	3.1019635211535754e-22
0.936134288	2.728419531250406e-22
0.937340577	2.7737245081450476e-22
0.938546865	3.1174455926163305e-22
0.939753154	3.5940116797790515e-22
0.940959442	3.9002939116496047e-22
0.942165731	3.479756563329786e-22
0.943372019	3.0202937676972567e-22
0.944578308	3.05363283074193e-22
0.945784597	3.228149597018725e-22
0.946990885	3.492702771637267e-22
0.948197174	3.7269722013561486e-22
0.949403462	3.5492538054269017e-22
0.950609751	3.804020156435771e-22
0.951816039	3.628218322510867e-22
0.953022328	3.4778173384337113e-22
0.954228616	3.253631308300318e-22
0.955434905	3.504706505411816e-22
0.956641194	3.708866209324811e-22
0.957847482	3.892951093798122e-22
0.959053771	3.6160515837962776e-22
0.960260059	3.6582805312551907e-22
0.961466348	3.870428417579881e-22
0.962672636	4.10291895794161e-22
0.963878925	4.2340401601545793e-22
0.965085213	4.39329299401823e-22
0.966291502	4.467092942558142e-22
0.967497791	4.120149610148435e-22
0.968704079	4.018748481428515e-22
0.969910368	4.51106847727567e-22
0.971116656	0.
0.972322945	0.
0.973529233	0.
0.974735522	0.
0.97594181	0.
0.977148099	0.
0.978354388	0.
0.979560676	0.
0.980766965	0.
0.981973253	0.
0.983179542	0.
0.98438583	0.
0.985592119	0.
0.986798407	0.
0.988004696	0.
0.989210985	0.
0.990417273	0.
0.991623562	0.
0.99282985	0.
0.994036139	0.
0.995242427	0.
0.996448716	0.
0.997655004	4.631121807317247e-22
0.998861293	3.651318241855998e-22
1.000067582	4.110332663647822e-22
1.00127387	3.060115361230664e-22
1.002480159	3.677838691242337e-22
1.003686447	3.762567438918711e-22
1.004892736	3.74002333685691e-22
1.006099024	3.5901218760632535e-22
1.007305313	4.388398833959637e-22
1.008511601	4.198515854675133e-22
1.00971789	4.646158170216223e-22
1.010924179	4.983757375596415e-22
1.012130467	5.019666243491211e-22
1.013336756	4.758706371845077e-22
1.014543044	5.007622075647827e-22
1.015749333	5.144189451520625e-22
1.016955621	5.342685883507916e-22
1.01816191	5.026012273499977e-22
1.019368198	5.35674458667374e-22
1.020574487	5.004380818775782e-22
1.021780776	4.825688129943632e-22
1.022987064	4.99920515683352e-22
1.024193353	4.919001623839285e-22
1.025399641	4.757919033306871e-22
1.02660593	5.164678089551126e-22
1.027812218	4.794088101682685e-22
1.029018507	5.299374473174309e-22
1.030224795	4.901273945215319e-22
1.031431084	5.320713290327269e-22
1.032637373	5.155801228894947e-22
1.033843661	5.7757370462797485e-22
1.03504995	5.239779116417114e-22
1.036256238	5.349438916888225e-22
1.037462527	5.84469530527697e-22
1.038668815	5.630702604586196e-22
1.039875104	5.516411540699193e-22
1.041081392	5.603790218801429e-22
1.042287681	5.957919545297264e-22
1.04349397	5.682468165308826e-22
1.044700258	5.735839951170068e-22
1.045906547	6.801096163282887e-22
1.047112835	6.041229323579454e-22
1.048319124	6.735057470000786e-22
1.049525412	5.6663155603343e-22
1.050731701	5.917330133444437e-22
1.051937989	6.3574350047776385e-22
1.053144278	6.646771627039647e-22
1.054350567	7.166416526965006e-22
1.055556855	6.543607896842089e-22
1.056763144	6.351446720496797e-22
1.057969432	6.326711013851137e-22
1.059175721	6.634906662042041e-22
1.060382009	7.226648832332906e-22
1.061588298	6.146249361018439e-22
1.062794586	6.790892187381793e-22
1.064000875	7.024586953055918e-22
1.065207164	6.225349958120519e-22
1.066413452	6.763438719072412e-22
1.067619741	7.138556682727594e-22
1.068826029	7.760414281678938e-22
1.070032318	7.550706208923729e-22
1.071238606	7.273916472570595e-22
1.072444895	6.763493359496819e-22
1.073651183	7.532775629038252e-22
1.074857472	7.795582821375545e-22
1.076063761	8.151043172858682e-22
1.077270049	7.56704348266622e-22
1.078476338	7.699593779259007e-22
1.079682626	7.347070270732468e-22
1.080888915	8.060704150350152e-22
1.082095203	7.478902392871033e-22
1.083301492	7.644643874069025e-22
1.084507781	8.035514208740585e-22
1.085714069	7.992707280564624e-22
1.086920358	7.680158485811598e-22
1.088126646	7.850916866433943e-22
1.089332935	7.645071802175679e-22
1.090539223	7.401995942072301e-22
1.091745512	7.662874649198137e-22
1.0929518	7.502240583074892e-22
1.094158089	7.5536844025238025e-22
1.095364378	7.624511743684354e-22
1.096570666	7.49772428149415e-22
1.097776955	7.146868862724434e-22
1.098983243	7.145618816011363e-22
1.100189532	7.242090222765071e-22
1.10139582	6.6626655594102e-22
1.102602109	6.9885011476816545e-22
1.103808397	6.763274121598339e-22
1.105014686	7.061711915522532e-22
1.106220975	6.120540650027829e-22
1.107427263	6.764394730768779e-22
1.108633552	5.889839284081398e-22
1.10983984	6.333487911642246e-22
1.111046129	5.56091624629721e-22
1.112252417	5.87715803274796e-22
1.113458706	6.518972974058263e-22
1.114664994	6.290203373077592e-22
1.115871283	5.838938736870286e-22
1.117077572	6.286434971630743e-22
1.11828386	6.209851746357596e-22
1.119490149	5.787624983237294e-22
1.120696437	5.69290835710591e-22
1.121902726	5.482254494334809e-22
1.123109014	5.596314017981305e-22
1.124315303	5.552660863596574e-22
1.125521591	5.512236498129845e-22
1.12672788	5.798781868804793e-22
1.127934169	5.5236856657496455e-22
1.129140457	5.238785560052429e-22
1.130346746	5.1265657543118165e-22
1.131553034	5.341475281517039e-22
1.132759323	5.073461792244715e-22
1.133965611	5.303574914547353e-22
1.1351719	5.3033699163804745e-22
1.136378188	5.048483656918652e-22
1.137584477	4.956184479949799e-22
1.138790766	5.011112339309495e-22
1.139997054	5.146425579096573e-22
1.141203343	5.553474420926146e-22
1.142409631	5.556316261975962e-22
1.14361592	5.573009844930389e-22
1.144822208	5.4825597457331e-22
1.146028497	5.144524745967171e-22
1.147234785	5.218110711941638e-22
1.148441074	5.714917514709239e-22
1.149647363	5.653653817263067e-22
1.150853651	5.947667896564735e-22
1.15205994	5.813639827730406e-22
1.153266228	6.070143007283147e-22
1.154472517	5.602501018713591e-22
1.155678805	5.441909832394972e-22
1.156885094	5.832050220753458e-22
1.158091382	6.0806558866338505e-22
1.159297671	5.750264388532001e-22
1.16050396	5.892684088341547e-22
1.161710248	5.752755563083645e-22
1.162916537	5.36722353996742e-22
1.164122825	5.513227524785257e-22
1.165329114	5.578632494760716e-22
1.166535402	5.256500726573545e-22
1.167741691	5.114513749695459e-22
1.168947979	5.204037527888501e-22
1.170154268	5.020086304922854e-22
1.171360557	4.85511126965617e-22
1.172566845	4.9821094360947015e-22
1.173773134	4.845386506202169e-22
1.174979422	4.886500334797981e-22
1.176185711	5.004503107774875e-22
1.177391999	5.040122638444053e-22
1.178598288	5.032670544028688e-22
1.179804576	4.845644404322486e-22
1.181010865	4.773559225886468e-22
1.182217154	5.2470736186579375e-22
1.183423442	5.24706161520455e-22
1.184629731	5.38539437217962e-22
1.185836019	5.094716333396155e-22
1.187042308	5.124620553919349e-22
1.188248596	5.661228607315871e-22
1.189454885	5.624556313319602e-22
1.190661173	5.377200191102232e-22
1.191867462	5.281181503220549e-22
1.193073751	5.324525571701394e-22
1.194280039	5.610984619178154e-22
1.195486328	5.339862132224635e-22
1.196692616	5.640123677037939e-22
1.197898905	5.777891006220094e-22
1.199105193	5.747217751427916e-22
1.200311482	5.567165005388264e-22
1.20151777	5.3529556843966985e-22
1.202724059	5.483896608411231e-22
1.203930348	5.881241829373344e-22
1.205136636	5.635077362005943e-22
1.206342925	5.576663366405439e-22
1.207549213	5.751659864640617e-22
1.208755502	6.461818210227345e-22
1.20996179	6.27881053181899e-22
1.211168079	5.945270911801547e-22
1.212374367	5.799512149288894e-22
1.213580656	5.909819655195454e-22
1.214786945	6.100636288148192e-22
1.215993233	6.041705167249926e-22
1.217199522	5.968206746813437e-22
1.21840581	6.13706374914879e-22
1.219612099	6.236048804460894e-22
1.220818387	6.023384176803432e-22
1.222024676	6.186150986796778e-22
1.223230964	6.301145447338664e-22
1.224437253	6.47467581059356e-22
1.225643542	6.316874223433816e-22
1.22684983	6.37505041712125e-22
1.228056119	6.32963745429271e-22
1.229262407	6.097671335919555e-22
1.230468696	6.209224915145123e-22
1.231674984	6.05466238928079e-22
1.232881273	5.935000064398733e-22
1.234087561	5.879033956408259e-22
1.23529385	5.687305853285329e-22
1.236500139	5.893945738580011e-22
1.237706427	5.631694627067213e-22
1.238912716	5.8248798324961235e-22
1.240119004	5.805501638995222e-22
1.241325293	5.581176104260752e-22
1.242531581	5.465359964059709e-22
1.24373787	5.316029706544392e-22
1.244944158	5.329943337876259e-22
1.246150447	5.553637994274573e-22
1.247356736	5.330477574884726e-22
1.248563024	5.078213245607017e-22
1.249769313	5.267114946261866e-22
1.250975601	5.306147645079304e-22
1.25218189	5.249064066231914e-22
1.253388178	5.524979502585115e-22
1.254594467	5.702158599140995e-22
1.255800755	5.39350017386551e-22
1.257007044	5.700765800365262e-22
1.258213333	5.744690395047821e-22
1.259419621	5.6526183916283725e-22
1.26062591	5.5231478879364915e-22
1.261832198	5.762174066602028e-22
1.263038487	5.542227128027454e-22
1.264244775	5.626645883996598e-22
1.265451064	5.828870443844639e-22
1.266657352	5.914630602443639e-22
1.267863641	6.4736872611439085e-22
1.26906993	6.130329637229621e-22
1.270276218	5.955550641760016e-22
1.271482507	5.927549864128699e-22
1.272688795	5.929030759449756e-22
1.273895084	6.018557104469942e-22
1.275101372	6.122268853304978e-22
1.276307661	5.827763889050752e-22
1.277513949	5.811194387638713e-22
1.278720238	5.889077332803097e-22
1.279926527	5.961774042707699e-22
1.281132815	6.073027736443986e-22
1.282339104	6.73674136208925e-22
1.283545392	6.2961606045340155e-22
1.284751681	5.6877791942690515e-22
1.285957969	5.925693900832491e-22
1.287164258	5.897119427549136e-22
1.288370546	5.610138136559808e-22
1.289576835	5.7119219627305815e-22
1.290783124	5.612814139921136e-22
1.291989412	5.546074218399779e-22
1.293195701	5.79560384448537e-22
1.294401989	5.743018895205254e-22
1.295608278	5.765996542385971e-22
1.296814566	5.740048723980284e-22
1.298020855	5.849063209019567e-22
1.299227143	5.829338293160657e-22
1.300433432	5.632154214041925e-22
1.301639721	5.6433057801349e-22
1.302846009	5.499327427812813e-22
1.304052298	5.37468134242925e-22
1.305258586	5.349112020370356e-22
1.306464875	5.314834454850499e-22
1.307671163	5.209891984465384e-22
1.308877452	5.328909241135141e-22
1.31008374	5.15996322023199e-22
1.311290029	5.203182624675862e-22
1.312496318	5.181994738393517e-22
1.313702606	5.147801286823449e-22
1.314908895	5.023120919819131e-22
1.316115183	5.148339927581892e-22
1.317321472	5.056463076799466e-22
1.31852776	4.877398141080546e-22
1.319734049	4.871959579177831e-22
1.320940337	4.481059418390517e-22
1.322146626	4.510256395582619e-22
1.323352915	4.1474215295878947e-22
1.324559203	4.117761338893239e-22
1.325765492	4.205121279106878e-22
1.32697178	4.1237186113163535e-22
1.328178069	3.903633266554456e-22
1.329384357	3.962735105731686e-22
1.330590646	3.5348544250928105e-22
1.331796935	3.5937703503466735e-22
1.333003223	3.479120174186942e-22
1.334209512	3.252326568574115e-22
1.3354158	3.2598394801944368e-22
1.336622089	3.0932650116748423e-22
1.337828377	2.850947517930272e-22
1.339034666	2.9394987022139345e-22
1.340240954	2.7157695313177895e-22
1.341447243	2.233878168087124e-22
1.342653532	2.387686138760428e-22
1.34385982	2.0779498023130793e-22
1.345066109	1.9279663862945916e-22
1.346272397	2.084669046856696e-22
1.347478686	1.986189553085702e-22
1.348684974	1.8878185182795454e-22
1.349891263	1.8898291812132462e-22
1.351097551	1.7530231636825512e-22
1.35230384	1.6775797505490185e-22
1.353510129	2.0585464094832198e-22
1.354716417	1.827517758822234e-22
1.355922706	1.652372839407236e-22
1.357128994	1.760813891357297e-22
1.358335283	1.7372082120953476e-22
1.359541571	1.5468390026886261e-22
1.36074786	1.464508864168731e-22
1.361954148	1.606869267074662e-22
1.363160437	1.829609587821258e-22
1.364366726	1.7334664838876503e-22
1.365573014	1.9386665774541375e-22
1.366779303	1.8377028908516598e-22
1.367985591	2.0652265079680508e-22
1.36919188	2.1130204567601358e-22
1.370398168	2.0160815267560772e-22
1.371604457	1.8699348760259614e-22
1.372810745	1.7535976191494332e-22
1.374017034	1.6940273523114114e-22
1.375223323	1.398498238432894e-22
1.376429611	1.666157803123587e-22
1.3776359	1.8094494647688704e-22
1.378842188	2.028673872490648e-22
1.380048477	2.0260294250463865e-22
1.381254765	2.0096779950664471e-22
1.382461054	1.854036083133553e-22
1.383667342	1.8056490883947315e-22
1.384873631	2.1854700075231116e-22
1.38607992	2.083074985701933e-22
1.387286208	1.794656292926486e-22
1.388492497	1.7975124351914167e-22
1.389698785	1.9553667947446807e-22
1.390905074	1.9535837207544314e-22
1.392111362	2.331720925885177e-22
1.393317651	2.0109606792672732e-22
1.394523939	1.7364149802081506e-22
1.395730228	1.9201180273982177e-22
1.396936517	2.038405313417101e-22
1.398142805	1.6460953282124956e-22
1.399349094	1.9318120753986316e-22
1.400555382	2.0738804459856082e-22
1.401761671	1.779660083350331e-22
1.402967959	1.8228349286620044e-22
1.404174248	2.0054950264404228e-22
1.405380536	1.8022498387690705e-22
1.406586825	1.8842744882787912e-22
1.407793114	1.9418747738675056e-22
1.408999402	1.7544815384267354e-22
1.410205691	1.6747423168046354e-22
1.411411979	1.8184257625512927e-22
1.412618268	1.7776251179225486e-22
1.413824556	1.6498276811590734e-22
1.415030845	1.600190128073443e-22
1.416237133	1.641277460027836e-22
1.417443422	1.6089866380127638e-22
1.418649711	1.6847671929325595e-22
1.419855999	1.5537688000571257e-22
1.421062288	1.5410042592318364e-22
1.422268576	1.714132877873838e-22
1.423474865	1.7171284125815201e-22
1.424681153	1.791337251506548e-22
1.425887442	1.6487508159101556e-22
1.42709373	1.465331135915701e-22
1.428300019	1.365534216964495e-22
1.429506308	1.3302133388582105e-22
1.430712596	1.5888835204891777e-22
1.431918885	1.5939411883831338e-22
1.433125173	1.6976455040137023e-22
1.434331462	1.5331937030455708e-22
1.43553775	1.4143307662267205e-22
1.436744039	1.644815226851771e-22
1.437950327	1.5199870546302564e-22
1.439156616	1.6907017133327895e-22
1.440362905	1.836708167042411e-22
1.441569193	1.5131700205565203e-22
1.442775482	1.4627175842252182e-22
1.44398177	1.488633744606745e-22
1.445188059	1.5614991671991386e-22
1.446394347	1.7187432465443145e-22
1.447600636	1.579156657249354e-22
1.448806924	1.7931927912627088e-22
1.450013213	1.6992207107076018e-22
1.451219502	1.6999883047180229e-22
1.45242579	1.8316231618522133e-22
1.453632079	1.709908483669041e-22
1.454838367	1.6830033644759424e-22
1.456044656	1.61912870198312e-22
1.457250944	1.7290696167470186e-22
1.458457233	1.6125808044471373e-22
1.459663521	1.510246579242047e-22
1.46086981	1.4947868323859014e-22
1.462076099	1.6725181967449204e-22
1.463282387	1.7807972678215623e-22
1.464488676	1.722112022600605e-22
1.465694964	1.6775908792107426e-22
1.466901253	1.5351423234062814e-22
1.468107541	1.4814969776207494e-22
1.46931383	1.522528213177205e-22
1.470520118	1.5477076885101667e-22
1.471726407	1.4351168066662387e-22
1.472932696	1.4433680957760163e-22
1.474138984	1.502167310247752e-22
1.475345273	1.485399477756266e-22
1.476551561	1.4881435504404497e-22
1.47775785	1.605490815522554e-22
1.478964138	1.5021989137384704e-22
1.480170427	1.6703695890355214e-22
1.481376715	1.586866926010482e-22
1.482583004	1.612893319021341e-22
1.483789293	1.6139348910338231e-22
1.484995581	1.5828561696094773e-22
1.48620187	1.451660169899318e-22
1.487408158	1.5041556746468102e-22
1.488614447	1.6655898923759834e-22
1.489820735	1.5525411939005358e-22
1.491027024	1.4081582095525982e-22
1.492233312	1.5270120513866817e-22
1.493439601	1.473388541118673e-22
1.49464589	1.5195205228551446e-22
1.495852178	1.578909684984112e-22
1.497058467	1.6025470564992547e-22
1.498264755	1.5528495017404017e-22
1.499471044	1.601867672182033e-22
1.500677332	1.4353079769803726e-22
1.501883621	1.5369335726784915e-22
1.503089909	1.6502593830416887e-22
1.504296198	1.766164760295665e-22
1.505502487	1.7048124515069443e-22
1.506708775	1.5908864611611385e-22
1.507915064	1.5251197008627908e-22
1.509121352	1.486110389555246e-22
1.510327641	1.436448426126725e-22
1.511533929	1.6333891166128488e-22
1.512740218	1.5622474959314363e-22
1.513946506	1.5137507297528237e-22
1.515152795	1.6935605427503517e-22
1.516359084	1.6087974976113987e-22
1.517565372	1.4763229777454378e-22
1.518771661	1.6202449827751805e-22
1.519977949	1.5018715807008523e-22
1.521184238	1.6299065489864881e-22
1.522390526	1.5651170015804377e-22
1.523596815	1.4841996060907383e-22
1.524803103	1.5987403434161592e-22
1.526009392	1.5954404778586736e-22
1.527215681	1.5936106945720702e-22
1.528421969	1.6960858666554935e-22
1.529628258	1.6348527389631385e-22
1.530834546	1.7429737618235066e-22
1.532040835	1.6810855016715825e-22
1.533247123	1.6594291787751588e-22
1.534453412	1.7112873100512979e-22
1.5356597	1.677246745686699e-22
1.536865989	1.5947815806085166e-22
1.538072278	1.6863724928518013e-22
1.539278566	1.7865449584348832e-22
1.540484855	1.7813194853397799e-22
1.541691143	1.7827058016801907e-22
1.542897432	1.8567133871896084e-22
1.54410372	1.7822846588312777e-22
1.545310009	1.8448953321360643e-22
1.546516297	1.742143640756001e-22
1.547722586	1.7354763629115658e-22
1.548928875	1.9245225875648694e-22
1.550135163	1.9358288417155805e-22
1.551341452	1.8997678787569558e-22
1.55254774	1.8270301842077826e-22
1.553754029	1.7353431085012748e-22
1.554960317	1.8586133393686655e-22
1.556166606	1.8010254151338372e-22
1.557372894	1.830973483607511e-22
1.558579183	1.950038311852379e-22
1.559785472	2.019799624089282e-22
1.56099176	1.8778201786776965e-22
1.562198049	1.8239681146257597e-22
1.563404337	1.833718419766581e-22
1.564610626	1.8453279903020263e-22
1.565816914	1.976803153253729e-22
1.567023203	1.9017510808960444e-22
1.568229491	1.860910812480354e-22
1.56943578	1.9611739703524505e-22
1.570642069	1.88634948775383e-22
1.571848357	1.87129465326546e-22
1.573054646	1.96585163031512e-22
1.574260934	2.059494045600244e-22
1.575467223	2.183530705087135e-22
1.576673511	2.10790624219053e-22
1.5778798	2.2451067404616054e-22
1.579086089	2.2368032258003447e-22
1.580292377	2.1990791318842505e-22
1.581498666	2.3795526223089714e-22
1.582704954	2.3591497592874936e-22
1.583911243	2.4223539705078715e-22
1.585117531	2.2477807398683714e-22
1.58632382	2.20643572520838e-22
1.587530108	2.2762054999248827e-22
1.588736397	2.324645698180418e-22
1.589942686	2.51554002468644e-22
1.591148974	2.5199294653378726e-22
1.592355263	2.3683887527270475e-22
1.593561551	2.260035586214364e-22
1.59476784	2.2707269827370983e-22
1.595974128	2.3891877356048575e-22
1.597180417	2.3564026239834614e-22
1.598386705	2.314391624727736e-22
1.599592994	2.2761366429933737e-22
1.600799283	2.3569787335898844e-22
1.602005571	2.3251475114340438e-22
1.60321186	2.3367874454075143e-22
1.604418148	2.4190840040458113e-22
1.605624437	2.4527620834916727e-22
1.606830725	2.443401761550765e-22
1.608037014	2.4459054614092417e-22
1.609243302	2.5114163090171493e-22
1.610449591	2.5455581005164123e-22
1.61165588	2.4509265432474426e-22
1.612862168	2.558803725162767e-22
1.614068457	2.507462598911884e-22
1.615274745	2.5031072268933514e-22
1.616481034	2.6598016983175026e-22
1.617687322	2.629103519667454e-22
1.618893611	2.606643732758303e-22
1.620099899	2.6585641717287025e-22
1.621306188	2.6779381213840694e-22
1.622512477	2.5674238368631524e-22
1.623718765	2.5735192362119517e-22
1.624925054	2.665626033584526e-22
1.626131342	2.6140704063907296e-22
1.627337631	2.645533501954096e-22
1.628543919	2.485103261686755e-22
1.629750208	2.4552155162390302e-22
1.630956496	2.4961290086079396e-22
1.632162785	2.496018236711833e-22
1.633369074	2.5366452505556134e-22
1.634575362	2.51283044620695e-22
1.635781651	2.5054197599625243e-22
1.636987939	2.501534855498405e-22
1.638194228	2.502869818472522e-22
1.639400516	2.465908598490358e-22
1.640606805	2.385412479559105e-22
1.641813093	2.4257413822119006e-22
1.643019382	2.501877897520528e-22
1.644225671	2.456288137317588e-22
1.645431959	2.480839117391993e-22
1.646638248	2.447679251883002e-22
1.647844536	2.4632290731992736e-22
1.649050825	2.494597333550791e-22
1.650257113	2.5024397712636285e-22
1.651463402	2.5216754916417664e-22
1.65266969	2.531063359431079e-22
1.653875979	2.5539424067728765e-22
1.655082268	2.4646637512029013e-22
1.656288556	2.4382527643018705e-22
1.657494845	2.4966660191467583e-22
1.658701133	2.496086841037618e-22
1.659907422	2.5136353746979367e-22
1.66111371	2.5018708296379998e-22
1.662319999	2.4513980368340535e-22
1.663526287	2.4483316540116985e-22
1.664732576	2.440312554577442e-22
1.665938865	2.5289564984876885e-22
1.667145153	2.53720974513684e-22
1.668351442	2.5442365612465933e-22
1.66955773	2.5136513778790016e-22
1.670764019	2.4989945026206115e-22
1.671970307	2.693511255176018e-22
1.673176596	2.738629957920573e-22
1.674382884	2.6698662856639496e-22
1.675589173	2.733747217802286e-22
1.676795462	2.7800700526633014e-22
1.67800175	2.714585194824705e-22
1.679208039	2.704283520878188e-22
1.680414327	2.817675631140809e-22
1.681620616	2.82879100488092e-22
1.682826904	2.8721443286095703e-22
1.684033193	2.8709656102054165e-22
1.685239481	2.826197548751731e-22
1.68644577	2.8899937489330065e-22
1.687652059	2.7640209144034127e-22
1.688858347	2.7524690687814595e-22
1.690064636	2.7160040813045524e-22
1.691270924	2.724250672680234e-22
1.692477213	2.773076415286471e-22
1.693683501	2.7553741881073104e-22
1.69488979	2.6568751607485156e-22
1.696096078	2.7582665858168816e-22
1.697302367	2.7073002964800934e-22
1.698508656	2.696109105541597e-22
1.699714944	2.7107026684228174e-22
1.700921233	2.741475835591028e-22
1.702127521	2.6009798453627586e-22
1.70333381	2.5256536944801346e-22
1.704540098	2.5021677368644845e-22
1.705746387	2.5156584242223997e-22
1.706952675	2.582485077101707e-22
1.708158964	2.6913416831372847e-22
1.709365253	2.391736551735983e-22
1.710571541	2.3895876205289116e-22
1.71177783	2.634873955282629e-22
1.712984118	2.514806935108333e-22
1.714190407	2.5803342890782586e-22
1.715396695	2.425288097135514e-22
1.716602984	2.371492010763932e-22
1.717809272	2.3843753295324124e-22
1.719015561	2.3774889974880353e-22
1.72022185	2.422277524448406e-22
1.721428138	2.3697432412904236e-22
1.722634427	2.4176732141515694e-22
1.723840715	2.446988892013451e-22
1.725047004	2.2837514382099676e-22
1.726253292	2.3610512523706996e-22
1.727459581	2.4271531030170596e-22
1.728665869	2.0290590074035763e-22
1.729872158	2.223835439637333e-22
1.731078447	2.157092242954047e-22
1.732284735	2.236790291140481e-22
1.733491024	2.1197355946499318e-22
1.734697312	2.371258357255512e-22
1.735903601	2.170842455784933e-22
1.737109889	2.177135523114815e-22
1.738316178	2.2725115883944134e-22
1.739522466	2.051847088439033e-22
1.740728755	1.9901697347879315e-22
1.741935044	2.189979408983737e-22
1.743141332	1.9851873504412057e-22
1.744347621	2.0709253604514612e-22
1.745553909	1.9623457210001563e-22
1.746760198	1.854360399590169e-22
1.747966486	1.7876518616912269e-22
1.749172775	1.7934489124756978e-22
1.750379063	1.7997573428562718e-22
1.751585352	1.8590798101542067e-22
1.752791641	1.9019109608417358e-22
1.753997929	1.917326537370938e-22
1.755204218	1.761745409084501e-22
1.756410506	1.9557132911669307e-22
1.757616795	1.6980650732667982e-22
1.758823083	1.8194151897273702e-22
1.760029372	1.5521406044735112e-22
1.76123566	1.6865916803669617e-22
1.762441949	1.5921233932460552e-22
1.763648238	1.5990242019840692e-22
1.764854526	1.5617749895027086e-22
1.766060815	1.4015008756418453e-22
1.767267103	1.520317426270699e-22
1.768473392	1.590459761951529e-22
1.76967968	1.5767129830852897e-22
1.770885969	1.4600097913222633e-22
1.772092257	1.5803334407223457e-22
1.773298546	1.4919982260810953e-22
1.774504835	1.5765385738480888e-22
1.775711123	1.562213674803425e-22
1.776917412	1.287764268839146e-22
1.7781237	1.402270695188553e-22
1.779329989	1.4696238275017157e-22
1.780536277	1.3987328185132599e-22
1.781742566	1.3392498889651164e-22
1.782948854	1.3579724461004874e-22
1.784155143	1.5887008875602512e-22
1.785361432	1.5186653666291762e-22
1.78656772	1.4209443240548625e-22
1.787774009	1.4231218209617152e-22
1.788980297	1.5870694169222912e-22
1.790186586	1.4732164134309653e-22
1.791392874	1.3495874735941725e-22
1.792599163	1.2490323548053214e-22
1.793805451	1.3689131476140288e-22
1.79501174	1.2426066530558276e-22
1.796218029	1.2841959980739173e-22
1.797424317	1.1340964987241036e-22
1.798630606	1.139752098158676e-22
1.799836894	1.2130715184858792e-22
1.801043183	1.052926734091379e-22
1.802249471	1.154862069887599e-22
1.80345576	1.1984797265763485e-22
1.804662048	1.2307356940725886e-22
1.805868337	1.2965244621166064e-22
1.807074626	1.31587225380451e-22
1.808280914	1.2478937302584135e-22
1.809487203	1.2547328829225735e-22
1.810693491	1.317745089035933e-22
1.81189978	1.2784835874164068e-22
1.813106068	1.402332007123913e-22
1.814312357	1.2870670408266442e-22
1.815518645	1.412959521369617e-22
1.816724934	1.429874200709228e-22
1.817931223	1.402618965339072e-22
1.819137511	1.5045148889282515e-22
1.8203438	1.4494805011512383e-22
1.821550088	1.4290691108204306e-22
1.822756377	1.4212584656077366e-22
1.823962665	1.48565365601284e-22
1.825168954	1.4604776426750635e-22
1.826375243	1.385732293484221e-22
1.827581531	1.3419291916442357e-22
1.82878782	1.3446645108634478e-22
1.829994108	0.
1.831200397	0.
1.832406685	0.
1.833612974	0.
1.834819262	0.
1.836025551	0.
1.83723184	0.
1.838438128	0.
1.839644417	0.
1.840850705	0.
1.842056994	0.
1.843263282	0.
1.844469571	0.
1.845675859	0.
1.846882148	0.
1.848088437	0.
1.849294725	0.
1.850501014	0.
1.851707302	0.
1.852913591	0.
1.854119879	0.
1.855326168	0.
1.856532456	0.
1.857738745	0.
1.858945034	0.
1.860151322	0.
1.861357611	0.
1.862563899	0.
1.863770188	0.
1.864976476	0.
1.866182765	0.
1.867389053	0.
1.868595342	0.
1.869801631	0.
1.871007919	0.
1.872214208	3.948188566723908e-22
1.873420496	4.0691615450895723e-22
1.874626785	6.017401727710156e-22
1.875833073	-1.2107946747048619e-21
1.877039362	-7.185751678141245e-23
1.87824565	4.4091387037225067e-23
1.879451939	7.341329398899688e-23
1.880658228	8.785137093246813e-23
1.881864516	1.124271655455565e-22
1.883070805	1.0141638211337328e-22
1.884277093	7.796359458567339e-23
1.885483382	6.897247269586498e-23
1.88668967	8.838977191485393e-23
1.887895959	9.985602646158211e-23
1.889102247	9.877812400385004e-23
1.890308536	9.349071931389067e-23
1.891514825	1.0011338827177591e-22
1.892721113	9.058133512558912e-23
1.893927402	6.94650150488716e-23
1.89513369	7.214481162427255e-23
1.896339979	9.387284069556762e-23
1.897546267	9.986010919196202e-23
1.898752556	1.150496604223898e-22
1.899958844	1.1996819537230394e-22
1.901165133	2.2404953355711544e-22
1.902371422	5.308335245030844e-22
1.90357771	5.667820957339439e-22
1.904783999	3.6284033456505494e-22
1.905990287	2.3257368252642296e-22
1.907196576	1.6298611715153578e-22
1.908402864	1.2894350666365731e-22
1.909609153	9.041751182803271e-23
1.910815441	7.397371940764933e-23
1.91202173	6.32475740771367e-23
1.913228019	7.85569300074774e-23
1.914434307	9.581268348316323e-23
1.915640596	1.465777256716297e-22
1.916846884	1.4146500702498337e-22
1.918053173	1.3943265318436365e-22
1.919259461	1.1073527931084268e-22
1.92046575	9.969408340854697e-23
1.921672038	7.948269125183317e-23
1.922878327	7.399549693685721e-23
1.924084616	7.70960856385447e-23
1.925290904	8.445951252503192e-23
1.926497193	8.844232524627401e-23
1.927703481	8.741307029785771e-23
1.92890977	8.014800547682008e-23
1.930116058	6.970866763365149e-23
1.931322347	6.535333590756136e-23
1.932528635	7.002865663761695e-23
1.933734924	7.246670494369476e-23
1.934941213	7.691554765410712e-23
1.936147501	7.70301141878034e-23
1.93735379	7.419539524716126e-23
1.938560078	8.351677601685372e-23
1.939766367	8.44076664094698e-23
1.940972655	7.202222722438775e-23
1.942178944	7.210931046217036e-23
1.943385232	7.933578277632926e-23
1.944591521	8.023442966882046e-23
1.94579781	8.016593927421286e-23
1.947004098	8.215979580785645e-23
1.948210387	6.787829901613945e-23
1.949416675	7.337689450774577e-23
1.950622964	6.174324249445274e-23
1.951829252	6.709196323643315e-23
1.953035541	8.250849697261775e-23
1.954241829	8.270686471390155e-23
1.955448118	7.671880134032343e-23
1.956654407	8.369315044409265e-23
1.957860695	8.937655978800807e-23
1.959066984	8.61398809682216e-23
1.960273272	7.283845834765156e-23
1.961479561	6.617201958291959e-23
1.962685849	6.326258323014529e-23
1.963892138	7.13603744665112e-23
1.965098426	7.344934452339119e-23
1.966304715	6.823532781699949e-23
1.967511004	7.01061024145341e-23
1.968717292	6.200172867329056e-23
1.969923581	6.449371615057627e-23
1.971129869	6.794694855545687e-23
1.972336158	6.676403908510673e-23
1.973542446	5.97421479294388e-23
1.974748735	6.577023569755008e-23
1.975955023	6.620146693983091e-23
1.977161312	5.840553601908502e-23
1.978367601	6.243558733052469e-23
1.979573889	6.723302327832205e-23
1.980780178	6.449042781436586e-23
1.981986466	6.280604451235723e-23
1.983192755	5.671137721545983e-23
1.984399043	5.66549619509741e-23
1.985605332	6.173719700971452e-23
1.98681162	5.978352852092583e-23
1.988017909	5.445298152377593e-23
1.989224198	5.220277580653905e-23
1.990430486	5.86264962336787e-23
1.991636775	6.098873722181923e-23
1.992843063	5.96435088366051e-23
1.994049352	5.391113910995986e-23
1.99525564	5.099590717992399e-23
1.996461929	4.9949189971547734e-23
1.997668217	5.272841788291238e-23
1.998874506	4.7170447217951914e-23
2.000080795	5.196211560051582e-23
2.001287083	5.571485710173652e-23
2.002493372	5.445835558225883e-23
2.00369966	6.346677083271414e-23
2.004905949	5.878603425810239e-23
2.006112237	6.273202304788639e-23
2.007318526	6.648837360208005e-23
2.008524814	6.351086765998933e-23
2.009731103	5.682823821357323e-23
2.010937392	5.484162264328542e-23
2.01214368	5.325917071935143e-23
2.013349969	4.911236486167259e-23
2.014556257	5.144633137731814e-23
2.015762546	6.017828327455632e-23
2.016968834	5.476251498704476e-23
2.018175123	5.206566107472816e-23
2.019381411	6.066323576991155e-23
2.0205877	5.305094545422621e-23
2.021793989	6.117519531836884e-23
2.023000277	5.660218119175838e-23
2.024206566	6.074706816663234e-23
2.025412854	5.724275734925437e-23
2.026619143	5.717135511393564e-23
2.027825431	5.852220032081853e-23
2.02903172	5.982035506047448e-23
2.030238008	6.067758600470715e-23
2.031444297	6.556311057603437e-23
2.032650586	5.633206817323165e-23
2.033856874	5.581876671784092e-23
2.035063163	5.648415699600452e-23
2.036269451	5.542033656030752e-23
2.03747574	6.093537987081648e-23
2.038682028	5.85615300069122e-23
2.039888317	5.435018945360242e-23
2.041094605	5.398283315157e-23
2.042300894	6.237753805752156e-23
2.043507183	6.484328484503373e-23
2.044713471	5.966235842876437e-23
2.04591976	5.985767598247646e-23
2.047126048	6.051371793341375e-23
2.048332337	5.563796421706605e-23
2.049538625	5.908685418131488e-23
2.050744914	5.420449432307461e-23
2.051951202	5.74767051114451e-23
2.053157491	5.355854227414222e-23
2.05436378	5.735449376355499e-23
2.055570068	5.621198973301136e-23
2.056776357	5.862409041327147e-23
2.057982645	6.155389187812265e-23
2.059188934	6.047864617852834e-23
2.060395222	5.868673010732889e-23
2.061601511	5.666121396547006e-23
2.062807799	5.942988941096072e-23
2.064014088	5.878558847743842e-23
2.065220377	6.150599269166888e-23
2.066426665	6.219094997098068e-23
2.067632954	5.744517369358997e-23
2.068839242	5.721441989402508e-23
2.070045531	6.312427746468466e-23
2.071251819	6.056019979687065e-23
2.072458108	6.696433754371364e-23
2.073664396	6.377778588153121e-23
2.074870685	6.924564490832722e-23
2.076076974	6.980680451666857e-23
2.077283262	6.36234797667409e-23
2.078489551	6.341911040877196e-23
2.079695839	6.035027203952517e-23
2.080902128	6.882692870734307e-23
2.082108416	6.793921918868948e-23
2.083314705	6.800037373322084e-23
2.084520994	6.527195460678313e-23
2.085727282	6.542235646247446e-23
2.086933571	6.448092325266997e-23
2.088139859	7.016802443853344e-23
2.089346148	7.408774823561737e-23
2.090552436	7.44002393242907e-23
2.091758725	7.539291325848172e-23
2.092965013	7.379253260663516e-23
2.094171302	7.063726951932031e-23
2.095377591	7.427619821297789e-23
2.096583879	7.204035640701997e-23
2.097790168	7.070804122500082e-23
2.098996456	7.158593775492778e-23
2.100202745	7.45917862346454e-23
2.101409033	7.518492014403872e-23
2.102615322	7.514580992336059e-23
2.10382161	8.012841175565431e-23
2.105027899	8.066271291256287e-23
2.106234188	7.784927540325073e-23
2.107440476	7.629073830323792e-23
2.108646765	7.505391994204751e-23
2.109853053	7.879112541452662e-23
2.111059342	8.737680256688526e-23
2.11226563	8.242268998092224e-23
2.113471919	8.152228302918789e-23
2.114678207	8.086136993294205e-23
2.115884496	8.204728199992513e-23
2.117090785	8.370323956128448e-23
2.118297073	8.305722741236215e-23
2.119503362	8.687248482326538e-23
2.12070965	8.654364056055176e-23
2.121915939	8.878469291658641e-23
2.123122227	8.853535766004481e-23
2.124328516	8.839237775572984e-23
2.125534804	8.751006210586772e-23
2.126741093	9.315693594513513e-23
2.127947382	8.945683906872605e-23
2.12915367	9.093024718984697e-23
2.130359959	8.837118272977111e-23
2.131566247	9.037768879902432e-23
2.132772536	9.286918858400032e-23
2.133978824	9.37554531406186e-23
2.135185113	9.543158347547614e-23
2.136391401	9.560470460839727e-23
2.13759769	9.362002491071295e-23
2.138803979	9.324156912697679e-23
2.140010267	9.966882647399522e-23
2.141216556	9.592770193173748e-23
2.142422844	9.327716404846743e-23
2.143629133	9.706466408157026e-23
2.144835421	9.590464195401953e-23
2.14604171	9.676124040531407e-23
2.147247998	9.77684606855385e-23
2.148454287	9.776128872217347e-23
2.149660576	9.939510298083887e-23
2.150866864	9.859159841058174e-23
2.152073153	9.858135898475592e-23
2.153279441	1.0160728000876943e-22
2.15448573	1.028378342283398e-22
2.155692018	1.0596167577237304e-22
2.156898307	1.0441817525581413e-22
2.158104595	1.0273139515036893e-22
2.159310884	1.0486004231943229e-22
2.160517173	1.02950306202299e-22
2.161723461	1.0195757898818797e-22
2.16292975	1.0576990035597131e-22
2.164136038	1.086851497484169e-22
2.165342327	1.1407865351816653e-22
2.166548615	1.2018105488382407e-22
2.167754904	1.149500876584794e-22
2.168961192	1.104083143611004e-22
2.170167481	1.1081130455270317e-22
2.17137377	1.1009929075170117e-22
2.172580058	1.1037839856289778e-22
2.173786347	1.1048190585273693e-22
2.174992635	1.0666156547228295e-22
2.176198924	1.0349353347585149e-22
2.177405212	1.0499700789353215e-22
2.178611501	1.1214295265611793e-22
2.179817789	1.1049874242545938e-22
2.181024078	1.0869017609169403e-22
2.182230367	1.1172027542604592e-22
2.183436655	9.982482693161225e-23
2.184642944	1.0996756948536312e-22
2.185849232	1.0460831177996278e-22
2.187055521	1.0703161778155692e-22
2.188261809	1.1665259093734384e-22
2.189468098	1.1257294113871e-22
2.190674386	1.069591469757738e-22
2.191880675	1.0619914853146735e-22
2.193086964	1.0894912200363202e-22
2.194293252	1.0815462272967102e-22
2.195499541	1.065298176361579e-22
2.196705829	1.0659458374245853e-22
2.197912118	1.0863219755373352e-22
2.199118406	1.1181881134837189e-22
2.200324695	1.0751362430794555e-22
2.201530983	1.0629411408981746e-22
2.202737272	1.0840173063227585e-22
2.203943561	1.1095492045399203e-22
2.205149849	1.1638156242236973e-22
2.206356138	1.1684103582483887e-22
2.207562426	1.1834427599404343e-22
2.208768715	1.0867643040442325e-22
2.209975003	1.1266108830527219e-22
2.211181292	1.0938288964590367e-22
2.21238758	1.0844693008326108e-22
2.213593869	1.1442565430311973e-22
2.214800158	1.1498981616356778e-22
2.216006446	1.0895678485370052e-22
2.217212735	1.1302894053818327e-22
2.218419023	1.1167431693440094e-22
2.219625312	1.0866503912585026e-22
2.2208316	1.0656047296305759e-22
2.222037889	1.0658983653146324e-22
2.223244177	1.0336422676234706e-22
2.224450466	1.0366650871093063e-22
2.225656755	1.0473359970063638e-22
2.226863043	1.0189114721946648e-22
2.228069332	1.0414990753687848e-22
2.22927562	1.0333936479578332e-22
2.230481909	1.053844893826151e-22
2.231688197	1.0459615296569566e-22
2.232894486	1.0935521913359917e-22
2.234100774	1.082477937211949e-22
2.235307063	1.0667107682842177e-22
2.236513352	1.0504635916154317e-22
2.23771964	1.0578075781899103e-22
2.238925929	1.0779765596069718e-22
2.240132217	1.1196156506872444e-22
2.241338506	1.0801337524481795e-22
2.242544794	1.0684133207265207e-22
2.243751083	1.0469535268512225e-22
2.244957371	1.0750781265020832e-22
2.24616366	1.0442878238533683e-22
2.247369949	1.0952181351385779e-22
2.248576237	1.102205885031209e-22
2.249782526	1.064242100814279e-22
2.250988814	1.0407403534677693e-22
2.252195103	1.063753415423812e-22
2.253401391	1.069290309666864e-22
2.25460768	1.02838028924436e-22
2.255813968	1.1126427458867558e-22
2.257020257	1.0911262511797416e-22
2.258226546	1.0450153920625421e-22
2.259432834	1.072675537679274e-22
2.260639123	1.0391618514216565e-22
2.261845411	1.0492582544803179e-22
2.2630517	1.0494854810615984e-22
2.264257988	1.0310201544050036e-22
2.265464277	1.010395021937601e-22
2.266670565	9.608339645969337e-23
2.267876854	1.0243822267595096e-22
2.269083143	1.0240943853283676e-22
2.270289431	1.024137626898038e-22
2.27149572	1.0383670758684032e-22
2.272702008	1.0412462222711986e-22
2.273908297	1.088728873362222e-22
2.275114585	1.053453680959799e-22
2.276320874	9.99910380009027e-23
2.277527162	9.760829848475865e-23
2.278733451	9.741556424590396e-23
2.27993974	9.834673748626221e-23
2.281146028	1.0114557354272128e-22
2.282352317	1.0102802150281403e-22
2.283558605	8.996941296920378e-23
2.284764894	9.075379138186736e-23
2.285971182	8.915680337957191e-23
2.287177471	8.968784596753909e-23
2.288383759	8.604924018291618e-23
2.289590048	8.654382038508968e-23
2.290796337	8.152712946956807e-23
2.292002625	7.91625918631349e-23
2.293208914	8.083850455490429e-23
2.294415202	8.158260288375644e-23
2.295621491	8.353575021185827e-23
2.296827779	8.252527498236803e-23
2.298034068	7.945902428238347e-23
2.299240356	7.194327917855581e-23
2.300446645	7.404351338033955e-23
2.301652934	7.720102938474419e-23
2.302859222	7.991540673941728e-23
2.304065511	8.103751099916378e-23
2.305271799	7.444823634230143e-23
2.306478088	6.868957348083005e-23
2.307684376	7.326073042465589e-23
2.308890665	7.076603832876872e-23
2.310096953	8.044004943818671e-23
2.311303242	8.150794151355927e-23
2.312509531	7.393798084306868e-23
2.313715819	6.488544954307575e-23
2.314922108	6.791743591853285e-23
2.316128396	6.757827459095139e-23
2.317334685	6.803459186593883e-23
2.318540973	7.161319107403633e-23
2.319747262	6.669165897482011e-23
2.32095355	6.953627818182606e-23
2.322159839	6.991720582854351e-23
2.323366128	6.439340788776123e-23
2.324572416	6.521851663830176e-23
2.325778705	7.024502895140482e-23
2.326984993	6.956700982749759e-23
2.328191282	6.48984646767654e-23
2.32939757	6.073656289802213e-23
2.330603859	6.217147522403303e-23
2.331810148	6.220558079454019e-23
2.333016436	6.402532539990438e-23
2.334222725	5.852658773758207e-23
2.335429013	6.371599431746953e-23
2.336635302	5.137585049109206e-23
2.33784159	5.769345727652531e-23
2.339047879	5.778678754190389e-23
2.340254167	6.09515401979071e-23
2.341460456	6.070487422265616e-23
2.342666745	5.903810023856441e-23
2.343873033	5.395557709357865e-23
2.345079322	5.811251588089348e-23
2.34628561	6.062770737809418e-23
2.347491899	5.586726627318021e-23
2.348698187	4.973450261433507e-23
2.349904476	4.97353494727295e-23
2.351110764	5.433014860144554e-23
2.352317053	5.618916203027395e-23
2.353523342	5.811746372085847e-23
2.35472963	5.873188306856534e-23
2.355935919	4.9952034632091596e-23
2.357142207	5.026135165550673e-23
2.358348496	5.030375242942058e-23
2.359554784	5.025877031756412e-23
2.360761073	5.352445462894437e-23
2.361967361	5.046498441738468e-23
2.36317365	5.132365603388728e-23
2.364379939	4.624154675367958e-23
2.365586227	5.1122843363511747e-23
2.366792516	4.6384182485970855e-23
2.367998804	4.9169957753138976e-23
2.369205093	5.1032012030705785e-23
2.370411381	5.2409531816392314e-23
2.37161767	5.335138965835884e-23
2.372823958	5.011577316157805e-23
2.374030247	5.2818932723998326e-23
2.375236536	5.1623058366598056e-23
2.376442824	4.888108550628615e-23
2.377649113	4.7593860737327244e-23
2.378855401	4.2285451188966276e-23
2.38006169	4.2462395108654755e-23
2.381267978	4.132917313704763e-23
2.382474267	4.353271501836913e-23
2.383680555	4.859839897749161e-23
2.384886844	4.7390231052605516e-23
2.386093133	4.787444222155002e-23
2.387299421	5.1925391256252473e-23
2.38850571	5.136770751516773e-23
2.389711998	4.9835749817882426e-23
2.390918287	4.70809381253643e-23
2.392124575	4.9565490595122385e-23
2.393330864	4.6360047298518646e-23
2.394537152	4.245224982883751e-23
2.395743441	4.011884426643061e-23
2.39694973	3.701692204806677e-23
2.398156018	3.750102588616743e-23
2.399362307	3.682479935564989e-23
2.400568595	3.899687804079559e-23
2.401774884	4.1659725603303006e-23
2.402981172	4.850497050795464e-23
2.404187461	4.2759016266562033e-23
2.405393749	3.808050593391466e-23
2.406600038	3.0953911812231804e-23
2.407806327	2.535563125116947e-23
2.409012615	2.1369702616029077e-23
2.410218904	2.1874892205965008e-23
2.411425192	2.478164753495401e-23
2.412631481	2.6129540183920134e-23
2.413837769	3.297905960088743e-23
2.415044058	3.986311692072593e-23
2.416250346	3.911503249405904e-23
2.417456635	4.0968948961665475e-23
2.418662924	4.4295940563616395e-23
2.419869212	3.4690932793831414e-23
2.421075501	3.7523295538233027e-23
2.422281789	3.249708352763255e-23
2.423488078	3.4879837562528944e-23
2.424694366	3.5138929891094785e-23
2.425900655	3.620081761663671e-23
2.427106943	3.6667989301175396e-23
2.428313232	3.368064056958285e-23
2.429519521	2.91921580675016e-23
2.430725809	2.5996427725438032e-23
2.431932098	2.6268152414790522e-23
2.433138386	2.9069448098180436e-23
2.434344675	3.426505688280755e-23
2.435550963	4.3650229625677413e-23
2.436757252	4.8817654909950326e-23
2.43796354	4.847925909432222e-23
2.439169829	4.4314817610761493e-23
2.440376118	3.358347185322713e-23
2.441582406	2.707891412946566e-23
2.442788695	2.663300382295923e-23
2.443994983	2.713643489390449e-23
2.445201272	2.678476014193847e-23
2.44640756	3.3085907795682457e-23
2.447613849	3.5557635841293273e-23
2.448820137	3.797225767225866e-23
2.450026426	4.058619714274122e-23
2.451232715	4.131721255112049e-23
2.452439003	4.4661536422939046e-23
2.453645292	3.692443776688629e-23
2.45485158	3.1819170744418633e-23
2.456057869	2.560478766368519e-23
2.457264157	2.0811384156256022e-23
2.458470446	1.9683448884941642e-23
2.459676734	2.1997923380967056e-23
2.460883023	2.7171691606444026e-23
2.462089312	3.6530375478462825e-23
2.4632956	3.8597986249482466e-23
2.464501889	3.915419680411401e-23
2.465708177	3.2625321793533375e-23
2.466914466	3.2900139152633435e-23
2.468120754	2.9660224320341897e-23
2.469327043	3.6049150640521985e-23
2.470533331	4.6534600827784236e-23
2.47173962	5.629549417200471e-23
2.472945909	6.16499508900017e-23
2.474152197	4.6195786760616867e-23
2.475358486	3.929249153200235e-23
2.476564774	3.617301791778164e-23
2.477771063	4.226437630768823e-23
2.478977351	6.68570756369621e-23
2.48018364	1.20707858955548e-22
2.481389928	1.9284535004056e-22
2.482596217	2.748351443730508e-22
2.483802506	2.9587397893946714e-22
2.485008794	2.8901362065190662e-22
2.486215083	2.7849548767981977e-22
2.487421371	2.510036000695669e-22
2.48862766	2.65770798805849e-22
2.489833948	3.3249281118066345e-22
2.491040237	5.344813806663531e-22
2.492246525	7.248021645956103e-22
2.493452814	5.598567507488834e-22
2.494659103	3.9782235174124947e-22
2.495865391	3.291129495973224e-22
2.49707168	2.8642477989219366e-22