0.45	1.6031536626159974e-19
0.4511533	1.5556435024946948e-19
0.4523066	2.1680685812131648e-19
0.4534599	2.0423111663558363e-19
0.4546131	1.9424872899733014e-19
0.4557664	1.5578364570698675e-19
0.4569197	2.3313627418207047e-19
0.458073	2.3754923084298123e-19
0.4592263	2.123321031066714e-19
0.4603796	1.8693065506885459e-19
0.4615329	2.5293243937901687e-19
0.4626862	2.0917564596264058e-19
0.4638394	2.6363549819812815e-19
0.4649927	2.8815277983342274e-19
0.466146	2.532207225591612e-19
0.4672993	3.565941716679438e-19
0.4684526	3.6751751472300623e-19
0.4696059	2.5610320951597866e-19
0.4707592	3.8507666502395376e-19
0.4719125	2.763600389241432e-19
0.4730658	2.6669423795613576e-19
0.4742191	2.1815812495031823e-19
0.4753723	3.01106257770949e-19
0.4765256	3.618068123028535e-19
0.4776789	2.6521212227175094e-19
0.4788322	4.1858495863953782e-19
0.4799855	4.0164331999686285e-19
0.4811388	3.570412822368542e-19
0.4822921	3.0031307193377343e-19
0.4834453	5.7324175578851e-19
0.4845986	4.1316549005256176e-19
0.4857519	6.39674848467195e-19
0.4869052	8.595558557752269e-19
0.4880585	5.207566550450219e-19
0.4892118	4.957041008368995e-19
0.4903651	7.04599459268817e-19
0.4915183	4.2511310601127686e-19
0.4926716	5.739299893167181e-19
0.4938249	6.495631566013739e-19
0.4949782	5.169342208381877e-19
0.4961315	6.117629945531224e-19
0.4972848	4.942858610734729e-19
0.4984381	6.820492666468261e-19
0.4995914	4.029453064044212e-19
0.5007446	6.808994145884256e-19
0.5018979	5.945884330482127e-19
0.5030512	4.794349350020871e-19
0.5042045	3.531564007257747e-19
0.5053578	4.622777786782646e-19
0.5065111	3.09756645885496e-19
0.5076644	3.8658470605091476e-19
0.5088177	2.4646649830295097e-19
0.509971	2.3064746055971856e-19
0.5111243	2.0467552570404602e-19
0.5122775	2.5732746803269774e-19
0.5134308	3.174105625110466e-19
0.5145841	3.001757121483506e-19
0.5157374	3.4002255165785314e-19
0.5168907	3.286741465948831e-19
0.518044	4.305141965374488e-19
0.5191973	3.454702159132407e-19
0.5203506	5.754297736620073e-19
0.5215039	4.52827439417506e-19
0.5226572	5.382644574622887e-19
0.5238104	5.415828837272283e-19
0.5249637	5.479914708174241e-19
0.526117	5.067187044005735e-19
0.5272703	5.77217312563282e-19
0.5284235	6.874149775031955e-19
0.5295768	7.692066340813713e-19
0.5307301	9.097588869169053e-19
0.5318834	7.748184738711465e-19
0.5330367	8.195733988390958e-19
0.53419	6.641520426185753e-19
0.5353433	8.90874599952196e-19
0.5364966	8.919123135479749e-19
0.5376499	9.8901745720184e-19
0.5388032	8.825668556178245e-19
0.5399565	7.03018831783776e-19
0.5411097	7.166127378310982e-19
0.542263	8.012212313844496e-19
0.5434163	7.49951415976006e-19
0.5445696	8.565773897500506e-19
0.5457229	7.459975147494976e-19
0.5468762	7.347482280809015e-19
0.5480295	7.86320415910501e-19
0.5491828	6.714026942794049e-19
0.5503361	7.258769339030555e-19
0.5514894	7.563036786699838e-19
0.5526426	6.269642291077134e-19
0.5537959	5.650320545112091e-19
0.5549492	6.617720019483373e-19
0.5561025	6.58496070796227e-19
0.5572557	6.705096992442562e-19
0.558409	6.957546077908174e-19
0.5595623	7.855699167779725e-19
0.5607156	6.935810053334468e-19
0.5618689	7.016072216482235e-19
0.5630222	7.304836544773877e-19
0.5641755	6.866303845593746e-19
0.5653288	8.159369236726663e-19
0.5664821	7.938794810399976e-19
0.5676354	7.91003600872883e-19
0.5687886	7.858416582654964e-19
0.5699419	7.586638164118555e-19
0.5710952	7.281052246348318e-19
0.5722485	7.583124128769103e-19
0.5734018	7.729245147720373e-19
0.5745551	7.370374393202139e-19
0.5757084	7.373809230922784e-19
0.5768617	7.224795958014361e-19
0.578015	6.61620433436346e-19
0.5791683	6.35491638024749e-19
0.5803216	6.49523293659303e-19
0.5814748	5.960541205133559e-19
0.5826281	5.608706564005951e-19
0.5837814	5.60779297677445e-19
0.5849347	5.476071587717874e-19
0.5860879	5.777842418125596e-19
0.5872412	5.892947436933748e-19
0.5883945	5.3332089422104e-19
0.5895478	5.946740295660943e-19
0.5907011	6.059301495445761e-19
0.5918544	6.325179157837091e-19
0.5930077	6.182569639521337e-19
0.594161	6.653834216290509e-19
0.5953143	6.950816556622491e-19
0.5964676	7.309353108548963e-19
0.5976208	8.187238523977193e-19
0.5987741	8.685896015012319e-19
0.5999274	9.021196461126589e-19
0.6010807	9.675119017311756e-19
0.602234	1.0700268068194084e-18
0.6033873	1.0586612487739552e-18
0.6045406	1.1450995842776386e-18
0.6056939	1.1552341117883406e-18
0.6068472	1.219092559949048e-18
0.6080005	1.2131538301734143e-18
0.6091537	1.2126722689198745e-18
0.610307	1.285220516281661e-18
0.6114603	1.2817963859158233e-18
0.6126136	1.3289646850030087e-18
0.6137668	1.3355237845416804e-18
0.6149201	1.2748707167262234e-18
0.6160734	1.2873858719691374e-18
0.6172267	1.4171842144732114e-18
0.61838	1.2667081450223004e-18
0.6195333	1.2546958412240285e-18
0.6206866	1.2273447221696707e-18
0.6218399	1.268633193012309e-18
0.6229932	1.2949296143681893e-18
0.6241465	1.2799497302919968e-18
0.6252998	1.2343563598629241e-18
0.626453	1.287375666249279e-18
0.6276063	1.2724514084078135e-18
0.6287596	1.2821350779499192e-18
0.6299129	1.291592385893693e-18
0.6310662	1.4911107364465019e-18
0.6322195	1.5875651967128115e-18
0.6333728	1.5892248828685474e-18
0.6345261	1.937320696071739e-18
0.6356794	1.7302422049126097e-18
0.6368327	1.8504230902028203e-18
0.6379859	1.7995549267036905e-18
0.6391392	2.061071648715369e-18
0.6402925	2.2238136993266584e-18
0.6414458	2.196642051877825e-18
0.642599	2.5223526230563295e-18
0.6437523	2.1640001425413383e-18
0.6449056	2.688359023888547e-18
0.6460589	2.5345965670703136e-18
0.6472122	2.890434175174111e-18
0.6483655	3.056056051060203e-18
0.6495188	2.715738105212552e-18
0.6506721	2.9326819617862775e-18
0.6518254	3.1603926947606836e-18
0.6529787	2.6881941332980607e-18
0.6541319	2.433874234504985e-18
0.6552852	3.2199731875713258e-18
0.6564385	3.3673645740948867e-18
0.6575918	3.7152925908641295e-18
0.6587451	2.8995824451638457e-18
0.6598984	2.6774719912271253e-18
0.6610517	1.9533768454818575e-18
0.662205	1.8691967283062158e-18
0.6633583	1.9181934007022407e-18
0.6645116	2.028081771054756e-18
0.6656649	1.7181324774488413e-18
0.6668181	1.7226352393030697e-18
0.6679714	1.7216750675088889e-18
0.6691247	1.6874858167199773e-18
0.670278	1.713221052599422e-18
0.6714312	1.6851077206004343e-18
0.6725845	1.627068547424022e-18
0.6737378	1.796887568097568e-18
0.6748911	1.5330301249550832e-18
0.6760444	1.6591382063412837e-18
0.6771977	1.6415572090342984e-18
0.678351	1.5747346968095716e-18
0.6795043	1.5229950870013902e-18
0.6806576	1.6388464628468314e-18
0.6818109	1.5799915597405367e-18
0.6829641	1.530021728232894e-18
0.6841174	1.9231963455087786e-18
0.6852707	1.8213417258331373e-18
0.686424	1.9398687595700975e-18
0.6875773	2.2301446131161735e-18
0.6887306	2.555517303706604e-18
0.6898839	2.236587569783818e-18
0.6910372	3.0285778511050642e-18
0.6921905	3.2772138294491793e-18
0.6933438	2.6212254425569125e-18
0.694497	3.482902600465076e-18
0.6956503	2.610292253189079e-18
0.6968036	2.6477331857430466e-18
0.6979569	3.2393560222508817e-18
0.6991102	3.0756660656266554e-18
0.7002634	3.166583847406741e-18
0.7014167	4.2045730781816624e-18
0.70257	4.371896852539986e-18
0.7037233	2.8620481952101032e-18
0.7048766	3.3182120876976477e-18
0.7060299	2.7731235346018875e-18
0.7071832	3.1632929552184652e-18
0.7083365	2.7582275390279917e-18
0.7094898	3.1981216188958236e-18
0.7106431	2.3999135126068503e-18
0.7117963	2.437450869817288e-18
0.7129496	3.3195048027766596e-18
0.7141029	3.1954160355468415e-18
0.7152562	3.2638580798439973e-18
0.7164095	3.1522718459729885e-18
0.7175628	4.104939609468533e-18
0.7187161	3.717983488148659e-18
0.7198694	3.851827593252786e-18
0.7210227	4.217564173022454e-18
0.722176	4.410203923083216e-18
0.7233292	4.213248156354769e-18
0.7244825	5.578470277816515e-18
0.7256358	4.8175921680083405e-18
0.7267891	5.755734528032852e-18
0.7279423	6.968533198613302e-18
0.7290956	5.210674248202177e-18
0.7302489	4.7808964616031544e-18
0.7314022	5.376511994164552e-18
0.7325555	5.70690604064151e-18
0.7337088	6.031759154053337e-18
0.7348621	5.549373246937873e-18
0.7360154	5.195154948586946e-18
0.7371687	5.5880089989275914e-18
0.738322	5.346293198364012e-18
0.7394753	4.963818167492144e-18
0.7406285	5.608729118649364e-18
0.7417818	4.604991981928822e-18
0.7429351	4.961388775247758e-18
0.7440884	3.868102075096546e-18
0.7452417	3.637721398704671e-18
0.746395	3.993545558718313e-18
0.7475483	3.928292899696773e-18
0.7487016	3.834111519061456e-18
0.7498549	3.943250692163269e-18
0.7510082	4.2453786302785275e-18
0.7521614	4.229372014295473e-18
0.7533147	4.079069191089387e-18
0.754468	4.2104370090496105e-18
0.7556213	4.6579708479248365e-18
0.7567745	3.824094472885482e-18
0.7579278	2.9859857634021684e-18
0.7590811	2.1621035591700334e-18
0.7602344	2.5929799834504806e-18
0.7613877	3.612259466761587e-18
0.762541	4.175494921977777e-18
0.7636943	4.474890533690081e-18
0.7648476	4.8225325020997096e-18
0.7660009	5.040704812498861e-18
0.7671542	4.44744516166084e-18
0.7683074	4.446268106121981e-18
0.7694607	4.544552161388194e-18
0.770614	4.849344332174952e-18
0.7717673	4.349415541888633e-18
0.7729206	4.931648934636104e-18
0.7740739	4.327666110488244e-18
0.7752272	4.982061282182911e-18
0.7763805	5.416334795547628e-18
0.7775338	5.506416595623251e-18
0.7786871	7.264619827956952e-18
0.7798404	8.09493372810067e-18
0.7809936	8.382992070875313e-18
0.7821469	7.874922195312054e-18
0.7833002	8.469871630991536e-18
0.7844535	9.468376193790437e-18
0.7856067	9.422863789549994e-18
0.78676	8.838269986921761e-18
0.7879133	8.87359496886751e-18
0.7890666	9.791973344820245e-18
0.7902199	9.387437474551704e-18
0.7913732	9.880789393092045e-18
0.7925265	9.260914418009749e-18
0.7936798	1.0950491434978709e-17
0.7948331	1.0133591196529418e-17
0.7959864	9.199427518722979e-18
0.7971396	1.1710235557220562e-17
0.7982929	1.1174014945990391e-17
0.7994462	1.2170674429972148e-17
0.8005995	1.3144899706371688e-17
0.8017528	1.446941827766205e-17
0.8029061	1.4758953880223567e-17
0.8040594	1.464640016204561e-17
0.8052127	1.5999052120470174e-17
0.806366	1.784141032297805e-17
0.8075193	1.9290059800883107e-17
0.8086725	1.833241142800827e-17
0.8098258	1.903836445727155e-17
0.8109791	1.9779628861253174e-17
0.8121324	2.1700801050427532e-17
0.8132856	1.9608520404779862e-17
0.8144389	2.175726729519863e-17
0.8155922	2.1666753032443463e-17
0.8167455	2.34422959478804e-17
0.8178988	2.5431906411146885e-17
0.8190521	2.673394495015216e-17
0.8202054	2.851331354084761e-17
0.8213587	2.6003273865166164e-17
0.822512	2.250896212307358e-17
0.8236653	2.6097547741821846e-17
0.8248186	2.51420122306399e-17
0.8259718	2.6138947870751387e-17
0.8271251	2.1716427888557747e-17
0.8282784	2.5011369770764973e-17
0.8294317	2.509913359162523e-17
0.830585	2.143833803857765e-17
0.8317383	2.6227734087285182e-17
0.8328916	2.5079655142368513e-17
0.8340449	2.9143367522333837e-17
0.8351982	2.5194462917341226e-17
0.8363515	2.171925078816297e-17
0.8375047	2.253302535649332e-17
0.838658	2.352781741867734e-17
0.8398113	2.4000489912477318e-17
0.8409646	1.972983938249617e-17
0.8421178	1.952045682545755e-17
0.8432711	1.99796788357669e-17
0.8444244	1.6934277707881974e-17
0.8455777	1.8257822036216626e-17
0.846731	1.7835988994199592e-17
0.8478843	1.539671880990195e-17
0.8490376	1.6883114313162444e-17
0.8501909	1.8272034968178836e-17
0.8513442	1.2204951135415986e-17
0.8524975	1.2418666143959889e-17
0.8536507	1.3210381508535707e-17
0.854804	1.3057576756830841e-17
0.8559573	1.227425155361045e-17
0.8571106	1.057018489448267e-17
0.8582639	1.1670144126681995e-17
0.8594172	1.1064864891289928e-17
0.8605705	1.1565278024656978e-17
0.8617238	1.0992003440933025e-17
0.8628771	1.025807828779014e-17
0.8640304	1.0215697531895499e-17
0.8651837	1.067190375189781e-17
0.8663369	1.2741723368628517e-17
0.8674902	1.2593008473168635e-17
0.8686435	1.1324084337527433e-17
0.8697968	1.1893082335264482e-17
0.87095	1.3137317748380393e-17
0.8721033	1.1992639973951467e-17
0.8732566	1.4956571214247094e-17
0.8744099	1.5844125432109373e-17
0.8755632	1.7840603405868705e-17
0.8767165	1.9529085611445803e-17
0.8778698	2.018220040989273e-17
0.8790231	2.3142304476050592e-17
0.8801764	1.955380823699204e-17
0.8813297	1.773330134179364e-17
0.8824829	2.141292556387737e-17
0.8836362	2.379360332189453e-17
0.8847895	2.663497563154726e-17
0.8859428	2.5982826988610535e-17
0.8870961	2.59114669028248e-17
0.8882494	3.171332030945006e-17
0.8894027	2.7137084464107065e-17
0.890556	3.1376217230220985e-17
0.8917093	3.423849365451467e-17
0.8928626	3.276383254382889e-17
0.8940158	3.2219390327000535e-17
0.8951691	2.7660843503093786e-17
0.8963224	2.909360291857672e-17
0.8974757	3.5744668464703745e-17
0.898629	3.611514443814501e-17
0.8997822	4.1046492934256126e-17
0.9009355	4.069595059538038e-17
0.9020888	4.8253364258034995e-17
0.9032421	5.2084889047418904e-17
0.9043954	4.5950340937861514e-17
0.9055487	5.537147607690373e-17
0.906702	4.788219270748251e-17
0.9078553	4.944098241494094e-17
0.9090086	5.381164928263319e-17
0.9101619	4.801220999747207e-17
0.9113151	5.995392560104555e-17
0.9124684	6.11203187284528e-17
0.9136217	6.162358519285265e-17
0.914775	5.3126308425678894e-17
0.9159283	5.0678690193255964e-17
0.9170816	6.106712536309059e-17
0.9182349	5.5226994298409136e-17
0.9193882	5.928849368544471e-17
0.9205415	7.170451169865898e-17
0.9216948	5.545894044451202e-17
0.922848	5.787661914837643e-17
0.9240013	5.942093447493564e-17
0.9251546	5.3547196228004557e-17
0.9263079	5.598211396457252e-17
0.9274611	6.457660215906688e-17
0.9286144	5.899204051686461e-17
0.9297677	5.750376871394076e-17
0.930921	4.4944861330688955e-17
0.9320743	4.586322820067287e-17
0.9332276	5.1816078355380375e-17
0.9343809	6.935180933759992e-17
0.9355342	6.10516809984125e-17
0.9366875	5.5278602580243376e-17
0.9378408	6.221336516436574e-17
0.9389941	6.955096019073094e-17
0.9401473	7.439767961040359e-17
0.9413006	7.850340430561042e-17
0.9424539	7.579348868053144e-17
0.9436072	7.623039434677494e-17
0.9447605	8.043186567584773e-17
0.9459138	8.376415883361592e-17
0.9470671	9.155893710521543e-17
0.9482204	1.0080333987896747e-16
0.9493737	9.806602344638765e-17
0.950527	1.0213524241139779e-16
0.9516802	9.199448565800856e-17
0.9528335	9.375107315709938e-17
0.9539868	1.1433008586895036e-16
0.9551401	1.4589600980038313e-16
0.9562933	1.4407912254043588e-16
0.9574466	1.4039131242757375e-16
0.9585999	1.2984791505447877e-16
0.9597532	1.3336306726901334e-16
0.9609065	1.2969678740871758e-16
0.9620598	1.3344897649828753e-16
0.9632131	1.2994527531322204e-16
0.9643664	1.3320252138539418e-16
0.9655197	1.3968142113730165e-16
0.966673	1.4212134471320127e-16
0.9678262	1.5160179393920985e-16
0.9689795	9.768533880746247e-17
0.9978117	5.847544161564334e-17
0.998965	4.810581096230844e-17
1.000118	5.5032148978335135e-17
1.001272	4.2381948806566977e-17
1.002425	5.206588764290042e-17
1.003578	5.278933126651587e-17
1.004731	5.201734073476728e-17
1.005885	4.514323690168206e-17
1.007038	5.4259377764513265e-17
1.008191	4.825416714596117e-17
1.009345	4.9910593528237004e-17
1.010498	5.1929938055184163e-17
1.011651	5.803744325101236e-17
1.012805	5.296376915819827e-17
1.013958	5.332234141101717e-17
1.015111	5.852786564534435e-17
1.016264	5.857056141584301e-17
1.017418	6.013633301703577e-17
1.018571	5.5255255757943315e-17
1.019724	6.532901177488624e-17
1.020877	5.674192561812283e-17
1.022031	5.838533783492107e-17
1.023184	5.996470703596459e-17
1.024337	5.77829889963574e-17
1.025491	5.502771214388654e-17
1.026644	5.983792383310347e-17
1.027797	5.675099539311417e-17
1.02895	6.476404432426902e-17
1.030104	5.980677384805867e-17
1.031257	6.532169087653191e-17
1.03241	5.960353386340732e-17
1.033564	6.764645987912124e-17
1.034717	6.243533663272292e-17
1.03587	6.139933618092236e-17
1.037024	6.867868966778205e-17
1.038177	6.865619508303312e-17
1.03933	6.800644905482441e-17
1.040483	7.125503030017552e-17
1.041637	7.055641825708232e-17
1.04279	7.53044766792342e-17
1.043943	6.662941708182507e-17
1.045097	7.30570757390727e-17
1.04625	8.437605930593388e-17
1.047403	7.130235933615178e-17
1.048556	8.712104978623608e-17
1.04971	6.914917845571762e-17
1.050863	7.482160731983036e-17
1.052016	7.803737911855178e-17
1.053169	8.125607013878996e-17
1.054323	8.756716417769597e-17
1.055476	7.952715844517059e-17
1.056629	7.637482594732544e-17
1.057783	7.595455296436863e-17
1.058936	7.65267352605951e-17
1.060089	9.002139117303878e-17
1.061243	7.678061095080928e-17
1.062396	7.586051310718718e-17
1.063549	8.856775406487054e-17
1.064702	7.22034708663011e-17
1.065856	7.765986373884415e-17
1.067009	8.112130311821096e-17
1.068162	8.59476743800441e-17
1.069316	9.247886474767127e-17
1.070469	8.461888819099424e-17
1.071622	8.473946993307852e-17
1.072775	7.808212763840317e-17
1.073929	9.174543775133536e-17
1.075082	9.18037650232751e-17
1.076235	9.720635267529188e-17
1.077389	8.963719578626829e-17
1.078542	9.250443191025012e-17
1.079695	8.865882603903072e-17
1.080848	9.802226036643048e-17
1.082002	9.164013668254126e-17
1.083155	9.395336326382474e-17
1.084308	9.995877277408442e-17
1.085462	1.0244138275722389e-16
1.086615	9.890396779594466e-17
1.087768	1.0149405995288472e-16
1.088921	1.0277113127774409e-16
1.090075	9.640548140833239e-17
1.091228	9.744911060293715e-17
1.092381	9.663552512641444e-17
1.093535	8.971738207530949e-17
1.094688	9.243749872888216e-17
1.095841	8.932819793087461e-17
1.096995	8.838928477252419e-17
1.098148	8.333450103334844e-17
1.099301	8.639473265214121e-17
1.100454	8.765377554387712e-17
1.101608	8.142016134363377e-17
1.102761	8.906658591717591e-17
1.103914	8.714729384083369e-17
1.105067	9.345186378593236e-17
1.106221	8.305672790426014e-17
1.107374	9.488921840608639e-17
1.108527	8.456015422896222e-17
1.109681	9.60768789244939e-17
1.110834	8.677870027096506e-17
1.111987	9.136429836611436e-17
1.11314	1.0461912375951625e-16
1.114294	1.0713631573860425e-16
1.115447	9.523641799838806e-17
1.1166	9.848891425449693e-17
1.117754	1.0248073734573225e-16
1.118907	9.042226869332202e-17
1.12006	8.581746717674767e-17
1.121214	8.024750959460205e-17
1.122367	7.437050742307468e-17
1.12352	7.462611881027689e-17
1.124673	7.026260480416466e-17
1.125827	7.019897899132942e-17
1.12698	7.480023507206377e-17
1.128133	7.15069713535684e-17
1.129287	6.980827439223264e-17
1.13044	6.868345762192528e-17
1.131593	6.989611094118383e-17
1.132746	6.437211405143187e-17
1.1339	6.571043283057587e-17
1.135053	6.581092893045486e-17
1.136206	6.408220264635832e-17
1.13736	6.439122170232685e-17
1.138513	6.799899009003545e-17
1.139666	7.033505134452098e-17
1.140819	8.106717597113552e-17
1.141973	8.357047958948148e-17
1.143126	8.725184218925271e-17
1.144279	8.474041366893142e-17
1.145433	8.198435404725563e-17
1.146586	7.173348195149718e-17
1.147739	7.658995513136364e-17
1.148892	7.801744948422135e-17
1.150046	7.454878279184731e-17
1.151199	7.984565777405218e-17
1.152352	7.554369934487962e-17
1.153506	8.092884618776814e-17
1.154659	7.333677374393153e-17
1.155812	7.364036985016788e-17
1.156965	8.005671752514789e-17
1.158119	8.424667528666274e-17
1.159272	8.083847320075936e-17
1.160425	8.408510611564415e-17
1.161579	8.403960841425466e-17
1.162732	7.897891035745122e-17
1.163885	8.15691195983551e-17
1.165038	8.490576387516281e-17
1.166192	8.214669186096681e-17
1.167345	7.898028624475335e-17
1.168498	8.283797665493309e-17
1.169652	8.183958643972321e-17
1.170805	7.973537458417465e-17
1.171958	7.924499381233469e-17
1.173111	8.309350091822472e-17
1.174265	7.720257515597276e-17
1.175418	8.287667297303705e-17
1.176571	8.243471944825009e-17
1.177725	8.442365420540984e-17
1.178878	8.377881471698752e-17
1.180031	8.092029879674389e-17
1.181185	8.07474707363483e-17
1.182338	8.914268082144354e-17
1.183491	8.840038439341519e-17
1.184644	9.090918836160791e-17
1.185798	8.62868603911502e-17
1.186951	8.623786741207767e-17
1.188104	9.551985698002458e-17
1.189258	9.66775346601075e-17
1.190411	9.246286752843422e-17
1.191564	9.251600478353197e-17
1.192717	8.927039148010471e-17
1.193871	9.95113152468006e-17
1.195024	9.223800753372603e-17
1.196177	9.571389061752257e-17
1.19733	1.0153787193825353e-16
1.198484	1.0165039930840022e-16
1.199637	1.0403563668261599e-16
1.20079	9.986259091795634e-17
1.201944	9.908888319315612e-17
1.203097	1.0318699536540983e-16
1.20425	1.0830146158620908e-16
1.205404	9.918371518115113e-17
1.206557	9.894254443407636e-17
1.20771	1.0013910867515315e-16
1.208863	1.1089046615658122e-16
1.210017	1.0576889336710876e-16
1.21117	1.0022650756620105e-16
1.212323	9.825262597744288e-17
1.213477	1.0075789798655977e-16
1.21463	1.0551312235908293e-16
1.215783	1.0621607549090703e-16
1.216936	1.0565090480348868e-16
1.21809	1.0801861722870744e-16
1.219243	1.1382563630329768e-16
1.220396	1.0841185279284348e-16
1.22155	1.1106360198992985e-16
1.222703	1.1299821476519058e-16
1.223856	1.1499494038055266e-16
1.225009	1.1785197241371013e-16
1.226163	1.1201195520104452e-16
1.227316	1.1816119527235394e-16
1.228469	1.1214752218319342e-16
1.229623	1.0896042640239439e-16
1.230776	1.0959971902860229e-16
1.231929	1.032787819226209e-16
1.233082	1.0066660143441052e-16
1.234236	9.930143597048296e-17
1.235389	9.690563932218527e-17
1.236542	1.0238573764374905e-16
1.237696	1.0025802918501339e-16
1.238849	1.0756107388451256e-16
1.240002	1.1143409218770983e-16
1.241156	1.094220585207755e-16
1.242309	1.0666006965455211e-16
1.243462	9.838115431188931e-17
1.244615	8.876362936233389e-17
1.245769	8.551891984233153e-17
1.246922	7.838976246930114e-17
1.248075	7.259388107047864e-17
1.249228	7.477843942012774e-17
1.250382	8.330158822624521e-17
1.251535	8.515369019295306e-17
1.252688	9.247800505948305e-17
1.253842	1.0257066398346833e-16
1.254995	1.0791160675458635e-16
1.256148	1.0392506692891234e-16
1.257301	1.1568170163726868e-16
1.258455	1.1366187528145296e-16
1.259608	1.1246703872435916e-16
1.260761	1.0999204240504769e-16
1.261915	1.1552495696339048e-16
1.263068	1.1105618987653545e-16
1.264221	1.1264564137143674e-16
1.265375	1.1580692628261142e-16
1.266528	1.1399033629134072e-16
1.267681	1.236485877874503e-16
1.268834	1.1524524015525852e-16
1.269988	1.0979013013101098e-16
1.271141	1.070065452083093e-16
1.272294	1.083004867947314e-16
1.273448	1.0713866884660766e-16
1.274601	1.165641830981688e-16
1.275754	1.1369770143726806e-16
1.276907	1.1539185117265786e-16
1.278061	1.1930972664138428e-16
1.279214	1.2250471507626383e-16
1.280367	1.2402368487431303e-16
1.28152	1.266829611891502e-16
1.282674	1.3753904760588923e-16
1.283827	1.213031786246126e-16
1.28498	1.105061829810973e-16
1.286134	1.1492350992825659e-16
1.287287	1.1206364909292461e-16
1.28844	1.0714395257764212e-16
1.289594	1.104209396121286e-16
1.290747	1.1009446943517877e-16
1.2919	1.0996618451629922e-16
1.293053	1.165348553735305e-16
1.294207	1.165194514701016e-16
1.29536	1.184329677525232e-16
1.296513	1.1850831452971839e-16
1.297667	1.2096683711122447e-16
1.29882	1.2427135150067303e-16
1.299973	1.2016603587366152e-16
1.301126	1.2074428375084983e-16
1.30228	1.216094701670503e-16
1.303433	1.1754417366450488e-16
1.304586	1.190451770869476e-16
1.30574	1.1874221364623568e-16
1.306893	1.196877380958453e-16
1.308046	1.1788199137757275e-16
1.309199	1.2313647067203875e-16
1.310353	1.1797901369102202e-16
1.311506	1.2183290130426566e-16
1.312659	1.2102602057603996e-16
1.313813	1.2127164414886688e-16
1.314966	1.1906919225333192e-16
1.316119	1.226289056561971e-16
1.317272	1.2110429886239207e-16
1.318426	1.1676180614238936e-16
1.319579	1.1817912440306367e-16
1.320732	1.0743075217934587e-16
1.321886	1.1064477897915814e-16
1.323039	1.0201295393415336e-16
1.324192	1.0216164448129123e-16
1.325346	1.0471302307926105e-16
1.326499	1.0960150582556751e-16
1.327652	1.019950155718962e-16
1.328805	1.0369697029753828e-16
1.329959	1.0240674316017341e-16
1.331112	8.607723897108878e-17
1.332265	9.745534529159417e-17
1.333418	8.22728242868629e-17
1.334572	8.023437980694091e-17
1.335725	7.777696215416818e-17
1.336878	7.241077601536826e-17
1.338032	6.785280053436508e-17
1.339185	7.241647102227157e-17
1.340338	6.850196076656096e-17
1.341491	5.995941731620942e-17
1.342645	6.918780747362852e-17
1.343798	6.585790407410393e-17
1.344951	6.607116761578567e-17
1.346105	7.902227708865908e-17
1.347258	8.366824100103351e-17
1.348411	8.793113432119759e-17
1.349565	9.49688053686263e-17
1.350718	1.0837925008045264e-16
1.351871	9.263728014212587e-17
1.353024	1.3949966892129852e-16
1.354178	1.4083772559411395e-16
1.355331	1.305711271185554e-16
1.356484	1.2908494919885028e-16
1.357638	1.393902251025617e-16
1.358791	1.1525684257573637e-16
1.359944	9.067819400269898e-17
1.361097	7.332618195406674e-17
1.362251	6.180523434871068e-17
1.363404	4.8966825471712236e-17
1.364557	3.3014346814822177e-17
1.36571	3.019192968475497e-17
1.366864	2.5393535373379813e-17
1.368017	2.634198515931636e-17
1.36917	2.2170870728780635e-17
1.370324	1.8007199711120428e-17
1.371477	1.554211449605583e-17
1.37263	1.4597383035209755e-17
1.373784	1.639672159366328e-17
1.374937	1.4346880928618433e-17
1.37609	2.0533326710789863e-17
1.377243	2.5693399139603415e-17
1.378397	3.973210903062794e-17
1.37955	4.9143985757601367e-17
1.380703	6.226638444995082e-17
1.381857	6.414317788631065e-17
1.38301	5.625718605879877e-17
1.384163	4.798270321168788e-17
1.385316	4.627115690608064e-17
1.38647	2.887911943803869e-17
1.387623	2.1725008300633424e-17
1.388776	1.9616625329002057e-17
1.38993	2.0409179869884898e-17
1.391083	2.1225256929290097e-17
1.392236	2.870953912338566e-17
1.393389	2.752335455290009e-17
1.394543	2.71505736654828e-17
1.395696	3.172684537958634e-17
1.396849	3.429072579382272e-17
1.398003	2.652117648451466e-17
1.399156	2.9353202515017885e-17
1.400309	3.236257407483624e-17
1.401462	2.802272043715733e-17
1.402616	2.6596677830316144e-17
1.403769	3.222266795511669e-17
1.404922	2.996158882728593e-17
1.406076	3.0065109080821517e-17
1.407229	3.3981211312853913e-17
1.408382	3.1524535912494227e-17
1.409536	2.7869034980881295e-17
1.410689	2.692826223038142e-17
1.411842	2.8940615357574515e-17
1.412995	2.670898559182687e-17
1.414149	2.676192953153795e-17
1.415302	2.7841464108795055e-17
1.416455	3.0416631357769505e-17
1.417608	3.0817069517691026e-17
1.418762	3.2896461553875216e-17
1.419915	3.0227402994728865e-17
1.421068	3.003320753259019e-17
1.422222	3.31800461931365e-17
1.423375	3.2985159505605935e-17
1.424528	3.4761942531693977e-17
1.425681	3.300991010056108e-17
1.426835	2.970714130031765e-17
1.427988	3.0014365503306603e-17
1.429141	2.693149318278188e-17
1.430295	3.636319357751734e-17
1.431448	3.748254488985029e-17
1.432601	4.185844779647944e-17
1.433755	4.1613416101277e-17
1.434908	3.438905239405434e-17
1.436061	3.604562662953392e-17
1.437214	4.00999846349292e-17
1.438368	3.194441583508946e-17
1.439521	3.976898138629633e-17
1.440674	3.929098769689541e-17
1.441828	3.200024432083496e-17
1.442981	3.237835891929736e-17
1.444134	3.255435772895225e-17
1.445287	3.478151719018148e-17
1.446441	3.8677204481901196e-17
1.447594	3.5803604371256734e-17
1.448747	4.1381519561428137e-17
1.449901	4.0660797070081834e-17
1.451054	3.8579419015173463e-17
1.452207	3.914697426058956e-17
1.45336	3.491798859577093e-17
1.454514	3.6577068785745406e-17
1.455667	3.258877800675192e-17
1.45682	3.76564061063526e-17
1.457974	3.558874657623488e-17
1.459127	3.983607514017438e-17
1.46028	3.707248501591036e-17
1.461433	4.629592595427774e-17
1.462587	5.2182821082588477e-17
1.46374	5.761916135227561e-17
1.464893	5.2139466993783093e-17
1.466047	5.225450233564656e-17
1.4672	4.9296876857060634e-17
1.468353	5.156234750075563e-17
1.469507	5.224088430976672e-17
1.47066	5.061961584639391e-17
1.471813	4.4509818894064974e-17
1.472966	4.205202498542645e-17
1.47412	4.2642292533858016e-17
1.475273	4.330610825857835e-17
1.476426	4.043487585628408e-17
1.477579	4.114033017797994e-17
1.478733	3.5715950847235373e-17
1.479886	4.251252411669281e-17
1.481039	4.217366492435393e-17
1.482193	4.420394511872222e-17
1.483346	4.410119798934315e-17
1.484499	4.495209077008818e-17
1.485652	3.71394535437776e-17
1.486806	3.535752666936756e-17
1.487959	3.5963216728493557e-17
1.489112	4.33523038950473e-17
1.490266	4.0034116984351583e-17
1.491419	4.0488909602912835e-17
1.492572	4.4035019229135046e-17
1.493726	4.040323347377701e-17
1.494879	4.2682936302273485e-17
1.496032	4.377936844094964e-17
1.497185	4.5536032188067415e-17
1.498339	4.5834935437269226e-17
1.499492	4.906599158221921e-17
1.500645	4.395896685085873e-17
1.501799	4.532827018705356e-17
1.502952	4.597504838557484e-17
1.504105	4.8132678137439157e-17
1.505258	4.9357132818298e-17
1.506412	5.108077307742266e-17
1.507565	4.995786740304273e-17
1.508718	5.1912727022495047e-17
1.509871	4.2952439229824275e-17
1.511025	5.213238349761771e-17
1.512178	5.128144541257212e-17
1.513331	4.9693093548567404e-17
1.514485	4.90775294815894e-17
1.515638	5.764535958527513e-17
1.516791	4.9131358664314e-17
1.517945	4.991342927583631e-17
1.519098	5.562169534539489e-17
1.520251	4.985221532796334e-17
1.521404	5.609667591705146e-17
1.522558	5.094356195517137e-17
1.523711	4.9696069564048936e-17
1.524864	5.614637562224951e-17
1.526018	5.744600254347554e-17
1.527171	5.569931965695915e-17
1.528324	5.634872984972329e-17
1.529477	5.1899269048530166e-17
1.530631	5.599767008757943e-17
1.531784	5.53710719789417e-17
1.532937	5.488991629516832e-17
1.534091	5.701422809296174e-17
1.535244	5.901164533514753e-17
1.536397	5.457356247752359e-17
1.53755	5.540107279900372e-17
1.538704	5.800776830416226e-17
1.539857	5.882889245189369e-17
1.54101	5.816146564668771e-17
1.542164	6.186798502173083e-17
1.543317	6.615278577223574e-17
1.54447	6.127071644329073e-17
1.545623	6.230062872419203e-17
1.546777	5.457873358334677e-17
1.54793	5.586166854858968e-17
1.549083	6.305937227976146e-17
1.550237	6.294952059055598e-17
1.55139	6.091096216253726e-17
1.552543	5.857175245298542e-17
1.553697	5.736928481699271e-17
1.55485	6.490634225161924e-17
1.556003	6.456664998192649e-17
1.557156	6.437983048710413e-17
1.55831	6.535680219126464e-17
1.559463	6.81941918821727e-17
1.560616	6.348120403007017e-17
1.561769	6.058435377722928e-17
1.562923	6.24813141838607e-17
1.564076	6.288152848011792e-17
1.565229	6.889102999805152e-17
1.566383	7.398438806223727e-17
1.567536	6.527580443578482e-17
1.568689	6.831467449746726e-17
1.569842	7.090538630611354e-17
1.570996	6.636806899940101e-17
1.572149	6.617139486135217e-17
1.573302	6.70078160600624e-17
1.574456	6.744655610604264e-17
1.575609	6.929817487725652e-17
1.576762	6.4851412271712e-17
1.577916	6.970893774213841e-17
1.579069	6.951053860077186e-17
1.580222	6.803411557702613e-17
1.581375	7.191586718999916e-17
1.582529	6.837877657275898e-17
1.583682	7.10724447007748e-17
1.584835	6.909743664446403e-17
1.585989	6.915938591370178e-17
1.587142	7.311880125546462e-17
1.588295	6.90464910136405e-17
1.589448	7.23442551533752e-17
1.590602	7.556876005614103e-17
1.591755	7.50138547121189e-17
1.592908	7.065547996526218e-17
1.594061	6.826278346386657e-17
1.595215	6.911236208232507e-17
1.596368	7.269395809160802e-17
1.597521	7.053232376948701e-17
1.598675	7.207109201386778e-17
1.599828	7.224758073506462e-17
1.600981	7.624773315090238e-17
1.602135	7.386128441690102e-17
1.603288	7.224811913453993e-17
1.604441	7.398648562465228e-17
1.605594	7.539844972568597e-17
1.606748	7.484184443245173e-17
1.607901	7.308807699862331e-17
1.609054	7.366353020707801e-17
1.610208	7.783838428138551e-17
1.611361	7.518724424994941e-17
1.612514	7.760743356311467e-17
1.613667	7.506678322461456e-17
1.614821	6.85732611000002e-17
1.615974	7.035979557617429e-17
1.617127	7.162285439149567e-17
1.618281	6.983925124034534e-17
1.619434	7.003441248908262e-17
1.620587	7.212276318389632e-17
1.62174	7.287318243048425e-17
1.622894	7.130502066043363e-17
1.624047	7.451413024594926e-17
1.6252	7.693404140713382e-17
1.626354	7.503691783543818e-17
1.627507	7.750611196704181e-17
1.62866	7.277653772308298e-17
1.629813	7.218567745571793e-17
1.630967	7.305290976528775e-17
1.63212	7.449605209476924e-17
1.633273	7.855775347999682e-17
1.634427	8.023309910907955e-17
1.63558	8.043408701881549e-17
1.636733	7.77696209941816e-17
1.637887	7.659970144032437e-17
1.63904	7.809114263300326e-17
1.640193	8.098033074424238e-17
1.641346	8.427245607171088e-17
1.6425	8.790655548306686e-17
1.643653	8.171238218197525e-17
1.644806	7.689497251638889e-17
1.645959	7.726984035696254e-17
1.647113	7.408932275540073e-17
1.648266	7.595809196863802e-17
1.649419	7.422720908738846e-17
1.650573	7.448693043646931e-17
1.651726	7.605990738341823e-17
1.652879	7.689811532377081e-17
1.654032	7.582868842379866e-17
1.655186	7.076230367094687e-17
1.656339	7.014596164427763e-17
1.657492	7.35261357716381e-17
1.658646	7.549222323031996e-17
1.659799	7.701157694605425e-17
1.660952	7.712530687173767e-17
1.662106	7.640850514124015e-17
1.663259	7.849311359637914e-17
1.664412	7.902478062288981e-17
1.665565	8.129997469298546e-17
1.666719	8.029667853031173e-17
1.667872	7.926667936448589e-17
1.669025	8.077233341397479e-17
1.670179	7.743327594907967e-17
1.671332	7.925452607356434e-17
1.672485	8.450434268519419e-17
1.673638	7.980968123178018e-17
1.674792	7.668241273943168e-17
1.675945	7.681847504184792e-17
1.677098	7.736913100845869e-17
1.678252	7.73304443224992e-17
1.679405	7.965654581027236e-17
1.680558	8.347819927036223e-17
1.681711	8.123360914098288e-17
1.682865	8.067274949277615e-17
1.684018	8.006042372976998e-17
1.685171	7.799835882471373e-17
1.686325	7.804530313509132e-17
1.687478	7.315699057335277e-17
1.688631	7.350327127007893e-17
1.689784	7.310773196492558e-17
1.690938	7.241543448166564e-17
1.692091	7.058368221108973e-17
1.693244	7.047433316536675e-17
1.694398	6.314575539895494e-17
1.695551	6.718829566107225e-17
1.696704	6.814395134982252e-17
1.697857	6.963975024318967e-17
1.699011	7.038326821054008e-17
1.700164	7.020501001896941e-17
1.701317	7.155437500330442e-17
1.702471	6.818834017451835e-17
1.703624	6.882981344801786e-17
1.704777	6.753669368980253e-17
1.70593	6.571962612779019e-17
1.707084	6.520653281569738e-17
1.708237	6.676877104211937e-17
1.70939	5.968322386473419e-17
1.710544	6.020684361733498e-17
1.711697	6.621380014371607e-17
1.71285	6.066172817099544e-17
1.714003	6.06954202656292e-17
1.715157	5.612098138556219e-17
1.71631	5.414919086195385e-17
1.717463	5.5369255358998505e-17
1.718617	5.4973156922783556e-17
1.71977	5.720597300717367e-17
1.720923	5.559620479768551e-17
1.722077	5.496270731688984e-17
1.72323	5.668754547818664e-17
1.724383	5.5437618384110354e-17
1.725536	5.219601022054199e-17
1.72669	5.869002134916523e-17
1.727843	5.72365559212005e-17
1.728996	4.6520861446152287e-17
1.73015	5.5397976700015273e-17
1.731303	5.090853405992436e-17
1.732456	5.449886966418803e-17
1.733609	5.1939327731251126e-17
1.734763	5.923453368604976e-17
1.735916	5.485511872833615e-17
1.737069	5.495181083934814e-17
1.738222	5.515420166232002e-17
1.739376	4.796177341667682e-17
1.740529	4.318532230185176e-17
1.741682	4.9087220760975364e-17
1.742836	4.303901096580953e-17
1.743989	4.6305469251124294e-17
1.745142	4.551654524610334e-17
1.746296	4.4069493290282863e-17
1.747449	4.225775512025507e-17
1.748602	4.1597782290955354e-17
1.749755	4.0771737942575974e-17
1.750909	4.017003791996315e-17
1.752062	4.198161028864538e-17
1.753215	4.18151376805551e-17
1.754369	4.2348560961094855e-17
1.755522	3.838961952373582e-17
1.756675	4.411176364313585e-17
1.757828	3.60932796300808e-17
1.758982	4.109137186006209e-17
1.760135	3.486675347780315e-17
1.761288	3.9504708134764506e-17
1.762442	3.769439767319388e-17
1.763595	3.8269513052857677e-17
1.764748	3.845526239407339e-17
1.765901	3.484411813884002e-17
1.767055	3.8304568473100385e-17
1.768208	3.931538254758004e-17
1.769361	4.00622467771454e-17
1.770515	3.321921745036348e-17
1.771668	3.7368763861576164e-17
1.772821	3.5039989453947776e-17
1.773974	3.594420051993677e-17
1.775128	3.828703429468296e-17
1.776281	3.340769581408875e-17
1.777434	2.6937174813659745e-17
1.778588	3.3700565485062344e-17
1.779741	3.0955335273607226e-17
1.780894	3.079556720187452e-17
1.782048	2.9136475269000414e-17
1.783201	3.005099759789825e-17
1.784354	3.486255781303293e-17
1.785507	3.248022320686698e-17
1.786661	3.1030547952162044e-17
1.787814	3.118335591782124e-17
1.788967	3.4066051395070134e-17
1.79012	3.09548696440696e-17
1.791274	2.842762480705567e-17
1.792427	2.6334774864946758e-17
1.79358	3.1883895323659234e-17
1.794734	3.044288590883146e-17
1.795887	3.43004334980827e-17
1.79704	3.369697319436179e-17
1.798193	3.027825791552857e-17
1.799347	3.968025073895167e-17
1.8005	3.2468908856287833e-17
1.801653	3.312468662729149e-17
1.802807	3.3818982759947786e-17
1.80396	3.1093978558071814e-17
1.805113	3.033086940544969e-17
1.806267	2.9894129691024316e-17
1.80742	2.921499098484631e-17
1.808573	2.78234777173186e-17
1.809726	2.954735238908206e-17
1.81088	3.204876941210491e-17
1.812033	3.205644022132789e-17
1.813186	3.597474375355364e-17
1.81434	3.258392171680581e-17
1.815493	3.474778100944472e-17
1.816646	3.364286735962851e-17
1.817799	3.100044297441758e-17
1.818953	3.244399496217095e-17
1.820106	3.092143886669261e-17
1.821259	3.060918385055204e-17
1.822412	3.058836117528922e-17
1.823566	3.3509669259679634e-17
1.824719	3.567852961276332e-17
1.825872	3.663172593603312e-17
1.827026	3.808650082478357e-17
1.828179	4.081873162650462e-17
1.829332	3.559729856270875e-17
1.830486	4.5586136305043045e-17
1.831638979	0.
1.832792267	0.
1.833945555	0.
1.835098843	0.
1.836252131	0.
1.837405418	0.
1.838558706	0.
1.839711994	0.
1.840865282	0.
1.84201857	0.
1.843171858	0.
1.844325146	0.
1.845478434	0.
1.846631722	0.
1.84778501	0.
1.848938298	0.
1.850091586	0.
1.851244874	0.
1.852398162	0.
1.85355145	0.
1.854704738	0.
1.855858026	0.
1.857011314	0.
1.858164602	0.
1.85931789	0.
1.860471178	0.
1.861624466	0.
1.862777754	0.
1.863931042	0.
1.86508433	0.
1.866237618	0.
1.867390905	0.
1.868544193	0.
1.869697481	0.
1.870850769	0.
1.872004	1.0701096334440723e-15
1.873157	5.5241754943134675e-17
1.874311	5.2797263592345984e-17
1.875464	3.865013544946253e-17
1.876617	1.3435631802726511e-17
1.877771	1.193624954214451e-17
1.878924	1.4796655052505867e-17
1.880077	1.3529286411449966e-17
1.88123	1.958784997118484e-17
1.882384	1.7342513608898726e-17
1.883537	1.1591772065854977e-17
1.88469	6.151017489544851e-18
1.885844	4.7520294388542334e-18
1.886997	7.590235050728481e-18
1.88815	1.1914145293087099e-17
1.889303	1.4949285544246325e-17
1.890457	1.4302544736817073e-17
1.89161	1.348151934179597e-17
1.892763	1.1970510579784669e-17
1.893916	1.2013305733111008e-17
1.89507	1.6777052097109278e-17
1.896223	2.8662315635641304e-17
1.897376	4.191757291704913e-17
1.89853	1.2535491639429494e-16
1.899683	-4.960522858593082e-17
1.900836	-1.758836342888999e-17
1.90199	-1.6439113755778524e-17
1.903143	1.0645492265856587e-16
1.904296	1.720091271632319e-17
1.905449	1.4875057438235877e-17
1.906603	1.5280595652999693e-17
1.907756	2.066295629695035e-17
1.908909	2.7645544705800825e-17
1.910063	3.5652913354929895e-17
1.911216	5.077554688004692e-17
1.912369	3.778596070074574e-17
1.913522	3.141692234189289e-17
1.914676	2.3636750266504584e-17
1.915829	2.759111103708492e-17
1.916982	2.4133880854249704e-17
1.918136	2.94235457199432e-17
1.919289	3.0400302009252484e-17
1.920442	3.329015005574894e-17
1.921595	2.815757402116853e-17
1.922749	2.682974142291e-17
1.923902	2.889576389587593e-17
1.925055	3.2513024850064025e-17
1.926209	3.4392799702750885e-17
1.927362	3.333604075665427e-17
1.928515	3.024400067065049e-17
1.929668	2.232708127030701e-17
1.930822	1.914544479838027e-17
1.931975	1.896509177063146e-17
1.933128	2.411873013486467e-17
1.934282	2.461623258374989e-17
1.935435	3.160572493752661e-17
1.936588	3.096359629525249e-17
1.937742	3.039031493266762e-17
1.938895	2.845921971795757e-17
1.940048	2.362495675088158e-17
1.941201	2.0566490237587394e-17
1.942355	2.3322793330318124e-17
1.943508	2.6846418371861487e-17
1.944661	2.72349561186837e-17
1.945814	2.727829767812905e-17
1.946968	2.7609238968414296e-17
1.948121	2.19814915379983e-17
1.949274	2.472374116106661e-17
1.950428	2.2365270573236764e-17
1.951581	2.5038780795741883e-17
1.952734	3.3631416537701937e-17
1.953887	3.664782143237857e-17
1.955041	2.9400666163895066e-17
1.956194	2.3927371088984316e-17
1.957347	2.0033677711797637e-17
1.958501	1.9452243045534365e-17
1.959654	1.8869881924672145e-17
1.960807	1.8124830259816394e-17
1.961961	2.003484866613648e-17
1.963114	2.068281109016069e-17
1.964267	2.409434532108288e-17
1.96542	2.1296953724653196e-17
1.966574	1.9361672108580826e-17
1.967727	2.0822207709513055e-17
1.96888	1.89802772682583e-17
1.970034	2.0727338573490047e-17
1.971187	2.1857521008831988e-17
1.97234	2.1209994271525052e-17
1.973493	1.7880967767291277e-17
1.974647	1.8017680605581233e-17
1.9758	1.745738670462882e-17
1.976953	1.4999436436621977e-17
1.978106	1.5523038617307305e-17
1.97926	1.7651401458348896e-17
1.980413	1.760243210768256e-17
1.981566	1.849833513663186e-17
1.98272	1.778538617644218e-17
1.983873	1.6568630971395582e-17
1.985026	1.914993757871168e-17
1.98618	2.013683667688193e-17
1.987333	1.9015036531392117e-17
1.988486	1.714051848551761e-17
1.989639	1.681365476059334e-17
1.990793	1.9446592763595293e-17
1.991946	1.973278800084426e-17
1.993099	2.0505092946463445e-17
1.994253	2.0620039433688948e-17
1.995406	2.3178313257484576e-17
1.996559	2.6785921321672858e-17
1.997712	3.2632891317355474e-17
1.998866	3.237414471371824e-17
2.000019	3.5838606299659705e-17
2.001172	3.364856692581675e-17
2.002326	2.3909467369332608e-17
2.003479	2.266175612207942e-17
2.004632	1.993626219721886e-17
2.005785	2.0804491167291042e-17
2.006939	2.2639551785898962e-17
2.008092	2.5179261652565097e-17
2.009245	2.5317533983070096e-17
2.010399	2.6818866707917943e-17
2.011552	2.800639467575982e-17
2.012705	2.978199063829193e-17
2.013859	2.7242345850138967e-17
2.015012	2.831166577754063e-17
2.016165	2.6269054253024925e-17
2.017318	1.8480372290638144e-17
2.018472	1.7586683173084282e-17
2.019625	2.150221734750049e-17
2.020778	2.0542640772094295e-17
2.021931	2.648300558615837e-17
2.023085	2.250999273699647e-17
2.024238	2.125514744215987e-17
2.025391	1.7409189384724193e-17
2.026545	1.5595476975140534e-17
2.027698	1.4806332944741993e-17
2.028851	1.4967856119561193e-17
2.030005	1.5015949758999102e-17
2.031158	1.7894807210401476e-17
2.032311	1.5972063538003343e-17
2.033464	1.476133225435937e-17
2.034618	1.6237907825862774e-17
2.035771	1.4203725506255886e-17
2.036924	1.6044238666875405e-17
2.038078	1.4716349375525923e-17
2.039231	1.3218014609157515e-17
2.040384	1.1902068877496125e-17
2.041537	1.2848327315923046e-17
2.042691	1.659969314025554e-17
2.043844	1.9185825681320225e-17
2.044997	2.081621120146537e-17
2.04615	2.4175356340693172e-17
2.047304	2.5864200499745767e-17
2.048457	2.4496855880393357e-17
2.04961	2.651238313592878e-17
2.050764	2.3996119592587708e-17
2.051917	2.4571338771267992e-17
2.05307	2.1129480648778667e-17
2.054224	2.0154703260173296e-17
2.055377	1.7254949644058637e-17
2.05653	1.645391835007896e-17
2.057683	1.7872813000094584e-17
2.058837	1.9282291035940396e-17
2.05999	2.127373540714142e-17
2.061143	2.204353259765566e-17
2.062297	2.5250660455095128e-17
2.06345	2.6005220138603844e-17
2.064603	2.4061401383316788e-17
2.065756	2.513811379477693e-17
2.06691	2.2234648864645828e-17
2.068063	1.9957404587450202e-17
2.069216	1.900250830915082e-17
2.070369	1.85454222684334e-17
2.071523	1.5618508460357996e-17
2.072676	1.7105682113131337e-17
2.073829	1.6122473751316226e-17
2.074983	1.9426530657825043e-17
2.076136	2.1572489740320583e-17
2.077289	2.1537251068270224e-17
2.078443	2.2569395631707475e-17
2.079596	2.170025675438131e-17
2.080749	2.5666807161872693e-17
2.081903	2.735693611290953e-17
2.083056	2.994811488909557e-17
2.084209	2.914300060356827e-17
2.085362	2.939579731643924e-17
2.086516	2.5844268577416342e-17
2.087669	2.4075920204699115e-17
2.088822	2.2086396069930506e-17
2.089976	2.1306642503372385e-17
2.091129	2.1347540477256494e-17
2.092282	2.3067629608981648e-17
2.093435	2.34952924859555e-17
2.094589	2.469909358770162e-17
2.095742	2.7875048974170733e-17
2.096895	2.7236848060654237e-17
2.098048	2.772837707269903e-17
2.099202	2.7526047311385096e-17
2.100355	2.7584303039782174e-17
2.101508	2.650095834863131e-17
2.102662	2.546757883580863e-17
2.103815	2.646515728322406e-17
2.104968	2.6031079000615662e-17
2.106122	2.4195423052247493e-17
2.107275	2.31353024427824e-17
2.108428	2.2098110794581268e-17
2.109581	2.1272701883683225e-17
2.110735	2.4502830614605494e-17
2.111888	2.3586947431829145e-17
2.113041	2.3638136717273653e-17
2.114195	2.3794243871691992e-17
2.115348	2.401390917524263e-17
2.116501	2.4581048122410403e-17
2.117654	2.460658664086759e-17
2.118808	2.4519051891990748e-17
2.119961	2.5769487034397334e-17
2.121114	2.4709255295688314e-17
2.122267	2.6207102339899193e-17
2.123421	2.555510492245841e-17
2.124574	2.5914844797649728e-17
2.125727	2.616173096290608e-17
2.126881	2.8430705974088586e-17
2.128034	2.735257254570835e-17
2.129187	2.80351481868211e-17
2.130341	2.7393576526474605e-17
2.131494	2.832629243299912e-17
2.132647	2.9549199342222574e-17
2.133801	3.043882021066098e-17
2.134954	3.144069105480872e-17
2.136107	3.1540183479524144e-17
2.13726	3.212390682585655e-17
2.138414	3.1201069413175314e-17
2.139567	3.5332667490778246e-17
2.14072	3.6403833381234136e-17
2.141873	3.539889538456616e-17
2.143027	3.5961457348185474e-17
2.14418	3.6645130008142496e-17
2.145333	3.323687414988757e-17
2.146487	3.225803377457469e-17
2.14764	2.8629707145680973e-17
2.148793	2.517456045605218e-17
2.149946	2.2197259699283498e-17
2.1511	2.013306716456845e-17
2.152253	2.0024076869273075e-17
2.153406	2.2335851073295624e-17
2.15456	2.5875764494056184e-17
2.155713	3.042144943094717e-17
2.156866	3.272565843741178e-17
2.15802	3.3510704268088446e-17
2.159173	3.494815362674357e-17
2.160326	3.5263797265311766e-17
2.161479	3.482191062914129e-17
2.162633	3.6364878146329176e-17
2.163786	3.810595499165726e-17
2.164939	3.8142668683092974e-17
2.166092	3.744562749597225e-17
2.167246	3.5490038596002263e-17
2.168399	3.347246400364335e-17
2.169552	3.2733523216014585e-17
2.170706	3.3084992683742087e-17
2.171859	3.327959114698426e-17
2.173012	3.483289799525839e-17
2.174165	3.5261893420969947e-17
2.175319	3.386385815073363e-17
2.176472	3.2282310815697196e-17
2.177625	3.1459658698907874e-17
2.178779	3.1063311321609694e-17
2.179932	2.9213213627124097e-17
2.181085	2.8520030066974654e-17
2.182239	2.9414312398410166e-17
2.183392	2.6939154872071596e-17
2.184545	3.072580905466933e-17
2.185698	2.97232137695712e-17
2.186852	2.9968553498059094e-17
2.188005	3.3324213218981084e-17
2.189158	3.4401958625027466e-17
2.190311	3.521845003195738e-17
2.191465	3.520292781190008e-17
2.192618	3.602655481386813e-17
2.193771	3.316308346741271e-17
2.194925	3.211827196171103e-17
2.196078	2.9729517132132046e-17
2.197231	3.1119808559873914e-17
2.198385	3.190389039813655e-17
2.199538	3.475476810948492e-17
2.200691	3.307184631352044e-17
2.201844	3.37567269674742e-17
2.202998	3.3749434052174726e-17
2.204151	3.429489418193652e-17
2.205304	3.5831830875959535e-17
2.206458	3.5923164930311384e-17
2.207611	3.7773389060192546e-17
2.208764	3.4847495271365424e-17
2.209918	3.4975186922592565e-17
2.211071	3.221687984719384e-17
2.212224	3.0607316912642663e-17
2.213377	3.243111851761593e-17
2.21453	3.539959946663113e-17
2.215684	3.5554422582130193e-17
2.216837	4.057417612830274e-17
2.21799	4.2108701646822594e-17
2.219144	4.294934204898657e-17
2.220297	4.049921479431424e-17
2.22145	4.1024830370521427e-17
2.222604	3.8881169913360283e-17
2.223757	3.76205697497019e-17
2.22491	3.6799560877293846e-17
2.226063	3.544227063869303e-17
2.227217	3.3471455729220286e-17
2.22837	3.423393096130756e-17
2.229523	3.2446348344384874e-17
2.230677	3.212969573142502e-17
2.23183	3.109557872394023e-17
2.232983	3.349503236022383e-17
2.234137	3.4751652885801124e-17
2.23529	3.636743879422243e-17
2.236443	3.7740754845458387e-17
2.237596	3.9947868488912206e-17
2.23875	4.166823758495597e-17
2.239903	4.5409595980810466e-17
2.241056	4.390820323311323e-17
2.242209	4.3865263059094777e-17
2.243363	4.097378419507646e-17
2.244516	4.3655889079389713e-17
2.245669	4.1183681491478447e-17
2.246823	4.1973230782184645e-17
2.247976	4.207329640309269e-17
2.249129	3.977120076226897e-17
2.250283	3.7133713055581685e-17
2.251436	3.507496804538742e-17
2.252589	3.5347860448334046e-17
2.253742	3.453223460633279e-17
2.254896	3.331996218186629e-17
2.256049	3.6969840034494395e-17
2.257202	3.581037764233546e-17
2.258356	3.5227223209677934e-17
2.259509	3.68400864189976e-17
2.260662	3.6149194515680224e-17
2.261815	3.678513295451365e-17
2.262969	3.6954167375601556e-17
2.264122	3.699379569794246e-17
2.265275	3.663182014381713e-17
2.266428	3.393028005501362e-17
2.267582	3.5543023362188785e-17
2.268735	3.5016942367516834e-17
2.269888	3.3546188692645905e-17
2.271042	3.473944279224665e-17
2.272195	3.406199377211012e-17
2.273348	3.660089028396625e-17
2.274502	3.729988303845721e-17
2.275655	3.5840272257873857e-17
2.276808	3.564896117951317e-17
2.277961	3.587874533490254e-17
2.279115	3.688461122938175e-17
2.280268	3.761455526391828e-17
2.281421	3.815826894449524e-17
2.282575	3.757839560787047e-17
2.283728	3.2802996454356945e-17
2.284881	3.37635697728269e-17
2.286034	3.370332293039167e-17
2.287188	3.4765841233809966e-17
2.288341	3.35093001944375e-17
2.289494	3.3502410036049834e-17
2.290648	3.1313934893433425e-17
2.291801	3.002142222137196e-17
2.292954	3.019382315802488e-17
2.294107	2.9220238240202766e-17
2.295261	3.022566379136654e-17
2.296414	2.9413905513165555e-17
2.297567	2.9783525268546e-17
2.298721	2.6679638861897855e-17
2.299874	2.58857734381346e-17
2.301027	2.8172511843843403e-17
2.302181	2.7968487860189103e-17
2.303334	2.9254152790892673e-17
2.304487	2.8244723345128336e-17
2.30564	2.5289794382480762e-17
2.306794	2.373968919137029e-17
2.307947	2.5844522321316867e-17
2.3091	2.5072009764897687e-17
2.310253	3.0210965633802955e-17
2.311407	3.119522606979719e-17
2.31256	2.939212996054338e-17
2.313713	2.6299066836409043e-17
2.314867	2.656926234081233e-17
2.31602	2.517085425545524e-17
2.317173	2.3488042918197314e-17
2.318326	2.3984466335716135e-17
2.31948	2.13259198460448e-17
2.320633	2.145567423301661e-17
2.321786	2.2269501268576272e-17
2.32294	2.0591664922046135e-17
2.324093	2.027807832960965e-17
2.325246	2.2675257713215957e-17
2.3264	2.452025481458503e-17
2.327553	2.409928882455228e-17
2.328706	2.323127542298652e-17
2.329859	2.2588553285059812e-17
2.331013	2.4233627677505082e-17
2.332166	2.3750604235046372e-17
2.333319	2.5170576862468993e-17
2.334472	2.3339608096917418e-17
2.335626	2.7119805423491135e-17
2.336779	2.1710358465072315e-17
2.337932	2.4942653865985983e-17
2.339086	2.3470987469118216e-17
2.340239	2.325347681594535e-17
2.341392	2.1584404846423107e-17
2.342546	2.0150147651929337e-17
2.343699	1.7709199028697925e-17
2.344852	1.8825136793086877e-17
2.346005	2.0693093532301813e-17
2.347159	2.021737341302059e-17
2.348312	1.8312308221873903e-17
2.349465	1.6554794528682075e-17
2.350619	1.734856864592927e-17
2.351772	1.6482927322328262e-17
2.352925	1.6529713622402143e-17
2.354079	1.6846164520687768e-17
2.355232	1.764560228699448e-17
2.356385	1.5017704649345318e-17
2.357538	1.8478706228328764e-17
2.358692	1.8236870666345378e-17
2.359845	2.0008209056618203e-17
2.360998	2.1806630111885646e-17
2.362151	2.0601417328990944e-17
2.363305	2.158591285270139e-17
2.364458	1.9854406000050094e-17
2.365611	2.2422392097152737e-17
2.366765	2.007027306296567e-17
2.367918	2.0048853365228385e-17
2.369071	1.867148813015335e-17
2.370224	1.653333220950712e-17
2.371378	1.540681161201549e-17
2.372531	1.400864930177004e-17
2.373684	1.5525189989391845e-17
2.374838	1.7333161551043318e-17
2.375991	1.629589040680307e-17
2.377144	1.71406596671405e-17
2.378298	1.491667430882426e-17
2.379451	1.3759745051503128e-17
2.380604	1.3717975992564265e-17
2.381757	1.2192366698292721e-17
2.382911	1.3113352994101268e-17
2.384064	1.3002169388834458e-17
2.385217	1.1299734659387652e-17
2.38637	1.1303025641178214e-17
2.387524	1.2480689482603135e-17
2.388677	1.2982282538011783e-17
2.38983	1.3818739276820884e-17
2.390984	1.4766336736329538e-17
2.392137	1.7812793487961678e-17
2.39329	1.882487524950648e-17
2.394444	1.8895765875789427e-17
2.395597	1.8620689895781737e-17
2.39675	1.6705571737004494e-17
2.397903	1.647162762674897e-17
2.399057	1.477456226134774e-17
2.40021	1.5320702047424923e-17
2.401363	1.3513574028783754e-17
2.402517	1.596343049310311e-17
2.40367	1.3104143370796163e-17
2.404823	1.061360689619747e-17
2.405976	9.037464256261156e-18
2.40713	7.415106808487914e-18
2.408283	7.540869071613342e-18
2.409436	7.248013819911258e-18
2.410589	7.795913171556629e-18
2.411743	7.567846082510256e-18
2.412896	6.7933596804516995e-18
2.414049	7.205821084916876e-18
2.415203	6.619600923468991e-18
2.416356	5.167178284758611e-18
2.417509	4.862453193250688e-18
2.418663	5.356725040972042e-18
2.419816	4.825080984982458e-18
2.420969	6.359606817903938e-18
2.422122	6.491482265997555e-18
2.423276	7.923346375895954e-18
2.424429	8.065607133656649e-18
2.425582	7.437008790529448e-18
2.426736	7.266068355318124e-18
2.427889	7.331947630055516e-18
2.429042	7.886528966477342e-18
2.430195	7.444181677137841e-18
2.431349	7.313489078710612e-18
2.432502	5.860739800838954e-18
2.433655	3.896517734839156e-18
2.434808	1.9732175664587687e-18
2.435962	1.7409791864636185e-18
2.437115	2.604419693969655e-18
2.438268	4.024764196929209e-18
2.439422	5.394241012381107e-18
2.440575	5.868544899647439e-18
2.441728	6.5096445733445255e-18
2.442882	7.208040657319751e-18
2.444035	6.335058223972803e-18
2.445188	3.1818363018239937e-18
2.446342	-2.6306789719900324e-19
2.447495	-3.174079041257513e-18
2.448648	-5.253063378685019e-18
2.449801	-6.777946362719855e-18
2.450955	-6.1836117039876686e-18
2.452108	-5.780169261652486e-18
2.453261	-3.4196235392072968e-18
2.454414	-1.6102538767071857e-18
2.455568	4.983092815889499e-20
2.456721	1.0784289137405224e-18
2.457874	1.3758944193987488e-18
2.459028	1.2342843962978943e-18
2.460181	3.2733869466207713e-19
2.461334	-7.807504515505142e-19
2.462487	-1.5564760197156908e-18
2.463641	-1.2922077642825684e-18
2.464794	-1.1133584167866895e-18
2.465947	-1.0412445053034284e-18
2.467101	-1.6538321830622697e-18
2.468254	-2.1637278452295188e-18
2.469407	-3.1972249893801333e-18
2.470561	-4.235443044426266e-18
2.471714	-4.9945469593337166e-18
2.472867	-5.669123382282501e-18
2.47402	-4.9745126586794574e-18
2.475174	-5.6504945504523246e-18
2.476327	-6.8962343395031555e-18
2.47748	-8.366001975736317e-18
2.478634	-1.1399281102548612e-17
2.479787	-1.8474492678736113e-17
2.48094	-2.307503852124778e-17
2.482093	-2.5625103627181174e-17
2.483247	-2.3707701485588738e-17
2.4844	-2.241054423346864e-17
2.485553	-2.223574105771342e-17
2.486706	-2.207540867471038e-17
2.48786	-2.0747477247497475e-17
2.489013	-2.7692200446662546e-17
2.490166	-4.7691994047508657e-17
2.49132	-1.6713622565925508e-16
2.492473	-2.5900171201228345e-16
2.493626	-8.301065013620578e-17
2.49478	-3.5424902571923595e-17
2.495933	-2.184651953315701e-17
2.497086	-1.612969879996941e-17