0.45	2.0713087598886585e-19
0.451155427	1.9971716320847429e-19
0.452310855	2.7391539951516447e-19
0.453466282	2.5787779230825627e-19
0.454621709	2.3568757671763165e-19
0.455777137	1.901389634852856e-19
0.456932564	2.786871010429599e-19
0.458087992	2.8149959994333947e-19
0.459243419	2.516342509809512e-19
0.460398846	2.2424843853553567e-19
0.461554274	2.93791120671766e-19
0.462709701	2.3362036497140826e-19
0.463865128	2.9320962624705835e-19
0.465020556	3.1607930091422833e-19
0.466175983	2.6916922745839306e-19
0.46733141	3.7631417532760966e-19
0.468486838	3.929608048974462e-19
0.469642265	2.7744299627314853e-19
0.470797693	4.0950864050869426e-19
0.47195312	2.9157541996376653e-19
0.473108547	2.782167395234998e-19
0.474263975	2.297149741525103e-19
0.475419402	3.1641831878941026e-19
0.476574829	3.7083138787923542e-19
0.477730257	2.7877729154134314e-19
0.478885684	4.2637303406206964e-19
0.480041111	4.009165804761277e-19
0.481196539	3.454191015692295e-19
0.482351966	3.3292732890706863e-19
0.483507394	6.552679355727126e-19
0.484662821	4.210997957404912e-19
0.485818248	4.806202945086955e-19
0.486973676	6.281176092446107e-19
0.488129103	4.1279158593282975e-19
0.48928453	4.446702326783298e-19
0.490439958	6.1589355714664545e-19
0.491595385	3.782778218994541e-19
0.492750812	5.268719053465622e-19
0.49390624	5.732619164826322e-19
0.495061667	4.648120453039418e-19
0.496217095	5.429253734780869e-19
0.497372522	4.517063785024234e-19
0.498527949	5.983984109312918e-19
0.499683377	3.7141504859581715e-19
0.500838804	6.043613051871383e-19
0.501994231	5.225277013048515e-19
0.503149659	4.165184401891453e-19
0.504305086	3.190668449364869e-19
0.505460514	3.990647122217495e-19
0.506615941	2.812298884161819e-19
0.507771368	3.3003825765090744e-19
0.508926796	2.1149061498372362e-19
0.510082223	1.9911630229813174e-19
0.51123765	1.8277943797106862e-19
0.512393078	2.357876403024989e-19
0.513548505	2.7987472974504393e-19
0.514703932	2.643373617514004e-19
0.51585936	2.963667829570129e-19
0.517014787	3.086757298907936e-19
0.518170215	3.899026027574266e-19
0.519325642	3.10332239645073e-19
0.520481069	4.959319931352734e-19
0.521636497	4.118668423139995e-19
0.522791924	4.747533728625475e-19
0.523947351	4.751593796898013e-19
0.525102779	4.740461364388016e-19
0.526258206	4.601097835106887e-19
0.527413633	5.170281958721296e-19
0.528569061	6.204606458614102e-19
0.529724488	7.2358823306286295e-19
0.530879916	8.063041361262214e-19
0.532035343	6.984952504672066e-19
0.53319077	6.930263729529267e-19
0.534346198	6.17750314818945e-19
0.535501625	7.811498624755303e-19
0.536657052	7.904654284702736e-19
0.53781248	8.417211629937983e-19
0.538967907	7.30291977763133e-19
0.540123334	5.811198029594577e-19
0.541278762	5.891176643787541e-19
0.542434189	6.463906327672964e-19
0.543589617	6.251628558663154e-19
0.544745044	6.943257064353467e-19
0.545900471	6.133609161831192e-19
0.547055899	6.372593396429038e-19
0.548211326	6.549045722092773e-19
0.549366753	5.793044787311114e-19
0.550522181	6.322236644735804e-19
0.551677608	6.317581243311148e-19
0.552833035	5.212357577846838e-19
0.553988463	4.983254581684209e-19
0.55514389	5.726288997744285e-19
0.556299318	5.877754506481088e-19
0.557454745	5.98885670892782e-19
0.558610172	6.305963770252701e-19
0.5597656	6.714220651612101e-19
0.560921027	6.166684936152255e-19
0.562076454	6.29837894417646e-19
0.563231882	6.494715751374847e-19
0.564387309	6.4110405408576975e-19
0.565542736	7.366023530060685e-19
0.566698164	7.136373336343928e-19
0.567853591	7.064202211439574e-19
0.569009019	6.977429240934138e-19
0.570164446	6.853902328330797e-19
0.571319873	6.5490793519059155e-19
0.572475301	6.967084845859845e-19
0.573630728	7.037177711154855e-19
0.574786155	6.743748078274182e-19
0.575941583	6.805200784614244e-19
0.57709701	6.485657042468319e-19
0.578252437	6.0712622546375e-19
0.579407865	5.942376453142706e-19
0.580563292	5.973575816836633e-19
0.58171872	5.414342264861086e-19
0.582874147	5.210222854067925e-19
0.584029574	5.207527473559875e-19
0.585185002	5.127325839545891e-19
0.586340429	5.360222425128758e-19
0.587495856	5.359818671132442e-19
0.588651284	5.104039003044821e-19
0.589806711	5.870266798405639e-19
0.590962138	5.633826043942383e-19
0.592117566	5.905281896091117e-19
0.593272993	6.0097085541509955e-19
0.594428421	6.58629074380818e-19
0.595583848	6.872084570805001e-19
0.596739275	7.36703212060598e-19
0.597894703	8.379498739720412e-19
0.59905013	9.022116359972312e-19
0.600205557	9.355857685654806e-19
0.601360985	1.004449451468668e-18
0.602516412	1.0988204432637223e-18
0.60367184	1.0956179454818017e-18
0.604827267	1.1821683096021198e-18
0.605982694	1.1970210630327662e-18
0.607138122	1.2497270560959072e-18
0.608293549	1.241528310920731e-18
0.609448976	1.2630906089655693e-18
0.610604404	1.3306037973569959e-18
0.611759831	1.3061111548830272e-18
0.612915258	1.355063444282881e-18
0.614070686	1.263673516849452e-18
0.615226113	1.1721651017940382e-18
0.616381541	1.232613154644454e-18
0.617536968	1.2243140485714114e-18
0.618692395	1.0834107117811337e-18
0.619847823	1.0759758074045703e-18
0.62100325	1.0927876937422059e-18
0.622158677	1.166880360343327e-18
0.623314105	1.2282702804836811e-18
0.624469532	1.2142459731693064e-18
0.625624959	1.27434487703435e-18
0.626780387	1.3766545204072294e-18
0.627935814	1.3661586469156407e-18
0.629091242	1.3937201789765802e-18
0.630246669	1.4423190601614706e-18
0.631402096	1.6658104130659113e-18
0.632557524	1.7188312848039767e-18
0.633712951	1.85252454991404e-18
0.634868378	2.0718296347684684e-18
0.636023806	1.9315478370166714e-18
0.637179233	2.0131636918929647e-18
0.63833466	2.0593143462104377e-18
0.639490088	2.341637566745974e-18
0.640645515	2.441407452389075e-18
0.641800943	2.4981959921480136e-18
0.64295637	2.58164122676078e-18
0.644111797	2.444187043949793e-18
0.645267225	2.790031779759564e-18
0.646422652	2.71085952430965e-18
0.647578079	3.0758933626640515e-18
0.648733507	3.029181551039554e-18
0.649888934	2.786278042238788e-18
0.651044361	3.2066575144086384e-18
0.652199789	3.2693400515166463e-18
0.653355216	2.905009553652379e-18
0.654510644	3.2237481307107392e-18
0.655666071	3.25226638118581e-18
0.656821498	2.8420883671302656e-18
0.657976926	3.162096750652333e-18
0.659132353	2.8614882675772197e-18
0.66028778	2.958474182945611e-18
0.661443208	2.7512883422232745e-18
0.662598635	2.8212220182962425e-18
0.663754062	2.8748819612787243e-18
0.66490949	2.802404398249954e-18
0.666064917	2.4828523675914402e-18
0.667220345	2.543550125963648e-18
0.668375772	2.5244841988646174e-18
0.669531199	2.538286477761621e-18
0.670686627	2.5795940222595173e-18
0.671842054	2.510932786914859e-18
0.672997481	2.6249292490848464e-18
0.674152909	2.668604297736398e-18
0.675308336	2.4484965963445306e-18
0.676463763	2.6355864043943078e-18
0.677619191	2.5863329685008294e-18
0.678774618	2.4777488788588442e-18
0.679930046	2.5316545220388613e-18
0.681085473	2.6757706910176255e-18
0.6822409	2.5396448525271572e-18
0.683396328	2.665118971965707e-18
0.684551755	2.807302856882885e-18
0.685707182	2.5034973416947757e-18
0.68686261	2.713681754228583e-18
0.688018037	3.0731925220198286e-18
0.689173464	3.0188161215499585e-18
0.690328892	3.1235407738574377e-18
0.691484319	4.043546758392467e-18
0.692639747	3.768762691127491e-18
0.693795174	3.823874125545809e-18
0.694950601	4.534619622829103e-18
0.696106029	3.98520553344697e-18
0.697261456	4.1632131028549174e-18
0.698416883	4.4012031765854746e-18
0.699572311	4.4388986361412055e-18
0.700727738	4.685879771036691e-18
0.701883166	5.098350087845669e-18
0.703038593	4.590442997946096e-18
0.70419402	4.289581470734738e-18
0.705349448	4.681865535813345e-18
0.706504875	4.29857186263234e-18
0.707660302	4.115443256610162e-18
0.70881573	3.9937353938482305e-18
0.709971157	4.3551220220385736e-18
0.711126584	3.61276132947022e-18
0.712282012	3.967479270268374e-18
0.713437439	4.5539810436618285e-18
0.714592867	4.373357605115788e-18
0.715748294	4.101998026266294e-18
0.716903721	4.416787849085964e-18
0.718059149	4.667075727521618e-18
0.719214576	3.827341745936055e-18
0.720370003	3.692551616623557e-18
0.721525431	3.8461914942800804e-18
0.722680858	3.6411525117643316e-18
0.723836285	3.867728469913768e-18
0.724991713	3.812914598088275e-18
0.72614714	3.348280295280837e-18
0.727302568	4.037396420556213e-18
0.728457995	3.978406175641913e-18
0.729613422	3.327472570032948e-18
0.73076885	3.76585552430684e-18
0.731924277	4.530609870150097e-18
0.733079704	5.2030255492804395e-18
0.734235132	5.62158289260623e-18
0.735390559	5.326998937416333e-18
0.736545986	5.653268154459538e-18
0.737701414	6.153075735858109e-18
0.738856841	5.903910141004137e-18
0.740012269	6.371378458547841e-18
0.741167696	6.280112699639027e-18
0.742323123	6.038262096266452e-18
0.743478551	5.9506916512629174e-18
0.744633978	4.7722216374298374e-18
0.745789405	4.872447602444768e-18
0.746944833	5.199049645635425e-18
0.74810026	4.94645281830584e-18
0.749255687	4.908281244734024e-18
0.750411115	5.246560429957923e-18
0.751566542	5.366593263129245e-18
0.75272197	5.2789712734240166e-18
0.753877397	5.365303202269805e-18
0.755032824	5.926959445426509e-18
0.756188252	5.732197058968683e-18
0.757343679	5.175909902538467e-18
0.758499106	5.216585590553491e-18
0.759654534	5.3665081926455714e-18
0.760809961	5.412204577862547e-18
0.761965388	5.358084982185808e-18
0.763120816	5.4873559829663534e-18
0.764276243	5.236570368916718e-18
0.765431671	5.228466082273018e-18
0.766587098	5.179714576228773e-18
0.767742525	5.209579893840566e-18
0.768897953	5.513098957926847e-18
0.77005338	5.906027777506004e-18
0.771208807	5.790665777911328e-18
0.772364235	5.94520823995498e-18
0.773519662	5.892913989325679e-18
0.774675089	5.7958777461267074e-18
0.775830517	6.5826291821805424e-18
0.776985944	6.668189338951649e-18
0.778141372	7.663684356210304e-18
0.779296799	9.215725504586231e-18
0.780452226	9.370957923659796e-18
0.781607654	8.853586133702739e-18
0.782763081	8.56143305108965e-18
0.783918508	9.24428799196817e-18
0.785073936	9.48541014529659e-18
0.786229363	9.046067189481951e-18
0.78738479	8.709045762671752e-18
0.788540218	9.351251364745054e-18
0.789695645	9.476389712654382e-18
0.790851073	9.674891621290508e-18
0.7920065	9.35795871281128e-18
0.793161927	1.0084688604911695e-17
0.794317355	1.072726918627631e-17
0.795472782	9.532608839444311e-18
0.796628209	1.074262040837458e-17
0.797783637	1.1793208869795027e-17
0.798939064	1.2338080595372621e-17
0.800094492	1.3624260730963683e-17
0.801249919	1.5097071167530005e-17
0.802405346	1.6136661959066058e-17
0.803560774	1.6595548762401767e-17
0.804716201	1.791282231480053e-17
0.805871628	2.0728041881679715e-17
0.807027056	2.373721611379148e-17
0.808182483	2.4494227092699613e-17
0.80933791	2.4694017756371312e-17
0.810493338	2.5891288780740467e-17
0.811648765	2.8836703358579513e-17
0.812804193	2.8938665575713094e-17
0.81395962	3.0370374788903485e-17
0.815115047	3.1538384359215896e-17
0.816270475	3.194571411115062e-17
0.817425902	3.488615402176906e-17
0.818581329	3.702820895361912e-17
0.819736757	3.9797859017965195e-17
0.820892184	4.2122983540481976e-17
0.822047611	3.5817957219963574e-17
0.823203039	3.406305647512009e-17
0.824358466	3.782552872083794e-17
0.825513894	3.808477461835774e-17
0.826669321	3.519991366110004e-17
0.827824748	3.5038626927419455e-17
0.828980176	3.8053300015909834e-17
0.830135603	3.3859252332439734e-17
0.83129103	3.582620995928391e-17
0.832446458	3.6992371964648775e-17
0.833601885	3.9543601630687765e-17
0.834757312	3.800738409599553e-17
0.83591274	3.060160610662211e-17
0.837068167	2.860637467704239e-17
0.838223595	2.910070722085797e-17
0.839379022	2.99208885589073e-17
0.840534449	2.633400693492854e-17
0.841689877	2.3287478658321103e-17
0.842845304	2.4980749765182035e-17
0.844000731	2.2607639911618433e-17
0.845156159	2.278065697218431e-17
0.846311586	2.3502250942626568e-17
0.847467013	2.036897287917312e-17
0.848622441	2.221299940216842e-17
0.849777868	2.1788165342715058e-17
0.850933296	1.7448342767443804e-17
0.852088723	1.5898421389305148e-17
0.85324415	1.6152905022194292e-17
0.854399578	1.2411029614597035e-17
0.855555005	1.2309186023825471e-17
0.856710432	1.138778326615125e-17
0.85786586	1.1029218879482844e-17
0.859021287	9.395566298862387e-18
0.860176714	7.694162874010598e-18
0.861332142	7.781995345575526e-18
0.862487569	7.069628540694732e-18
0.863642997	7.050323895869335e-18
0.864798424	7.296224506187587e-18
0.865953851	7.342377131734885e-18
0.867109279	7.845810679963062e-18
0.868264706	9.193973032302826e-18
0.869420133	9.962064972975615e-18
0.870575561	1.2284838650325192e-17
0.871730988	1.2253110717775059e-17
0.872886415	1.4539534639865832e-17
0.874041843	1.5802687457229332e-17
0.87519727	1.5349076910894298e-17
0.876352698	1.671611190300006e-17
0.877508125	1.679961008806462e-17
0.878663552	1.658297304287585e-17
0.87981898	1.3275455281637605e-17
0.880974407	9.215812488015056e-18
0.882129834	7.840824620163384e-18
0.883285262	7.13197363862965e-18
0.884440689	7.165772822578875e-18
0.885596116	6.5403118048902405e-18
0.886751544	5.6634228334364755e-18
0.887906971	7.06609202783113e-18
0.889062399	6.692660822063743e-18
0.890217826	7.24089551986785e-18
0.891373253	8.587906799139275e-18
0.892528681	9.113352692008142e-18
0.893684108	9.707763195462522e-18
0.894839535	9.282680868992061e-18
0.895994963	9.700055618112055e-18
0.89715039	1.239963389617012e-17
0.898305817	1.422320213056023e-17
0.899461245	1.705836189052464e-17
0.900616672	1.886871359901819e-17
0.9017721	2.110944307273589e-17
0.902927527	2.779183529938675e-17
0.904082954	2.9766344722384064e-17
0.905238382	3.946868070106268e-17
0.906393809	4.212372250768979e-17
0.907549236	4.657225994668709e-17
0.908704664	5.353472189773801e-17
0.909860091	4.8727168130065353e-17
0.911015519	5.634535649843851e-17
0.912170946	6.245746367829571e-17
0.913326373	6.558250832112882e-17
0.914481801	6.329961628904605e-17
0.915637228	5.697355473949507e-17
0.916792655	6.791243311308645e-17
0.917948083	6.320518341384043e-17
0.91910351	6.247469326109131e-17
0.920258937	7.78320891688283e-17
0.921414365	6.508712894433455e-17
0.922569792	5.773967368684948e-17
0.92372522	6.217554482464079e-17
0.924880647	6.165718440098367e-17
0.926036074	6.168191708521141e-17
0.927191502	7.263918005108729e-17
0.928346929	6.918990440515044e-17
0.929502356	6.628621016506333e-17
0.930657784	5.280826760568062e-17
0.931813211	4.6588699548828775e-17
0.932968638	4.7787110073496345e-17
0.934124066	5.622218329700016e-17
0.935279493	5.604362066812077e-17
0.936434921	5.1109567393171117e-17
0.937590348	5.582848253078868e-17
0.938745775	6.783969824364096e-17
0.939901203	7.789590961836669e-17
0.94105663	7.739836470619081e-17
0.942212057	7.028885794312192e-17
0.943367485	6.270568959263976e-17
0.944522912	6.132604100624056e-17
0.945678339	6.584239807124968e-17
0.946833767	7.12983850878984e-17
0.947989194	7.571539819456693e-17
0.949144622	7.669393154682133e-17
0.950300049	8.01496548010194e-17
0.951455476	8.596894789165513e-17
0.952610904	8.009410581718936e-17
0.953766331	8.24624941576764e-17
0.954921758	8.247416138098697e-17
0.956077186	8.645730038630323e-17
0.957232613	8.91552064392076e-17
0.95838804	8.42312020760464e-17
0.959543468	8.375983040790205e-17
0.960698895	8.374480604694463e-17
0.961854323	8.264351103609671e-17
0.96300975	8.041508231354679e-17
0.964165177	8.218298345670612e-17
0.965320605	8.466811167508891e-17
0.966476032	8.29801206725142e-17
0.967631459	7.709730979752921e-17
0.968786887	7.900620714110202e-17
0.969942314	8.03505500237455e-17
0.971097741	0.
0.972253169	0.
0.973408596	0.
0.974564024	0.
0.975719451	0.
0.976874878	0.
0.978030306	0.
0.979185733	0.
0.98034116	0.
0.981496588	0.
0.982652015	0.
0.983807442	0.
0.98496287	0.
0.986118297	0.
0.987273725	0.
0.988429152	0.
0.989584579	0.
0.990740007	0.
0.991895434	0.
0.993050861	0.
0.994206289	0.
0.995361716	0.
0.996517143	0.
0.997672571	1.7925878181975724e-17
0.998827998	1.62772019058984e-17
0.999983426	1.7426752377341315e-17
1.001138853	1.3418038072157782e-17
1.00229428	1.457849382948033e-17
1.003449708	1.4930620376191002e-17
1.004605135	1.4612504563591057e-17
1.005760562	1.2504334476151684e-17
1.00691599	1.4729904883798514e-17
1.008071417	1.3950559546195446e-17
1.009226845	1.5337619640368048e-17
1.010382272	1.664725104585179e-17
1.011537699	1.8823004319570175e-17
1.012693127	1.8981900894787292e-17
1.013848554	2.0253276816686552e-17
1.015003981	2.2802763786791755e-17
1.016159409	2.367040389458779e-17
1.017314836	2.6453250905919298e-17
1.018470263	2.5307017391261588e-17
1.019625691	2.974685451158022e-17
1.020781118	2.6944854004496227e-17
1.021936546	2.791560005219525e-17
1.023091973	2.952169621270089e-17
1.0242474	2.9618044935591845e-17
1.025402828	2.947618270881114e-17
1.026558255	3.3032827703062935e-17
1.027713682	3.195901072234759e-17
1.02886911	3.63761067085535e-17
1.030024537	3.4708618252380455e-17
1.031179964	3.94637598339466e-17
1.032335392	3.87236969736404e-17
1.033490819	4.6703506041300946e-17
1.034646247	4.576828141004951e-17
1.035801674	4.618065241376439e-17
1.036957101	5.387482158032727e-17
1.038112529	5.624667328627044e-17
1.039267956	5.621470096060042e-17
1.040423383	6.035711549224092e-17
1.041578811	6.361886371483868e-17
1.042734238	7.19483669158907e-17
1.043889665	6.717859626258314e-17
1.045045093	7.663993968571069e-17
1.04620052	9.199825599997708e-17
1.047355948	7.887314611948014e-17
1.048511375	9.516362823628417e-17
1.049666802	7.702920491120358e-17
1.05082223	8.464069364449819e-17
1.051977657	9.079340895563816e-17
1.053133084	9.508804070779778e-17
1.054288512	1.0305352361023935e-16
1.055443939	9.546735704937357e-17
1.056599366	9.288009791729138e-17
1.057754794	9.339327817005765e-17
1.058910221	9.518938292759558e-17
1.060065649	1.1288455903826907e-16
1.061221076	9.67131595591216e-17
1.062376503	9.540078691512507e-17
1.063531931	1.1228724399952689e-16
1.064687358	9.203615738629629e-17
1.065842785	9.8548802186895e-17
1.066998213	1.0269517910553917e-16
1.06815364	1.080889835821798e-16
1.069309067	1.1525649348400142e-16
1.070464495	1.0429964044056958e-16
1.071619922	1.03062961031118e-16
1.07277535	9.369727062350869e-17
1.073930777	1.0862056421114579e-16
1.075086204	1.0727743915847232e-16
1.076241632	1.121146672511171e-16
1.077397059	1.0227539575101534e-16
1.078552486	1.0435912412508382e-16
1.079707914	9.900186938400421e-17
1.080863341	1.0791746664351578e-16
1.082018768	9.93343108298394e-17
1.083174196	1.0016485213421048e-16
1.084329623	1.0456564891374144e-16
1.085485051	1.0489273128595712e-16
1.086640478	9.924491008744782e-17
1.087795905	9.995835828325418e-17
1.088951333	9.938473826302577e-17
1.09010676	9.24269072008219e-17
1.091262187	9.336854494982406e-17
1.092417615	9.259274222812404e-17
1.093573042	8.643961466611004e-17
1.094728469	8.902891853480981e-17
1.095883897	8.567895351321696e-17
1.097039324	8.38634705523984e-17
1.098194752	7.811483006220065e-17
1.099350179	7.932608606695413e-17
1.100505606	7.785718715923054e-17
1.101661034	7.00530485383507e-17
1.102816461	7.282881763599957e-17
1.103971888	6.729303690032754e-17
1.105127316	6.647086333683933e-17
1.106282743	5.4724020991765824e-17
1.107438171	5.595029623144128e-17
1.108593598	4.4530702026441766e-17
1.109749025	4.3572279687221515e-17
1.110904453	3.378108217377815e-17
1.11205988	3.0542030900072214e-17
1.113215307	3.02477133988378e-17
1.114370735	2.6986019345153803e-17
1.115526162	2.1536879192128982e-17
1.116681589	2.0229718380377105e-17
1.117837017	1.877836138410823e-17
1.118992444	1.5113810989512393e-17
1.120147872	1.324755918749128e-17
1.121303299	1.1361761859139116e-17
1.122458726	9.349392951240491e-18
1.123614154	7.904599017865443e-18
1.124769581	6.035227830948965e-18
1.125925008	4.798356212812806e-18
1.127080436	4.091075625383807e-18
1.128235863	3.3553582235177316e-18
1.12939129	3.0787054458075385e-18
1.130546718	3.1670787454310076e-18
1.131702145	3.622591265661032e-18
1.132857573	3.878366436934796e-18
1.134013	4.491612397052738e-18
1.135168427	4.762326143343906e-18
1.136323855	4.640558345200184e-18
1.137479282	4.575206776198917e-18
1.138634709	4.6441939976995e-18
1.139790137	4.718163629004226e-18
1.140945564	5.262392754647776e-18
1.142100991	5.2992818492717255e-18
1.143256419	5.384362313731105e-18
1.144411846	5.105654070541531e-18
1.145567274	4.701511795976157e-18
1.146722701	3.9219970856497835e-18
1.147878128	3.744503852917359e-18
1.149033556	3.1230789788643115e-18
1.150188983	2.3365741557732517e-18
1.15134441	1.80618834167506e-18
1.152499838	1.2262133701079913e-18
1.153655265	9.4773147094551e-19
1.154810692	6.625885987141835e-19
1.15596612	5.490262462959447e-19
1.157121547	5.103835064981094e-19
1.158276975	4.638150592192465e-19
1.159432402	4.066699390933722e-19
1.160587829	3.972749479781868e-19
1.161743257	3.7920336257442704e-19
1.162898684	3.5798115241167333e-19
1.164054111	4.0742792042893973e-19
1.165209539	5.077248952189393e-19
1.166364966	6.294178313587399e-19
1.167520393	8.126614204654692e-19
1.168675821	1.1329042925642591e-18
1.169831248	1.4708151781342854e-18
1.170986676	1.8815124559323548e-18
1.172142103	2.4196973914126747e-18
1.17329753	3.035356703380242e-18
1.174452958	3.3366135269911963e-18
1.175608385	3.92439373420949e-18
1.176763812	4.12931559031485e-18
1.17791924	4.330238039496881e-18
1.179074667	4.284497482157904e-18
1.180230094	4.086360389542054e-18
1.181385522	4.082981537382798e-18
1.182540949	4.347550607821666e-18
1.183696377	4.273216365944918e-18
1.184851804	4.358565893609265e-18
1.186007231	4.256720732445836e-18
1.187162659	4.5965490018080554e-18
1.188318086	5.445031266246924e-18
1.189473513	5.940662370177235e-18
1.190628941	6.312550575858863e-18
1.191784368	6.913898802770063e-18
1.192939795	7.57491669513636e-18
1.194095223	8.988718621275215e-18
1.19525065	9.220370908225778e-18
1.196406078	1.0566447392015516e-17
1.197561505	1.2125725914216704e-17
1.198716932	1.3279656713282322e-17
1.19987236	1.4691127278159487e-17
1.201027787	1.5511013638978256e-17
1.202183214	1.7080126133540416e-17
1.203338642	1.978112983831615e-17
1.204494069	2.2137332145802317e-17
1.205649497	2.222430256867575e-17
1.206804924	2.400453219080703e-17
1.207960351	2.659560010457392e-17
1.209115779	3.030585688665459e-17
1.210271206	3.013804652200981e-17
1.211426633	3.028594156675259e-17
1.212582061	3.155512357169777e-17
1.213737488	3.409854639784097e-17
1.214892915	3.671733655500692e-17
1.216048343	3.736138438253043e-17
1.21720377	3.748936819391119e-17
1.218359198	3.882746501611181e-17
1.219514625	4.0078164124821257e-17
1.220670052	3.918093449474088e-17
1.22182548	4.111873334212438e-17
1.222980907	4.272319677948424e-17
1.224136334	4.439710656837306e-17
1.225291762	4.463551436194481e-17
1.226447189	4.3173792457567833e-17
1.227602616	4.441706312041833e-17
1.228758044	4.209001478331186e-17
1.229913471	4.20310877434581e-17
1.231068899	4.2805832195915313e-17
1.232224326	4.1852886504802044e-17
1.233379753	4.2407368548626516e-17
1.234535181	4.287667217743181e-17
1.235690608	4.393672714757948e-17
1.236846035	4.676363431814521e-17
1.238001463	4.7823772936627644e-17
1.23915689	5.244842008501543e-17
1.240312317	5.5199368625858795e-17
1.241467745	5.646510472951238e-17
1.242623172	5.820804121805972e-17
1.2437786	5.893348615301276e-17
1.244934027	6.099550486314565e-17
1.246089454	6.517557612264474e-17
1.247244882	6.4271922866791e-17
1.248400309	6.190590073220927e-17
1.249555736	6.411726015097398e-17
1.250711164	6.638704608052591e-17
1.251866591	6.443086764364342e-17
1.253022018	6.66018194981946e-17
1.254177446	6.89028139161074e-17
1.255332873	6.656889295955802e-17
1.256488301	6.428268077031592e-17
1.257643728	6.78825867481235e-17
1.258799155	6.5335508536652e-17
1.259954583	6.356132390780519e-17
1.26111001	6.294906483041829e-17
1.262265437	6.382343017917472e-17
1.263420865	6.161721288344111e-17
1.264576292	6.34765421536404e-17
1.265731719	6.563198165856165e-17
1.266887147	6.921875845009685e-17
1.268042574	7.490239456968167e-17
1.269198002	7.191117174458386e-17
1.270353429	7.046029276438058e-17
1.271508856	7.065832966252453e-17
1.272664284	7.114463956873499e-17
1.273819711	7.2514732937078e-17
1.274975138	7.562651454159862e-17
1.276130566	7.285656077730437e-17
1.277285993	7.336580079030601e-17
1.27844142	7.515051321644997e-17
1.279596848	7.676586864046107e-17
1.280752275	7.802476728777257e-17
1.281907703	8.300083249200664e-17
1.28306313	8.379357547419435e-17
1.284218557	7.216128547087195e-17
1.285373985	6.823114811569815e-17
1.286529412	6.826029164702968e-17
1.287684839	6.346339948086339e-17
1.288840267	5.972824829568383e-17
1.289995694	5.835363210057661e-17
1.291151121	5.4999489427344594e-17
1.292306549	5.333459089698995e-17
1.293461976	5.290381088339943e-17
1.294617404	5.0629267550462506e-17
1.295772831	4.896737283994311e-17
1.296928258	4.737543556000997e-17
1.298083686	4.6966742979767616e-17
1.299239113	4.550265821984265e-17
1.30039454	4.285822138735096e-17
1.301549968	4.173747365645837e-17
1.302705395	3.970099276602258e-17
1.303860823	3.735563308828004e-17
1.30501625	3.615429936423101e-17
1.306171677	3.4805064989675247e-17
1.307327105	3.3361309644988674e-17
1.308482532	3.2270922595117026e-17
1.309637959	3.1004202286044615e-17
1.310793387	2.8554046271221315e-17
1.311948814	2.7174511055725158e-17
1.313104241	2.4946167393189938e-17
1.314259669	2.268812388448356e-17
1.315415096	2.0950894491734752e-17
1.316570524	1.975247443141857e-17
1.317725951	1.7937838512984013e-17
1.318881378	1.6912255085812336e-17
1.320036806	1.6025132329772972e-17
1.321192233	1.514949895282031e-17
1.32234766	1.4977667059231987e-17
1.323503088	1.3936036768726575e-17
1.324658515	1.375222149565128e-17
1.325813942	1.382658805761429e-17
1.32696937	1.3211639678139904e-17
1.328124797	1.2094757656777584e-17
1.329280225	1.1785359476982594e-17
1.330435652	1.0245959431827318e-17
1.331591079	9.308405072523545e-18
1.332746507	9.139956519066236e-18
1.333901934	7.829691988564716e-18
1.335057361	7.494751424085229e-18
1.336212789	6.808502107039945e-18
1.337368216	5.721309193933526e-18
1.338523643	4.982825550665494e-18
1.339679071	4.3280318062946256e-18
1.340834498	3.1791545450091687e-18
1.341989926	2.504620668904497e-18
1.343145353	2.095102084258306e-18
1.34430078	1.5053214857993935e-18
1.345456208	1.2393779818359225e-18
1.346611635	1.1188917424989137e-18
1.347767062	9.66405450921298e-19
1.34892249	9.05721713761105e-19
1.350077917	9.633953876542743e-19
1.351233344	9.018741692415291e-19
1.352388772	1.0366490200286456e-18
1.353544199	1.5361029592894393e-18
1.354699627	1.950060834792377e-18
1.355855054	3.0218686000420104e-18
1.357010481	6.7710775748541334e-18
1.358165909	1.7375044675520873e-17
1.359321336	-3.2732722593098998e-15
1.360476763	-1.3696386559040098e-17
1.361632191	-8.071544769034693e-18
1.362787618	-6.352284456449668e-18
1.363943045	-5.593045065309407e-18
1.365098473	-5.6271516579487944e-18
1.3662539	-5.334310266170098e-18
1.367409328	-3.796670629904191e-18
1.368564755	-1.2402360125628267e-18
1.369720182	5.399593541479044e-19
1.37087561	1.2229988844858628e-18
1.372031037	1.2046547708680936e-18
1.373186464	4.544904706027609e-19
1.374341892	-5.658873517818275e-19
1.375497319	-1.4999941232018134e-18
1.376652746	-2.534319513039911e-18
1.377808174	-2.4369672859532036e-18
1.378963601	-1.0579932172362902e-18
1.380119029	1.5629528865142342e-18
1.381274456	4.577047529698303e-18
1.382429883	5.6720106402576214e-18
1.383585311	5.946499095937807e-18
1.384740738	6.991884968652249e-18
1.385896165	7.028299080866334e-18
1.387051593	7.124468725277751e-18
1.38820702	1.965132197265473e-18
1.389362447	4.045157454941717e-18
1.390517875	3.974795410354738e-18
1.391673302	3.542774105248498e-18
1.39282873	2.5521875451247097e-18
1.393984157	1.2506313712081987e-18
1.395139584	1.5501278670276667e-18
1.396295012	5.598549795728005e-18
1.397450439	1.0074481110827424e-17
1.398605866	9.858218832272997e-18
1.399761294	6.871849233044165e-18
1.400916721	3.971974751393807e-18
1.402072149	2.2934044762542435e-18
1.403227576	1.6966409736316697e-18
1.404383003	1.0984776953024447e-18
1.405538431	3.439795805509353e-19
1.406693858	-4.34591818536032e-19
1.407849285	-1.113675544202519e-18
1.409004713	-9.483352729436931e-19
1.41016014	-4.95375094845913e-19
1.411315567	-9.930130316611536e-20
1.412470995	2.0593727754270205e-19
1.413626422	3.2852626711742106e-19
1.41478185	4.1924143144881916e-19
1.415937277	5.39092943290029e-19
1.417092704	6.897543854483471e-19
1.418248132	9.495255768159403e-19
1.419403559	1.2138832403465431e-18
1.420558986	1.4258443106215837e-18
1.421714414	1.7662894895629624e-18
1.422869841	1.9594815636834317e-18
1.424025268	2.0748932411121236e-18
1.425180696	2.1040775118900174e-18
1.426336123	1.9290021566307888e-18
1.427491551	1.8608115987332777e-18
1.428646978	1.737460815958777e-18
1.429802405	2.045580901987505e-18
1.430957833	2.4382728379259733e-18
1.43211326	2.7492622015776642e-18
1.433268687	3.2237135622397665e-18
1.434424115	3.2374513098533743e-18
1.435579542	3.478411033243568e-18
1.436734969	4.610218005113538e-18
1.437890397	4.869363531545943e-18
1.439045824	5.806881343461921e-18
1.440201252	7.08446630048865e-18
1.441356679	6.395404397698942e-18
1.442512106	6.0133563713832455e-18
1.443667534	6.153611097559222e-18
1.444822961	6.128987080211888e-18
1.445978388	6.424038511224572e-18
1.447133816	6.0301354163660365e-18
1.448289243	6.197908250983837e-18
1.44944467	6.438081224991303e-18
1.450600098	6.2887545199216705e-18
1.451755525	6.9312563791448914e-18
1.452910953	7.049223060272041e-18
1.45406638	7.12782345526305e-18
1.455221807	6.7754339087575394e-18
1.456377235	7.282159906927567e-18
1.457532662	7.308071015709955e-18
1.458688089	7.214088381628046e-18
1.459843517	6.700980353054347e-18
1.460998944	7.120346103960196e-18
1.462154371	8.048830846797396e-18
1.463309799	8.873707362750619e-18
1.464465226	8.916167870323927e-18
1.465620654	9.000189933933008e-18
1.466776081	8.680514817999474e-18
1.467931508	8.558793136070194e-18
1.469086936	9.05975499977257e-18
1.470242363	9.429238815063038e-18
1.47139779	8.897004630247188e-18
1.472553218	8.404313805091745e-18
1.473708645	8.396827793484672e-18
1.474864072	8.17976405391851e-18
1.4760195	7.460317462656356e-18
1.477174927	7.34814692136399e-18
1.478330355	6.6594384604033455e-18
1.479485782	6.8701300811282074e-18
1.480641209	6.9005031739905755e-18
1.481796637	6.903522867585444e-18
1.482952064	7.103733523708014e-18
1.484107491	7.7577701619114e-18
1.485262919	7.696119400050252e-18
1.486418346	7.756311226030454e-18
1.487573773	8.345291941419122e-18
1.488729201	9.666057923337348e-18
1.489884628	9.217103275399537e-18
1.491040056	8.624873063462489e-18
1.492195483	9.286250650647306e-18
1.49335091	8.997166557930432e-18
1.494506338	9.104001964203795e-18
1.495661765	9.409044947792645e-18
1.496817192	9.369650657411655e-18
1.49797262	8.932105452161288e-18
1.499128047	8.89103073735085e-18
1.500283475	8.025151070464298e-18
1.501438902	7.913343304102927e-18
1.502594329	8.576558308846747e-18
1.503749757	9.401297230439446e-18
1.504905184	9.533223523278687e-18
1.506060611	9.228162344036838e-18
1.507216039	8.659874547357439e-18
1.508371466	8.940239406862895e-18
1.509526893	8.013227027932798e-18
1.510682321	8.926265128899471e-18
1.511837748	9.401050410999822e-18
1.512993176	9.010915319876497e-18
1.514148603	8.765696617132635e-18
1.51530403	1.0039520581724708e-17
1.516459458	9.3496807091472e-18
1.517614885	8.945585820024466e-18
1.518770312	1.0071949875909782e-17
1.51992574	9.659562823745095e-18
1.521081167	1.0565759918555243e-17
1.522236594	1.0563770930084903e-17
1.523392022	1.0008625577276161e-17
1.524547449	1.075070483787673e-17
1.525702877	1.1227787236876185e-17
1.526858304	1.1327611659611584e-17
1.528013731	1.2165368816278923e-17
1.529169159	1.2075044462746159e-17
1.530324586	1.292961434843875e-17
1.531480013	1.3213943978448205e-17
1.532635441	1.2984340652896433e-17
1.533790868	1.3313959958522199e-17
1.534946295	1.388444766913964e-17
1.536101723	1.3213678377073078e-17
1.53725715	1.3287079780457867e-17
1.538412578	1.4348600936200066e-17
1.539568005	1.531173891129763e-17
1.540723432	1.5656733402028883e-17
1.54187886	1.6467270211396037e-17
1.543034287	1.778229366256186e-17
1.544189714	1.7569837676348647e-17
1.545345142	1.898736405299026e-17
1.546500569	1.8574229126001326e-17
1.547655996	1.8946073929119626e-17
1.548811424	2.1415875962463526e-17
1.549966851	2.2406920389109268e-17
1.551122279	2.2659552752584053e-17
1.552277706	2.2721673524005713e-17
1.553433133	2.2448605234583547e-17
1.554588561	2.4861482615842076e-17
1.555743988	2.5722970010100957e-17
1.556899415	2.628186037196064e-17
1.558054843	2.7886376921655706e-17
1.55921027	3.0249874768750155e-17
1.560365697	2.9414093949805564e-17
1.561521125	2.779077431731041e-17
1.562676552	2.8099064465060723e-17
1.56383198	2.784339760806962e-17
1.564987407	2.9085066134899816e-17
1.566142834	3.150835395733554e-17
1.567298262	2.961069184666388e-17
1.568453689	3.0999313964350677e-17
1.569609116	3.3470045136065566e-17
1.570764544	3.2983362247867544e-17
1.571919971	3.3653230180570224e-17
1.573075398	3.570755113957751e-17
1.574230826	3.758953109782226e-17
1.575386253	3.950572915520623e-17
1.576541681	3.746647134710067e-17
1.577697108	3.8142501154310816e-17
1.578852535	3.73467427161866e-17
1.580007963	3.5470016788281e-17
1.58116339	3.7160811623656076e-17
1.582318817	3.696304169954405e-17
1.583474245	3.857441966946436e-17
1.584629672	3.759371884117006e-17
1.585785099	3.684969199866553e-17
1.586940527	3.9814458748305833e-17
1.588095954	4.1182431170969614e-17
1.589251382	4.5635116491301573e-17
1.590406809	4.945469841693141e-17
1.591562236	4.957991173737691e-17
1.592717664	4.7444899998272936e-17
1.593873091	4.652501928424138e-17
1.595028518	4.762565748655673e-17
1.596183946	5.079829342698345e-17
1.597339373	5.034572768872026e-17
1.5984948	5.059794564015023e-17
1.599650228	5.0105551284515335e-17
1.600805655	5.1904287788794195e-17
1.601961083	5.102421664338792e-17
1.60311651	5.0508767401381984e-17
1.604271937	5.129691862705066e-17
1.605427365	5.1146428561950535e-17
1.606582792	5.021294969353068e-17
1.607738219	4.957453594842083e-17
1.608893647	5.0107083590082786e-17
1.610049074	5.1541058822001414e-17
1.611204502	4.8309954777041634e-17
1.612359929	4.7915519559618927e-17
1.613515356	4.620775092064395e-17
1.614670784	4.170302420692392e-17
1.615826211	4.0252763387083914e-17
1.616981638	3.741619116443698e-17
1.618137066	3.2661971821296346e-17
1.619292493	2.9015013577831396e-17
1.62044792	2.618067140200571e-17
1.621603348	2.279101532722986e-17
1.622758775	1.8830120221736517e-17
1.623914203	1.654632673467183e-17
1.62506963	1.472487325875845e-17
1.626225057	1.2387128291692078e-17
1.627380485	1.0841283207922619e-17
1.628535912	8.70436795667998e-18
1.629691339	7.289795081148125e-18
1.630846767	6.256665403281936e-18
1.632002194	5.312803843376836e-18
1.633157621	4.580884912145733e-18
1.634313049	3.893252412898622e-18
1.635468476	3.4126867363663168e-18
1.636623904	3.1172098105960863e-18
1.637779331	3.076041350870257e-18
1.638934758	3.1780145870539107e-18
1.640090186	3.259873060439048e-18
1.641245613	3.3122366492593425e-18
1.64240104	3.4050577381082538e-18
1.643556468	3.1818910106859092e-18
1.644711895	2.887272865970829e-18
1.645867322	2.6087253825745014e-18
1.64702275	2.1057744435577735e-18
1.648178177	1.7186771970669386e-18
1.649333605	1.3150975120923676e-18
1.650489032	1.0276947375745758e-18
1.651644459	8.862168983731413e-19
1.652799887	8.603944336047685e-19
1.653955314	9.510210052087478e-19
1.655110741	1.1079965679292998e-18
1.656266169	1.378406991950237e-18
1.657421596	1.7100160429461884e-18
1.658577023	1.968820792339284e-18
1.659732451	2.1265079695918304e-18
1.660887878	2.1453585540799314e-18
1.662043306	2.0476246607012418e-18
1.663198733	1.948929203273754e-18
1.66435416	1.8145376579052166e-18
1.665509588	1.773065932326678e-18
1.666665015	1.7028908872720455e-18
1.667820442	1.6366598516381505e-18
1.66897587	1.6597412913498798e-18
1.670131297	1.6534405567637515e-18
1.671286724	1.789701438722709e-18
1.672442152	2.054484505379385e-18
1.673597579	2.1099069638158916e-18
1.674753007	2.2147269013020586e-18
1.675908434	2.4167788186075327e-18
1.677063861	2.6017382725426552e-18
1.678219289	2.75004975045276e-18
1.679374716	2.9771971666774293e-18
1.680530143	3.256423572125738e-18
1.681685571	3.2474287053695733e-18
1.682840998	3.12694978911188e-18
1.683996425	2.89544280793868e-18
1.685151853	2.6017731875679127e-18
1.68630728	2.420187319444397e-18
1.687462708	2.097317645386183e-18
1.688618135	1.8883510962549568e-18
1.689773562	1.6571804665125709e-18
1.69092899	1.4780980549211234e-18
1.692084417	1.3188532931083777e-18
1.693239844	1.2240677980875227e-18
1.694395272	1.0100039873182858e-18
1.695550699	9.633732606407263e-19
1.696706126	8.476434527950559e-19
1.697861554	7.394606457435132e-19
1.699016981	6.383936428825354e-19
1.700172409	5.281531166576485e-19
1.701327836	4.181716176558183e-19
1.702483263	2.8921786387303567e-19
1.703638691	2.0131136806921913e-19
1.704794118	1.391084108948425e-19
1.705949545	1.0451706737909365e-19
1.707104973	9.27088589517715e-20
1.7082604	1.0100403256331803e-19
1.709415828	1.0842417584296042e-19
1.710571255	1.3827552606846284e-19
1.711726682	1.9289958773442896e-19
1.71288211	2.237061358555763e-19
1.714037537	2.742404954571972e-19
1.715192964	2.930123978302796e-19
1.716348392	3.0497796443895877e-19
1.717503819	3.1357320135674948e-19
1.718659246	2.8838081851593735e-19
1.719814674	2.620256682918496e-19
1.720970101	2.1292710322779417e-19
1.722125529	1.6868712856146954e-19
1.723280956	1.3810475506009483e-19
1.724436383	1.0768468952004831e-19
1.725591811	8.77547148040309e-20
1.726747238	9.940713384825986e-20
1.727902665	1.1606830940000791e-19
1.729058093	1.2717209933788231e-19
1.73021352	2.0127694201431222e-19
1.731368947	2.4430111241611723e-19
1.732524375	3.371349196627718e-19
1.733679802	4.13158420221088e-19
1.73483523	5.870668782295508e-19
1.735990657	6.653203434963215e-19
1.737146084	8.051031649788162e-19
1.738301512	9.656523950742168e-19
1.739456939	9.917072132709461e-19
1.740612366	1.0618148780161406e-18
1.741767794	1.3517039032925791e-18
1.742923221	1.3233133886320747e-18
1.744078648	1.5157674229847554e-18
1.745234076	1.5383409505114822e-18
1.746389503	1.5241027152626437e-18
1.747544931	1.4984377481978435e-18
1.748700358	1.522290061874074e-18
1.749855785	1.5335261781087835e-18
1.751011213	1.5346116120961082e-18
1.75216664	1.5836323983035576e-18
1.753322067	1.5451904137867124e-18
1.754477495	1.5093700778447063e-18
1.755632922	1.372388341431067e-18
1.756788349	1.5078264388088436e-18
1.757943777	1.224091229108549e-18
1.759099204	1.2918918772583864e-18
1.760254632	1.0374461267021226e-18
1.761410059	1.0718874249990013e-18
1.762565486	9.343218105203893e-19
1.763720914	8.558416941194709e-19
1.764876341	7.428135705905377e-19
1.766031768	5.80534084743756e-19
1.767187196	5.323670926873999e-19
1.768342623	4.572221908579359e-19
1.76949805	3.8330086887477517e-19
1.770653478	2.78421524783671e-19
1.771808905	2.686718366982588e-19
1.772964333	2.2996343587069756e-19
1.77411976	2.365856294880372e-19
1.775275187	2.731550367009441e-19
1.776430615	2.8425391044118753e-19
1.777586042	3.081860940904691e-19
1.778741469	4.664085969103482e-19
1.779896897	5.094753929077317e-19
1.781052324	5.708949623952691e-19
1.782207751	5.968738631729293e-19
1.783363179	6.845363496989064e-19
1.784518606	8.26058017984057e-19
1.785674034	8.0456974165675e-19
1.786829461	8.211816232949735e-19
1.787984888	9.254637077682037e-19
1.789140316	1.1429913995115307e-18
1.790295743	1.2550386101246382e-18
1.79145117	1.4054032608584951e-18
1.792606598	1.6302436762485289e-18
1.793762025	2.232332591245681e-18
1.794917452	2.4474532408650905e-18
1.79607288	3.0863565791454598e-18
1.797228307	3.3862220650136034e-18
1.798383735	3.792468412688739e-18
1.799539162	5.6018382220370826e-18
1.800694589	5.7447128262284184e-18
1.801850017	7.611412788483335e-18
1.803005444	9.826677382599453e-18
1.804160871	1.1321451220479257e-17
1.805316299	1.3307378814562703e-17
1.806471726	1.4992466934013064e-17
1.807627154	1.599901818338761e-17
1.808782581	1.6530068423362547e-17
1.809938008	1.8528233209632856e-17
1.811093436	2.046451390949955e-17
1.812248863	2.160373345306249e-17
1.81340429	2.440579354348187e-17
1.814559718	2.3923372345104455e-17
1.815715145	2.710578276256682e-17
1.816870572	2.7731676953990716e-17
1.818026	2.7833689320287475e-17
1.819181427	2.97432763080341e-17
1.820336855	2.8682357556386495e-17
1.821492282	2.824451648148277e-17
1.822647709	2.7893045915077715e-17
1.823803137	2.9222164758523744e-17
1.824958564	2.909419145245064e-17
1.826113991	2.777683888108651e-17
1.827269419	2.7267291990474252e-17
1.828424846	2.6462614081483103e-17
1.829580273	2.4378851990347314e-17
1.831203559	0.
1.832409851	0.
1.833616142	0.
1.834822433	0.
1.836028725	0.
1.837235016	0.
1.838441307	0.
1.839647599	0.
1.84085389	0.
1.842060181	0.
1.843266473	0.
1.844472764	0.
1.845679055	0.
1.846885347	0.
1.848091638	0.
1.849297929	0.
1.850504221	0.
1.851710512	0.
1.852916803	0.
1.854123095	0.
1.855329386	0.
1.856535677	0.
1.857741968	0.
1.85894826	0.
1.860154551	0.
1.861360842	0.
1.862567134	0.
1.863773425	0.
1.864979716	0.
1.866186008	0.
1.867392299	0.
1.86859859	0.
1.869804882	0.
1.871011173	-1.013340101737419e-16
1.872217464	-6.003765841420534e-17
1.873423756	-2.750463606263226e-17
1.874630047	-2.090313213356433e-17
1.875836338	-2.0944540835156554e-17
1.87704263	-3.2036133220446634e-17
1.878248921	-6.18175462877881e-17
1.879455212	-2.984798076054376e-16
1.880661504	3.574314376925075e-17
1.881867795	9.426992896924905e-18
1.883074086	3.813986600623662e-18
1.884280377	2.857802799871879e-18
1.885486669	3.551642801840138e-18
1.88669296	5.604412365176532e-18
1.887899251	7.176174390204884e-18
1.889105543	7.696483345895522e-18
1.890311834	6.3579147045004875e-18
1.891518125	5.701483626898149e-18
1.892724417	6.094914239171219e-18
1.893930708	8.201898023667994e-18
1.895136999	1.468357615201794e-17
1.896343291	5.703905995480626e-17
1.897549582	-4.534600442563818e-17
1.898755873	-2.4829927358498055e-17
1.899962165	-3.428122372428341e-17
1.901168456	5.068253343896004e-17
1.902374747	1.208100505347141e-17
1.903581039	7.878567177626486e-18
1.90478733	7.157828495573955e-18
1.905993621	6.911765902195365e-18
1.907199913	7.26951210585764e-18
1.908406204	8.280687881083589e-18
1.909612495	7.852825367056745e-18
1.910818786	7.148267536157012e-18
1.912025078	5.7021557376610845e-18
1.913231369	5.4209000660201884e-18
1.91443766	5.0458010130183335e-18
1.915643952	6.168335958803331e-18
1.916850243	5.445006315659085e-18
1.918056534	5.508359370435909e-18
1.919262826	4.506263230633657e-18
1.920469117	4.009446683659652e-18
1.921675408	3.2376798353787027e-18
1.9228817	3.474778842371116e-18
1.924087991	4.217453786647863e-18
1.925294282	5.069947936698365e-18
1.926500574	5.562769983290865e-18
1.927706865	5.209655344721839e-18
1.928913156	4.051984446654534e-18
1.930119448	3.346137063591601e-18
1.931325739	3.5102841944775576e-18
1.93253203	4.1226075402382326e-18
1.933738322	4.253029691694207e-18
1.934944613	4.443198207990836e-18
1.936150904	3.969545769855355e-18
1.937357195	2.7612916395702664e-18
1.938563487	2.4549808910844185e-18
1.939769778	2.5764570644514173e-18
1.940976069	2.6549003456755157e-18
1.942182361	2.9563015296238065e-18
1.943388652	3.280204419579169e-18
1.944594943	3.3334775836356913e-18
1.945801235	3.261406293582201e-18
1.947007526	3.2022433068021836e-18
1.948213817	2.70998071529442e-18
1.949420109	3.313840612816157e-18
1.9506264	3.217466599751589e-18
1.951832691	3.8692615873720154e-18
1.953038983	4.98238419964751e-18
1.954245274	4.527574752415952e-18
1.955451565	3.1931158488045453e-18
1.956657857	2.8280722629710978e-18
1.957864148	3.0511639408173733e-18
1.959070439	3.259472561057902e-18
1.960276731	2.998643633493694e-18
1.961483022	2.917810821343591e-18
1.962689313	2.9159509827998638e-18
1.963895604	3.2483779474160804e-18
1.965101896	3.243333102793499e-18
1.966308187	3.0704011697131456e-18
1.967514478	3.2979102718510334e-18
1.96872077	2.9464078134064752e-18
1.969927061	3.0226727471410937e-18
1.971133352	3.2484658030533586e-18
1.972339644	3.3739685784190894e-18
1.973545935	3.185167814981579e-18
1.974752226	3.705981727427946e-18
1.975958518	3.92286581239672e-18
1.977164809	3.4901014335321745e-18
1.9783711	3.539336103245071e-18
1.979577392	3.617251458933884e-18
1.980783683	3.4810382392502475e-18
1.981989974	3.551689272038545e-18
1.983196266	3.432147856035862e-18
1.984402557	3.7354155929228984e-18
1.985608848	4.3833453179911505e-18
1.98681514	4.2998250552174e-18
1.988021431	3.775902844417568e-18
1.989227722	3.4867673958992035e-18
1.990434013	3.875462840904444e-18
1.991640305	4.0774941574042806e-18
1.992846596	4.1901428206366586e-18
1.994052887	4.137523183201362e-18
1.995259179	4.299465482049883e-18
1.99646547	4.527708304269662e-18
1.997671761	5.066878154953664e-18
1.998878053	4.785526943511928e-18
2.000084344	5.295179551680394e-18
2.001290635	5.057807998807233e-18
2.002496927	3.8493789793163906e-18
2.003703218	3.4446517939416882e-18
2.004909509	2.7095947303717907e-18
2.006115801	2.7159481827857905e-18
2.007322092	3.0348542578880447e-18
2.008528383	3.2703311874940896e-18
2.009734675	3.2675279606009152e-18
2.010940966	3.3596468081798828e-18
2.012147257	3.372569726950389e-18
2.013353549	3.0304952014558362e-18
2.01455984	2.9035802246359122e-18
2.015766131	3.0642892998064475e-18
2.016972422	2.569522762646126e-18
2.018178714	2.29151128869092e-18
2.019385005	2.5559873423083683e-18
2.020591296	2.230491379888989e-18
2.021797588	2.6836183386233578e-18
2.023003879	2.6496211695329966e-18
2.02421017	3.0570599875207655e-18
2.025416462	3.0577929257927024e-18
2.026622753	3.1643417407836173e-18
2.027829044	3.2696561061255137e-18
2.029035336	3.3343091233422512e-18
2.030241627	3.3733009523032343e-18
2.031447918	3.6247564366281124e-18
2.03265421	3.1020279836031177e-18
2.033860501	3.0956695381577173e-18
2.035066792	3.1763634399837008e-18
2.036273084	3.1496050968503246e-18
2.037479375	3.441470954270866e-18
2.038685666	3.2252693024832813e-18
2.039891958	2.8723073351938886e-18
2.041098249	2.7206301384916613e-18
2.04230454	3.016791114647688e-18
2.043510831	3.0593676070291256e-18
2.044717123	2.810113127784573e-18
2.045923414	2.8690655627503293e-18
2.047129705	2.9551619643808716e-18
2.048335997	2.7469505581940814e-18
2.049542288	2.939114440489008e-18
2.050748579	2.6959846257409123e-18
2.051954871	2.786549537755061e-18
2.053161162	2.433350420861876e-18
2.054367453	2.360144405721517e-18
2.055573745	2.0879093796499134e-18
2.056780036	2.0391438080026748e-18
2.057986327	2.100462085399872e-18
2.059192619	2.078318474396919e-18
2.06039891	2.044211410911704e-18
2.061605201	1.9862641185500652e-18
2.062811493	2.0145179187696757e-18
2.064017784	1.8565183447705737e-18
2.065224075	1.8057725190179496e-18
2.066430367	1.7521525845505304e-18
2.067636658	1.5982535806808307e-18
2.068842949	1.5774600006260634e-18
2.070049241	1.702164352956939e-18
2.071255532	1.57185305991009e-18
2.072461823	1.653980098877553e-18
2.073668114	1.4707688582911174e-18
2.074874406	1.4683333415516875e-18
2.076080697	1.3659261578522516e-18
2.077286988	1.1766625244298981e-18
2.07849328	1.1302261397655833e-18
2.079699571	1.051079186658502e-18
2.080905862	1.1864233198988179e-18
2.082112154	1.1671630483507083e-18
2.083318445	1.151702573858474e-18
2.084524736	1.077204648462499e-18
2.085731028	1.0446177239278378e-18
2.086937319	9.885420475715315e-19
2.08814361	1.0124965576498893e-18
2.089349902	1.0017448078755803e-18
2.090556193	9.564722095976033e-19
2.091762484	9.347350887958053e-19
2.092968776	8.830050827910871e-19
2.094175067	8.143511567831583e-19
2.095381358	8.308600174113393e-19
2.09658765	7.846353535195303e-19
2.097793941	7.507661682407757e-19
2.099000232	7.420902383928487e-19
2.100206523	7.591387799295441e-19
2.101412815	7.546853456326113e-19
2.102619106	7.474701868591163e-19
2.103825397	7.943965966726746e-19
2.105031689	8.021169642520842e-19
2.10623798	7.802875910925258e-19
2.107444271	7.682442719211142e-19
2.108650563	7.507180074648205e-19
2.109856854	7.779027204688891e-19
2.111063145	8.55273399388911e-19
2.112269437	8.094258721632306e-19
2.113475728	8.101503344131443e-19
2.114682019	8.191951308826107e-19
2.115888311	8.52506479910197e-19
2.117094602	8.884784245891994e-19
2.118300893	8.895790020960045e-19
2.119507185	9.366748722351355e-19
2.120713476	9.480029686891298e-19
2.121919767	9.980581901031624e-19
2.123126059	1.0200189537571572e-18
2.12433235	1.0373469921489106e-18
2.125538641	1.0365248177011386e-18
2.126744932	1.0996303076993096e-18
2.127951224	1.0475419048810756e-18
2.129157515	1.0700618378755457e-18
2.130363806	1.0644242569954244e-18
2.131570098	1.1191009507758102e-18
2.132776389	1.173987237676447e-18
2.13398268	1.2050680919367849e-18
2.135188972	1.245948260150372e-18
2.136395263	1.2661677278442708e-18
2.137601554	1.2597673831837345e-18
2.138807846	1.2814544961297522e-18
2.140014137	1.3930753396943775e-18
2.141220428	1.3488665436348443e-18
2.14242672	1.3158178578339985e-18
2.143633011	1.383879055354747e-18
2.144839302	1.3987032607852678e-18
2.146045594	1.4708732678782048e-18
2.147251885	1.5821576062020945e-18
2.148458176	1.685496347053173e-18
2.149664468	1.7803152517789094e-18
2.150870759	1.7743222410272074e-18
2.15207705	1.73322477167955e-18
2.153283341	1.6969848551083719e-18
2.154489633	1.6067101921033605e-18
2.155695924	1.5583791361396871e-18
2.156902215	1.4727637347420603e-18
2.158108507	1.4112665931966182e-18
2.159314798	1.4161850492046551e-18
2.160521089	1.3697153827290266e-18
2.161727381	1.3195118090025774e-18
2.162933672	1.3071437649664193e-18
2.164139963	1.2730826835912834e-18
2.165346255	1.2687331077418271e-18
2.166552546	1.2776741651262528e-18
2.167758837	1.1858422087378356e-18
2.168965129	1.120018776050668e-18
2.17017142	1.1074394577796896e-18
2.171377711	1.084323729039516e-18
2.172584003	1.0783082670865233e-18
2.173790294	1.0789263203523142e-18
2.174996585	1.0664638022590618e-18
2.176202877	1.1063172296778007e-18
2.177409168	1.2252936695757785e-18
2.178615459	1.40437412962262e-18
2.17982175	1.4461130517749393e-18
2.181028042	1.4653267077227784e-18
2.182234333	1.5287822930705972e-18
2.183440624	1.3604372984876895e-18
2.184646916	1.476391034034964e-18
2.185853207	1.383453167171734e-18
2.187059498	1.3892186135306577e-18
2.18826579	1.4739670303126558e-18
2.189472081	1.4009602332673743e-18
2.190678372	1.3546762143077527e-18
2.191884664	1.404937281216463e-18
2.193090955	1.5013623711445926e-18
2.194297246	1.5265406530397844e-18
2.195503538	1.4998053148514338e-18
2.196709829	1.4346931611446095e-18
2.19791612	1.3428735890721501e-18
2.199122412	1.2710520634694774e-18
2.200328703	1.167193809661439e-18
2.201534994	1.1366584387525138e-18
2.202741286	1.160867251400678e-18
2.203947577	1.2012989947931238e-18
2.205153868	1.277481172439128e-18
2.206360159	1.3007427242096646e-18
2.207566451	1.3537134876066931e-18
2.208772742	1.3013122331602336e-18
2.209979033	1.407120997389856e-18
2.211185325	1.3897605168212446e-18
2.212391616	1.3655970137955236e-18
2.213597907	1.406266731477887e-18
2.214804199	1.3671017535249118e-18
2.21601049	1.2525906361096687e-18
2.217216781	1.2662619152642727e-18
2.218423073	1.234837266991716e-18
2.219629364	1.2031726803061417e-18
2.220835655	1.199942572260458e-18
2.222041947	1.231666391139128e-18
2.223248238	1.2297263727553923e-18
2.224454529	1.2667999547907454e-18
2.225660821	1.3032627617290198e-18
2.226867112	1.284205551858089e-18
2.228073403	1.3336090463363414e-18
2.229279695	1.3518304526810323e-18
2.230485986	1.4008533094978636e-18
2.231692277	1.3901287544813478e-18
2.232898568	1.4314270640171896e-18
2.23410486	1.3781815680912504e-18
2.235311151	1.3128119711097533e-18
2.236517442	1.258327465140226e-18
2.237723734	1.2590464226515702e-18
2.238930025	1.2999138338892703e-18
2.240136316	1.3845222833359196e-18
2.241342608	1.3807785428687387e-18
2.242548899	1.4082968390589292e-18
2.24375519	1.4055275353973388e-18
2.244961482	1.4520348988303747e-18
2.246167773	1.4166493985354013e-18
2.247374064	1.499898850832924e-18
2.248580356	1.532535893050952e-18
2.249786647	1.5132215357153403e-18
2.250992938	1.5170922794942866e-18
2.25219923	1.5849343389926479e-18
2.253405521	1.6132440006778175e-18
2.254611812	1.5595626210216292e-18
2.255818104	1.6946422401578016e-18
2.257024395	1.6667116196939537e-18
2.258230686	1.5981814853248434e-18
2.259436977	1.6396854394505484e-18
2.260643269	1.5961770888558923e-18
2.26184956	1.6294470341114344e-18
2.263055851	1.6524043876033192e-18
2.264262143	1.6510730093152928e-18
2.265468434	1.649355492888238e-18
2.266674725	1.5930587920056658e-18
2.267881017	1.703686321358991e-18
2.269087308	1.6941583902640915e-18
2.270293599	1.6802642729152943e-18
2.271499891	1.690242376986936e-18
2.272706182	1.6916013053437593e-18
2.273912473	1.775615278110293e-18
2.275118765	1.734432811146705e-18
2.276325056	1.6697801138612007e-18
2.277531347	1.6589725117631617e-18
2.278737639	1.6904441098572684e-18
2.27994393	1.7441085160689348e-18
2.281150221	1.8277144619755286e-18
2.282356513	1.8406061239411895e-18
2.283562804	1.6428402055399169e-18
2.284769095	1.665568771474866e-18
2.285975386	1.6596556632602333e-18
2.287181678	1.71337438290948e-18
2.288387969	1.6994639786580391e-18
2.28959426	1.7724046565470955e-18
2.290800552	1.72517767459302e-18
2.292006843	1.7183844307160027e-18
2.293213134	1.78432797158538e-18
2.294419426	1.8280353442002865e-18
2.295625717	1.8960418475296596e-18
2.296832008	1.8871469650054958e-18
2.2980383	1.8214001237833703e-18
2.299244591	1.6543454617006219e-18
2.300450882	1.7083014022728485e-18
2.301657174	1.7738155728530806e-18
2.302863465	1.8174567353257867e-18
2.304069756	1.825839272074855e-18
2.305276048	1.6748431227368537e-18
2.306482339	1.5448492786614667e-18
2.30768863	1.6365366289474765e-18
2.308894922	1.568997871031759e-18
2.310101213	1.8013533097703283e-18
2.311307504	1.897311631306939e-18
2.312513795	1.8358999072535517e-18
2.313720087	1.7486575872077058e-18
2.314926378	1.9794007122384488e-18
2.316132669	2.091483764215754e-18
2.317338961	2.1670534229793234e-18
2.318545252	2.2753850852577623e-18
2.319751543	2.0672631461761735e-18
2.320957835	2.098681842373046e-18
2.322164126	2.074906117920247e-18
2.323370417	1.894345361312932e-18
2.324576709	1.9098607892000496e-18
2.325783	2.0495206615351875e-18
2.326989291	2.0320880004505446e-18
2.328195583	1.9165148155831854e-18
2.329401874	1.8276717883872538e-18
2.330608165	1.906389787221306e-18
2.331814457	1.933667750254939e-18
2.333020748	2.0354682449871835e-18
2.334227039	1.9419824418124966e-18
2.335433331	2.251941418050125e-18
2.336639622	1.947525616015961e-18
2.337845913	2.3375146248100298e-18
2.339052204	2.4394817124291343e-18
2.340258496	2.5911246223136703e-18
2.341464787	2.5444099278747004e-18
2.342671078	2.428450517336535e-18
2.34387737	2.209291024961497e-18
2.345083661	2.4469563600689998e-18
2.346289952	2.7507649453200434e-18
2.347496244	2.796256471550089e-18
2.348702535	2.7230400485296692e-18
2.349908826	2.8612336735260265e-18
2.351115118	3.093119375025101e-18
2.352321409	3.006648470802659e-18
2.3535277	2.899351197681528e-18
2.354733992	2.808285587485302e-18
2.355940283	2.334498000910098e-18
2.357146574	2.320830797438261e-18
2.358352866	2.2945644680965915e-18
2.359559157	2.2717077164905366e-18
2.360765448	2.3977328798720927e-18
2.36197174	2.2774541579024584e-18
2.363178031	2.406683067780165e-18
2.364384322	2.3309719800520246e-18
2.365590613	2.8694408095020695e-18
2.366796905	2.9871881078617133e-18
2.368003196	3.590271681545223e-18
2.369209487	3.9465864262943805e-18
2.370415779	3.970743262856435e-18
2.37162207	3.784386172225394e-18
2.372828361	3.3266251674327117e-18
2.374034653	3.411115153960978e-18
2.375240944	3.481656529263565e-18
2.376447235	3.5977509737326385e-18
2.377653527	3.815440002684768e-18
2.378859818	3.586687489726422e-18
2.380066109	3.740249461302709e-18
2.381272401	3.762482208976588e-18
2.382478692	4.0914624294512425e-18
2.383684983	4.6381738935915394e-18
2.384891275	4.41629750316951e-18
2.386097566	4.2166922249032936e-18
2.387303857	4.235774749568926e-18
2.388510149	3.9038693701256745e-18
2.38971644	3.6201243842177726e-18
2.390922731	3.387322525061028e-18
2.392129022	3.662029232036633e-18
2.393335314	3.611161826586269e-18
2.394541605	3.518910011967717e-18
2.395747896	3.506293083271723e-18
2.396954188	3.3179013705955648e-18
2.398160479	3.2742391486986487e-18
2.39936677	3.0427358580553317e-18
2.400573062	3.1154266950023846e-18
2.401779353	3.4323099827992253e-18
2.402985644	4.3322036263952376e-18
2.404191936	4.2999534640531476e-18
2.405398227	4.415752261258231e-18
2.406604518	4.2812854352551085e-18
2.40781081	4.355702365440479e-18
2.409017101	4.4433738839404665e-18
2.410223392	4.679386113659549e-18
2.411429684	4.9287508493466026e-18
2.412635975	4.9423212799582805e-18
2.413842266	6.263886499098236e-18
2.415048558	7.589649576915699e-18
2.416254849	7.132405710423032e-18
2.41746114	6.869071850628399e-18
2.418667431	6.706099348650848e-18
2.419873723	4.8020755040137894e-18
2.421080014	4.898096909560516e-18
2.422286305	4.1892457780074915e-18
2.423492597	4.3776348338099085e-18
2.424698888	3.982622003434902e-18
2.425905179	3.618380926321701e-18
2.427111471	3.488148083435846e-18
2.428317762	3.4682360681866868e-18
2.429524053	3.614127235711525e-18
2.430730345	4.261557242194791e-18
2.431936636	5.76800107383521e-18
2.433142927	7.307651059575428e-18
2.434349219	7.201261544241957e-18
2.43555551	6.362388908105949e-18
2.436761801	5.0961895676293285e-18
2.437968093	4.28451268626137e-18
2.439174384	4.022340641904059e-18
2.440380675	3.7169070821272206e-18
2.441586967	4.023744384655853e-18
2.442793258	5.431624030067434e-18
2.443999549	7.516334418778089e-18
2.44520584	9.18280290227604e-18
2.446412132	1.2103920087004033e-17
2.447618423	1.2603970121668232e-17
2.448824714	1.2764823108215444e-17
2.450031006	1.220412217170931e-17
2.451237297	1.029806053538271e-17
2.452443588	9.209650803115509e-18
2.45364988	6.7088850844669295e-18
2.454856171	5.507142664450494e-18
2.456062462	4.573965866215189e-18
2.457268754	4.176759363776852e-18
2.458475045	4.443000077932293e-18
2.459681336	5.052777500724924e-18
2.460887628	5.775472985510724e-18
2.462093919	6.942731477246481e-18
2.46330021	6.5452768268023356e-18
2.464506502	6.414325367280709e-18
2.465712793	6.116076241506285e-18
2.466919084	7.952160248255143e-18
2.468125376	8.767807643307041e-18
2.469331667	1.0774847583794338e-17
2.470537958	1.2291933587410253e-17
2.47174425	1.2071852664361756e-17
2.472950541	1.1398398065011547e-17
2.474156832	8.997461342829302e-18
2.475363123	9.836328785657311e-18
2.476569415	1.1535104552503951e-17
2.477775706	1.3802394185572269e-17
2.478981997	1.9380503599999494e-17
2.480188289	2.803859122032903e-17
2.48139458	3.2205120235607035e-17
2.482600871	3.438708424352928e-17
2.483807163	3.609701105381471e-17
2.485013454	4.112198625360486e-17
2.486219745	4.720829695325008e-17
2.487426037	4.736348214335892e-17
2.488632328	5.0255629808703024e-17
2.489838619	5.314585918352059e-17
2.491044911	5.749860577412036e-17
2.492251202	5.4269241608474345e-17
2.493457493	3.951579371526081e-17
2.494663785	2.847227274229447e-17
2.495870076	2.241417885059291e-17
2.497076367	1.8297446661040298e-17