0.45	1.3291753375086632e-16
0.451153261	1.2629002771699345e-16
0.452306522	1.807804417444566e-16
0.453459782	1.7039149821644273e-16
0.454613043	1.5926913857274745e-16
0.455766304	1.2690491110878015e-16
0.456919565	1.8156047417834499e-16
0.458072825	1.870182825540389e-16
0.459226086	1.680534222876961e-16
0.460379347	1.473534126990932e-16
0.461532608	1.9097418276510374e-16
0.462685868	1.493141400251321e-16
0.463839129	1.8568517542695516e-16
0.46499239	2.0057541025516227e-16
0.466145651	1.6866374693076968e-16
0.467298911	2.4131725772178607e-16
0.468452172	2.4498977183402095e-16
0.469605433	1.7185066608614188e-16
0.470758694	2.6375767573864507e-16
0.471911954	1.8279735948425077e-16
0.473065215	1.77352335185491e-16
0.474218476	1.3955620479654928e-16
0.475371737	1.9169290089703522e-16
0.476524997	2.3247264503412403e-16
0.477678258	1.6549182713398305e-16
0.478831519	2.589787597058992e-16
0.47998478	2.462348466985541e-16
0.48113804	2.227462703116736e-16
0.482291301	2.1301921036620297e-16
0.483444562	4.969411469328937e-16
0.484597823	2.829877052542974e-16
0.485751083	2.5465091095855543e-16
0.486904344	3.0194964023030466e-16
0.488057605	2.2428866998672045e-16
0.489210866	2.479816825815546e-16
0.490364126	3.5904205797557174e-16
0.491517387	2.258409990049035e-16
0.492670648	3.044450889575342e-16
0.493823909	3.4590278386108394e-16
0.494977169	2.732213247477017e-16
0.49613043	3.2480049445032106e-16
0.497283691	2.610344400966799e-16
0.498436952	3.606734581980346e-16
0.499590213	2.1021524527903485e-16
0.500743473	3.645306907006625e-16
0.501896734	3.15183295558527e-16
0.503049995	2.4549168034283877e-16
0.504203256	1.8689431680778301e-16
0.505356516	2.3980791048212805e-16
0.506509777	1.633110166754147e-16
0.507663038	2.054605319120259e-16
0.508816299	1.2723352700635903e-16
0.509969559	1.2110382002464607e-16
0.51112282	1.0814985055266862e-16
0.512276081	1.3911161645441145e-16
0.513429342	1.7522642733918318e-16
0.514582602	1.6340810637378559e-16
0.515735863	1.798359056302798e-16
0.516889124	1.9004924662732601e-16
0.518042385	2.368927652536129e-16
0.519195645	1.831847626408761e-16
0.520348906	3.026551320280631e-16
0.521502167	2.4335694538910055e-16
0.522655428	2.9473852569810424e-16
0.523808688	2.8463488781230063e-16
0.524961949	2.83941041778354e-16
0.52611521	2.687952814262185e-16
0.527268471	3.0737412903816103e-16
0.528421731	3.4986833156367773e-16
0.529574992	4.1045174808738817e-16
0.530728253	4.782006044709611e-16
0.531881514	4.0150113264497854e-16
0.533034774	4.2560324413150887e-16
0.534188035	3.422182748490147e-16
0.535341296	4.500732427688037e-16
0.536494557	4.529296912014827e-16
0.537647817	5.00332659280014e-16
0.538801078	4.429723581594241e-16
0.539954339	3.5543327798797845e-16
0.5411076	3.5572354568447956e-16
0.54226086	3.914275366223973e-16
0.543414121	3.6225747908002514e-16
0.544567382	4.1545997745642777e-16
0.545720643	3.6382988885413157e-16
0.546873904	3.6198321964135783e-16
0.548027164	3.9316185281576763e-16
0.549180425	3.3630670433035914e-16
0.550333686	3.66519614371826e-16
0.551486947	3.7803185344841238e-16
0.552640207	3.15787181290596e-16
0.553793468	2.8212821474647617e-16
0.554946729	3.268340510565891e-16
0.55609999	3.3766233939518855e-16
0.55725325	3.444191557794267e-16
0.558406511	3.489422303827701e-16
0.559559772	3.919728259275197e-16
0.560713033	3.4129946558085065e-16
0.561866293	3.501334714258139e-16
0.563019554	3.675248996794875e-16
0.564172815	3.5213579302444233e-16
0.565326076	4.1490769676505334e-16
0.566479336	4.0161359991522336e-16
0.567632597	3.90350618611828e-16
0.568785858	3.890209110566673e-16
0.569939119	3.787474705806815e-16
0.571092379	3.699470391031631e-16
0.57224564	3.794044362009474e-16
0.573398901	3.904366434113805e-16
0.574552162	3.7488738130776754e-16
0.575705422	3.7563732556255807e-16
0.576858683	3.6939591145402787e-16
0.578011944	3.396692213272299e-16
0.579165205	3.255318708496521e-16
0.580318465	3.295296902261586e-16
0.581471726	3.0166528600462993e-16
0.582624987	2.8275231320893124e-16
0.583778248	2.84062066894395e-16
0.584931508	2.8073169217792e-16
0.586084769	2.9928827275732667e-16
0.58723803	3.0334486142607447e-16
0.588391291	2.8334130034725884e-16
0.589544551	3.1831826415107037e-16
0.590697812	3.04153489671845e-16
0.591851073	3.2579636894760867e-16
0.593004334	3.276653428332406e-16
0.594157595	3.6328287276232685e-16
0.595310855	3.822625119816534e-16
0.596464116	4.0057495796287746e-16
0.597617377	4.58248290768909e-16
0.598770638	5.019555266678574e-16
0.599923898	5.247445881010839e-16
0.601077159	5.619257993921128e-16
0.60223042	6.288352034478543e-16
0.603383681	6.244888369579134e-16
0.604536941	6.763291211286725e-16
0.605690202	6.908208017419706e-16
0.606843463	7.36883000927108e-16
0.607996724	7.329542505051343e-16
0.609149984	7.438919132579822e-16
0.610303245	7.875718479093042e-16
0.611456506	7.894935174182685e-16
0.612609767	8.274771651073871e-16
0.613763027	8.378495092819075e-16
0.614916288	7.710546494856532e-16
0.616069549	7.926426005543106e-16
0.61722281	8.741387925395573e-16
0.61837607	7.761553644484175e-16
0.619529331	7.800255330951593e-16
0.620682592	7.621259702356287e-16
0.621835853	8.114368217174902e-16
0.622989113	8.325405764109041e-16
0.624142374	8.1459951380931115e-16
0.625295635	7.914176635389848e-16
0.626448896	8.450441439753171e-16
0.627602156	8.259834413904677e-16
0.628755417	8.223454550429081e-16
0.629908678	8.212393947901896e-16
0.631061939	9.555798531133122e-16
0.632215199	1.0292270376066904e-15
0.63336846	1.0341558464230063e-15
0.634521721	1.270138452267192e-15
0.635674982	1.1527622955134433e-15
0.636828242	1.2430655595135406e-15
0.637981503	1.2110929328898211e-15
0.639134764	1.39573218392957e-15
0.640288025	1.545700077011883e-15
0.641441286	1.5458585859466663e-15
0.642594546	1.7695766793956344e-15
0.643747807	1.5267487642158964e-15
0.644901068	1.903252145156317e-15
0.646054329	1.7775290796952142e-15
0.647207589	1.9790916345921933e-15
0.64836085	2.0330959067842123e-15
0.649514111	1.8157491618774173e-15
0.650667372	1.971403338630456e-15
0.651820632	2.1551323494928965e-15
0.652973893	1.9484404276173195e-15
0.654127154	2.005743279399966e-15
0.655280415	2.5994171158989086e-15
0.656433675	1.7460001685442417e-15
0.657586936	1.95223950345824e-15
0.658740197	1.7287512011253554e-15
0.659893458	1.931169560288088e-15
0.661046718	1.7659947637167934e-15
0.662199979	1.8332752883841736e-15
0.66335324	1.863718953921372e-15
0.664506501	1.9739535018577164e-15
0.665659761	1.6864155208978465e-15
0.666813022	1.702905209431107e-15
0.667966283	1.7115068741161114e-15
0.669119544	1.6760588375116754e-15
0.670272804	1.7111923031190875e-15
0.671426065	1.6934634898852879e-15
0.672579326	1.6346102046840591e-15
0.673732587	1.786500991593757e-15
0.674885847	1.5383286484721395e-15
0.676039108	1.657201902185616e-15
0.677192369	1.6666169473515468e-15
0.67834563	1.623880905611412e-15
0.67949889	1.594621736634911e-15
0.680652151	1.729124449519215e-15
0.681805412	1.6878175973258668e-15
0.682958673	1.6157490371116048e-15
0.684111933	1.934502657313277e-15
0.685265194	1.7195600147140273e-15
0.686418455	1.7882972009193207e-15
0.687571716	1.819639251275273e-15
0.688724977	1.8742689515888753e-15
0.689878237	1.6141632996311298e-15
0.691031498	2.2308481482820206e-15
0.692184759	2.530145536939437e-15
0.69333802	2.0802457653485797e-15
0.69449128	3.0114090445237954e-15
0.695644541	2.6634350845060013e-15
0.696797802	2.6860964927959493e-15
0.697951063	3.0179488675443066e-15
0.699104323	3.1184405587745134e-15
0.700257584	3.212413081838312e-15
0.701410845	3.639071625293889e-15
0.702564106	3.7922503174623504e-15
0.703717366	2.9210772830849303e-15
0.704870627	3.668771398099482e-15
0.706023888	3.1131183117048577e-15
0.707177149	3.330860645982682e-15
0.708330409	2.654848631611418e-15
0.70948367	3.345599930300632e-15
0.710636931	2.719505881248677e-15
0.711790192	2.5984210408396627e-15
0.712943452	3.239264958042378e-15
0.714096713	3.2698179389327705e-15
0.715249974	3.18639094979954e-15
0.716403235	3.023941510070757e-15
0.717556495	3.848325548329133e-15
0.718709756	3.257959721062698e-15
0.719863017	3.1390751653787094e-15
0.721016278	3.506131345880098e-15
0.722169538	3.990177217270011e-15
0.723322799	3.890371756704549e-15
0.72447606	5.076487774606462e-15
0.725629321	4.331271652708902e-15
0.726782581	5.194939269116707e-15
0.727935842	6.253940077719874e-15
0.729089103	4.690659843984767e-15
0.730242364	4.3355719915140095e-15
0.731395624	4.838663914170438e-15
0.732548885	5.026054020241743e-15
0.733702146	5.52555261958705e-15
0.734855407	5.180880460669409e-15
0.736008668	4.821842621783529e-15
0.737161928	5.1236594069847214e-15
0.738315189	5.0290884585205065e-15
0.73946845	4.6300325052839784e-15
0.740621711	5.196722712216826e-15
0.741774971	4.336841718619181e-15
0.742928232	4.721227958713753e-15
0.744081493	3.6459792843884374e-15
0.745234754	3.3988807426543974e-15
0.746388014	3.7084515440889495e-15
0.747541275	3.6557618161497046e-15
0.748694536	3.558508769576232e-15
0.749847797	3.6836201032024476e-15
0.751001057	3.960689755182968e-15
0.752154318	3.905648190471692e-15
0.753307579	3.740614007823855e-15
0.75446084	3.934931717214037e-15
0.7556141	4.4106899459734235e-15
0.756767361	3.81599784168021e-15
0.757920622	4.366926641869778e-15
0.759073883	5.0887469882867206e-15
0.760227143	4.238570228620171e-15
0.761380404	2.9169724488311686e-15
0.762533665	2.9062482257452994e-15
0.763686926	2.862350178069657e-15
0.764840186	2.8396488986153836e-15
0.765993447	3.356393455482599e-15
0.767146708	3.535335862235614e-15
0.768299969	3.913201813621165e-15
0.769453229	4.107843713688979e-15
0.77060649	4.514546579764607e-15
0.771759751	4.269891596932112e-15
0.772913012	4.8747670300756185e-15
0.774066272	4.273885448519093e-15
0.775219533	4.999311127448353e-15
0.776372794	5.3675965154816025e-15
0.777526055	5.384141259997146e-15
0.778679315	7.144189491302004e-15
0.779832576	7.980474065604594e-15
0.780985837	8.373294116628289e-15
0.782139098	7.933679766693271e-15
0.783292359	8.547873777093909e-15
0.784445619	9.516169892113221e-15
0.78559888	9.650152708002779e-15
0.786752141	9.236130042831103e-15
0.787905402	9.199092669449713e-15
0.789058662	1.0011596706869205e-14
0.790211923	9.698947724555568e-15
0.791365184	1.0331099311753031e-14
0.792518445	9.637071658698771e-15
0.793671705	1.1590993601588937e-14
0.794824966	1.0896946982498138e-14
0.795978227	9.743655490653587e-15
0.797131488	1.2337551215191085e-14
0.798284748	1.193899875919701e-14
0.799438009	1.3432882527608512e-14
0.80059127	1.4491275346826005e-14
0.801744531	1.5154571226595702e-14
0.802897791	1.545310762174065e-14
0.804051052	1.5715997948190114e-14
0.805204313	1.7298112553894307e-14
0.806357574	1.892634014754942e-14
0.807510834	2.086768008797679e-14
0.808664095	2.0597710785534743e-14
0.809817356	2.1694200992298e-14
0.810970617	2.2289623578210138e-14
0.812123877	2.468745805636976e-14
0.813277138	2.2912943533782347e-14
0.814430399	2.5825600520507394e-14
0.81558366	2.457236094784744e-14
0.81673692	2.5273680382723665e-14
0.817890181	2.7682101935547813e-14
0.819043442	2.933704416993913e-14
0.820196703	3.2340307207244235e-14
0.821349963	3.111787670932044e-14
0.822503224	2.5814606422154038e-14
0.823656485	2.8330959323074903e-14
0.824809746	2.848544677670691e-14
0.825963006	3.056017154006199e-14
0.827116267	2.5717786021368564e-14
0.828269528	2.93987636057907e-14
0.829422789	2.9403288574409845e-14
0.830576049	2.474094300796273e-14
0.83172931	2.949462722015857e-14
0.832882571	2.8078434698043274e-14
0.834035832	3.3320049958247814e-14
0.835189093	2.878130720529607e-14
0.836342353	2.448336499337137e-14
0.837495614	2.5318230351397396e-14
0.838648875	2.7095466411665137e-14
0.839802136	2.8013220382883602e-14
0.840955396	2.2654937132699005e-14
0.842108657	2.247748074399946e-14
0.843261918	2.3410054342443072e-14
0.844415179	2.0303587020418444e-14
0.845568439	2.2127358402752858e-14
0.8467217	1.9799765595031157e-14
0.847874961	1.7833930314445912e-14
0.849028222	2.0112346815414515e-14
0.850181482	1.8915768323261253e-14
0.851334743	1.423126525127457e-14
0.852488004	1.5617785878379094e-14
0.853641265	1.488210817845609e-14
0.854794525	1.2742155160446566e-14
0.855947786	1.419784307416768e-14
0.857101047	1.3766896154971904e-14
0.858254308	1.538420287863525e-14
0.859407568	1.2049357436977508e-14
0.860560829	1.1863796935927282e-14
0.86171409	1.2683727153411848e-14
0.862867351	1.2934599390160101e-14
0.864020611	1.3664562016728175e-14
0.865173872	1.3236358668812434e-14
0.866327133	1.1128390609966406e-14
0.867480394	1.2210555688969784e-14
0.868633654	1.2633663091999447e-14
0.869786915	1.449537975972257e-14
0.870940176	1.646439076939268e-14
0.872093437	1.562906830345889e-14
0.873246697	1.9594685206899517e-14
0.874399958	1.7894394808888128e-14
0.875553219	1.7531531611090148e-14
0.87670648	2.0379345749680407e-14
0.87785974	2.0802382752369967e-14
0.879013001	2.3373580627316415e-14
0.880166262	2.1117386698512334e-14
0.881319523	2.0716346696778463e-14
0.882472784	2.5198453103949423e-14
0.883626044	2.8129603174137685e-14
0.884779305	3.008427931936986e-14
0.885932566	2.422552229263972e-14
0.887085827	2.4499384177302815e-14
0.888239087	3.277027330693959e-14
0.889392348	2.7474436883972336e-14
0.890545609	3.0522202226287155e-14
0.89169887	3.399293902214897e-14
0.89285213	3.468242753665554e-14
0.894005391	3.682362600747621e-14
0.895158652	3.294663202842259e-14
0.896311913	3.240760551645271e-14
0.897465173	3.68536274682796e-14
0.898618434	3.6236477640573535e-14
0.899771695	4.2747590268597305e-14
0.900924956	3.91904304680765e-14
0.902078216	4.151890313351048e-14
0.903231477	4.577733892643793e-14
0.904384738	4.1916399494602716e-14
0.905537999	5.3671166305482225e-14
0.906691259	5.022179504507273e-14
0.90784452	5.256299804935699e-14
0.908997781	5.4093690464669944e-14
0.910151042	4.3705393912223485e-14
0.911304302	5.340934203044006e-14
0.912457563	5.6427957641496647e-14
0.913610824	5.98462812829736e-14
0.914764085	5.465915856483256e-14
0.915917345	5.060076481223812e-14
0.917070606	5.858394397691655e-14
0.918223867	4.953170027066582e-14
0.919377128	5.0085634243061167e-14
0.920530388	6.312647063981497e-14
0.921683649	4.885121485238873e-14
0.92283691	4.4133145370468196e-14
0.923990171	4.870043343407423e-14
0.925143431	4.676002186484868e-14
0.926296692	4.714663448452976e-14
0.927449953	5.265831866928646e-14
0.928603214	4.677223244376092e-14
0.929756475	4.5317852817088025e-14
0.930909735	3.6250008921771764e-14
0.932062996	3.508670787384368e-14
0.933216257	3.477610040217933e-14
0.934369518	4.0450594264231315e-14
0.935522778	3.515932155507196e-14
0.936676039	3.2493136618692046e-14
0.9378293	3.6857432761148993e-14
0.938982561	4.339900165736182e-14
0.940135821	4.7341731674496465e-14
0.941289082	4.835499555715788e-14
0.942442343	4.156554705040709e-14
0.943595604	3.880933444866138e-14
0.944748864	4.0542913639192013e-14
0.945902125	4.1876686347349206e-14
0.947055386	4.450368804054666e-14
0.948208647	4.7885986179737806e-14
0.949361907	4.8025752845622615e-14
0.950515168	5.602163720132485e-14
0.951668429	6.210859947948481e-14
0.95282169	6.471969553885724e-14
0.95397495	5.499057693398417e-14
0.955128211	4.748509561597589e-14
0.956281472	4.55425746017595e-14
0.957434733	4.709027438268955e-14
0.958587993	4.3854257717438784e-14
0.959741254	4.436297434334358e-14
0.960894515	4.373906431799518e-14
0.962047776	4.456641359527527e-14
0.963201036	4.417872007630364e-14
0.964354297	4.536772091218383e-14
0.965507558	4.7841065745266014e-14
0.966660819	4.595242864346172e-14
0.967814079	4.061004772223937e-14
0.96896734	4.299752294736764e-14
0.970120601	0.
0.971273862	0.
0.972427122	0.
0.973580383	0.
0.974733644	0.
0.975886905	0.
0.977040166	0.
0.978193426	0.
0.979346687	0.
0.980499948	0.
0.981653209	0.
0.982806469	0.
0.98395973	0.
0.985112991	0.
0.986266252	0.
0.987419512	0.
0.988572773	0.
0.989726034	0.
0.990879295	0.
0.992032555	0.
0.993185816	0.
0.994339077	0.
0.995492338	0.
0.996645598	0.
0.997798859	6.69616889504368e-14
0.99895212	5.859645934263762e-14
1.000105381	6.531831633831217e-14
1.001258641	4.887109952884937e-14
1.002411902	5.867269045664607e-14
1.003565163	6.00690026712684e-14
1.004718424	6.037373671733213e-14
1.005871684	5.314459074799697e-14
1.007024945	6.731568799494089e-14
1.008178206	6.080337653342141e-14
1.009331467	6.58312772084262e-14
1.010484727	6.809036587232286e-14
1.011637988	7.212878969751163e-14
1.012791249	6.60055401849491e-14
1.01394451	6.630048761601917e-14
1.01509777	7.091959856763082e-14
1.016251031	7.033103987846404e-14
1.017404292	7.486769859094315e-14
1.018557553	6.723833304878522e-14
1.019710813	7.685897555151448e-14
1.020864074	6.658154339367636e-14
1.022017335	6.779974074319869e-14
1.023170596	6.981579001121443e-14
1.024323857	6.833609366880226e-14
1.025477117	6.632140253941995e-14
1.026630378	7.190063916047745e-14
1.027783639	6.638958208581343e-14
1.0289369	7.332586125731624e-14
1.03009016	6.678571360760385e-14
1.031243421	7.32331904073556e-14
1.032396682	6.807810537942302e-14
1.033549943	7.863616080779769e-14
1.034703203	7.202925022681998e-14
1.035856464	6.916116312915399e-14
1.037009725	7.733690120481183e-14
1.038162986	7.6702029728226e-14
1.039316246	7.272501832640485e-14
1.040469507	7.43960358372275e-14
1.041622768	7.498291158524948e-14
1.042776029	8.142231678851366e-14
1.043929289	7.278567874990252e-14
1.04508255	8.065975543746123e-14
1.046235811	9.360760586141498e-14
1.047389072	7.793123534742818e-14
1.048542332	9.289937421629845e-14
1.049695593	7.337282082170793e-14
1.050848854	8.054885821828237e-14
1.052002115	8.532775516219857e-14
1.053155375	8.88935284706873e-14
1.054308636	9.575816279928994e-14
1.055461897	8.7759589894871e-14
1.056615158	8.489276206801048e-14
1.057768418	8.482426550658813e-14
1.058921679	8.548672231273605e-14
1.06007494	9.998089750190075e-14
1.061228201	8.464228014854664e-14
1.062381461	8.519077454718852e-14
1.063534722	1.0164318662529817e-13
1.064687983	8.358723920866143e-14
1.065841244	9.009222912134769e-14
1.066994504	9.480396012854109e-14
1.068147765	1.0110451061699043e-13
1.069301026	1.0951662762920704e-13
1.070454287	1.0082782988667286e-13
1.071607548	1.0110538155380684e-13
1.072760808	9.308042320201997e-14
1.073914069	1.0878834433156926e-13
1.07506733	1.0850808932140038e-13
1.076220591	1.1417114123592802e-13
1.077373851	1.0483803342390592e-13
1.078527112	1.0745679014211241e-13
1.079680373	1.0235921665267768e-13
1.080833634	1.1218091688546272e-13
1.081986894	1.040354974386617e-13
1.083140155	1.0543068654304406e-13
1.084293416	1.1116795669612264e-13
1.085446677	1.132374413322125e-13
1.086599937	1.0892741108975725e-13
1.087753198	1.1192221675544715e-13
1.088906459	1.1451332631704658e-13
1.09005972	1.0972505248395774e-13
1.09121298	1.1461756070494557e-13
1.092366241	1.179437639529017e-13
1.093519502	1.1309398479050502e-13
1.094672763	1.1848497463708772e-13
1.095826023	1.1431459898160912e-13
1.096979284	1.1139296266604965e-13
1.098132545	1.0251397647774207e-13
1.099285806	1.0315438373240239e-13
1.100439066	1.0161832904540936e-13
1.101592327	9.15073933327589e-14
1.102745588	9.684732592911686e-14
1.103898849	9.209660372780893e-14
1.105052109	9.590367190580066e-14
1.10620537	8.272088760336483e-14
1.107358631	9.094950915797405e-14
1.108511892	7.752302072424727e-14
1.109665152	8.323539746324262e-14
1.110818413	7.133117946329155e-14
1.111971674	7.123857797320331e-14
1.113124935	7.879779411420311e-14
1.114278195	7.93514788830725e-14
1.115431456	7.036665581272187e-14
1.116584717	7.35562954431377e-14
1.117737978	7.869001075143409e-14
1.118891239	7.248257016353908e-14
1.120044499	7.258303840278227e-14
1.12119776	7.252801906899739e-14
1.122351021	7.24545647345285e-14
1.123504282	7.808490645136645e-14
1.124657542	7.80009255219525e-14
1.125810803	8.05476448454953e-14
1.126964064	8.573799740115247e-14
1.128117325	8.115252041427611e-14
1.129270585	7.874034088305847e-14
1.130423846	7.900249202279756e-14
1.131577107	8.523417256558362e-14
1.132730368	8.364306963809022e-14
1.133883628	8.952568498136184e-14
1.135036889	9.095899381129486e-14
1.13619015	8.595643003138056e-14
1.137343411	8.195406364642383e-14
1.138496671	8.116826986155196e-14
1.139649932	7.836024465158184e-14
1.140803193	8.444981369131466e-14
1.141956454	8.260311056361291e-14
1.143109714	8.359500608224122e-14
1.144262975	8.201925661847212e-14
1.145416236	8.328106608035746e-14
1.146569497	7.804351208107015e-14
1.147722757	8.960438330535278e-14
1.148876018	9.716196124390619e-14
1.150029279	9.699227740666104e-14
1.15118254	1.0688246542394939e-13
1.1523358	1.0288059160219919e-13
1.153489061	1.1066778388891295e-13
1.154642322	1.0013526017092907e-13
1.155795583	9.940919538439647e-14
1.156948843	1.0665150407650714e-13
1.158102104	1.1081510698829096e-13
1.159255365	1.0487482935793398e-13
1.160408626	1.0733030584819467e-13
1.161561886	1.0571118861937731e-13
1.162715147	9.783444092969472e-14
1.163868408	9.936490574699328e-14
1.165021669	1.019353072969312e-13
1.16617493	9.72772785852506e-14
1.16732819	9.213939319364161e-14
1.168481451	9.525929687328654e-14
1.169634712	9.308390544457062e-14
1.170787973	8.979353774350096e-14
1.171941233	8.851901514021699e-14
1.173094494	9.224938520949016e-14
1.174247755	8.531674390930759e-14
1.175401016	9.088774026523057e-14
1.176554276	8.990906835121602e-14
1.177707537	9.143424859040975e-14
1.178860798	9.02745977197225e-14
1.180014059	8.679809258617376e-14
1.181167319	8.626451260897415e-14
1.18232058	9.515869016904228e-14
1.183473841	9.478245747612516e-14
1.184627102	9.820605805172882e-14
1.185780362	9.432577934125153e-14
1.186933623	9.519875728912468e-14
1.188086884	1.0637211863616075e-13
1.189240145	1.0828417000509992e-13
1.190393405	1.0346016755726481e-13
1.191546666	1.0294347020670601e-13
1.192699927	9.852318672973245e-14
1.193853188	1.0865834179110548e-13
1.195006448	9.981322204974391e-14
1.196159709	1.0209333621279242e-13
1.19731297	1.0682699721143597e-13
1.198466231	1.0538083125726788e-13
1.199619491	1.0628789994361132e-13
1.200772752	1.0112214777262634e-13
1.201926013	1.0008695097696596e-13
1.203079274	1.0512558841667758e-13
1.204232534	1.121707485758018e-13
1.205385795	1.047252372513434e-13
1.206539056	1.0589636603823113e-13
1.207692317	1.079992205698488e-13
1.208845577	1.1986762985871298e-13
1.209998838	1.143286433715486e-13
1.211152099	1.0769274457414396e-13
1.21230536	1.0475953652680074e-13
1.213458621	1.0643541419413644e-13
1.214611881	1.104520331563701e-13
1.215765142	1.1027955444203526e-13
1.216918403	1.0879874276984948e-13
1.218071664	1.104609618098653e-13
1.219224924	1.1590301130330963e-13
1.220378185	1.1032713573794458e-13
1.221531446	1.130491624088131e-13
1.222684707	1.1540951133891628e-13
1.223837967	1.17902342984436e-13
1.224991228	1.2117275431397782e-13
1.226144489	1.1541646682381834e-13
1.22729775	1.221021535276832e-13
1.22845101	1.1703355694802605e-13
1.229604271	1.1555325261612303e-13
1.230757532	1.1893104782440783e-13
1.231910793	1.1472467667215032e-13
1.233064053	1.136679930814372e-13
1.234217314	1.1264170675965828e-13
1.235370575	1.0903362132398699e-13
1.236523836	1.1307415925551475e-13
1.237677096	1.0792760037160361e-13
1.238830357	1.1135685742194986e-13
1.239983618	1.1144730509947071e-13
1.241136879	1.0714149563092985e-13
1.242290139	1.047293349180263e-13
1.2434434	1.0169415383088101e-13
1.244596661	9.912460943993471e-14
1.245749922	1.039796274187608e-13
1.246903182	1.0216522401133094e-13
1.248056443	9.542595966312464e-14
1.249209704	9.529485576932281e-14
1.250362965	1.005547324165238e-13
1.251516225	9.65494245547246e-14
1.252669486	9.878179255754086e-14
1.253822747	1.0376365296660282e-13
1.254976008	1.0424569766981571e-13
1.256129268	9.690531059574763e-14
1.257282529	1.0547890208974885e-13
1.25843579	1.0259787087536215e-13
1.259589051	1.0084836824840096e-13
1.260742312	9.79209517889163e-14
1.261895572	1.0162270890048473e-13
1.263048833	9.69727241626983e-14
1.264202094	9.802878958413008e-14
1.265355355	1.0183777739557184e-13
1.266508615	1.0267504035743508e-13
1.267661876	1.1481949967794066e-13
1.268815137	1.1091404822368925e-13
1.269968398	1.087927937996974e-13
1.271121658	1.0838686466722203e-13
1.272274919	1.1107036584312683e-13
1.27342818	1.100058350776103e-13
1.274581441	1.178931569747587e-13
1.275734701	1.1240009847722722e-13
1.276887962	1.1109346674374104e-13
1.278041223	1.1265306836138924e-13
1.279194484	1.1550337999878663e-13
1.280347744	1.1845623484245565e-13
1.281501005	1.2379750312893558e-13
1.282654266	1.3846274556207915e-13
1.283807527	1.260128233449149e-13
1.284960787	1.1754986246313423e-13
1.286114048	1.2439324624085428e-13
1.287267309	1.2234133609828619e-13
1.28842057	1.1583757963805723e-13
1.28957383	1.1695186917283976e-13
1.290727091	1.138338546361715e-13
1.291880352	1.1091744755309917e-13
1.293033613	1.1547361704478767e-13
1.294186873	1.139973913921176e-13
1.295340134	1.1452965365969146e-13
1.296493395	1.1340128807331419e-13
1.297646656	1.1438986701578392e-13
1.298799916	1.1631467435690485e-13
1.299953177	1.1151543582306693e-13
1.301106438	1.11169724249908e-13
1.302259699	1.1145041231067133e-13
1.303412959	1.0735308032025495e-13
1.30456622	1.0830397555521635e-13
1.305719481	1.0768322061521548e-13
1.306872742	1.0808981174873474e-13
1.308026003	1.0602541228807464e-13
1.309179263	1.1025492658217221e-13
1.310332524	1.0539104430110626e-13
1.311485785	1.0840197691588289e-13
1.312639046	1.0748117131745306e-13
1.313792306	1.0735070023608831e-13
1.314945567	1.0490939016208434e-13
1.316098828	1.0746579762478965e-13
1.317252089	1.0586349432657605e-13
1.318405349	1.0198288938838436e-13
1.31955861	1.0385030538308549e-13
1.320711871	9.531386593690647e-14
1.321865132	9.853276380097306e-14
1.323018392	9.074609290459894e-14
1.324171653	8.899545532143822e-14
1.325324914	8.857163195252536e-14
1.326478175	8.97935664332409e-14
1.327631435	8.120938579959097e-14
1.328784696	8.082058757939215e-14
1.329937957	7.922754433931012e-14
1.331091218	6.683920262419745e-14
1.332244478	7.671722760097896e-14
1.333397739	6.7212667460828e-14
1.334551	6.78838665948594e-14
1.335704261	6.81992729922502e-14
1.336857521	6.49704457468676e-14
1.338010782	6.092625335835968e-14
1.339164043	6.375971156877012e-14
1.340317304	5.814343139689156e-14
1.341470564	4.777064165764908e-14
1.342623825	5.034440483899212e-14
1.343777086	4.3314400707826264e-14
1.344930347	3.853379945131385e-14
1.346083607	4.062703377644479e-14
1.347236868	3.795381149657296e-14
1.348390129	3.4884732560563264e-14
1.34954339	3.278440747333125e-14
1.35069665	3.2673164904885626e-14
1.351849911	2.462768761858676e-14
1.353003172	3.28978798834827e-14
1.354156433	3.0651873401840486e-14
1.355309694	2.7312702204532273e-14
1.356462954	2.7980817789642296e-14
1.357616215	3.499418371444715e-14
1.358769476	3.863317954733472e-14
1.359922737	4.6168609778850177e-14
1.361075997	6.457093040546323e-14
1.362229258	1.046558945883696e-13
1.363382519	1.6436052574122862e-13
1.36453578	2.0176971880951232e-13
1.36568904	2.8385566691271224e-13
1.366842301	3.0126530566243343e-13
1.367995562	3.510829316548125e-13
1.369148823	3.732824113239496e-13
1.370302083	3.493683311877401e-13
1.371455344	2.869192705388239e-13
1.372608605	2.1204425986123547e-13
1.373761866	1.613324399656197e-13
1.374915126	9.459245054143859e-14
1.376068387	9.160566516144779e-14
1.377221648	7.849030665569612e-14
1.378374909	8.039566054988982e-14
1.379528169	6.989078096457956e-14
1.38068143	6.793765223629156e-14
1.381834691	6.448203863496298e-14
1.382987952	6.889895515461272e-14
1.384141212	8.464664456241169e-14
1.385294473	1.2743623364940002e-13
1.386447734	1.1030766627186096e-13
1.387600995	8.786111180040715e-14
1.388754255	7.415763723866883e-14
1.389907516	6.675799893475922e-14
1.391060777	5.71495498638472e-14
1.392214038	6.214730125188526e-14
1.393367298	4.906119219828986e-14
1.394520559	4.1306778339202454e-14
1.39567382	4.518445439413495e-14
1.396827081	4.968536131589501e-14
1.397980341	4.0227355747663224e-14
1.399133602	4.614138810086877e-14
1.400286863	5.124232093271905e-14
1.401440124	4.327822147020106e-14
1.402593385	3.9099096735722784e-14
1.403746645	4.47464242977413e-14
1.404899906	3.927902625206923e-14
1.406053167	3.7296437508129985e-14
1.407206428	4.097902301475904e-14
1.408359688	3.84388937041006e-14
1.409512949	3.610640410906745e-14
1.41066621	3.720869281072074e-14
1.411819471	4.1617873605312595e-14
1.412972731	3.818432947590272e-14
1.414125992	3.5255925415259625e-14
1.415279253	3.3287788461791345e-14
1.416432514	3.3423002433933874e-14
1.417585774	3.218018081205388e-14
1.418739035	3.4237926345969486e-14
1.419892296	3.207813984633158e-14
1.421045557	3.257044611473583e-14
1.422198817	3.670548009754081e-14
1.423352078	3.6856570183103836e-14
1.424505339	3.867095206433155e-14
1.4256586	3.618472205371384e-14
1.42681186	3.1489029414295395e-14
1.427965121	3.024166148913236e-14
1.429118382	2.5717490269609308e-14
1.430271643	3.266340850058573e-14
1.431424903	3.1726253024502405e-14
1.432578164	3.404959296702114e-14
1.433731425	3.4081474142037926e-14
1.434884686	2.848492645228775e-14
1.436037946	3.003445302184941e-14
1.437191207	3.4889375231673796e-14
1.438344468	2.950330749244434e-14
1.439497729	3.776303604304521e-14
1.440650989	3.7818565587708376e-14
1.44180425	3.1141559333941435e-14
1.442957511	3.208939415764284e-14
1.444110772	3.269697192023113e-14
1.445264032	3.454218184414755e-14
1.446417293	3.804886593390803e-14
1.447570554	3.526111855761909e-14
1.448723815	4.056432311575013e-14
1.449877076	3.978450299857452e-14
1.451030336	4.0238762114257026e-14
1.452183597	4.591590683267531e-14
1.453336858	4.36367051041422e-14
1.454490119	4.568536294707798e-14
1.455643379	4.1149977331276335e-14
1.45679664	4.775027997676495e-14
1.457949901	4.3075842973567204e-14
1.459103162	4.36628760480687e-14
1.460256422	3.7178270780449466e-14
1.461409683	4.258468249448184e-14
1.462562944	4.40562841041509e-14
1.463716205	4.624484130966533e-14
1.464869465	4.204067267199854e-14
1.466022726	4.1619595080823824e-14
1.467175987	3.692894257581264e-14
1.468329248	3.709608642017522e-14
1.469482508	3.876876023560891e-14
1.470635769	4.020206816742681e-14
1.47178903	3.8380033209313806e-14
1.472942291	4.006137809267725e-14
1.474095551	4.291949961091678e-14
1.475248812	4.320959914478288e-14
1.476402073	4.370560663702923e-14
1.477555334	4.8184385781916085e-14
1.478708594	4.4120185057391155e-14
1.479861855	4.995753435067695e-14
1.481015116	4.7704022609626744e-14
1.482168377	4.915136552515571e-14
1.483321637	4.776385352090393e-14
1.484474898	5.070193110542941e-14
1.485628159	4.5265578172617395e-14
1.48678142	4.690902558331988e-14
1.48793468	4.970813319822014e-14
1.489087941	5.573725966631401e-14
1.490241202	4.925339955833009e-14
1.491394463	4.892434758727039e-14
1.492547723	5.43790766976e-14
1.493700984	5.1409706609943744e-14
1.494854245	5.5169743025974156e-14
1.496007506	5.69482476165062e-14
1.497160766	5.755281353235623e-14
1.498314027	5.5349341274585017e-14
1.499467288	5.62908257405369e-14
1.500620549	4.9935909005136435e-14
1.50177381	5.2381137748356334e-14
1.50292707	5.554538872536501e-14
1.504080331	6.026139338180192e-14
1.505233592	5.917071583921519e-14
1.506386853	5.677451152052506e-14
1.507540113	5.2888712177973654e-14
1.508693374	5.636032523332684e-14
1.509846635	4.875766189909477e-14
1.510999896	5.988287087087156e-14
1.512153156	5.918123151952143e-14
1.513306417	5.756415954598898e-14
1.514459678	5.730481591906833e-14
1.515612939	6.689687625439393e-14
1.516766199	5.703442974779084e-14
1.51791946	5.784105980039923e-14
1.519072721	6.459064539891032e-14
1.520225982	5.840784925685677e-14
1.521379242	6.659998158030933e-14
1.522532503	6.194170534510038e-14
1.523685764	5.94214348474252e-14
1.524839025	6.378354604130548e-14
1.525992285	6.322361813257235e-14
1.527145546	6.285976966351952e-14
1.528298807	6.732261182424571e-14
1.529452068	6.420852701659125e-14
1.530605328	6.871284138389505e-14
1.531758589	6.662092316785574e-14
1.53291185	6.45508776557668e-14
1.534065111	6.560230846473574e-14
1.535218371	6.706711491799925e-14
1.536371632	6.206353370736889e-14
1.537524893	6.390916440644348e-14
1.538678154	6.864215521934721e-14
1.539831414	7.068497091588564e-14
1.540984675	6.908704129898094e-14
1.542137936	7.066644886440381e-14
1.543291197	7.294006261243053e-14
1.544444457	6.85971077098109e-14
1.545597718	7.330560174517366e-14
1.546750979	6.716521275768344e-14
1.54790424	6.889914107690888e-14
1.549057501	7.601615410000438e-14
1.550210761	7.532465867441951e-14
1.551364022	7.37504380378733e-14
1.552517283	7.098627360517345e-14
1.553670544	6.73931166757764e-14
1.554823804	7.270391159338422e-14
1.555977065	7.113727215899195e-14
1.557130326	7.218607062122177e-14
1.558283587	7.653854721460461e-14
1.559436847	8.226119100334675e-14
1.560590108	7.809332705470832e-14
1.561743369	7.424939514122515e-14
1.56289663	7.56408396753171e-14
1.56404989	7.424357210238017e-14
1.565203151	7.740383937945327e-14
1.566356412	8.132250502736909e-14
1.567509673	7.257608174402879e-14
1.568662933	7.536153302903892e-14
1.569816194	7.666555666267222e-14
1.570969455	7.194255290532875e-14
1.572122716	7.349787641021671e-14
1.573275976	7.758981571753989e-14
1.574429237	8.104318962945437e-14
1.575582498	8.514735432049036e-14
1.576735759	8.08558349209845e-14
1.577889019	8.478437579243958e-14
1.57904228	8.326640168449069e-14
1.580195541	8.035121106951649e-14
1.581348802	8.616102091256472e-14
1.582502062	8.446374458863027e-14
1.583655323	8.736533429034756e-14
1.584808584	8.14039888176495e-14
1.585961845	7.770553372225254e-14
1.587115105	8.154064420511161e-14
1.588268366	8.137359892270119e-14
1.589421627	8.969167276449696e-14
1.590574888	9.466729737253163e-14
1.591728148	9.274246316538599e-14
1.592881409	8.7646715779688e-14
1.59403467	8.622643382565427e-14
1.595187931	8.849883054500358e-14
1.596341192	9.295722645784378e-14
1.597494452	8.94223576629659e-14
1.598647713	8.872038721518862e-14
1.599800974	8.632729879826806e-14
1.600954235	8.884341731055239e-14
1.602107495	8.580533649737127e-14
1.603260756	8.523816225054782e-14
1.604414017	8.689928888667267e-14
1.605567278	8.724502766189861e-14
1.606720538	8.654427613091471e-14
1.607873799	8.655813557016257e-14
1.60902706	8.886015693181054e-14
1.610180321	9.251227814421732e-14
1.611333581	8.975093086664261e-14
1.612486842	9.611653368249593e-14
1.613640103	9.880745723889464e-14
1.614793364	9.66402346289566e-14
1.615946624	1.030870399194449e-13
1.617099885	1.0439490429704778e-13
1.618253146	1.0134019379413115e-13
1.619406407	1.0093286427155293e-13
1.620559667	1.0090900197685909e-13
1.621712928	9.941800661733006e-14
1.622866189	9.359192135671586e-14
1.62401945	9.544810602201535e-14
1.62517271	9.869344414181462e-14
1.626325971	9.705322381672276e-14
1.627479232	1.0012999518157587e-13
1.628632493	9.508369107454122e-14
1.629785753	9.572783192214591e-14
1.630939014	9.832548128236879e-14
1.632092275	9.896599796894789e-14
1.633245536	1.0113904026005758e-13
1.634398796	1.0068272165372418e-13
1.635552057	1.0065356551761e-13
1.636705318	1.0088000892533924e-13
1.637858579	1.0133577055126773e-13
1.639011839	1.0157531714563567e-13
1.6401651	9.969557484998828e-14
1.641318361	9.92357919762056e-14
1.642471622	1.0639549831028112e-13
1.643624883	1.0698944750491413e-13
1.644778143	1.069065316698964e-13
1.645931404	1.1011112848829311e-13
1.647084665	1.0617747398053102e-13
1.648237926	1.0869831567152389e-13
1.649391186	1.0732353445664127e-13
1.650544447	1.0696808936665994e-13
1.651697708	1.0682226149921536e-13
1.652850969	1.0648356015365215e-13
1.654004229	1.0705974544069599e-13
1.65515749	1.0295007961406475e-13
1.656310751	1.0203797352490582e-13
1.657464012	1.0461112203946599e-13
1.658617272	1.0495125357425192e-13
1.659770533	1.059766505475194e-13
1.660923794	1.0633923607625993e-13
1.662077055	1.0411602022987885e-13
1.663230315	1.0459096652034781e-13
1.664383576	1.030075841175118e-13
1.665536837	1.0683989194424391e-13
1.666690098	1.081656332350218e-13
1.667843358	1.0693809727833127e-13
1.668996619	1.0730293488931151e-13
1.67014988	1.0311510582664302e-13
1.671303141	1.0534039926114229e-13
1.672456401	1.1262989813512915e-13
1.673609662	1.0803350143439844e-13
1.674762923	1.0633855976095015e-13
1.675916184	1.08313726839893e-13
1.677069444	1.0868211634056489e-13
1.678222705	1.0621491835254499e-13
1.679375966	1.0744430536161832e-13
1.680529227	1.1291447133219978e-13
1.681682487	1.1442455049796188e-13
1.682835748	1.1731848267260705e-13
1.683989009	1.1822695268783553e-13
1.68514227	1.1688994435615768e-13
1.68629553	1.2046909492303374e-13
1.687448791	1.151398279620784e-13
1.688602052	1.1358324405899539e-13
1.689755313	1.097992817008057e-13
1.690908574	1.0816538790898212e-13
1.692061834	1.0606902753290047e-13
1.693215095	1.0865982162293108e-13
1.694368356	9.857972789365418e-14
1.695521617	1.0387078659879205e-13
1.696674877	1.0287888635455029e-13
1.697828138	1.0216022820944022e-13
1.698981399	1.0345581277638136e-13
1.70013466	1.046715656330182e-13
1.70128792	1.0634169631051671e-13
1.702441181	9.953702588940239e-14
1.703594442	9.889742853093329e-14
1.704747703	9.755364303328066e-14
1.705900963	9.810058466504743e-14
1.707054224	1.0007320525567601e-13
1.708207485	1.0300917614785531e-13
1.709360746	9.059552568300156e-14
1.710514006	8.907320641053052e-14
1.711667267	9.718662661824067e-14
1.712820528	9.176995629595223e-14
1.713973789	9.4015723549964e-14
1.715127049	8.80637402325299e-14
1.71628031	8.442315651617781e-14
1.717433571	8.538051088385609e-14
1.718586832	8.361230487386131e-14
1.719740092	8.64697587874539e-14
1.720893353	8.513254491085809e-14
1.722046614	8.502769169489668e-14
1.723199875	8.884934770747571e-14
1.724353135	8.730727631083185e-14
1.725506396	8.140795392133823e-14
1.726659657	8.939759247055072e-14
1.727812918	8.654456624545846e-14
1.728966178	7.072794715321869e-14
1.730119439	8.340099005723244e-14
1.7312727	7.65177003718793e-14
1.732425961	8.134087372618888e-14
1.733579221	7.676253247873458e-14
1.734732482	8.719520374433558e-14
1.735885743	8.074311105143278e-14
1.737039004	8.173208694994419e-14
1.738192265	8.769081623209792e-14
1.739345525	8.155819709275737e-14
1.740498786	7.691096589130772e-14
1.741652047	8.835455440809408e-14
1.742805308	7.806485526277217e-14
1.743958568	8.177938950868052e-14
1.745111829	7.764364212305311e-14
1.74626509	7.301728308665617e-14
1.747418351	6.864418008430297e-14
1.748571611	6.762779500324166e-14
1.749724872	6.743917215962363e-14
1.750878133	6.691561834276611e-14
1.752031394	6.961841969186879e-14
1.753184654	6.915703775918953e-14
1.754337915	6.964591875000827e-14
1.755491176	6.31636123781766e-14
1.756644437	7.33798819873921e-14
1.757797697	6.08746462480005e-14
1.758950958	6.832589365465849e-14
1.760104219	5.720715833778415e-14
1.76125748	6.3029500331477e-14
1.76241074	5.953684794645247e-14
1.763564001	5.975833601502767e-14
1.764717262	5.939241850155261e-14
1.765870523	5.2762181671041436e-14
1.767023783	5.686326779104215e-14
1.768177044	5.877460339837301e-14
1.769330305	6.132217376627456e-14
1.770483566	5.2080344246396626e-14
1.771636826	5.835304522517093e-14
1.772790087	5.373225176103434e-14
1.773943348	5.342838581706952e-14
1.775096609	5.651065161158595e-14
1.776249869	5.028281161022474e-14
1.77740313	4.150263358264452e-14
1.778556391	5.240801464595611e-14
1.779709652	4.852074526299426e-14
1.780862912	4.8022904734569795e-14
1.782016173	4.5231952517117813e-14
1.783169434	4.6333831594468123e-14
1.784322695	5.308084791397537e-14
1.785475956	4.834018752575611e-14
1.786629216	4.4868381172322553e-14
1.787782477	4.4544148120733416e-14
1.788935738	4.9284253834674997e-14
1.790088999	4.600734571514729e-14
1.791242259	4.249226681006075e-14
1.79239552	3.806126738849444e-14
1.793548781	4.3010722573416593e-14
1.794702042	3.814949480348014e-14
1.795855302	3.9602202835281846e-14
1.797008563	3.6568962419415356e-14
1.798161824	3.0786193828777966e-14
1.799315085	3.7961565133283224e-14
1.800468345	3.0606367564723376e-14
1.801621606	3.136419001178165e-14
1.802774867	3.354915107315609e-14
1.803928128	3.261466850150852e-14
1.805081388	3.297208649123277e-14
1.806234649	3.2774732773892354e-14
1.80738791	3.1292609146475266e-14
1.808541171	2.8129247091429136e-14
1.809694431	2.7490360347377484e-14
1.810847692	2.7468207042073918e-14
1.812000953	2.5461542323806108e-14
1.813154214	2.722011054524154e-14
1.814307474	2.447281706347327e-14
1.815460735	2.6420723096963102e-14
1.816613996	2.662208059581155e-14
1.817767257	2.544847740273098e-14
1.818920517	2.7028190083859846e-14
1.820073778	2.5556934373270215e-14
1.821227039	2.4367648170972265e-14
1.8223803	2.2692938393977814e-14
1.82353356	2.2754372078651013e-14
1.824686821	2.1947815590768572e-14
1.825840082	2.0121921289625477e-14
1.826993343	1.87472837766588e-14
1.828146603	1.8410668485669922e-14
1.829299864	1.5251726841338794e-14
1.830453125	1.9071833345978858e-14
1.831638979	0.
1.832792267	0.
1.833945555	0.
1.835098843	0.
1.836252131	0.
1.837405418	0.
1.838558706	0.
1.839711994	0.
1.840865282	0.
1.84201857	0.
1.843171858	0.
1.844325146	0.
1.845478434	0.
1.846631722	0.
1.84778501	0.
1.848938298	0.
1.850091586	0.
1.851244874	0.
1.852398162	0.
1.85355145	0.
1.854704738	0.
1.855858026	0.
1.857011314	0.
1.858164602	0.
1.85931789	0.
1.860471178	0.
1.861624466	0.
1.862777754	0.
1.863931042	0.
1.86508433	0.
1.866237618	0.
1.867390905	0.
1.868544193	0.
1.869697481	0.
1.870850769	0.
1.872004057	2.991096322421087e-14
1.873157345	3.016558511333988e-14
1.874310633	4.417882697900206e-14
1.875463921	6.844998359033653e-14
1.876617209	1.3321360149279896e-13
1.877770497	8.653630698190616e-14
1.878923785	5.298623768343841e-14
1.880077073	2.5838494793824683e-14
1.881230361	2.6785684391205286e-14
1.882383649	2.567991040987606e-14
1.883536937	3.519325752905243e-14
1.884690225	6.932913414446211e-14
1.885843513	1.294714939271432e-13
1.886996801	8.888011747844955e-14
1.888150089	4.409111891711095e-14
1.889303377	2.5294290526158472e-14
1.890456665	1.7467501819745604e-14
1.891609953	1.9654494376745645e-14
1.892763241	2.7649207573972404e-14
1.893916529	3.0532252300623054e-14
1.895069817	1.9245827858832174e-14
1.896223105	1.4135100228835396e-14
1.897376392	1.0272537858641532e-14
1.89852968	1.0387045986151355e-14
1.899682968	8.925875805637461e-15
1.900836256	1.2405093661378568e-14
1.901989544	1.7447630085875564e-14
1.903142832	2.643320673889676e-14
1.90429612	3.0757593979186704e-14
1.905449408	2.5724619552510796e-14
1.906602696	1.7778300657381267e-14
1.907755984	1.5159697994160226e-14
1.908909272	1.2883147153106374e-14
1.91006256	1.0702585024610614e-14
1.911215848	1.1496845901803266e-14
1.912369136	1.1265239134667252e-14
1.913522424	1.465581841314129e-14
1.914675712	1.57891756295911e-14
1.915829	2.2625153755432113e-14
1.916982288	1.936143184936592e-14
1.918135576	1.8129528205703556e-14
1.919288864	1.4767908205166554e-14
1.920442152	1.5291457297405414e-14
1.92159544	1.4496184607817262e-14
1.922748728	1.528709311705969e-14
1.923902016	1.5370869550417987e-14
1.925055304	1.4577533221266505e-14
1.926208592	1.3145873585137216e-14
1.92736188	1.2083430989599689e-14
1.928515167	1.2365755785378259e-14
1.929668455	1.2886651809864749e-14
1.930821743	1.5689529046929392e-14
1.931975031	1.7624761689508042e-14
1.933128319	1.9192770410431554e-14
1.934281607	1.5059196628143405e-14
1.935434895	1.4278649129242547e-14
1.936588183	1.1093076084335969e-14
1.937741471	1.1118476139626421e-14
1.938894759	1.553203244641651e-14
1.940048047	2.069793315693975e-14
1.941201335	2.13354232478633e-14
1.942354623	2.112918221225881e-14
1.943507911	2.0144634376483746e-14
1.944661199	1.8590770139821004e-14
1.945814487	1.822008408365869e-14
1.946967775	1.9277862278898953e-14
1.948121063	1.643858648428656e-14
1.949274351	1.9098828629305534e-14
1.950427639	1.6480114102104398e-14
1.951580927	1.6374580058724976e-14
1.952734215	1.8409704008652738e-14
1.953887503	1.694504123634731e-14
1.955040791	1.3435321881252413e-14
1.956194079	1.484608050450028e-14
1.957347367	1.9489825526274073e-14
1.958500654	2.557332052921239e-14
1.959653942	2.544047061416115e-14
1.96080723	2.1423464017757584e-14
1.961960518	1.9484368947576313e-14
1.963113806	1.7505569490865267e-14
1.964267094	2.0440615446886546e-14
1.965420382	2.0395777862276252e-14
1.96657367	2.0455561084885964e-14
1.967726958	2.1536111661339885e-14
1.968880246	1.8374684198139327e-14
1.970033534	1.9362102710545943e-14
1.971186822	2.0876386863125516e-14
1.97234011	2.1556890102302846e-14
1.973493398	2.011284009850668e-14
1.974646686	2.2408830764243392e-14
1.975799974	2.2865767155039245e-14
1.976953262	1.9369173886076577e-14
1.97810655	1.940139224035137e-14
1.979259838	2.1665296571145442e-14
1.980413126	2.1455068085196292e-14
1.981566414	2.2459209303773384e-14
1.982719702	2.1512724367426074e-14
1.98387299	1.9759259627512108e-14
1.985026278	2.1897195198056853e-14
1.986179566	2.1912048764326664e-14
1.987332854	2.0271026185332826e-14
1.988486142	1.881999205079931e-14
1.989639429	1.9145646122958945e-14
1.990792717	2.220964601468513e-14
1.991946005	2.1586357851062583e-14
1.993099293	2.0443470544768534e-14
1.994252581	1.7644048637142166e-14
1.995405869	1.6247493523607288e-14
1.996559157	1.5024044028526207e-14
1.997712445	1.453106155817059e-14
1.998865733	1.1594121890884263e-14
2.000019021	1.104732241920028e-14
2.001172309	1.0337861343585127e-14
2.002325597	9.11574499968532e-15
2.003478885	1.2348407674278651e-14
2.004632173	1.5501310972181105e-14
2.005785461	2.1766469861669797e-14
2.006938749	2.5911138617316693e-14
2.008092037	2.4209263874605843e-14
2.009245325	1.8165832626704402e-14
2.010398613	1.510461237680812e-14
2.011551901	1.3749753522896928e-14
2.012705189	1.3829444213252221e-14
2.013858477	1.3731320277148325e-14
2.015011765	1.7459070566048883e-14
2.016165053	2.1263090615772048e-14
2.017318341	1.8925104844339046e-14
2.018471629	2.0150800583103523e-14
2.019624916	2.393315088913764e-14
2.020778204	2.0604959688009313e-14
2.021931492	2.53349695346264e-14
2.02308478	2.3203605374077844e-14
2.024238068	2.530012249702857e-14
2.025391356	2.3674384066754007e-14
2.026544644	2.3237904860761423e-14
2.027697932	2.341627229003659e-14
2.02885122	2.4234515720227305e-14
2.030004508	2.404889878607197e-14
2.031157796	2.7720870153837398e-14
2.032311084	2.421882465150015e-14
2.033464372	2.2323625716124314e-14
2.03461766	2.464488201257395e-14
2.035770948	2.1794745147162603e-14
2.036924236	2.5363721095363288e-14
2.038077524	2.446183864795232e-14
2.039230812	2.27953327594161e-14
2.0403841	2.071541739954665e-14
2.041537388	2.140754872315406e-14
2.042690676	2.4707086315524433e-14
2.043843964	2.406824898933992e-14
2.044997252	2.2074068462967572e-14
2.04615054	2.2370004340962564e-14
2.047303828	2.1738548863238192e-14
2.048457116	1.9267617003162395e-14
2.049610403	2.0178529704738184e-14
2.050763691	1.844111945851126e-14
2.051916979	2.0010861309728647e-14
2.053070267	1.9153169834182037e-14
2.054223555	2.1497315586678087e-14
2.055376843	2.2021383291172638e-14
2.056530131	2.36439800447713e-14
2.057683419	2.6054185889541633e-14
2.058836707	2.590877145038816e-14
2.059989995	2.5277817684917597e-14
2.061143283	2.2494525769988222e-14
2.062296571	2.2335420384084883e-14
2.063449859	2.2096832409713974e-14
2.064603147	2.086040079060506e-14
2.065756435	2.3419399279280373e-14
2.066909723	2.2567723706775168e-14
2.068063011	2.2365831729196736e-14
2.069216299	2.3873085600798586e-14
2.070369587	2.6598806394086637e-14
2.071522875	2.42635367949347e-14
2.072676163	2.7127417085379115e-14
2.073829451	2.4567974092065093e-14
2.074982739	2.6936782436835458e-14
2.076136027	2.6875034645645252e-14
2.077289315	2.4721800591689756e-14
2.078442603	2.488965515816586e-14
2.079595891	2.333410225306646e-14
2.080749178	2.6493936631697423e-14
2.081902466	2.5769731404402814e-14
2.083055754	2.593002346593511e-14
2.084209042	2.43950655654169e-14
2.08536233	2.5149124542745673e-14
2.086515618	2.3945613177458204e-14
2.087668906	2.5438192657834195e-14
2.088822194	2.6335173098789066e-14
2.089975482	2.6597903370921104e-14
2.09112877	2.6283265901878667e-14
2.092282058	2.7665974052285243e-14
2.093435346	2.6796158317292286e-14
2.094588634	2.6894212900761372e-14
2.095741922	2.8941087325908676e-14
2.09689521	2.709566261877972e-14
2.098048498	2.7104237599212357e-14
2.099201786	2.72701704390568e-14
2.100355074	2.8339118985948806e-14
2.101508362	2.8374067425539204e-14
2.10266165	2.832885344118478e-14
2.103814938	3.0017668601247174e-14
2.104968226	2.9956270481550827e-14
2.106121514	2.857396756045533e-14
2.107274802	2.7547733791584247e-14
2.10842809	2.6549085763341405e-14
2.109581378	2.6227326029183146e-14
2.110734665	3.0104098262761685e-14
2.111887953	2.857966140839689e-14
2.113041241	2.8289564768560546e-14
2.114194529	2.8007335311952116e-14
2.115347817	2.767762809026107e-14
2.116501105	2.8130074590700638e-14
2.117654393	2.791769902568659e-14
2.118807681	2.771570525201476e-14
2.119960969	2.963350753455801e-14
2.121114257	2.859264445775998e-14
2.122267545	3.0294220475811635e-14
2.123420833	2.937694632400104e-14
2.124574121	2.9421883189358845e-14
2.125727409	2.886430602556038e-14
2.126880697	3.071282118885295e-14
2.128033985	2.922580897022863e-14
2.129187273	2.9834956616695933e-14
2.130340561	2.879685447920509e-14
2.131493849	2.893039574348681e-14
2.132647137	2.911803006916598e-14
2.133800425	2.8767271470952465e-14
2.134953713	2.8973050616245494e-14
2.136107001	2.8876868255502014e-14
2.137260289	2.905205103027271e-14
2.138413577	2.7913194673844222e-14
2.139566865	3.056346611100824e-14
2.140720153	3.016517862369945e-14
2.14187344	2.8497079693097824e-14
2.143026728	2.9152199881395724e-14
2.144180016	3.067312477292333e-14
2.145333304	2.959334142239445e-14
2.146486592	3.1154096925606566e-14
2.14763988	3.058388274831538e-14
2.148793168	3.0538473734121644e-14
2.149946456	3.035198106559193e-14
2.151099744	2.955846909013761e-14
2.152253032	2.959546341150053e-14
2.15340632	3.06664022370065e-14
2.154559608	3.1124079082889416e-14
2.155712896	3.2066322111593906e-14
2.156866184	3.1461130090882246e-14
2.158019472	3.0682257745071153e-14
2.15917276	3.119299518983896e-14
2.160326048	3.0609923808459697e-14
2.161479336	3.0001525976494483e-14
2.162632624	3.11408790972371e-14
2.163785912	3.238558408143163e-14
2.1649392	3.3940523710357266e-14
2.166092488	3.65448583547238e-14
2.167245776	3.658313978272362e-14
2.168399064	3.476472256941533e-14
2.169552352	3.3617625944872934e-14
2.17070564	3.309790381996767e-14
2.171858927	3.176601762123824e-14
2.173012215	3.1770838646141895e-14
2.174165503	3.1188607432488374e-14
2.175318791	2.9947846094030564e-14
2.176472079	2.960639247987101e-14
2.177625367	3.065661767808844e-14
2.178778655	3.277381517494807e-14
2.179931943	3.2185326323734154e-14
2.181085231	3.228382418043261e-14
2.182238519	3.3813464351402695e-14
2.183391807	3.02024621225827e-14
2.184545095	3.308158264341772e-14
2.185698383	3.154338721974394e-14
2.186851671	3.207362065060249e-14
2.188004959	3.578838009400245e-14
2.189158247	3.452212493461922e-14
2.190311535	3.220507562101006e-14
2.191464823	3.007713799082817e-14
2.192618111	3.081375963505232e-14
2.193771399	2.923456192381662e-14
2.194924687	2.894867645790932e-14
2.196077975	2.7057207382268797e-14
2.197231263	2.7741757836907453e-14
2.198384551	2.713677154964206e-14
2.199537839	2.8344055820283902e-14
2.200691127	2.700716722298496e-14
2.201844415	2.830544880260754e-14
2.202997702	2.891991740667822e-14
2.20415099	2.957239893850111e-14
2.205304278	3.0907586687212906e-14
2.206457566	3.087285209330029e-14
2.207610854	3.1385139904810064e-14
2.208764142	2.895299983337134e-14
2.20991743	2.995799402823879e-14
2.211070718	2.8750778560817704e-14
2.212224006	2.7750341878089032e-14
2.213377294	2.874938754064705e-14
2.214530582	2.9622839789097265e-14
2.21568387	2.7535230083461994e-14
2.216837158	2.9197862449763464e-14
2.217990446	2.909581764670743e-14
2.219143734	2.932141982759497e-14
2.220297022	2.7799264918647323e-14
2.22145031	2.8565891082525276e-14
2.222603598	2.760457657261561e-14
2.223756886	2.76331669130837e-14
2.224910174	2.8351394240735788e-14
2.226063462	2.857924759224902e-14
2.22721675	2.7490186428960787e-14
2.228370038	2.8456425439748637e-14
2.229523326	2.774674596011796e-14
2.230676614	2.8496453649478466e-14
2.231829902	2.808900713952069e-14
2.232983189	2.9320889405536894e-14
2.234136477	2.8600900601227696e-14
2.235289765	2.769280359069474e-14
2.236443053	2.6668974121626063e-14
2.237596341	2.6364465761886108e-14
2.238749629	2.632681915188034e-14
2.239902917	2.759564355954378e-14
2.241056205	2.6419920644551388e-14
2.242209493	2.6842854177258348e-14
2.243362781	2.5493633579843824e-14
2.244516069	2.732704251550461e-14
2.245669357	2.5948222985774888e-14
2.246822645	2.7091931863545337e-14
2.247975933	2.85794896255493e-14
2.249129221	2.8097251419229322e-14
2.250282509	2.751954342031024e-14
2.251435797	2.7080482914581366e-14
2.252589085	2.7985584111860334e-14
2.253742373	2.7547485356201463e-14
2.254895661	2.647357180255542e-14
2.256048949	2.913497658372791e-14
2.257202237	2.7774243353701385e-14
2.258355525	2.6740672158926304e-14
2.259508813	2.7355361749007878e-14
2.260662101	2.6524365312769582e-14
2.261815389	2.7235015730712375e-14
2.262968676	2.788057163268614e-14
2.264121964	2.7830356904147075e-14
2.265275252	2.7866466082110245e-14
2.26642854	2.608238012766133e-14
2.267581828	2.7871606276900584e-14
2.268735116	2.808501253965469e-14
2.269888404	2.7100786517329235e-14
2.271041692	2.7638788302578808e-14
2.27219498	2.6333058186311952e-14
2.273348268	2.7715473518009706e-14
2.274501556	2.8164143763957584e-14
2.275654844	2.7079283003777548e-14
2.276808132	2.7091913200153065e-14
2.27796142	2.7305811423002593e-14
2.279114708	2.7529453217167366e-14
2.280267996	2.7507799012780266e-14
2.281421284	2.8352094413664326e-14
2.282574572	2.8674454864437584e-14
2.28372786	2.63372640490462e-14
2.284881148	2.787030927795557e-14
2.286034436	2.758077283692827e-14
2.287187724	2.7836434272221638e-14
2.288341012	2.6429117343201364e-14
2.2894943	2.6565688605537372e-14
2.290647588	2.5752633104096615e-14
2.291800876	2.6099188730401237e-14
2.292954164	2.7714785927696322e-14
2.294107451	2.7221712947391236e-14
2.295260739	2.7225418806427032e-14
2.296414027	2.5501526145127168e-14
2.297567315	2.4960067643674213e-14
2.298720603	2.2093233781117117e-14
2.299873891	2.1353324797956736e-14
2.301027179	2.342506783776573e-14
2.302180467	2.3549712486610723e-14
2.303333755	2.4925853326440708e-14
2.304487043	2.436526941248009e-14
2.305640331	2.227515963224732e-14
2.306793619	2.1426241962907058e-14
2.307946907	2.3620647047340002e-14
2.309100195	2.2727396682668445e-14
2.310253483	2.6684334429337234e-14
2.311406771	2.641158988245677e-14
2.312560059	2.366208223493383e-14
2.313713347	2.0379768182922813e-14
2.314866635	2.0551617355321708e-14
2.316019923	2.000480545352762e-14
2.317173211	2.0272324170830312e-14
2.318326499	2.290878128627348e-14
2.319479787	2.204261864871655e-14
2.320633075	2.3078991414509774e-14
2.321786363	2.4579389457887295e-14
2.322939651	2.3585202269087706e-14
2.324092938	2.3567696738941303e-14
2.325246226	2.595530941519967e-14
2.326399514	2.6506852510355725e-14
2.327552802	2.428378282813616e-14
2.32870609	2.1892197322173764e-14
2.329859378	2.0116827048017453e-14
2.331012666	2.0758289566082758e-14
2.332165954	2.0043136402919624e-14
2.333319242	2.1024087289747857e-14
2.33447253	1.9013029985492892e-14
2.335625818	2.1491950788536407e-14
2.336779106	1.6778568828346828e-14
2.337932394	1.9593227331676137e-14
2.339085682	1.9262986903175758e-14
2.34023897	2.0337030766821204e-14
2.341392258	2.0554487761943808e-14
2.342545546	2.0613105411277287e-14
2.343698834	1.8869605394052144e-14
2.344852122	2.0232443632857803e-14
2.34600541	2.1747123991246256e-14
2.347158698	2.061848895391077e-14
2.348311986	1.8553001972343906e-14
2.349465274	1.739040064349387e-14
2.350618562	1.953187077495957e-14
2.35177185	1.969545786468594e-14
2.352925138	2.049985552060465e-14
2.354078426	2.085244652301974e-14
2.355231713	2.132700421024841e-14
2.356385001	1.759456299179226e-14
2.357538289	2.0843367778955288e-14
2.358691577	1.980429823138819e-14
2.359844865	2.0769649091024586e-14
2.360998153	2.159061324718415e-14
2.362151441	1.9571370640973023e-14
2.363304729	1.9794627231397816e-14
2.364458017	1.7558201448204013e-14
2.365611305	1.9340499331269618e-14
2.366764593	1.7140134891672886e-14
2.367917881	1.755838889749953e-14
2.369071169	1.7760638551896537e-14
2.370224457	1.817340321859083e-14
2.371377745	1.942771758232228e-14
2.372531033	1.8752717314749344e-14
2.373684321	2.0430229731207477e-14
2.374837609	2.198250271114546e-14
2.375990897	2.018708444836806e-14
2.377144185	2.1157662360394215e-14
2.378297473	1.868265092712897e-14
2.379450761	1.7635934400511694e-14
2.380604049	1.7735035311811043e-14
2.381757337	1.545516828176766e-14
2.382910625	1.6694136921127714e-14
2.384063913	1.746661325011351e-14
2.3852172	1.6681688827815415e-14
2.386370488	1.7545613991428142e-14
2.387523776	1.8753783876321408e-14
2.388677064	1.7961380227858712e-14
2.389830352	1.7086574202684845e-14
2.39098364	1.5936126091624998e-14
2.392136928	1.6978606757391245e-14
2.393290216	1.662011113802285e-14
2.394443504	1.6192511539769297e-14
2.395596792	1.6451622336526008e-14
2.39675008	1.5703498724667838e-14
2.397903368	1.628477969748314e-14
2.399056656	1.4992564659300154e-14
2.400209944	1.5962831166895973e-14
2.401363232	1.452316497727062e-14
2.40251652	1.8348419172640006e-14
2.403669808	1.6763665032557983e-14
2.404823096	1.5578724300549395e-14
2.405976384	1.5445366449397578e-14
2.407129672	1.4493457808135055e-14
2.40828296	1.658004346624263e-14
2.409436248	1.655965124576003e-14
2.410589536	1.7118844495796407e-14
2.411742824	1.5512759488416174e-14
2.412896112	1.3199896826392228e-14
2.4140494	1.41623269228017e-14
2.415202688	1.4226153631738027e-14
2.416355975	1.2870184159736913e-14
2.417509263	1.3836398105216372e-14
2.418662551	1.6108114471527516e-14
2.419815839	1.386447268989859e-14
2.420969127	1.6397972487578985e-14
2.422122415	1.4334198407833675e-14
2.423275703	1.5102105522345933e-14
2.424428991	1.4579538222299155e-14
2.425582279	1.4577249978381253e-14
2.426735567	1.5564438431596518e-14
2.427888855	1.5549697561977247e-14
2.429042143	1.5360633833732266e-14
2.430195431	1.3243028493047109e-14
2.431348719	1.2670718547807315e-14
2.432502007	1.1491098605689665e-14
2.433655295	1.1595069594978667e-14
2.434808583	1.1389706753213338e-14
2.435961871	1.3923719254868559e-14
2.437115159	1.588889053261558e-14
2.438268447	1.8727520830941246e-14
2.439421735	1.9001011014259572e-14
2.440575023	1.5295075633511643e-14
2.441728311	1.3033363022059417e-14
2.442881599	1.22374886315437e-14
2.444034887	1.1129008457502619e-14
2.445188175	9.788248495944267e-15
2.446341462	1.1087690223492307e-14
2.44749475	1.1415944027149939e-14
2.448648038	1.1936608108194912e-14
2.449801326	1.3264379746340577e-14
2.450954614	1.308626344402662e-14
2.452107902	1.6180172891517487e-14
2.45326119	1.507684731304048e-14
2.454414478	1.6180350015059226e-14
2.455567766	1.5583703603422912e-14
2.456721054	1.423634600371538e-14
2.457874342	1.2164400708475602e-14
2.45902763	1.1849219088588235e-14
2.460180918	1.083595064652445e-14
2.461334206	1.1084910340112572e-14
2.462487494	1.2500345262546643e-14
2.463640782	1.1975655156115928e-14
2.46479407	1.350453100530675e-14
2.465947358	1.2303266765462394e-14
2.467100646	1.4246145032307015e-14
2.468253934	1.1957475285576143e-14
2.469407222	1.1262963949960368e-14
2.47056051	1.048851735104671e-14
2.471713798	1.074858866780956e-14
2.472867086	1.2315555391733187e-14
2.474020374	1.1035144834165644e-14
2.475173662	1.1588935252334323e-14
2.476326949	1.1677163499408135e-14
2.477480237	1.0140147350701716e-14
2.478633525	8.876077051996012e-15
2.479786813	9.228382401675899e-15
2.480940101	8.78832409839597e-15
2.482093389	9.059648526341891e-15
2.483246677	8.815237694066387e-15
2.484399965	9.221471677187194e-15
2.485553253	1.0335008928335785e-14
2.486706541	1.1520311742774604e-14
2.487859829	1.0992370755997695e-14
2.489013117	1.1594822201771804e-14
2.490166405	1.0730308773963504e-14
2.491319693	1.169741996379348e-14
2.492472981	1.2498071634766325e-14
2.493626269	1.2004669095099785e-14
2.494779557	1.2613416159452519e-14
2.495932845	1.3826707385511759e-14
2.497086133	1.391807495985711e-14