0.45	1.4408577443427623e-23
0.451155239	1.3538570583414647e-23
0.452310478	1.9537590354916927e-23
0.453465717	1.8535351401205298e-23
0.454620956	1.7459413178818513e-23
0.455776195	1.3760475566845247e-23
0.456931434	1.9316287688884477e-23
0.458086673	2.0168411543384023e-23
0.459241912	1.8589458613574515e-23
0.46039715	1.6928050687385958e-23
0.461552389	2.2477728486278523e-23
0.462707628	1.8349151531082726e-23
0.463862867	2.3243327578747268e-23
0.465018106	2.4858028734275452e-23
0.466173345	2.1601798604488203e-23
0.467328584	3.0997632857373313e-23
0.468483823	3.141670017408716e-23
0.469639062	2.2483969299562849e-23
0.470794301	3.390111435494139e-23
0.47194954	2.409197092721853e-23
0.473104779	2.3575353946808756e-23
0.474260018	1.8716384529736144e-23
0.475415257	2.5583198565140476e-23
0.476570496	3.0016522092590376e-23
0.477725735	2.141463505863793e-23
0.478880973	3.2187331207407306e-23
0.480036212	2.9338899526722154e-23
0.481191451	2.509931065050618e-23
0.48234669	2.287406783057673e-23
0.483501929	4.3929141652186055e-23
0.484657168	2.589154710582429e-23
0.485812407	3.224635335641077e-23
0.486967646	4.1981964692851483e-23
0.488122885	3.2851030697134744e-23
0.489278124	3.853109120213208e-23
0.490433363	5.289415119831679e-23
0.491588602	3.360476657679478e-23
0.492743841	4.5739716440468883e-23
0.49389908	5.0529482569118095e-23
0.495054319	4.1754188542277056e-23
0.496209558	4.935354256112694e-23
0.497364796	4.081643210078215e-23
0.498520035	5.445890227947025e-23
0.499675274	3.298715275741386e-23
0.500830513	5.53111850505538e-23
0.501985752	4.664947457017618e-23
0.503140991	3.530979783645211e-23
0.50429623	2.7064350193111743e-23
0.505451469	3.202324597381197e-23
0.506606708	2.197272864216618e-23
0.507761947	2.5630344698833823e-23
0.508917186	1.5274726187295316e-23
0.510072425	1.4618023883432424e-23
0.511227664	1.3769206949763073e-23
0.512382903	1.964796708286819e-23
0.513538142	2.545408795560036e-23
0.514693381	2.49863178046501e-23
0.515848619	2.8190188894439675e-23
0.517003858	3.053289398281392e-23
0.518159097	3.49485801702586e-23
0.519314336	2.778481706036071e-23
0.520469575	4.244907129783209e-23
0.521624814	3.3938594756138373e-23
0.522780053	4.150583739138435e-23
0.523935292	4.0460470026378454e-23
0.525090531	4.1402013004422814e-23
0.52624577	4.2312686260577845e-23
0.527401009	4.8521077363149255e-23
0.528556248	5.522843515971871e-23
0.529711487	6.342298550209014e-23
0.530866726	7.005795208107553e-23
0.532021965	5.94983795935786e-23
0.533177204	5.710971893781981e-23
0.534332442	4.618795824195825e-23
0.535487681	5.419315591555862e-23
0.53664292	5.229764874545565e-23
0.537798159	5.032989375378974e-23
0.538953398	3.942710101896595e-23
0.540108637	2.9920543655366245e-23
0.541263876	2.742154665451177e-23
0.542419115	2.740224269930191e-23
0.543574354	2.5556018427271132e-23
0.544729593	3.157222775565875e-23
0.545884832	3.352041508334774e-23
0.547040071	4.2148510767910804e-23
0.54819531	5.2349530451684916e-23
0.549350549	5.069653943127087e-23
0.550505788	5.970033671668808e-23
0.551661027	6.113290119485192e-23
0.552816265	5.09942515398964e-23
0.553971504	4.621292597237686e-23
0.555126743	5.1496561492179826e-23
0.556281982	5.1784901998201676e-23
0.557437221	5.2182239101210537e-23
0.55859246	5.530867655548315e-23
0.559747699	6.07313001357375e-23
0.560902938	5.419574723575002e-23
0.562058177	5.67304208093761e-23
0.563213416	5.733624325907105e-23
0.564368655	5.526591725305287e-23
0.565523894	6.283981585220063e-23
0.566679133	5.754036107563448e-23
0.567834372	5.315521622961964e-23
0.568989611	5.0417031387868834e-23
0.57014485	4.7528357464468146e-23
0.571300089	4.4409075822370625e-23
0.572455327	4.2878278991738184e-23
0.573610566	4.155896457819464e-23
0.574765805	3.787820247631396e-23
0.575921044	3.589392570247862e-23
0.577076283	3.38088354638518e-23
0.578231522	3.2968592957526546e-23
0.579386761	3.3874051132570377e-23
0.580542	3.7741407867305036e-23
0.581697239	3.8585647218474746e-23
0.582852478	4.0059102298189545e-23
0.584007717	4.2652838663070147e-23
0.585162956	4.559393778203179e-23
0.586318195	4.885389714156129e-23
0.587473434	4.793847451678102e-23
0.588628673	4.698684335702571e-23
0.589783912	5.154023790139522e-23
0.59093915	4.496358963708175e-23
0.592094389	4.4644204989760493e-23
0.593249628	4.222539165268126e-23
0.594404867	4.210050457513863e-23
0.595560106	4.1010946498776025e-23
0.596715345	4.185126867766403e-23
0.597870584	4.748919065951297e-23
0.599025823	5.171893022672509e-23
0.600181062	5.667671629442367e-23
0.601336301	6.543840491165562e-23
0.60249154	7.611147257979846e-23
0.603646779	7.88784006087918e-23
0.604802018	8.737016396921641e-23
0.605957257	8.664138048469281e-23
0.607112496	8.381320835331481e-23
0.608267735	7.578896981956216e-23
0.609422973	6.981392817494564e-23
0.610578212	6.744100499656761e-23
0.611733451	6.052432664181063e-23
0.61288869	5.551119279772292e-23
0.614043929	4.5917759581906825e-23
0.615199168	3.6826966107734647e-23
0.616354407	3.641465308127687e-23
0.617509646	3.403365345055655e-23
0.618664885	2.8471621198541e-23
0.619820124	2.717050998855393e-23
0.620975363	2.71160893731823e-23
0.622130602	3.0340599230730144e-23
0.623285841	3.4871110711596606e-23
0.62444108	3.9767054364287675e-23
0.625596319	4.84214331439317e-23
0.626751558	6.070821290788779e-23
0.627906796	7.237121450294038e-23
0.629062035	8.364209670073064e-23
0.630217274	9.728336070160783e-23
0.631372513	1.2066266156884686e-22
0.632527752	1.301847839467353e-22
0.633682991	1.4221530030785914e-22
0.63483823	1.6084742496676244e-22
0.635993469	1.475740663688158e-22
0.637148708	1.5239026431762095e-22
0.638303947	1.4989124184204032e-22
0.639459186	1.652393185356988e-22
0.640614425	1.6437500615695443e-22
0.641769664	1.6063929167656878e-22
0.642924903	1.6194961968155794e-22
0.644080142	1.5132272626505958e-22
0.645235381	1.764802831223606e-22
0.646390619	1.734253752579361e-22
0.647545858	1.9181930368751136e-22
0.648701097	1.8441253011337734e-22
0.649856336	1.6417693246444615e-22
0.651011575	1.7274888945814538e-22
0.652166814	1.7209394664427507e-22
0.653322053	1.444243526044868e-22
0.654477292	1.5149435850310737e-22
0.655632531	1.6436622291150812e-22
0.65678777	1.3467745620332227e-22
0.657943009	1.306195147623281e-22
0.659098248	1.133044856651336e-22
0.660253487	1.1120912599784408e-22
0.661408726	9.915549584265504e-23
0.662563965	9.847079378445806e-23
0.663719204	9.691169225779976e-23
0.664874442	9.12421005574998e-23
0.666029681	7.714467121618407e-23
0.66718492	7.621473076156832e-23
0.668340159	7.560282519517902e-23
0.669495398	7.812649148162959e-23
0.670650637	8.536068182041684e-23
0.671805876	9.140154230519896e-23
0.672961115	1.0552196933236469e-22
0.674116354	1.2255064891844424e-22
0.675271593	1.2496264143184555e-22
0.676426832	1.486109433251897e-22
0.677582071	1.567387273197366e-22
0.67873731	1.5435330354744025e-22
0.679892549	1.497997477949675e-22
0.681047788	1.399370516599068e-22
0.682203027	1.1749097179254654e-22
0.683358266	1.1261359394533248e-22
0.684513504	1.160672858542524e-22
0.685668743	1.0617352406011557e-22
0.686823982	1.1781625951690763e-22
0.687979221	1.3380585573204856e-22
0.68913446	1.369434092233397e-22
0.690289699	1.458253029853401e-22
0.691444938	1.9801406749298675e-22
0.692600177	1.9036171000582166e-22
0.693755416	1.855590547871761e-22
0.694910655	2.131384630763557e-22
0.696065894	1.6735362754777143e-22
0.697221133	1.5295646497726793e-22
0.698376372	1.4597528822042411e-22
0.699531611	1.3059488846498565e-22
0.70068685	1.2187807385857034e-22
0.701842089	1.2055873274470608e-22
0.702997327	1.0336282153494422e-22
0.704152566	9.488062468629252e-23
0.705307805	1.096989338482519e-22
0.706463044	1.0804247709249013e-22
0.707618283	1.133979219829958e-22
0.708773522	1.1754927513028215e-22
0.709928761	1.3808947563746271e-22
0.711084	1.2063371874472983e-22
0.712239239	1.3784682504374143e-22
0.713394478	1.6133158534978895e-22
0.714549717	1.4968289106033632e-22
0.715704956	1.241279310591038e-22
0.716860195	1.1293524840974826e-22
0.718015434	1.0075548315152337e-22
0.719170673	7.329389111854142e-23
0.720325912	6.58744400345953e-23
0.72148115	6.714710872491567e-23
0.722636389	6.607393344029196e-23
0.723791628	7.295184202818247e-23
0.724946867	7.548816943924589e-23
0.726102106	6.605015944423379e-23
0.727257345	8.005592726220569e-23
0.728412584	8.094348393838309e-23
0.729567823	6.440838888363987e-23
0.730723062	6.873867406410939e-23
0.731878301	7.853226749020392e-23
0.73303354	8.782573761149487e-23
0.734188779	9.635372910339099e-23
0.735344018	9.61910728509293e-23
0.736499257	1.0349969943626976e-22
0.737654496	1.1926570231940932e-22
0.738809735	1.293513777753533e-22
0.739964973	1.5868473194424766e-22
0.741120212	1.91556366192541e-22
0.742275451	2.1123376851157823e-22
0.74343069	2.3450383965028975e-22
0.744585929	2.119503864696964e-22
0.745741168	2.292495459426667e-22
0.746896407	2.451488250251976e-22
0.748051646	2.3542225748807193e-22
0.749206885	2.3350684905144444e-22
0.750362124	2.502990997489368e-22
0.751517363	2.6464419744928677e-22
0.752672602	2.608517394935527e-22
0.753827841	2.618261475820921e-22
0.75498308	2.8869829162501003e-22
0.756138319	2.7080365528322065e-22
0.757293558	2.231597492270648e-22
0.758448796	2.144645066329502e-22
0.759604035	2.0763383255241495e-22
0.760759274	1.7357655498762903e-22
0.761914513	1.2736855045832153e-22
0.763069752	1.1882504856220437e-22
0.764224991	1.1106247489920156e-22
0.76538023	1.096184649523199e-22
0.766535469	1.1318604811601149e-22
0.767690708	1.1729890988805557e-22
0.768845947	1.2783988340797503e-22
0.770001186	1.361799366799131e-22
0.771156425	1.329835531970595e-22
0.772311664	1.3171958021776215e-22
0.773466903	1.2095283330372792e-22
0.774622142	1.1021589476201796e-22
0.775777381	1.1907894300479741e-22
0.77693262	1.1624140512089552e-22
0.778087858	1.293645278619475e-22
0.779243097	1.4882438341397644e-22
0.780398336	1.4580855047428378e-22
0.781553575	1.32745165466425e-22
0.782708814	1.296864182549882e-22
0.783864053	1.4202782079317767e-22
0.785019292	1.519959294792527e-22
0.786174531	1.5195611161847961e-22
0.78732977	1.482603594989969e-22
0.788485009	1.596411143493253e-22
0.789640248	1.6373498919881766e-22
0.790795487	1.633796544087915e-22
0.791950726	1.5964090001533325e-22
0.793105965	1.629858078127387e-22
0.794261204	1.6332988636018096e-22
0.795416443	1.3816258970665851e-22
0.796571681	1.459279352208915e-22
0.79772692	1.6229938330929278e-22
0.798882159	1.7145494840673684e-22
0.800037398	1.9215056614419332e-22
0.801192637	2.0947985616620716e-22
0.802347876	2.257868778983584e-22
0.803503115	2.3690176517306323e-22
0.804658354	2.614826596615281e-22
0.805813593	3.018282990125551e-22
0.806968832	3.4953160577589304e-22
0.808124071	3.7284407021515435e-22
0.80927931	3.8739833383128854e-22
0.810434549	4.1642892995126793e-22
0.811589788	4.728644708126073e-22
0.812745027	5.017880533477007e-22
0.813900266	5.654130703110794e-22
0.815055504	6.450657386546491e-22
0.816210743	6.905468008388075e-22
0.817365982	8.157464034916325e-22
0.818521221	9.701361644008626e-22
0.81967646	1.1600177379306555e-21
0.820831699	1.2693181158369515e-21
0.821986938	1.1651206731875146e-21
0.823142177	1.1803275444531923e-21
0.824297416	1.2531563524193626e-21
0.825452655	1.271188173933224e-21
0.826607894	1.166255075120224e-21
0.827763133	1.202096872403062e-21
0.828918372	1.4304847003718975e-21
0.830073611	1.3867730573775138e-21
0.83122885	1.491983934907016e-21
0.832384089	1.493773028009405e-21
0.833539327	1.4091101717354842e-21
0.834694566	1.0904985976024428e-21
0.835849805	6.7502258295835485e-22
0.837005044	5.073180746796958e-22
0.838160283	4.601341811746921e-22
0.839315522	4.392788769466867e-22
0.840470761	3.7724170397840125e-22
0.841626	3.3998256605279394e-22
0.842781239	3.7235554837470793e-22
0.843936478	3.707188426135067e-22
0.845091717	3.782060079110211e-22
0.846246956	4.0691042580558874e-22
0.847402195	3.73435959405893e-22
0.848557434	3.7936056759433184e-22
0.849712673	4.212622575775185e-22
0.850867912	3.315754140546393e-22
0.85202315	2.704223882804202e-22
0.853178389	2.624820899269422e-22
0.854333628	2.290602343795769e-22
0.855488867	2.1029162655504585e-22
0.856644106	1.8864283484076576e-22
0.857799345	1.9314145578601777e-22
0.858954584	1.8610286195089572e-22
0.860109823	1.701144929016806e-22
0.861265062	1.671032956788644e-22
0.862420301	1.6117476601265627e-22
0.86357554	1.6382714166582522e-22
0.864730779	1.7289021991122902e-22
0.865886018	1.8347976159625385e-22
0.867041257	2.011696056414052e-22
0.868196496	2.0777566182833446e-22
0.869351735	2.1812321901777223e-22
0.870506973	2.524215083830786e-22
0.871662212	2.4850483117008944e-22
0.872817451	2.846078939231186e-22
0.87397269	3.223970077518602e-22
0.875127929	3.446381786873666e-22
0.876283168	3.7681210416030336e-22
0.877438407	3.814744773446523e-22
0.878593646	4.132722788034183e-22
0.879748885	3.9149123547759004e-22
0.880904124	3.3871233372577404e-22
0.882059363	3.6081018326992103e-22
0.883214602	3.8736880317602983e-22
0.884369841	4.0524236787263485e-22
0.88552508	3.872229776699544e-22
0.886680319	3.7182897036673215e-22
0.887835558	4.704103013863742e-22
0.888990797	4.653086503961119e-22
0.890146035	4.686655922663656e-22
0.891301274	5.420253838368985e-22
0.892456513	5.816236180158689e-22
0.893611752	6.167652548414285e-22
0.894766991	5.873070456115113e-22
0.89592223	5.695893931404348e-22
0.897077469	6.425959801395815e-22
0.898232708	6.662819642584481e-22
0.899387947	7.2559174772979815e-22
0.900543186	7.786503157629506e-22
0.901698425	8.826953927339325e-22
0.902853664	1.0329354179581211e-21
0.904008903	9.984752545228847e-22
0.905164142	1.1613369747607837e-21
0.906319381	1.1966796169994115e-21
0.90747462	1.2542681628758536e-21
0.908629858	1.4468095862574862e-21
0.909785097	1.3063277418304748e-21
0.910940336	1.4163302415441923e-21
0.912095575	1.556949906201568e-21
0.913250814	1.6304875827878504e-21
0.914406053	1.5634870081003524e-21
0.915561292	1.4456988601788883e-21
0.916716531	1.6958991828117665e-21
0.91787177	1.6327990462854754e-21
0.919027009	1.5339971613846273e-21
0.920182248	1.855613428945408e-21
0.921337487	1.6789884209957616e-21
0.922492726	1.5164928938707862e-21
0.923647965	1.6925367624623363e-21
0.924803204	1.7858130918619597e-21
0.925958443	1.8533361848012538e-21
0.927113681	2.1332518705294653e-21
0.92826892	2.1102675349673504e-21
0.929424159	2.1184315818380356e-21
0.930579398	1.8572226489108996e-21
0.931734637	1.760918900959528e-21
0.932889876	1.8189117774320272e-21
0.934045115	2.2214235950446555e-21
0.935200354	2.2031867362088968e-21
0.936355593	1.9655824773091193e-21
0.937510832	2.1422094744705864e-21
0.938666071	2.4075803117098045e-21
0.93982131	2.6258048881454863e-21
0.940976549	2.710679319260385e-21
0.942131788	2.4743027184072985e-21
0.943287027	2.168943505081484e-21
0.944442266	2.172954082212233e-21
0.945597504	2.2664490646589005e-21
0.946752743	2.3145015329839408e-21
0.947907982	2.4233628848117245e-21
0.949063221	2.3951169621465185e-21
0.95021846	2.361465995124399e-21
0.951373699	2.358624350049111e-21
0.952528938	2.216018781463245e-21
0.953684177	2.2408476428021087e-21
0.954839416	2.3567170372239285e-21
0.955994655	2.6536472480164753e-21
0.957149894	2.864589067305229e-21
0.958305133	2.9869837519141237e-21
0.959460372	3.1198875971673446e-21
0.960615611	3.2163516881093397e-21
0.96177085	3.42354289589656e-21
0.962926089	3.5723766621193265e-21
0.964081327	3.659182553528189e-21
0.965236566	3.845156995706553e-21
0.966391805	3.872330515406939e-21
0.967547044	3.534691915622014e-21
0.968702283	3.546378555739689e-21
0.969857522	3.518492406093305e-21
0.971012761	0.
0.972168	0.
0.973323239	0.
0.974478478	0.
0.975633717	0.
0.976788956	0.
0.977944195	0.
0.979099434	0.
0.980254673	0.
0.981409912	0.
0.98256515	0.
0.983720389	0.
0.984875628	0.
0.986030867	0.
0.987186106	0.
0.988341345	0.
0.989496584	0.
0.990651823	0.
0.991807062	0.
0.992962301	0.
0.99411754	0.
0.995272779	0.
0.996428018	0.
0.997583257	9.049333222692253e-22
0.998738496	8.015006165821397e-22
0.999893735	8.3554706926605025e-22
1.001048974	6.365584776986823e-22
1.002204212	6.5385853583431425e-22
1.003359451	6.502089648896013e-22
1.00451469	6.644694287536791e-22
1.005669929	6.136054106397854e-22
1.006825168	7.099918283582592e-22
1.007980407	6.475853611940271e-22
1.009135646	6.744734200224981e-22
1.010290885	7.519418827344744e-22
1.011446124	8.727637636724113e-22
1.012601363	8.334426463613489e-22
1.013756602	7.908573147645538e-22
1.014911841	8.751933832476919e-22
1.01606708	9.630129842784302e-22
1.017222319	1.0975183379707615e-21
1.018377558	1.0281006835616449e-21
1.019532797	1.1047687365583014e-21
1.020688035	9.58300064832028e-22
1.021843274	9.496484995652031e-22
1.022998513	1.0121683866319355e-21
1.024153752	1.0205283350949614e-21
1.025308991	9.875972526623719e-22
1.02646423	1.0741972818005584e-21
1.027619469	1.039292513493333e-21
1.028774708	1.1529239447776694e-21
1.029929947	1.0934821972313974e-21
1.031085186	1.1968228662086721e-21
1.032240425	1.165603106603156e-21
1.033395664	1.3498492383752036e-21
1.034550903	1.3181255308897947e-21
1.035706142	1.3072937214315932e-21
1.036861381	1.54466777520397e-21
1.03801662	1.6662759926592315e-21
1.039171858	1.6602822265257633e-21
1.040327097	1.7664113057837777e-21
1.041482336	1.895349816498473e-21
1.042637575	2.2065920845045243e-21
1.043792814	2.1466627914982853e-21
1.044948053	2.4390990688948937e-21
1.046103292	2.99772958151255e-21
1.047258531	2.6890828366621068e-21
1.04841377	3.248903837589444e-21
1.049569009	2.7737459454075505e-21
1.050724248	3.0416222995277863e-21
1.051879487	3.3820999916609152e-21
1.053034726	3.5564939012806554e-21
1.054189965	3.941459688700917e-21
1.055345204	3.938120474770764e-21
1.056500443	3.956408379962144e-21
1.057655681	3.975155680764625e-21
1.05881092	4.09252501802214e-21
1.059966159	5.022679688860887e-21
1.061121398	4.583406291379236e-21
1.062276637	4.658806285177233e-21
1.063431876	5.75767940387738e-21
1.064587115	5.03568788851052e-21
1.065742354	5.460520088104136e-21
1.066897593	5.960259202496437e-21
1.068052832	6.523613623777755e-21
1.069208071	7.250526821937194e-21
1.07036331	6.858922324492408e-21
1.071518549	6.890535066938807e-21
1.072673788	6.3458148447626144e-21
1.073829027	7.261782497319858e-21
1.074984266	7.220857314430721e-21
1.076139504	7.440836613767244e-21
1.077294743	6.756337311126035e-21
1.078449982	6.7333091246259825e-21
1.079605221	6.254041825504748e-21
1.08076046	6.568986180383479e-21
1.081915699	5.855381876068646e-21
1.083070938	5.55201708976052e-21
1.084226177	5.466205648430736e-21
1.085381416	5.1717205271137955e-21
1.086536655	4.5642695514133536e-21
1.087691894	4.23162725496362e-21
1.088847133	3.871410830233732e-21
1.090002372	3.2614878698891095e-21
1.091157611	2.9428646180704487e-21
1.09231285	2.6137372796765683e-21
1.093468089	2.1659601861927456e-21
1.094623327	1.9813967851499183e-21
1.095778566	1.72245786045629e-21
1.096933805	1.5455705361636379e-21
1.098089044	1.3448390281334734e-21
1.099244283	1.29551568901903e-21
1.100399522	1.2415084173057927e-21
1.101554761	1.1000579151469913e-21
1.10271	1.1490283502305723e-21
1.103865239	1.0896709449426706e-21
1.105020478	1.1287713228778779e-21
1.106175717	9.71890814087936e-22
1.107330956	1.0565048954411835e-21
1.108486195	8.939831263291737e-22
1.109641434	9.395396861694189e-22
1.110796673	7.886687310453028e-22
1.111951912	7.596657182440617e-22
1.113107151	8.082615499791888e-22
1.114262389	7.780964988354775e-22
1.115417628	6.529759952484859e-22
1.116572867	6.399563803871525e-22
1.117728106	6.436236249604421e-22
1.118883345	5.582634637077343e-22
1.120038584	5.268009827689564e-22
1.121193823	4.966164568998373e-22
1.122349062	4.652939722881199e-22
1.123504301	4.679457035902747e-22
1.12465954	4.338189259563398e-22
1.125814779	4.1241266169640315e-22
1.126970018	4.0119453592516566e-22
1.128125257	3.502854112097995e-22
1.129280496	3.1953724732463463e-22
1.130435735	3.103377654605708e-22
1.131590974	3.3401896263178864e-22
1.132746212	3.3243251433832807e-22
1.133901451	3.6519535080613334e-22
1.13505669	3.7871301589389962e-22
1.136211929	3.6416485796601097e-22
1.137367168	3.5453076791635724e-22
1.138522407	3.5923756781848543e-22
1.139677646	3.580779481519211e-22
1.140832885	3.9937880307657753e-22
1.141988124	4.0107280866394404e-22
1.143143363	4.1148194945785216e-22
1.144298602	3.983020415172455e-22
1.145453841	3.864223281929727e-22
1.14660908	3.385114961881485e-22
1.147764319	3.547403042585663e-22
1.148919558	3.4159275161102864e-22
1.150074797	3.0101841329547278e-22
1.151230035	2.9100688816686877e-22
1.152385274	2.4841275822809432e-22
1.153540513	2.4160105497460233e-22
1.154695752	2.0174071516755515e-22
1.155850991	1.8926569059690053e-22
1.15700623	1.933962941220551e-22
1.158161469	1.9121587949325002e-22
1.159316708	1.7649250989599256e-22
1.160471947	1.8082023297339795e-22
1.161627186	1.828835858760501e-22
1.162782425	1.8054474963285338e-22
1.163937664	2.0060736134353415e-22
1.165092903	2.273029759771523e-22
1.166248142	2.419401682993218e-22
1.167403381	2.5807706607600454e-22
1.16855862	2.9712116187011253e-22
1.169713858	3.1907195507422265e-22
1.170869097	3.35304334522891e-22
1.172024336	3.571021327013376e-22
1.173179575	3.902248915180635e-22
1.174334814	3.7459490509126353e-22
1.175490053	4.0129433177699376e-22
1.176645292	3.8847182766346443e-22
1.177800531	3.800225221232962e-22
1.17895577	3.549036160601061e-22
1.180111009	3.218226413410748e-22
1.181266248	3.0423972585030557e-22
1.182421487	3.1480167291621267e-22
1.183576726	2.973110532149748e-22
1.184731965	2.9410687014765037e-22
1.185887204	2.7525785869740968e-22
1.187042443	2.7985597475960025e-22
1.188197681	3.1697446836866864e-22
1.18935292	3.3056623553324824e-22
1.190508159	3.3242589869623026e-22
1.191663398	3.5007396527795506e-22
1.192818637	3.640001265287737e-22
1.193973876	4.319079312676947e-22
1.195129115	4.290695201817305e-22
1.196284354	4.671473923339948e-22
1.197439593	4.960241950228491e-22
1.198594832	4.690873077994717e-22
1.199750071	4.438613744483794e-22
1.20090531	4.02464506367952e-22
1.202060549	4.0101138353308356e-22
1.203215788	4.588432283718278e-22
1.204371027	5.385233192557934e-22
1.205526266	5.646632065133039e-22
1.206681505	6.359066653505192e-22
1.207836743	7.133052935115667e-22
1.208991982	8.371092093686692e-22
1.210147221	8.375053625933369e-22
1.21130246	8.262731438874477e-22
1.212457699	8.330564580652407e-22
1.213612938	8.686326259463195e-22
1.214768177	9.114361659605328e-22
1.215923416	9.179275465467727e-22
1.217078655	9.177886484996683e-22
1.218233894	9.451142681492256e-22
1.219389133	9.814102549736123e-22
1.220544372	9.319323017319132e-22
1.221699611	9.445290543574997e-22
1.22285485	9.438352600943048e-22
1.224010089	9.407129855911607e-22
1.225165328	9.236332171592684e-22
1.226320566	8.566336396873944e-22
1.227475805	8.65240357258142e-22
1.228631044	7.974433624553747e-22
1.229786283	7.713084326436706e-22
1.230941522	7.695543504074234e-22
1.232096761	7.285530455609073e-22
1.233252	7.129841479612678e-22
1.234407239	6.955996065227004e-22
1.235562478	6.784669913511002e-22
1.236717717	7.009826226113984e-22
1.237872956	6.859337709268503e-22
1.239028195	7.298831502468464e-22
1.240183434	7.547755020319828e-22
1.241338673	7.631579312056101e-22
1.242493912	7.913459253818566e-22
1.243649151	8.200034367055843e-22
1.244804389	8.702671841307235e-22
1.245959628	9.780500927659398e-22
1.247114867	1.0214926263194374e-21
1.248270106	1.0323618947893194e-21
1.249425345	1.1261463397965686e-21
1.250580584	1.260462805792218e-21
1.251735823	1.3127378073591905e-21
1.252891062	1.463742151302754e-21
1.254046301	1.6379793115428005e-21
1.25520154	1.7066014852946574e-21
1.256356779	1.687997860706319e-21
1.257512018	1.852383296981063e-21
1.258667257	1.8136704703299217e-21
1.259822496	1.789611833896005e-21
1.260977735	1.7833678481815016e-21
1.262132974	1.857574598048865e-21
1.263288212	1.8138674426820996e-21
1.264443451	1.8893898197845404e-21
1.26559869	1.9842863405829887e-21
1.266753929	2.0871533006425837e-21
1.267909168	2.3364360333830437e-21
1.269064407	2.304867970247849e-21
1.270219646	2.3464438183140752e-21
1.271374885	2.4471859678164685e-21
1.272530124	2.5863579006953616e-21
1.273685363	2.71075933446007e-21
1.274840602	2.9620125736724062e-21
1.275995841	2.926862552934876e-21
1.27715108	3.0089137420573476e-21
1.278306319	3.1414051649568475e-21
1.279461558	3.266381363074039e-21
1.280616797	3.371486560312662e-21
1.281772035	3.5945128429195225e-21
1.282927274	3.788715149487587e-21
1.284082513	3.3242609874274212e-21
1.285237752	3.1322359536197015e-21
1.286392991	3.2053219073043793e-21
1.28754823	3.0363628409736033e-21
1.288703469	2.871046518635235e-21
1.289858708	2.8546457872297474e-21
1.291013947	2.733840097327971e-21
1.292169186	2.67320783281583e-21
1.293324425	2.7079523955062395e-21
1.294479664	2.6074377356805946e-21
1.295634903	2.520496978651551e-21
1.296790142	2.3869506211391708e-21
1.297945381	2.282538219544086e-21
1.29910062	2.129959112151743e-21
1.300255858	1.8899923052222023e-21
1.301411097	1.7265166338194462e-21
1.302566336	1.5418806046088748e-21
1.303721575	1.341322162203066e-21
1.304876814	1.2107315284503817e-21
1.306032053	1.0965879468329402e-21
1.307187292	1.0101097457827713e-21
1.308342531	9.456163993437553e-22
1.30949777	9.157033826655986e-22
1.310653009	8.487619222887472e-22
1.311808248	8.361331423983003e-22
1.312963487	7.985150252676879e-22
1.314118726	7.611325105500686e-22
1.315273965	7.227756810095365e-22
1.316429204	7.038337743486348e-22
1.317584443	6.509748903647655e-22
1.318739682	6.063916301366092e-22
1.31989492	5.694992627498764e-22
1.321050159	5.104981547958458e-22
1.322205398	4.908838905505161e-22
1.323360637	4.372938118969695e-22
1.324515876	4.206980968586506e-22
1.325671115	4.160565834228415e-22
1.326826354	4.0354430146101867e-22
1.327981593	3.6881889220895327e-22
1.329136832	3.6752388863373654e-22
1.330292071	3.392277969702134e-22
1.33144731	3.102712067920369e-22
1.332602549	3.3375908309930825e-22
1.333757788	2.975764731225533e-22
1.334913027	3.036966695014826e-22
1.336068266	2.99291504915078e-22
1.337223505	2.7927068365345876e-22
1.338378743	2.6940053590526587e-22
1.339533982	2.716687645807894e-22
1.340689221	2.3404681871535665e-22
1.34184446	2.0620574278944321e-22
1.342999699	2.0766013106362252e-22
1.344154938	1.7643664004502298e-22
1.345310177	1.6767401038576811e-22
1.346465416	1.7337949107914877e-22
1.347620655	1.6035828705038986e-22
1.348775894	1.4836797651390182e-22
1.349931133	1.437810162317581e-22
1.351086372	1.2793823748744877e-22
1.352241611	1.1409803150197226e-22
1.35339685	1.3578828464461993e-22
1.354552089	1.1732856117364384e-22
1.355707328	1.0709222437705325e-22
1.356862566	1.2494460103420875e-22
1.358017805	1.7152032638818348e-22
1.359173044	2.1754665837575394e-22
1.360328283	2.7232154504234166e-22
1.361483522	3.0470723958687497e-22
1.362638761	1.5121018153987527e-22
1.363794	-2.5009321396529907e-23
1.364949239	-7.066444516310643e-23
1.366104478	-4.6756294615739565e-23
1.367259717	8.388850487244456e-25
1.368414956	4.305392752804716e-24
1.369570195	-9.015791661837161e-24
1.370725434	-1.9254658589509917e-23
1.371880673	-2.5544878034130817e-23
1.373035912	-3.033828285341802e-23
1.374191151	-2.985815226970589e-23
1.375346389	-2.4667827465378755e-23
1.376501628	-2.2369295975405102e-23
1.377656867	-9.051740797377368e-24
1.378812106	7.944050699799187e-24
1.379967345	2.2746618724385706e-23
1.381122584	3.3316176634746966e-23
1.382277823	3.1697062652461867e-23
1.383433062	2.9303940907461786e-23
1.384588301	3.5919418487819936e-23
1.38574354	5.762449954032903e-23
1.386898779	8.837835274713536e-23
1.388054018	1.2429817867428968e-22
1.389209257	1.5804336404144545e-22
1.390364496	1.7248879248585012e-22
1.391519735	1.768358307927081e-22
1.392674974	1.7174548523745603e-22
1.393830212	1.2790969335498518e-22
1.394985451	1.1368061012232111e-22
1.39614069	1.2401088492796653e-22
1.397295929	1.1459541857065912e-22
1.398451168	9.918157150164266e-23
1.399606407	1.1345079424079542e-22
1.400761646	1.0980973091689037e-22
1.401916885	8.903805534076849e-23
1.403072124	8.590541233582357e-23
1.404227363	7.989335374785959e-23
1.405382602	5.860389503851097e-23
1.406537841	4.827288542897995e-23
1.40769308	4.1665656741049285e-23
1.408848319	3.7736139181392297e-23
1.410003558	4.2127235799742677e-23
1.411158797	5.605078709435302e-23
1.412314035	7.100889868809221e-23
1.413469274	7.747243353484512e-23
1.414624513	8.438856290873652e-23
1.415779752	9.255760284379779e-23
1.416934991	9.951213601660659e-23
1.41809023	1.058482080929781e-22
1.419245469	1.1085047160481704e-22
1.420400708	1.0889951954480092e-22
1.421555947	1.2129855899584945e-22
1.422711186	1.35423884028903e-22
1.423866425	1.4337522143923228e-22
1.425021664	1.4902925747022048e-22
1.426176903	1.3756691450544994e-22
1.427332142	1.2827935185622736e-22
1.428487381	1.1833383489419004e-22
1.42964262	1.2428535834649005e-22
1.430797859	1.4433605695250535e-22
1.431953097	1.4584209288481613e-22
1.433108336	1.5570937259640848e-22
1.434263575	1.438044881026083e-22
1.435418814	1.333542477263015e-22
1.436574053	1.5792906470382967e-22
1.437729292	1.6031859931742573e-22
1.438884531	1.6511920573247495e-22
1.44003977	1.956115316329602e-22
1.441195009	1.7182291966246858e-22
1.442350248	1.5050274469795551e-22
1.443505487	1.531590855022915e-22
1.444660726	1.5517226049517528e-22
1.445815965	1.673555534267498e-22
1.446971204	1.661338052288326e-22
1.448126443	1.6641145182259032e-22
1.449281682	1.728087469346739e-22
1.45043692	1.6090749121899344e-22
1.451592159	1.6791164939857734e-22
1.452747398	1.7262296354747923e-22
1.453902637	1.7392943383184994e-22
1.455057876	1.7423127441284578e-22
1.456213115	1.8454091831322072e-22
1.457368354	1.9736157905125003e-22
1.458523593	1.9297745860860388e-22
1.459678832	1.8557622388815906e-22
1.460834071	1.8724545956793033e-22
1.46198931	2.1282041971268753e-22
1.463144549	2.27760762501315e-22
1.464299788	2.2707602686938264e-22
1.465455027	2.183439948856757e-22
1.466610266	2.0753942830536322e-22
1.467765505	1.9423249462353766e-22
1.468920743	1.9965981835530722e-22
1.470075982	2.054398157504014e-22
1.471231221	1.9839882319333145e-22
1.47238646	1.9175976506103967e-22
1.473541699	2.006953109839808e-22
1.474696938	2.0770956247061673e-22
1.475852177	1.9935109231082826e-22
1.477007416	1.986404075772068e-22
1.478162655	1.8908980061530324e-22
1.479317894	1.9046783226951563e-22
1.480473133	2.0085914258412242e-22
1.481628372	2.0139228929477115e-22
1.482783611	2.1024984646446265e-22
1.48393885	2.2725839545138386e-22
1.485094089	2.283072093162419e-22
1.486249328	2.2187267516535246e-22
1.487404566	2.3805947097180578e-22
1.488559805	2.777878103645951e-22
1.489715044	2.8861969267307333e-22
1.490870283	2.7987235505692577e-22
1.492025522	3.1436007034919613e-22
1.493180761	3.279845464243093e-22
1.494336	3.3529062224547975e-22
1.495491239	3.585052892405911e-22
1.496646478	3.631392289354175e-22
1.497801717	3.4989883763259175e-22
1.498956956	3.431419300866371e-22
1.500112195	3.1281320543008614e-22
1.501267434	2.912314920398392e-22
1.502422673	3.049377215913378e-22
1.503577912	3.196160039455726e-22
1.504733151	3.1703669721445665e-22
1.505888389	3.00457007751024e-22
1.507043628	2.852593636593718e-22
1.508198867	3.02111350277e-22
1.509354106	2.966656486566784e-22
1.510509345	3.3049936121444627e-22
1.511664584	3.81505178301502e-22
1.512819823	3.7906641417995296e-22
1.513975062	3.786642461498728e-22
1.515130301	4.351199661307105e-22
1.51628554	4.371474763823499e-22
1.517440779	4.129264063805786e-22
1.518596018	4.698388423223584e-22
1.519751257	4.752161560128778e-22
1.520906496	5.100907281303001e-22
1.522061735	5.405479281558905e-22
1.523216974	5.145928682768606e-22
1.524372212	5.473449508783372e-22
1.525527451	5.760716384719013e-22
1.52668269	5.738711369486779e-22
1.527837929	6.05949076037907e-22
1.528993168	6.153280095461155e-22
1.530148407	6.634581009204031e-22
1.531303646	7.193645919903586e-22
1.532458885	7.334227552156746e-22
1.533614124	7.723867490305368e-22
1.534769363	8.189688451524692e-22
1.535924602	7.930103098665672e-22
1.537079841	7.750016960334237e-22
1.53823508	8.17551702982922e-22
1.539390319	8.54334440047069e-22
1.540545558	8.50243117558982e-22
1.541700797	8.532346779040508e-22
1.542856036	8.84504588545122e-22
1.544011274	8.498308649445312e-22
1.545166513	8.639961484267558e-22
1.546321752	8.4049703115983465e-22
1.547476991	8.219631126852331e-22
1.54863223	9.158307445060325e-22
1.549787469	9.722351590745559e-22
1.550942708	9.773406839901134e-22
1.552097947	9.65112277307815e-22
1.553253186	9.247287027101278e-22
1.554408425	9.68458144814955e-22
1.555563664	9.806665373976116e-22
1.556718903	9.577592555096844e-22
1.557874142	9.746016585435305e-22
1.559029381	1.0180093920300097e-21
1.56018462	9.7074869541302e-22
1.561339859	8.70632503074608e-22
1.562495097	8.274992190437215e-22
1.563650336	7.857827807597559e-22
1.564805575	7.758874032465212e-22
1.565960814	8.19210386761471e-22
1.567116053	7.8002165980027555e-22
1.568271292	7.960016759931985e-22
1.569426531	8.832526224085297e-22
1.57058177	9.10537747581296e-22
1.571737009	9.545020727989363e-22
1.572892248	1.0599241963970584e-21
1.574047487	1.1833233695182315e-21
1.575202726	1.329496955567769e-21
1.576357965	1.3668677339135248e-21
1.577513204	1.4423065262539121e-21
1.578668443	1.4871404367484053e-21
1.579823682	1.418310174658068e-21
1.58097892	1.4469369035459528e-21
1.582134159	1.4288350432249724e-21
1.583289398	1.4355496934901527e-21
1.584444637	1.3914458194117213e-21
1.585599876	1.3204162970047007e-21
1.586755115	1.3723414017789042e-21
1.587910354	1.3970833781562726e-21
1.589065593	1.4774891907062282e-21
1.590220832	1.5694320546944412e-21
1.591376071	1.5442056790507643e-21
1.59253131	1.4450550915392326e-21
1.593686549	1.3758760033341912e-21
1.594841788	1.364435015199462e-21
1.595997027	1.415973697426796e-21
1.597152266	1.3793085074908905e-21
1.598307505	1.3261886069510805e-21
1.599462743	1.2679388905859637e-21
1.600617982	1.250698054258245e-21
1.601773221	1.194577584681727e-21
1.60292846	1.1327545782059162e-21
1.604083699	1.106595206591629e-21
1.605238938	1.0700534251869602e-21
1.606394177	1.0174853431049516e-21
1.607549416	9.698293072856334e-22
1.608704655	9.463249605223224e-22
1.609859894	9.494550029606333e-22
1.611015133	8.816771341941874e-22
1.612170372	8.436048639627743e-22
1.613325611	8.091275935197293e-22
1.61448085	7.261885938869564e-22
1.615636089	6.905472842378777e-22
1.616791328	6.530298803160388e-22
1.617946566	5.783039720386414e-22
1.619101805	5.199323846632457e-22
1.620257044	4.84060194140535e-22
1.621412283	4.461946385160848e-22
1.622567522	3.9867221187764155e-22
1.623722761	3.8295139842163914e-22
1.624878	3.8940102580905605e-22
1.626033239	3.8236588747592804e-22
1.627188478	3.8733415783613303e-22
1.628343717	3.6408452118314165e-22
1.629498956	3.414790346990682e-22
1.630654195	3.2884313126670756e-22
1.631809434	3.111114861598002e-22
1.632964673	2.9815403409402245e-22
1.634119912	2.8263104110815887e-22
1.635275151	2.6985958554379933e-22
1.63643039	2.6148567651826098e-22
1.637585628	2.612491962019555e-22
1.638740867	2.660992513375144e-22
1.639896106	2.6644314190697087e-22
1.641051345	2.6420602018988073e-22
1.642206584	2.7137733771877257e-22
1.643361823	2.6349104641139856e-22
1.644517062	2.499769347388484e-22
1.645672301	2.4257634673588943e-22
1.64682754	2.1964458998958267e-22
1.647982779	2.0396602948814493e-22
1.649138018	1.8682653369132985e-22
1.650293257	1.7418867767621313e-22
1.651448496	1.707520200974751e-22
1.652603735	1.7144210372239531e-22
1.653758974	1.7554074252912614e-22
1.654914213	1.7334057166842673e-22
1.656069451	1.7191247566799826e-22
1.65722469	1.7571071614025938e-22
1.658379929	1.7550467584099363e-22
1.659535168	1.7532521183626392e-22
1.660690407	1.7565117866888179e-22
1.661845646	1.7117972831743646e-22
1.663000885	1.6779783861590074e-22
1.664156124	1.59026796973085e-22
1.665311363	1.5218915446331712e-22
1.666466602	1.433077809184123e-22
1.667621841	1.3362095091828952e-22
1.66877708	1.3261847598883438e-22
1.669932319	1.3318634290085386e-22
1.671087558	1.4502039674488184e-22
1.672242797	1.7235655529138185e-22
1.673398036	1.900453671909787e-22
1.674553274	2.0739878600106275e-22
1.675708513	2.3369692444992743e-22
1.676863752	2.5642591042726467e-22
1.678018991	2.64820187970384e-22
1.67917423	2.7419002739098294e-22
1.680329469	2.903959068885628e-22
1.681484708	2.8931336960127674e-22
1.682639947	2.887379317412629e-22
1.683795186	2.849233968073002e-22
1.684950425	2.755699202753836e-22
1.686105664	2.747772891376118e-22
1.687260903	2.5262932461019623e-22
1.688416142	2.348473405071906e-22
1.689571381	2.1579612523893776e-22
1.69072662	2.0233885234969937e-22
1.691881859	1.949693803909719e-22
1.693037097	1.989466568530235e-22
1.694192336	1.8619458195876985e-22
1.695347575	1.9637847783418826e-22
1.696502814	2.013964431451219e-22
1.697658053	2.039442028522669e-22
1.698813292	2.0830259588190015e-22
1.699968531	2.1134248848381948e-22
1.70112377	2.141529778098028e-22
1.702279009	1.9637632276294993e-22
1.703434248	1.8087436372037776e-22
1.704589487	1.5894444782489514e-22
1.705744726	1.320769489910639e-22
1.706899965	1.0498634418040939e-22
1.708055204	7.998474403950217e-23
1.709210443	4.663864839901151e-23
1.710365682	3.028379343515582e-23
1.71152092	3.993084653306404e-23
1.712676159	7.326508474204332e-23
1.713831398	1.6193451121359842e-22
1.714986637	2.5578806939558534e-22
1.716141876	3.287039276705289e-22
1.717297115	3.831594621486614e-22
1.718452354	3.5827342262837404e-22
1.719607593	3.0478306896009927e-22
1.720762832	2.1601949203205034e-22
1.721918071	1.297176840421625e-22
1.72307331	8.744485882116009e-23
1.724228549	6.610743262094572e-23
1.725383788	6.039527838983486e-23
1.726539027	7.687853620539409e-23
1.727694266	8.85314495583779e-23
1.728849505	8.570528840941328e-23
1.730004743	1.1493798942252908e-22
1.731159982	1.2352231645933962e-22
1.732315221	1.4330489728871357e-22
1.73347046	1.4975964508462337e-22
1.734625699	1.8206397926114474e-22
1.735780938	1.853256229295723e-22
1.736936177	1.9828229109267313e-22
1.738091416	2.180971179028275e-22
1.739246655	2.067877291362907e-22
1.740401894	1.924156742147723e-22
1.741557133	2.18357939505143e-22
1.742712372	1.9387952333554167e-22
1.743867611	1.9601312280591873e-22
1.74502285	1.842206633751101e-22
1.746178089	1.6938593441785342e-22
1.747333328	1.562937335893252e-22
1.748488567	1.5129178956778039e-22
1.749643805	1.491497282550784e-22
1.750799044	1.4729311158547714e-22
1.751954283	1.5259872952213292e-22
1.753109522	1.5073731769113694e-22
1.754264761	1.5039985758100573e-22
1.75542	1.349575369699752e-22
1.756575239	1.518249839194637e-22
1.757730478	1.2393824184192212e-22
1.758885717	1.3043011343947682e-22
1.760040956	1.0488948474166478e-22
1.761196195	1.0831960084625313e-22
1.762351434	9.957291239345483e-23
1.763506673	9.892484559588205e-23
1.764661912	9.94832865634197e-23
1.765817151	9.029856241722213e-23
1.76697239	9.866737214697196e-23
1.768127628	1.0423196593585953e-22
1.769282867	1.102152558364963e-22
1.770438106	9.39729236241815e-23
1.771593345	1.0197403166386533e-22
1.772748584	8.938302265595366e-23
1.773903823	8.20131867851726e-23
1.775059062	7.956901096725721e-23
1.776214301	6.667094941727782e-23
1.77736954	5.349449520751744e-23
1.778524779	6.58784881392668e-23
1.779680018	5.990277435909482e-23
1.780835257	5.437156816970572e-23
1.781990496	4.443030917248583e-23
1.783145735	3.9061092521844225e-23
1.784300974	4.008726647371365e-23
1.785456213	3.8447487768361813e-23
1.786611451	4.213521769412881e-23
1.78776669	5.0605775997274306e-23
1.788921929	6.698892702666051e-23
1.790077168	7.165279174760043e-23
1.791232407	7.378789952195987e-23
1.792387646	7.295773373787348e-23
1.793542885	9.049058281653318e-23
1.794698124	8.8263956284667e-23
1.795853363	1.0154612364465823e-22
1.797008602	1.050922456981704e-22
1.798163841	1.0060702349974331e-22
1.79931908	1.4421401633533005e-22
1.800474319	1.353737822920218e-22
1.801629558	1.6210345893359308e-22
1.802784797	2.0050219288713377e-22
1.803940036	2.2093834846231457e-22
1.805095274	2.5257341763908178e-22
1.806250513	2.8320547728908663e-22
1.807405752	3.0624067378808523e-22
1.808560991	3.154942897278856e-22
1.80971623	3.577388359425577e-22
1.810871469	4.165741027926385e-22
1.812026708	4.519747488999936e-22
1.813181947	5.647313672274383e-22
1.814337186	5.82771223197467e-22
1.815492425	7.175316743868506e-22
1.816647664	8.034245077284249e-22
1.817802903	8.420525616167137e-22
1.818958142	9.725503870958039e-22
1.820113381	9.911281508570862e-22
1.82126862	1.0183050347673786e-21
1.822423859	1.0280152516345155e-21
1.823579097	1.1237399549829043e-21
1.824734336	1.1808631110635176e-21
1.825889575	1.193443112267782e-21
1.827044814	1.2270691874192818e-21
1.828200053	1.3092855782284652e-21
1.829355292	1.1700130747260728e-21
1.830510531	1.529520581209795e-21
1.83166577	1.5844599552850171e-21
1.832821009	0.
1.833976248	0.
1.835131487	0.
1.836286726	0.
1.837441965	0.
1.838597204	0.
1.839752443	0.
1.840907682	0.
1.84206292	0.
1.843218159	0.
1.844373398	0.
1.845528637	0.
1.846683876	0.
1.847839115	0.
1.848994354	0.
1.850149593	0.
1.851304832	0.
1.852460071	0.
1.85361531	0.
1.854770549	0.
1.855925788	0.
1.857081027	0.
1.858236266	0.
1.859391505	0.
1.860546744	0.
1.861701982	0.
1.862857221	0.
1.86401246	0.
1.865167699	0.
1.866322938	0.
1.867478177	0.
1.868633416	0.
1.869788655	0.
1.870943894	8.878677357076691e-19
1.872099133	1.015465336706692e-18
1.873254372	8.264022918130848e-19
1.874409611	7.7966229119500655e-19
1.87556485	-3.46869986501473e-20
1.876720089	7.765903490704849e-21
1.877875328	-3.43296266700072e-21
1.879030567	-9.384988062644978e-21
1.880185805	-7.626264616124238e-21
1.881341044	-1.0962336129810874e-20
1.882496283	6.661527883759017e-20
1.883651522	3.9668878118992444e-21
1.884806761	1.9338975208984405e-21
1.885962	1.516518059595318e-21
1.887117239	1.2427806213626807e-21
1.888272478	5.122859126678452e-22
1.889427717	-1.2485357321690734e-22
1.890582956	-4.1721839404735813e-22
1.891738195	-2.6375517185479677e-22
1.892893434	3.625169811496361e-22
1.894048673	1.5317685879747793e-21
1.895203912	4.561475829123716e-21
1.896359151	8.244560266879114e-20
1.89751439	-8.048416547736615e-21
1.898669628	-4.492589102778269e-21
1.899824867	-2.406418446872225e-21
1.900980106	-1.543933337000622e-21
1.902135345	-1.038338166657561e-21
1.903290584	-1.6332470435645476e-21
1.904445823	-2.7919405850259473e-21
1.905601062	-4.069383928875731e-21
1.906756301	-5.467489322300977e-21
1.90791154	-1.0404028518399925e-20
1.909066779	-4.0422840514447513e-19
1.910222018	7.938675534470241e-21
1.911377257	4.1436909419135355e-21
1.912532496	2.4857998576271742e-21
1.913687735	1.6212542874216272e-21
1.914842974	1.0026491148956602e-21
1.915998213	1.0410225999266368e-21
1.917153451	9.115340808989226e-22
1.91830869	1.0544093624564053e-21
1.919463929	1.0695459242667299e-21
1.920619168	1.1153318255299254e-21
1.921774407	9.169088543864267e-22
1.922929646	8.164345322943874e-22
1.924084885	7.799935517329509e-22
1.925240124	8.3168709119197595e-22
1.926395363	1.0362275015807812e-21
1.927550602	1.6120017655789397e-21
1.928705841	2.9825840558707296e-21
1.92986108	4.0813779126842334e-21
1.931016319	3.3343300653950148e-21
1.932171558	1.6011040906611817e-21
1.933326797	6.466318275107406e-22
1.934482036	1.1271776639691916e-22
1.935637274	-1.3997472138270394e-22
1.936792513	-2.399253997159155e-22
1.937947752	-2.0992840754143206e-22
1.939102991	-4.506904548871649e-23
1.94025823	1.482944190808127e-22
1.941413469	2.145505002567717e-22
1.942568708	2.2544343556729624e-22
1.943723947	1.667900142577645e-22
1.944879186	5.816942121886166e-23
1.946034425	-2.084534318068117e-23
1.947189664	1.5124641589485542e-23
1.948344903	7.732295520140393e-23
1.949500142	1.2107304007474288e-22
1.950655381	1.084693977775549e-22
1.95181062	1.0427849517330104e-22
1.952965859	9.586001590022197e-23
1.954121097	7.88983432366572e-23
1.955276336	1.0755546114290151e-22
1.956431575	2.0971711469903491e-22
1.957586814	3.321660704170458e-22
1.958742053	3.7135893273734944e-22
1.959897292	2.961180791904509e-22
1.961052531	2.0047258247960545e-22
1.96220777	1.1919411733589376e-22
1.963363009	2.5618423608632783e-23
1.964518248	-8.669957085908402e-23
1.965673487	-1.3889433900142149e-22
1.966828726	-1.0595927003666065e-22
1.967983965	-2.4699104630511046e-23
1.969139204	3.87819210624598e-23
1.970294443	6.008424957596941e-23
1.971449682	6.42762330175434e-23
1.972604921	7.302105324250591e-23
1.973760159	9.2020714507447e-23
1.974915398	1.2778479187419918e-22
1.976070637	1.4842046695761897e-22
1.977225876	1.435155315311439e-22
1.978381115	1.46166353922065e-22
1.979536354	1.3229551079731378e-22
1.980691593	1.063016756358401e-22
1.981846832	1.0511936031995002e-22
1.983002071	1.068470938981503e-22
1.98415731	1.1187232237693138e-22
1.985312549	1.2873842160323532e-22
1.986467788	1.2824255552817874e-22
1.987623027	1.1300641901260668e-22
1.988778266	9.794501775156287e-23
1.989933505	9.692072666670258e-23
1.991088744	1.0618842221411602e-22
1.992243982	1.0201003324200193e-22
1.993399221	9.350313222742739e-23
1.99455446	7.550465340719712e-23
1.995709699	4.8090422957121504e-23
1.996864938	-3.8754788633199456e-24
1.998020177	-6.57691212352172e-23
1.999175416	-7.612613188530496e-23
2.000330655	-2.113479525075567e-23
2.001485894	1.1462608680791875e-22
2.002641133	2.719529196308422e-22
2.003796372	4.541386447979747e-22
2.004951611	4.0845494008245735e-22
2.00610685	2.935596975060529e-22
2.007262089	1.9784326269402218e-22
2.008417328	1.585235580868803e-22
2.009572567	1.1706441188843792e-22
2.010727805	4.449339233818409e-23
2.011883044	-5.702304456495673e-23
2.013038283	-1.255730652343147e-22
2.014193522	-8.532846971759801e-23
2.015348761	2.7130825054889185e-23
2.016504	1.4831121316374158e-22
2.017659239	1.834481178358815e-22
2.018814478	2.165077696477666e-22
2.019969717	2.1227002467821285e-22
2.021124956	1.6796947626684876e-22
2.022280195	1.49918682077189e-22
2.023435434	1.0311244885478985e-22
2.024590673	6.847856384942776e-23
2.025745912	3.0113000410996054e-23
2.026901151	7.312874967977413e-24
2.02805639	2.5497778794841076e-24
2.029211628	1.700951745455625e-23
2.030366867	4.9087585489796725e-23
2.031522106	9.848282399689713e-23
2.032677345	1.1529677744222313e-22
2.033832584	1.124157099687557e-22
2.034987823	8.358144481366951e-23
2.036143062	5.356745082628946e-23
2.037298301	6.609976560135319e-23
2.03845354	9.870267943596193e-23
2.039608779	1.447469388634478e-22
2.040764018	1.8749034355012894e-22
2.041919257	2.162392525406492e-22
2.043074496	1.496689288521256e-22
2.044229735	2.135194939277997e-23
2.045384974	-4.8630019483650735e-23
2.046540213	-2.811088513650757e-23
2.047695451	3.334391192782039e-23
2.04885069	8.05625759518548e-23
2.050005929	1.1281853175411398e-22
2.051161168	1.1726733992606706e-22
2.052316407	1.0356254078078039e-22
2.053471646	7.713559236469975e-23
2.054626885	8.059831773735959e-23
2.055782124	1.0088451796929889e-22
2.056937363	1.3368099203443004e-22
2.058092602	1.607667453222675e-22
2.059247841	1.6891818716662322e-22
2.06040308	1.5722568338216843e-22
2.061558319	1.3621140331297788e-22
2.062713558	1.276718386359502e-22
2.063868797	1.2121699628914403e-22
2.065024036	1.112410365996498e-22
2.066179274	8.349077853821734e-23
2.067334513	3.736604396067964e-23
2.068489752	8.74412567758829e-24
2.069644991	5.5375345579944596e-24
2.07080023	2.630149659027943e-23
2.071955469	7.013072377704903e-23
2.073110708	1.2287153848513197e-22
2.074265947	1.4188972412826877e-22
2.075421186	1.3033642338927122e-22
2.076576425	8.560277235708577e-23
2.077731664	5.337748286768732e-23
2.078886903	3.9990647736695055e-23
2.080042142	3.44484779298909e-23
2.081197381	3.0297919734089184e-23
2.08235262	3.1403897804874187e-23
2.083507859	5.17099720044516e-23
2.084663098	8.140821611319641e-23
2.085818336	9.64789727670455e-23
2.086973575	7.53568036356425e-23
2.088128814	4.424096941391094e-23
2.089284053	1.8058437129672352e-23
2.090439292	1.1144725232753468e-23
2.091594531	2.355287061930017e-23
2.09274977	5.67835551831384e-23
2.093905009	8.402871855336676e-23
2.095060248	8.809608737606078e-23
2.096215487	5.273979170227221e-23
2.097370726	1.5017111366697542e-24
2.098525965	-4.131823701891009e-23
2.099681204	-6.826117945865923e-23
2.100836443	-6.771012889796912e-23
2.101991682	-3.53622542829213e-23
2.103146921	1.056745437155149e-23
2.104302159	5.931843636065161e-23
2.105457398	8.803655483280477e-23
2.106612637	8.01557620274014e-23
2.107767876	3.8003209379279086e-23
2.108923115	-1.1150997694982426e-23
2.110078354	-4.8269197606996066e-23
2.111233593	-6.272303494252533e-23
2.112388832	-3.900287230986269e-23
2.113544071	1.1363424892313075e-23
2.11469931	6.704104939488991e-23
2.115854549	1.065655473616644e-22
2.117009788	1.2616948059805655e-22
2.118165027	1.241227149617475e-22
2.119320266	1.1221824074800487e-22
2.120475505	9.241578116723605e-23
2.121630744	7.707625536350498e-23
2.122785982	7.253952121361873e-23
2.123941221	7.25532494959725e-23
2.12509646	7.819863537761999e-23
2.126251699	8.777458404905658e-23
2.127406938	9.292478412769221e-23
2.128562177	8.889440145024876e-23
2.129717416	8.059166006783381e-23
2.130872655	6.539459389008359e-23
2.132027894	5.438038638309643e-23
2.133183133	5.406954079051883e-23
2.134338372	6.411481594328977e-23
2.135493611	7.59586854150739e-23
2.13664885	8.10189967593139e-23
2.137804089	8.069007105631776e-23
2.138959328	8.72061310666342e-23
2.140114567	9.899747983029572e-23
2.141269805	9.834605314718246e-23
2.142425044	9.266846184457567e-23
2.143580283	9.308131382360767e-23
2.144735522	9.568055733012199e-23
2.145890761	1.0950751205828872e-22
2.147046	1.4087154178956116e-22
2.148201239	1.8573615953948994e-22
2.149356478	2.339134186259605e-22
2.150511717	2.5703762841496463e-22
2.151666956	2.500255900954031e-22
2.152822195	2.312417687215025e-22
2.153977434	1.9996753580327097e-22
2.155132673	1.6483843856898493e-22
2.156287912	1.3639024583689434e-22
2.157443151	1.181348697947054e-22
2.15859839	1.0729817382402005e-22
2.159753628	9.012673662595772e-23
2.160908867	7.152773855676518e-23
2.162064106	6.815911440068822e-23
2.163219345	8.414800868556593e-23
2.164374584	1.0171158937893821e-22
2.165529823	1.0727898752833975e-22
2.166685062	1.0212943210805588e-22
2.167840301	9.376254175543895e-23
2.16899554	9.89530242354291e-23
2.170150779	1.1075818689808973e-22
2.171306018	1.1841013702041848e-22
2.172461257	1.2265740112639271e-22
2.173616496	1.2280087475199906e-22
2.174771735	1.157265561249206e-22
2.175926974	1.1871545143662246e-22
2.177082213	1.5133128190395609e-22
2.178237452	2.0576612136809038e-22
2.17939269	2.397347497498057e-22
2.180547929	2.305314416242812e-22
2.181703168	2.154373014584653e-22
2.182858407	1.7546234193552265e-22
2.184013646	1.499718765799624e-22
2.185168885	1.4906936059640905e-22
2.186324124	1.702343473095639e-22
2.187479363	1.9823860024131773e-22
2.188634602	1.549659729118835e-22
2.189789841	6.222471678061377e-23
2.19094508	1.5230734019951622e-23
2.192100319	6.387829611979588e-23
2.193255558	1.426439284502383e-22
2.194410797	1.8042042302250703e-22
2.195566036	1.6898001022854548e-22
2.196721275	1.5366911016560341e-22
2.197876513	1.6096486561546555e-22
2.199031752	1.7510323661456633e-22
2.200186991	1.6658767744619575e-22
2.20134223	1.4555583699843495e-22
2.202497469	1.4148317108023584e-22
2.203652708	1.6705109240137847e-22
2.204807947	2.0007778523291895e-22
2.205963186	1.9949554093967694e-22
2.207118425	1.6588726495672276e-22
2.208273664	1.3409876527831988e-22
2.209428903	1.5306914837306593e-22
2.210584142	1.9109043122314164e-22
2.211739381	2.0485998338475983e-22
2.21289462	2.035059240275594e-22
2.214049859	2.0405863770980805e-22
2.215205098	2.009949396531695e-22
2.216360336	2.080321301345609e-22
2.217515575	2.0687143982425183e-22
2.218670814	1.8298806649011971e-22
2.219826053	1.52896033837367e-22
2.220981292	1.4367232692931838e-22
2.222136531	1.4521175292370005e-22
2.22329177	1.4553925506458955e-22
2.224447009	1.4662499861158668e-22
2.225602248	1.5421570694832265e-22
2.226757487	1.7787607232602718e-22
2.227912726	1.8493493134423203e-22
2.229067965	1.0629307003913708e-22
2.230223204	-7.327069525239975e-23
2.231378443	-2.315253903932742e-22
2.232533682	-2.4143327469799717e-22
2.233688921	-1.2810522834201838e-22
2.234844159	3.390480015110863e-24
2.235999398	7.45944005879261e-23
2.237154637	1.1605351308491461e-22
2.238309876	1.5365213046823262e-22
2.239465115	1.6601731556115936e-22
2.240620354	9.248705227607615e-23
2.241775593	-7.363683421132186e-23
2.242930832	-2.179417632676459e-22
2.244086071	-2.3724980409090286e-22
2.24524131	-1.3522077266264936e-22
2.246396549	-2.4983548187447725e-23
2.247551788	1.9596945660476685e-23
2.248707027	3.9355008044884663e-23
2.249862266	7.621901900669154e-23
2.251017505	1.1727444757452844e-22
2.252172744	1.209222101894039e-22
2.253327982	4.6758966462721625e-23
2.254483221	-4.3175440006609824e-23
2.25563846	-8.520752442803494e-23
2.256793699	-6.037888601397661e-23
2.257948938	-9.96040039231007e-24
2.259104177	2.9629394571836217e-23
2.260259416	6.133905403050773e-23
2.261414655	8.67958751459583e-23
2.262569894	1.0421832718317658e-22
2.263725133	1.0227900703325826e-22
2.264880372	8.084144194151042e-23
2.266035611	5.1380255611295586e-23
2.26719085	3.522234644819571e-23
2.268346089	3.574092683820182e-23
2.269501328	5.216250079270605e-23
2.270656567	9.004713214556253e-23
2.271811805	1.2418959955892693e-22
2.272967044	1.390785341057644e-22
2.274122283	1.2143065823035606e-22
2.275277522	7.852288219394906e-23
2.276432761	3.5733832962660677e-23
2.277588	4.4896120369148165e-24
2.278743239	-4.750780965275718e-24
2.279898478	8.060472500766185e-24
2.281053717	1.8154803001874906e-23
2.282208956	-1.7569428264874315e-24
2.283364195	-3.997514783435039e-23
2.284519434	-8.081475492036342e-23
2.285674673	-1.1025648981975222e-22
2.286829912	-1.149773238085883e-22
2.287985151	-7.815959941742649e-23
2.28914039	-2.4291129298205893e-23
2.290295629	1.9460996004836302e-23
2.291450867	3.1563320391467486e-23
2.292606106	3.173255006365536e-23
2.293761345	3.49312531637526e-23
2.294916584	4.271679201614304e-23
2.296071823	4.7359715885801876e-23
2.297227062	4.8234957811432756e-23
2.298382301	4.3709931305131765e-23
2.29953754	3.887391002666283e-23
2.300692779	4.195336691980996e-23
2.301848018	5.138723513478765e-23
2.303003257	7.280690219429702e-23
2.304158496	9.349621009607261e-23
2.305313735	9.798890732089578e-23
2.306468974	8.944263633557423e-23
2.307624213	7.528939667852376e-23
2.308779452	3.559125891553237e-23
2.30993469	-1.5117246146952486e-23
2.311089929	-8.000388931855054e-23
2.312245168	-1.2716015452582187e-22
2.313400407	-1.3832852758110723e-22
2.314555646	-1.3218828278243796e-22
2.315710885	-1.0071376432292832e-22
2.316866124	-4.654178180442934e-23
2.318021363	2.1739186581744903e-24
2.319176602	6.209838959046863e-24
2.320331841	-6.40900811704335e-23
2.32148708	-1.5003558524348688e-22
2.322642319	-1.6599730391710527e-22
2.323797558	-1.1550201784352377e-22
2.324952797	-4.9703286639130896e-23
2.326108036	2.570135750468532e-23
2.327263275	8.397322320478199e-23
2.328418513	1.0081695488374313e-22
2.329573752	7.852426377789493e-23
2.330728991	3.4251215903126376e-23
2.33188423	-3.322792207281181e-23
2.333039469	-1.0122576168459618e-22
2.334194708	-1.2822158767072181e-22
2.335349947	-1.3462022067180345e-22
2.336505186	-8.05417908400334e-23
2.337660425	-2.728813988420367e-23
2.338815664	4.067251984114488e-23
2.339970903	9.714701924904046e-23
2.341126142	1.2023630337101496e-22
2.342281381	1.172822302578535e-22
2.34343662	9.446654455471815e-23
2.344591859	7.712589784624644e-23
2.345747098	5.807552159856707e-23
2.346902336	3.13079896795898e-23
2.348057575	1.1945349526783395e-23
2.349212814	1.077412787755439e-23
2.350368053	2.079979815008827e-23
2.351523292	2.462357070200148e-23
2.352678531	1.2412809490711017e-23
2.35383377	-4.7901521860604124e-24
2.354989009	-1.8085652079410167e-23
2.356144248	-2.0689801817073852e-23
2.357299487	-2.2215728782308654e-23
2.358454726	-1.5581999698362886e-23
2.359609965	-1.0439718786419561e-23
2.360765204	-1.407186034214897e-23
2.361920443	-2.1387952122244028e-23
2.363075682	-2.8104830456306985e-23
2.364230921	-2.5361223337884946e-23
2.365386159	-2.2085731925183076e-23
2.366541398	-1.2255932675460946e-23
2.367696637	-1.5980957847229782e-24
2.368851876	9.155443175682287e-24
2.370007115	1.5691125826225005e-23
2.371162354	1.973929963480424e-23
2.372317593	2.1343009481710585e-23
2.373472832	2.5048449850777137e-23
2.374628071	3.026276033118815e-23
2.37578331	3.1911174478443335e-23
2.376938549	3.243010559026689e-23
2.378093788	1.8444215176348277e-23
2.379249027	-1.1769253838914586e-24
2.380404266	-1.66821266663278e-23
2.381559505	-1.6770402711566032e-23
2.382714744	-8.353000439804708e-24
2.383869982	1.0294883969922451e-23
2.385025221	3.1272405485247146e-23
2.38618046	4.598147827582412e-23
2.387335699	4.468645448749091e-23
2.388490938	3.081212285254191e-23
2.389646177	2.0457035851730483e-23
2.390801416	1.5844511881420774e-23
2.391956655	1.2065789782021069e-23
2.393111894	1.5365115275774939e-24
2.394267133	-1.1317356429844742e-23
2.395422372	-2.2737921375515508e-23
2.396577611	-2.796890284573079e-23
2.39773285	-2.956391465217112e-23
2.398888089	-2.3090843407605483e-23
2.400043328	-1.4976866085160114e-23
2.401198567	-1.6646255787969153e-24
2.402353806	1.5562303786594548e-23
2.403509044	2.73381769248349e-23
2.404664283	2.523104226439218e-23
2.405819522	9.161575862215484e-24
2.406974761	-2.2841104714673872e-23
2.40813	-7.133673149649413e-23
2.409285239	-1.0798661964653186e-22
2.410440478	-1.225270850822003e-22
2.411595717	-1.0263794653129869e-22
2.412750956	-6.385113321973875e-23
2.413906195	-2.9823227774244453e-23
2.415061434	1.095046372320898e-23
2.416216673	2.795203059816473e-23
2.417371912	2.0865787674927635e-23
2.418527151	-2.6629197054653203e-24
2.41968239	-2.6320130948319112e-23
2.420837629	-4.514024180845883e-23
2.421992867	-3.627929559831229e-23
2.423148106	-1.9567400423794674e-23
2.424303345	2.177040474162718e-24
2.425458584	1.7845432731615304e-23
2.426613823	2.035048179581185e-23
2.427769062	-6.747370468910219e-25
2.428924301	-3.3893335481380036e-23
2.43007954	-5.814914848715104e-23
2.431234779	-7.674618652363906e-23
2.432390018	-7.363439406771784e-23
2.433545257	-3.269051965508872e-23
2.434700496	4.3909693711430536e-23
2.435855735	1.035953649517607e-22
2.437010974	7.230173595418279e-23
2.438166213	2.304434039798487e-23
2.439321452	-2.8628676953075395e-24
2.44047669	9.792578190050127e-25
2.441631929	1.7590107349133997e-23
2.442787168	4.821938808450835e-23
2.443942407	6.826315986180234e-23
2.445097646	2.4238118434124925e-23
2.446252885	-1.122686361977294e-22
2.447408124	-2.7722451944010427e-22
2.448563363	-3.408831511439487e-22
2.449718602	-2.91458887483568e-22
2.450873841	-1.143426142489866e-22
2.45202908	6.422165960456966e-23
2.453184319	1.484868196884281e-22
2.454339558	1.1331078223808825e-22
2.455494797	2.64324579255595e-23
2.456650036	-3.606047889716386e-23
2.457805275	-5.620512112070954e-23
2.458960513	-6.921565526975217e-23
2.460115752	-7.577807889180076e-23
2.461270991	-8.481312777289916e-23
2.46242623	-8.952836607229448e-23
2.463581469	-6.520676270293447e-23
2.464736708	-5.113419319336465e-23
2.465891947	-4.2039007196027746e-23
2.467047186	-3.831691058748796e-23
2.468202425	1.3140793891418202e-23
2.469357664	1.1208374825685865e-22
2.470512903	1.9035264390770665e-22
2.471668142	1.7395414615093563e-22
2.472823381	6.969983139746188e-23
2.47397862	-7.438649251178059e-23
2.475133859	-1.985336909535783e-22
2.476289098	-2.842808228175986e-22
2.477444336	-2.6244752058990665e-22
2.478599575	-1.6240169815946345e-22
2.479754814	2.10347352747517e-23
2.480910053	3.078875976181062e-22
2.482065292	7.912889289109867e-22
2.483220531	1.3732137359022616e-21
2.48437577	1.9228678402020456e-21
2.485531009	2.479728791029562e-21
2.486686248	3.0848132323215812e-21
2.487841487	3.4711214783798024e-21
2.488996726	4.769545927943654e-21
2.490151965	6.0575462087844756e-21
2.491307204	8.952961767305003e-21
2.492462443	1.2664282825434876e-20
2.493617682	1.3127399148973664e-20
2.494772921	8.902077129209955e-21
2.495928159	4.711632784598794e-21
2.497083398	2.5321488110648653e-21