0.45	2.0304275308962228e-23
0.451155239	1.9578503459221278e-23
0.452310478	2.8393389451384993e-23
0.453465717	2.683623289256254e-23
0.454620957	2.4510860859931297e-23
0.455776196	1.886074056671022e-23
0.456931435	2.6873537239182526e-23
0.458086674	2.836429240522113e-23
0.459241913	2.6149049976331242e-23
0.460397152	2.3780191243217018e-23
0.461552392	3.1402883927950684e-23
0.462707631	2.4962557283946515e-23
0.46386287	3.1261540654693005e-23
0.465018109	3.36604793010846e-23
0.466173348	2.91345123368106e-23
0.467328587	4.1676613938630464e-23
0.468483827	4.2164362855668667e-23
0.469639066	3.0166684614562695e-23
0.470794305	4.5351855617237315e-23
0.471949544	3.1263723628125115e-23
0.473104783	3.013918087486414e-23
0.474260022	2.3922904314617165e-23
0.475415261	3.284615829019146e-23
0.476570501	3.848883968576485e-23
0.47772574	2.7369390170476145e-23
0.478880979	4.0774597824034545e-23
0.480036218	3.703698400543214e-23
0.481191457	3.160665141164864e-23
0.482346696	2.924427447065681e-23
0.483501936	5.747268805022671e-23
0.484657175	3.6241213816512126e-23
0.485812414	4.2527526097690844e-23
0.486967653	5.607083381952286e-23
0.488122892	4.140416557980156e-23
0.489278131	4.688472187136176e-23
0.490433371	6.44101317672938e-23
0.49158861	4.108047942133563e-23
0.492743849	5.543911808852037e-23
0.493899088	6.068229697393553e-23
0.495054327	4.951226131440356e-23
0.496209566	5.762755192737114e-23
0.497364806	4.747446402767764e-23
0.498520045	6.248207276658591e-23
0.499675284	3.765366208204295e-23
0.500830523	6.268307514214297e-23
0.501985762	5.233515226299345e-23
0.503141001	3.95037961777494e-23
0.50429624	3.05486283005979e-23
0.50545148	3.5937388992035074e-23
0.506606719	2.4281834066135043e-23
0.507761958	2.7982006149726513e-23
0.508917197	1.709267363715506e-23
0.510072436	1.6551435271029168e-23
0.511227675	1.592138823651519e-23
0.512382915	2.2678456815102834e-23
0.513538154	2.8800782655535713e-23
0.514693393	2.742513041929282e-23
0.515848632	3.0336625222135363e-23
0.517003871	3.2129767445886877e-23
0.51815911	3.779815059526888e-23
0.51931435	3.040299785728579e-23
0.520469589	4.649987410831264e-23
0.521624828	3.7063158112561067e-23
0.522780067	4.48260493207496e-23
0.523935306	4.437641286719009e-23
0.525090545	4.4491353034959137e-23
0.526245784	4.4599503745086225e-23
0.527401024	5.101532420334765e-23
0.528556263	5.809747892600967e-23
0.529711502	6.656190333632442e-23
0.530866741	7.189255118210364e-23
0.53202198	6.001848283163459e-23
0.533177219	5.725316399883776e-23
0.534332459	4.6357260440390166e-23
0.535487698	5.400253229829334e-23
0.536642937	5.097091290743367e-23
0.537798176	4.9468757521846214e-23
0.538953415	3.898902581917031e-23
0.540108654	2.920884201870291e-23
0.541263894	2.7270623424474426e-23
0.542419133	2.8228117937062165e-23
0.543574372	2.7297748636185906e-23
0.544729611	3.4633945874883123e-23
0.54588485	3.6739367126163275e-23
0.547040089	4.505614849557869e-23
0.548195328	5.416130966811069e-23
0.549350568	5.129021790000777e-23
0.550505807	5.892451519909835e-23
0.551661046	5.933097220705723e-23
0.552816285	4.834088524091407e-23
0.553971524	4.394205453538938e-23
0.555126763	4.906587443549182e-23
0.556282003	4.978812933662723e-23
0.557437242	4.9972526611127825e-23
0.558592481	5.309769488060982e-23
0.55974772	5.785262664685861e-23
0.560902959	5.117894794734625e-23
0.562058198	5.2848407980162946e-23
0.563213438	5.340251667335101e-23
0.564368677	5.139861697878226e-23
0.565523916	5.713253697484204e-23
0.566679155	5.232797438153074e-23
0.567834394	4.8581786146487716e-23
0.568989633	4.567626968847703e-23
0.570144872	4.2718513820488704e-23
0.571300112	3.9926090949847413e-23
0.572455351	3.875143876112555e-23
0.57361059	3.742095976884079e-23
0.574765829	3.382726853360121e-23
0.575921068	3.2774259514423165e-23
0.577076307	3.15231821615326e-23
0.578231547	3.0608063409571153e-23
0.579386786	3.222539263411248e-23
0.580542025	3.579616000212734e-23
0.581697264	3.564394369430573e-23
0.582852503	3.640789288086365e-23
0.584007742	3.822536644494448e-23
0.585162982	3.9869754342042784e-23
0.586318221	4.2820498259010783e-23
0.58747346	4.2373403242031434e-23
0.588628699	3.990435760080888e-23
0.589783938	4.378700804992276e-23
0.590939177	3.941899812475272e-23
0.592094417	3.8509785625006966e-23
0.593249656	3.597742329037051e-23
0.594404895	3.593825138102107e-23
0.595560134	3.5132456738695984e-23
0.596715373	3.600396263477393e-23
0.597870612	4.123649805254122e-23
0.599025851	4.5417213927770494e-23
0.600181091	4.980140144508452e-23
0.60133633	5.730382582465905e-23
0.602491569	6.632964994680039e-23
0.603646808	6.741526293712771e-23
0.604802047	7.332317722943926e-23
0.605957286	7.128615130690997e-23
0.607112526	6.840917695502348e-23
0.608267765	6.156868774331755e-23
0.609423004	5.702900377425106e-23
0.610578243	5.475777037458255e-23
0.611733482	4.8379179611768894e-23
0.612888721	4.411189458150612e-23
0.614043961	3.723094756677871e-23
0.6151992	3.046738846111499e-23
0.616354439	3.0335738669480144e-23
0.617509678	2.8836961699332274e-23
0.618664917	2.4661465708058438e-23
0.619820156	2.3879463256451793e-23
0.620975395	2.4016586220252456e-23
0.622130635	2.7070412247057363e-23
0.623285874	3.137906748091187e-23
0.624441113	3.6153871844446247e-23
0.625596352	4.427310497976965e-23
0.626751591	5.469072325525264e-23
0.62790683	6.286405719632216e-23
0.62906207	7.236351526025688e-23
0.630217309	8.224352355268886e-23
0.631372548	9.998023211113318e-23
0.632527787	1.0711451396947145e-22
0.633683026	1.1584697629798314e-22
0.634838265	1.2943039423082698e-22
0.635993505	1.1864365858723826e-22
0.637148744	1.1999498537814275e-22
0.638303983	1.1715818451485978e-22
0.639459222	1.2800322553075487e-22
0.640614461	1.2898634711977184e-22
0.6417697	1.274524474684372e-22
0.642924939	1.2946740520434792e-22
0.644080179	1.2193143098028836e-22
0.645235418	1.4237556408873013e-22
0.646390657	1.3965153672630453e-22
0.647545896	1.5180623224042843e-22
0.648701135	1.4455845051395368e-22
0.649856374	1.3007387142501538e-22
0.651011614	1.3893135299911932e-22
0.652166853	1.40455671511048e-22
0.653322092	1.2042476001770842e-22
0.654477331	1.263082928176861e-22
0.65563257	1.2626407526932949e-22
0.656787809	1.0305698496105376e-22
0.657943049	1.0921883553299851e-22
0.659098288	9.385867157825653e-23
0.660253527	9.131251103683774e-23
0.661408766	7.964043251472959e-23
0.662564005	7.827029295916044e-23
0.663719244	7.696799831328446e-23
0.664874484	7.260924907927794e-23
0.666029723	6.142656541353675e-23
0.667184962	6.112018014270163e-23
0.668340201	6.091571985642423e-23
0.66949544	6.292909766627959e-23
0.670650679	6.868349140586766e-23
0.671805918	7.424256296512224e-23
0.672961158	8.554286275844363e-23
0.674116397	9.82568052683736e-23
0.675271636	1.0034089941586532e-22
0.676426875	1.1779583669007674e-22
0.677582114	1.2155073134520679e-22
0.678737353	1.1539101844486509e-22
0.679892593	1.0950978135515392e-22
0.681047832	1.0228959493984479e-22
0.682203071	8.684829479418562e-23
0.68335831	8.504556214980514e-23
0.684513549	9.032543366476781e-23
0.685668788	8.335600521127207e-23
0.686824028	9.265280915075432e-23
0.687979267	1.0757636109947144e-22
0.689134506	1.1115635605462831e-22
0.690289745	1.1608733805793386e-22
0.691444984	1.5481594647454109e-22
0.692600223	1.4760902421603667e-22
0.693755462	1.422628831732918e-22
0.694910702	1.6007811570989533e-22
0.696065941	1.2503589166343424e-22
0.69722118	1.1457067933613023e-22
0.698376419	1.0869904812045604e-22
0.699531658	9.843530144480705e-23
0.700686897	9.363657326381108e-23
0.701842137	9.534716804689323e-23
0.702997376	8.358012285778604e-23
0.704152615	7.726428262597538e-23
0.705307854	9.031529246096223e-23
0.706463093	8.874146389019703e-23
0.707618332	9.18642488370973e-23
0.708773572	9.376943615926789e-23
0.709928811	1.092779649535621e-22
0.71108405	9.453529838972945e-23
0.712239289	1.0646534222161635e-22
0.713394528	1.2288957152451957e-22
0.714549767	1.1305892972438905e-22
0.715705006	9.324882375617427e-23
0.716860246	8.369084362477854e-23
0.718015485	7.519026680056348e-23
0.719170724	5.672819717888997e-23
0.720325963	5.338743553507384e-23
0.721481202	5.797054095703777e-23
0.722636441	5.719765611259737e-23
0.723791681	6.150878922450098e-23
0.72494692	6.407828657263128e-23
0.726102159	5.786056014483946e-23
0.727257398	7.109039829787138e-23
0.728412637	7.209756194589828e-23
0.729567876	5.706047968308244e-23
0.730723116	6.059400138169911e-23
0.731878355	6.894006412742449e-23
0.733033594	7.61563633148358e-23
0.734188833	8.203123531916324e-23
0.735344072	8.010386649194245e-23
0.736499311	8.593606036652977e-23
0.73765455	9.966447095544816e-23
0.73880979	1.082128024195708e-22
0.739965029	1.3093711822631522e-22
0.741120268	1.5480273154960713e-22
0.742275507	1.6927512620138514e-22
0.743430746	1.8402142196232164e-22
0.744585985	1.6049214820032967e-22
0.745741225	1.7088374895593937e-22
0.746896464	1.810155204510043e-22
0.748051703	1.7696851973875017e-22
0.749206942	1.7563574816144497e-22
0.750362181	1.8712279776364755e-22
0.75151742	1.9707911102512076e-22
0.75267266	1.9434056387055359e-22
0.753827899	1.9292239452074016e-22
0.754983138	2.092979849591442e-22
0.756138377	1.9645352060440303e-22
0.757293616	1.6541115265750497e-22
0.758448855	1.5619998209970437e-22
0.759604095	1.425073571354479e-22
0.760759334	1.2323463846738818e-22
0.761914573	1.079335555339223e-22
0.763069812	1.0291625008477022e-22
0.764225051	9.477976768064357e-23
0.76538029	9.528608647878892e-23
0.766535529	9.758714689649368e-23
0.767690769	9.712885553177566e-23
0.768846008	1.0186386289460333e-22
0.770001247	1.0728402617817232e-22
0.771156486	1.0376972970811048e-22
0.772311725	1.0163015128534582e-22
0.773466964	9.53940345009149e-23
0.774622204	8.895171326669349e-23
0.775777443	9.702661375991139e-23
0.776932682	9.217883684863316e-23
0.778087921	1.0187509762069415e-22
0.77924316	1.1772478329626966e-22
0.780398399	1.1816440280013095e-22
0.781553639	1.0936030382739333e-22
0.782708878	1.066991804553797e-22
0.783864117	1.2068628396827862e-22
0.785019356	1.317604128560719e-22
0.786174595	1.307579111002551e-22
0.787329834	1.2887385476848852e-22
0.788485073	1.3873809418939646e-22
0.789640313	1.411607813129936e-22
0.790795552	1.416375241277865e-22
0.791950791	1.3445595087106745e-22
0.79310603	1.374582986743305e-22
0.794261269	1.4069138161407816e-22
0.795416508	1.1876515496798527e-22
0.796571748	1.2758751816717255e-22
0.797726987	1.412571238686416e-22
0.798882226	1.464381876122563e-22
0.800037465	1.637874931016094e-22
0.801192704	1.7806209597212613e-22
0.802347943	1.9056754518539078e-22
0.803503183	1.995803544147804e-22
0.804658422	2.196679220765808e-22
0.805813661	2.5498886292429154e-22
0.8069689	2.9626288216229893e-22
0.808124139	3.171838508866028e-22
0.809279378	3.3116590787602054e-22
0.810434617	3.566814453405404e-22
0.811589857	4.06766333608697e-22
0.812745096	4.338072825265993e-22
0.813900335	4.755549807520572e-22
0.815055574	5.294307037201971e-22
0.816210813	5.682960902435373e-22
0.817366052	6.808714420547002e-22
0.818521292	7.95132189200022e-22
0.819676531	9.332993225854744e-22
0.82083177	1.0149432843854236e-21
0.821987009	9.087167996317157e-22
0.823142248	8.755298819620442e-22
0.824297487	9.343600982480774e-22
0.825452727	9.413780728963626e-22
0.826607966	8.72522554184498e-22
0.827763205	9.063576834844633e-22
0.828918444	1.0846452009371571e-21
0.830073683	1.0372378496276894e-21
0.831228922	1.099921035668166e-21
0.832384162	1.0905769175731313e-21
0.833539401	1.009573925734405e-21
0.83469464	7.915341338891025e-22
0.835849879	5.105292366372039e-22
0.837005118	4.0013714286096852e-22
0.838160357	3.797629699044174e-22
0.839315596	3.75567535168193e-22
0.840470836	3.3870123976307524e-22
0.841626075	3.0345477062374844e-22
0.842781314	3.3583265151559505e-22
0.843936553	3.103653293347565e-22
0.845091792	3.265353982793614e-22
0.846247031	3.410049004385903e-22
0.847402271	3.0924643739078726e-22
0.84855751	3.3147632056305367e-22
0.849712749	3.42587620386408e-22
0.850867988	2.667040668859197e-22
0.852023227	2.325027400764475e-22
0.853178466	2.2443938754310906e-22
0.854333706	1.8050378287958977e-22
0.855488945	1.8137044429294856e-22
0.856644184	1.738748309405621e-22
0.857799423	1.7767892145580694e-22
0.858954662	1.6010913364522238e-22
0.860109901	1.3758707240190767e-22
0.86126514	1.545336339386745e-22
0.86242038	1.5679956949571163e-22
0.863575619	1.6140369381614038e-22
0.864730858	1.6676281851335185e-22
0.865886097	1.5583236099163695e-22
0.867041336	1.6408950424445642e-22
0.868196575	1.8287113161530785e-22
0.869351815	1.990111849089805e-22
0.870507054	2.310206768405109e-22
0.871662293	2.3175437553179933e-22
0.872817532	2.6756814584856764e-22
0.873972771	2.8295675596785707e-22
0.87512801	2.6033188881604792e-22
0.87628325	3.164029008291361e-22
0.877438489	3.372688469803667e-22
0.878593728	3.6248933064368643e-22
0.879748967	3.3921303378872594e-22
0.880904206	2.967765830309586e-22
0.882059445	3.218376155836879e-22
0.883214684	3.5803665233375424e-22
0.884369924	3.7878572354220326e-22
0.885525163	3.394880928122706e-22
0.886680402	3.060284785363142e-22
0.887835641	4.2275461829979124e-22
0.88899088	4.2228580023394086e-22
0.890146119	4.2306794154075667e-22
0.891301359	4.9097407338275245e-22
0.892456598	5.181226610527967e-22
0.893611837	5.4267371657685e-22
0.894767076	5.181011260621568e-22
0.895922315	5.043474668718685e-22
0.897077554	5.850631119447777e-22
0.898232794	6.361136332215774e-22
0.899388033	7.106281498909083e-22
0.900543272	7.40966138301928e-22
0.901698511	7.5924663795198685e-22
0.90285375	9.582717413487404e-22
0.904008989	9.461882312160214e-22
0.905164228	1.0978101718938429e-21
0.906319468	1.1198030488151476e-21
0.907474707	1.1384225929467911e-21
0.908629946	1.2713191807821702e-21
0.909785185	1.1593385785392396e-21
0.910940424	1.2914453334766678e-21
0.912095663	1.4377150000014435e-21
0.913250903	1.4860608282607808e-21
0.914406142	1.4372580742219194e-21
0.915561381	1.3162921785595244e-21
0.91671662	1.6047522427207672e-21
0.917871859	1.5597388502563964e-21
0.919027098	1.518273324378628e-21
0.920182338	1.861504228437262e-21
0.921337577	1.6622964585695758e-21
0.922492816	1.4335912372078426e-21
0.923648055	1.6403481376896555e-21
0.924803294	1.817458474969058e-21
0.925958533	1.9167595085487968e-21
0.927113773	2.275487946030673e-21
0.928269012	2.263745272113849e-21
0.929424251	2.2726171963892234e-21
0.93057949	2.02953657165251e-21
0.931734729	1.9721409597880936e-21
0.932889968	2.1666991615415585e-21
0.934045207	2.679185303585586e-21
0.935200447	2.6887273932828335e-21
0.936355686	2.4105578851916607e-21
0.937510925	2.5930760015631186e-21
0.938666164	2.995996355575999e-21
0.939821403	3.3574632858401216e-21
0.940976642	3.406123071939079e-21
0.942131882	3.057735307762809e-21
0.943287121	2.702134730512815e-21
0.94444236	2.695450734121001e-21
0.945597599	2.903072955560092e-21
0.946752838	3.065143839609316e-21
0.947908077	3.2862995421799654e-21
0.949063317	3.3001051332265975e-21
0.950218556	3.2652812449004626e-21
0.951373795	3.3770287932523303e-21
0.952529034	3.1304425800971427e-21
0.953684273	3.3013781751459176e-21
0.954839512	3.5714713395318374e-21
0.955994751	3.954578386103541e-21
0.957149991	4.252686237825586e-21
0.95830523	4.238575253779538e-21
0.959460469	4.251338663491701e-21
0.960615708	4.418647061620928e-21
0.961770947	4.607487354053769e-21
0.962926186	4.653610275499118e-21
0.964081426	4.667292459021059e-21
0.965236665	4.8574639455371315e-21
0.966391904	4.797106669360106e-21
0.967547143	4.415421379456666e-21
0.968702382	4.512515524807225e-21
0.969857621	4.55779831624429e-21
0.971012861	0.
0.9721681	0.
0.973323339	0.
0.974478578	0.
0.975633817	0.
0.976789056	0.
0.977944295	0.
0.979099535	0.
0.980254774	0.
0.981410013	0.
0.982565252	0.
0.983720491	0.
0.98487573	0.
0.98603097	0.
0.987186209	0.
0.988341448	0.
0.989496687	0.
0.990651926	0.
0.991807165	0.
0.992962405	0.
0.994117644	0.
0.995272883	0.
0.996428122	0.
0.997583361	3.131990051641746e-22
0.9987386	2.774418984258432e-22
0.999893839	2.9729386220218476e-22
1.001049079	2.289007184727625e-22
1.002204318	2.415970472976356e-22
1.003359557	2.470538808592807e-22
1.004514796	2.409123731467257e-22
1.005670035	2.0880034880260643e-22
1.006825274	2.54881814509472e-22
1.007980514	2.439914295787507e-22
1.009135753	2.6154744436255686e-22
1.010290992	2.8232473343959313e-22
1.011446231	3.114625042149972e-22
1.01260147	3.0058848866684465e-22
1.013756709	3.059699208418561e-22
1.014911949	3.335050862455069e-22
1.016067188	3.403810393526338e-22
1.017222427	3.6554036009533903e-22
1.018377666	3.3776620969131598e-22
1.019532905	3.7883580056251205e-22
1.020688144	3.46347903505351e-22
1.021843384	3.4419571033360783e-22
1.022998623	3.60586348173521e-22
1.024153862	3.602933836988694e-22
1.025309101	3.533318260161698e-22
1.02646434	3.863065403499922e-22
1.027619579	3.6907808073104927e-22
1.028774818	4.0737873644289704e-22
1.029930058	3.876812779515725e-22
1.031085297	4.256061597835168e-22
1.032240536	4.1226404870061614e-22
1.033395775	4.797699234258507e-22
1.034551014	4.681663678958664e-22
1.035706253	4.569482090828891e-22
1.036861493	5.251097227493937e-22
1.038016732	5.5360592883397755e-22
1.039171971	5.48605014646927e-22
1.04032721	5.816801976793547e-22
1.041482449	6.139394666857766e-22
1.042637688	6.955123523880141e-22
1.043792928	6.587126854500254e-22
1.044948167	7.374215070003346e-22
1.046103406	8.957374932370163e-22
1.047258645	7.897066261240817e-22
1.048413884	9.406130462925515e-22
1.049569123	7.950041101066014e-22
1.050724362	8.595455254175995e-22
1.051879602	9.445138871661636e-22
1.053034841	1.0113228603451475e-21
1.05419008	1.1239982464219505e-21
1.055345319	1.078751199669335e-21
1.056500558	1.0685243946082999e-21
1.057655797	1.103004886477686e-21
1.058811037	1.1441123032175903e-21
1.059966276	1.3771248845055824e-21
1.061121515	1.2342149739580011e-21
1.062276754	1.2459051010301834e-21
1.063431993	1.535453451044147e-21
1.064587232	1.3339421136202933e-21
1.065742472	1.4370422294103193e-21
1.066897711	1.5584625279414287e-21
1.06805295	1.6944430837875343e-21
1.069208189	1.8716169086776473e-21
1.070363428	1.7616833717077432e-21
1.071518667	1.7638478308670774e-21
1.072673906	1.6233746983458336e-21
1.073829146	1.859658261149428e-21
1.074984385	1.8524624115405645e-21
1.076139624	1.9121833742100063e-21
1.077294863	1.735363043964352e-21
1.078450102	1.7290735340390775e-21
1.079605341	1.6090097998921398e-21
1.080760581	1.7000107349989522e-21
1.08191582	1.5350161775820601e-21
1.083071059	1.4793791613606186e-21
1.084226298	1.4827067476497354e-21
1.085381537	1.4281150293532325e-21
1.086536776	1.2817157329411913e-21
1.087692016	1.2100633336822603e-21
1.088847255	1.1304014740729522e-21
1.090002494	9.760338569801075e-22
1.091157733	9.06128308589167e-22
1.092312972	8.318654380745279e-22
1.093468211	7.151801354576145e-22
1.094623451	6.789345996937831e-22
1.09577869	6.099302579628595e-22
1.096933929	5.622525272040298e-22
1.098089168	4.991936763330986e-22
1.099244407	4.891822253911009e-22
1.100399646	4.760161335974076e-22
1.101554885	4.266438654428945e-22
1.102710125	4.492789477647503e-22
1.103865364	4.276479302400861e-22
1.105020603	4.43471171670513e-22
1.106175842	3.8232367924714226e-22
1.107331081	4.1702769231985295e-22
1.10848632	3.562444455142341e-22
1.10964156	3.801048097375912e-22
1.110796799	3.2536520556930637e-22
1.111952038	3.207690052174442e-22
1.113107277	3.4933870515735513e-22
1.114262516	3.4459956551128425e-22
1.115417755	2.9667995276232385e-22
1.116572995	2.9821797971142103e-22
1.117728234	3.064070567294315e-22
1.118883473	2.6973756625682137e-22
1.120038712	2.5634468659137704e-22
1.121193951	2.416370157240773e-22
1.12234919	2.253016929532907e-22
1.123504429	2.2637873263928914e-22
1.124659669	2.1186263982488024e-22
1.125814908	2.0729516819956394e-22
1.126970147	2.126589803122126e-22
1.128125386	1.9543644456489868e-22
1.129280625	1.8497478367680187e-22
1.130435864	1.8056215703239634e-22
1.131591104	1.880380492046467e-22
1.132746343	1.7893116142510923e-22
1.133901582	1.881282311337638e-22
1.135056821	1.907534493737324e-22
1.13621206	1.8373030799553208e-22
1.137367299	1.8050398123211692e-22
1.138522539	1.8493296741429719e-22
1.139677778	1.8526068680752792e-22
1.140833017	2.0633636022468702e-22
1.141988256	2.0615191192719065e-22
1.143143495	2.0973555900631506e-22
1.144298734	2.0101662618673124e-22
1.145453973	1.9315288293749659e-22
1.146609213	1.6798597135163155e-22
1.147764452	1.7561739535956513e-22
1.148919691	1.7038563349774448e-22
1.15007493	1.5248096702753326e-22
1.151230169	1.5037967543753438e-22
1.152385408	1.309804128723274e-22
1.153540648	1.288037924811915e-22
1.154695887	1.0834134696633917e-22
1.155851126	1.0240284345886945e-22
1.157006365	1.0585354453916619e-22
1.158161604	1.0689559467171322e-22
1.159316843	1.0093104534124857e-22
1.160472083	1.0542300968363658e-22
1.161627322	1.0788203965117146e-22
1.162782561	1.0663735635121224e-22
1.1639378	1.1744959540172965e-22
1.165093039	1.3081947037213972e-22
1.166248278	1.3605899565682243e-22
1.167403517	1.4143632003070237e-22
1.168558757	1.5877169665208179e-22
1.169713996	1.6652805136873196e-22
1.170869235	1.7107256051718007e-22
1.172024474	1.7835363180394141e-22
1.173179713	1.9163397929951112e-22
1.174334952	1.8187931733679483e-22
1.175490192	1.94280105909525e-22
1.176645431	1.8901989835299103e-22
1.17780067	1.8687435862316018e-22
1.178955909	1.7720839644406226e-22
1.180111148	1.6361981577390298e-22
1.181266387	1.5782328815247692e-22
1.182421627	1.6678621380556152e-22
1.183576866	1.6069380831017284e-22
1.184732105	1.614268559182318e-22
1.185887344	1.5252168243493333e-22
1.187042583	1.5556356065778505e-22
1.188197822	1.7574846760482726e-22
1.189353062	1.8229384771391441e-22
1.190508301	1.8173795470112627e-22
1.19166354	1.891320876120349e-22
1.192818779	1.935479251914486e-22
1.193974018	2.240186957012582e-22
1.195129257	2.177751622240897e-22
1.196284496	2.341900690653106e-22
1.197439736	2.500237375926671e-22
1.198594975	2.4485461435322396e-22
1.199750214	2.4144074558373436e-22
1.200905453	2.2633125636900628e-22
1.202060692	2.2637693721119573e-22
1.203215931	2.4899294212914687e-22
1.204371171	2.7715923354046135e-22
1.20552641	2.7539393867320796e-22
1.206681649	2.9772308541707746e-22
1.207836888	3.265919088806428e-22
1.208992127	3.779715645729478e-22
1.210147366	3.750810332944273e-22
1.211302606	3.677369584487574e-22
1.212457845	3.683579790287269e-22
1.213613084	3.8166351468705153e-22
1.214768323	3.9764579177929433e-22
1.215923562	3.9655932026584145e-22
1.217078801	3.9199232929953648e-22
1.21823404	3.995579916072987e-22
1.21938928	4.1195818091061067e-22
1.220544519	3.9103275655583445e-22
1.221699758	3.9851488025846685e-22
1.222854997	4.020901724681058e-22
1.224010236	4.0590368585395305e-22
1.225165475	4.045792761625296e-22
1.226320715	3.810010423150537e-22
1.227475954	3.9007518126505085e-22
1.228631193	3.630603337516969e-22
1.229786432	3.5179168448666617e-22
1.230941671	3.502663465108967e-22
1.23209691	3.306513556948709e-22
1.23325215	3.2343049972259035e-22
1.234407389	3.178098441976563e-22
1.235562628	3.127410167370329e-22
1.236717867	3.2539806416732764e-22
1.237873106	3.189571836713239e-22
1.239028345	3.3695634606603445e-22
1.240183584	3.437329945129939e-22
1.241338824	3.4101086031888737e-22
1.242494063	3.45497121047482e-22
1.243649302	3.488032163196042e-22
1.244804541	3.60116557105186e-22
1.24595978	3.935398459237325e-22
1.247115019	4.0029046636918924e-22
1.248270259	3.947230051024681e-22
1.249425498	4.200217374167258e-22
1.250580737	4.58345245970175e-22
1.251735976	4.639645563918717e-22
1.252891215	5.027979466771427e-22
1.254046454	5.495327419410313e-22
1.255201694	5.630100156849818e-22
1.256356933	5.53897081540398e-22
1.257512172	6.09630981340494e-22
1.258667411	6.011681216242679e-22
1.25982265	5.983228319137122e-22
1.260977889	5.989893698758987e-22
1.262133129	6.246682820280686e-22
1.263288368	6.091504529879184e-22
1.264443607	6.321358149149004e-22
1.265598846	6.605913452087774e-22
1.266754085	6.896071549745374e-22
1.267909324	7.636438720187921e-22
1.269064563	7.429223817350207e-22
1.270219803	7.441612265091603e-22
1.271375042	7.634278080269386e-22
1.272530281	7.945150870740807e-22
1.27368552	8.215548268002213e-22
1.274840759	8.877438329456114e-22
1.275995998	8.693841913248433e-22
1.277151238	8.874099581826428e-22
1.278306477	9.210201094897702e-22
1.279461716	9.525579464082337e-22
1.280616955	9.797136226932357e-22
1.281772194	1.0432882336099762e-21
1.282927433	1.102201587245152e-21
1.284082673	9.728492801101183e-22
1.285237912	9.235385072351916e-22
1.286393151	9.52445250337694e-22
1.28754839	9.077833912341734e-22
1.288703629	8.61851797840951e-22
1.289858868	8.592906259025636e-22
1.291014107	8.243924016626503e-22
1.292169347	8.072538571339991e-22
1.293324586	8.19578498319728e-22
1.294479825	7.925198193608341e-22
1.295635064	7.718831463022346e-22
1.296790303	7.404209182164468e-22
1.297945542	7.209929940536973e-22
1.299100782	6.888108083869024e-22
1.300256021	6.293646491944573e-22
1.30141126	5.960080385019767e-22
1.302566499	5.5503979709144815e-22
1.303721738	5.055098003465779e-22
1.304876977	4.777758741053041e-22
1.306032217	4.491264448408858e-22
1.307187456	4.257316726636348e-22
1.308342695	4.0679300279340864e-22
1.309497934	3.995799436044762e-22
1.310653173	3.752120073874005e-22
1.311808412	3.7386117637813e-22
1.312963651	3.610784535574417e-22
1.314118891	3.4885520289264673e-22
1.31527413	3.3725377940799076e-22
1.316429369	3.3511407085025547e-22
1.317584608	3.167035195224583e-22
1.318739847	3.012863062772895e-22
1.319895086	2.883880661982911e-22
1.321050326	2.6319206420837777e-22
1.322205565	2.571887066903258e-22
1.323360804	2.320351536366851e-22
1.324516043	2.250206760584806e-22
1.325671282	2.236303954199772e-22
1.326826521	2.176035268566487e-22
1.327981761	1.9993151570122329e-22
1.329137	2.009032858560289e-22
1.330292239	1.8710496348941294e-22
1.331447478	1.7252799322035698e-22
1.332602717	1.8606395865809312e-22
1.333757956	1.655917323635414e-22
1.334913195	1.6846190748740158e-22
1.336068435	1.656122939121941e-22
1.337223674	1.5468499739404797e-22
1.338378913	1.4989691687730347e-22
1.339534152	1.524159684782851e-22
1.340689391	1.3297221293113545e-22
1.34184463	1.1936750253826752e-22
1.34299987	1.2299232193486902e-22
1.344155109	1.072410260884234e-22
1.345310348	1.0479563633767636e-22
1.346465587	1.1142936023659897e-22
1.347620826	1.062318826455987e-22
1.348776065	1.0171058791838183e-22
1.349931305	1.0246030119169124e-22
1.351086544	9.499401043834594e-23
1.352241783	8.850982143257937e-23
1.353397022	1.0990086258291914e-22
1.354552261	9.747413838545498e-23
1.3557075	8.626613927598193e-23
1.35686274	8.795084546966673e-23
1.358017979	9.077724855344965e-23
1.359173218	7.64908647615254e-23
1.360328457	5.0456563452629567e-23
1.361483696	-7.7109209968017745e-25
1.362638935	-6.409015669969815e-23
1.363794174	-7.252596485903117e-23
1.364949414	-3.747453315693776e-23
1.366104653	2.5191882924041762e-23
1.367259892	1.3641666444090976e-22
1.368415131	5.6132338816688375e-22
1.36957037	-2.6615728626368268e-21
1.370725609	-8.06337222185662e-22
1.371880849	-1.1431638712289452e-21
1.373036088	4.102398954400132e-22
1.374191327	1.1417259603763327e-22
1.375346566	5.383051668581119e-23
1.376501805	4.1556381523026127e-23
1.377657044	3.8320816542197065e-23
1.378812284	4.0204205369464825e-23
1.379967523	3.744176276793091e-23
1.381122762	3.33870462044959e-23
1.382278001	1.6645249363528543e-23
1.38343324	5.657303230144428e-25
1.384588479	-6.100947616690653e-24
1.385743718	1.277540720408956e-23
1.386898958	4.963409756332789e-23
1.388054197	7.698435022328844e-23
1.389209436	1.0019743082295281e-22
1.390364675	1.1375685945218802e-22
1.391519914	1.2506915169218209e-22
1.392675153	1.2926949104984893e-22
1.393830393	9.909760590112675e-23
1.394985632	8.420561205965501e-23
1.396140871	8.038836127287353e-23
1.39729611	6.320866640741139e-23
1.398451349	4.680552582270526e-23
1.399606588	4.774699029041197e-23
1.400761828	4.4122778220739973e-23
1.401917067	3.6603768892102564e-23
1.403072306	3.878773631904343e-23
1.404227545	4.3631407099763016e-23
1.405382784	4.269024617288088e-23
1.406538023	4.907882846270449e-23
1.407693262	5.644071629645243e-23
1.408848502	5.49433974909858e-23
1.410003741	5.44805522099799e-23
1.41115898	6.082296274272126e-23
1.412314219	6.59272007101257e-23
1.413469458	6.425607886071796e-23
1.414624697	6.57936650760495e-23
1.415779937	7.013332119885865e-23
1.416935176	7.474921967059137e-23
1.418090415	8.002648618093632e-23
1.419245654	8.417301442969939e-23
1.420400893	8.230147659851821e-23
1.421556132	9.024527754368655e-23
1.422711372	9.802622958547537e-23
1.423866611	1.0092836750981965e-22
1.42502185	1.0235950616421611e-22
1.426177089	9.260097241480633e-23
1.427332328	8.506339900017012e-23
1.428487567	7.759329059838001e-23
1.429642807	8.084556688430671e-23
1.430798046	9.346296358844737e-23
1.431953285	9.440634558427352e-23
1.433108524	1.0063317070980808e-22
1.434263763	9.247497092156224e-23
1.435419002	8.472710056991805e-23
1.436574241	9.859992819935984e-23
1.437729481	9.888615626205347e-23
1.43888472	1.0117918962156423e-22
1.440039959	1.1990885408106635e-22
1.441195198	1.0587636068634034e-22
1.442350437	9.349088323927915e-23
1.443505676	9.617930325888176e-23
1.444660916	9.807679409189548e-23
1.445816155	1.0584091481032548e-22
1.446971394	1.0501015062784226e-22
1.448126633	1.0551779304966855e-22
1.449281872	1.1082883352214059e-22
1.450437111	1.0424062861955441e-22
1.451592351	1.099314992135271e-22
1.45274759	1.124555582032156e-22
1.453902829	1.1018567332567208e-22
1.455058068	1.0693449937531964e-22
1.456213307	1.1079751793207917e-22
1.457368546	1.16713934856168e-22
1.458523785	1.127413044052241e-22
1.459679025	1.0716811729791727e-22
1.460834264	1.0771204006369296e-22
1.461989503	1.2283306464856724e-22
1.463144742	1.3168484642204095e-22
1.464299981	1.315487590143844e-22
1.46545522	1.2713867149842602e-22
1.46661046	1.2163051440902133e-22
1.467765699	1.1489068857097798e-22
1.468920938	1.1941719074824513e-22
1.470076177	1.2431937321510382e-22
1.471231416	1.2011989382817387e-22
1.472386655	1.1583463084261487e-22
1.473541895	1.1675854733158874e-22
1.474697134	1.175366177231204e-22
1.475852373	1.1448533113599597e-22
1.477007612	1.1839464874232757e-22
1.478162851	1.1979118281108678e-22
1.47931809	1.2015271683066334e-22
1.480473329	1.290665517410382e-22
1.481628569	1.267634520009217e-22
1.482783808	1.3043048013235954e-22
1.483939047	1.3488107513416165e-22
1.485094286	1.333344990129179e-22
1.486249525	1.2660258444595421e-22
1.487404764	1.3547892595200116e-22
1.488560004	1.5468212161590047e-22
1.489715243	1.5136982133905244e-22
1.490870482	1.3932441162021848e-22
1.492025721	1.5312873799259e-22
1.49318096	1.5623064703667585e-22
1.494336199	1.5755516824899804e-22
1.495491439	1.6812689952183137e-22
1.496646678	1.7275338613424697e-22
1.497801917	1.6786162911047433e-22
1.498957156	1.6616236673725741e-22
1.500112395	1.549305091011147e-22
1.501267634	1.4750051254855378e-22
1.502422873	1.5596090705422405e-22
1.503578113	1.6590329009951398e-22
1.504733352	1.686848097029535e-22
1.505888591	1.613519560321038e-22
1.50704383	1.4998850839453695e-22
1.508199069	1.5221400832731532e-22
1.509354308	1.4403007317658777e-22
1.510509548	1.5310624491912414e-22
1.511664787	1.7161482237462636e-22
1.512820026	1.677451178075624e-22
1.513975265	1.6640464429022465e-22
1.515130504	1.8988639045784756e-22
1.516285743	1.8779520094065195e-22
1.517440983	1.7504649319948448e-22
1.518596222	1.9592590983973235e-22
1.519751461	1.948309108216278e-22
1.5209067	2.0453072476515966e-22
1.522061939	2.1324708309284653e-22
1.523217178	2.004080503803334e-22
1.524372418	2.1093766220989824e-22
1.525527657	2.19619875337779e-22
1.526682896	2.1873169220663685e-22
1.527838135	2.325402559558873e-22
1.528993374	2.361800176387845e-22
1.530148613	2.4884493843427565e-22
1.531303852	2.612630824737642e-22
1.532459092	2.587225465089089e-22
1.533614331	2.671065636293844e-22
1.53476957	2.7952994864579402e-22
1.535924809	2.6868175321297283e-22
1.537080048	2.631952466566068e-22
1.538235287	2.7949362140971893e-22
1.539390527	2.935849323173353e-22
1.540545766	2.90281177854745e-22
1.541701005	2.8982909563026557e-22
1.542856244	3.0028994067184974e-22
1.544011483	2.896185905717308e-22
1.545166722	2.958894699801317e-22
1.546321962	2.8789075107556716e-22
1.547477201	2.816007643897585e-22
1.54863244	3.124738430795359e-22
1.549787679	3.2936934925110954e-22
1.550942918	3.2839321063938284e-22
1.552098157	3.2221372370888456e-22
1.553253396	3.058400658707695e-22
1.554408636	3.1680220147093947e-22
1.555563875	3.185432267450798e-22
1.556719114	3.135233543687751e-22
1.557874353	3.245913159420749e-22
1.559029592	3.4613209357789824e-22
1.560184831	3.376440982947853e-22
1.561340071	3.094968893763076e-22
1.56249531	2.9960490318971054e-22
1.563650549	2.9100939704114735e-22
1.564805788	2.9007102151855227e-22
1.565961027	3.0608908421550676e-22
1.567116266	2.8861931454635355e-22
1.568271506	2.880965705960129e-22
1.569426745	3.0880237398855876e-22
1.570581984	3.0852620960043874e-22
1.571737223	3.1912538085954715e-22
1.572892462	3.516908100046342e-22
1.574047701	3.869753710879539e-22
1.57520294	4.23721940040962e-22
1.57635818	4.284624020228427e-22
1.577513419	4.448085921183083e-22
1.578668658	4.601072512757162e-22
1.579823897	4.441831404945148e-22
1.580979136	4.63266783121613e-22
1.582134375	4.684936928048169e-22
1.583289615	4.746779370455044e-22
1.584444854	4.586238406432188e-22
1.585600093	4.294870683293454e-22
1.586755332	4.390071602588649e-22
1.587910571	4.420895263098368e-22
1.58906581	4.662266903379582e-22
1.59022105	4.954862307388421e-22
1.591376289	4.863246898596642e-22
1.592531528	4.53377837215588e-22
1.593686767	4.341744296048714e-22
1.594842006	4.354870074465822e-22
1.595997245	4.541635488821775e-22
1.597152485	4.437016904699059e-22
1.598307724	4.299338652943934e-22
1.599462963	4.1613071886845663e-22
1.600618202	4.1866724641223005e-22
1.601773441	4.045687654708536e-22
1.60292868	3.9031592951343363e-22
1.604083919	3.880060984425505e-22
1.605239159	3.813405483355022e-22
1.606394398	3.6866882896484844e-22
1.607549637	3.5415677224718556e-22
1.608704876	3.4597580095253936e-22
1.609860115	3.466099300235122e-22
1.611015354	3.258699176594395e-22
1.612170594	3.2331913235263953e-22
1.613325833	3.2177164861105215e-22
1.614481072	2.991759371996827e-22
1.615636311	2.9662968229765633e-22
1.61679155	2.9178675459158142e-22
1.617946789	2.7072977447160055e-22
1.619102029	2.5561364264100746e-22
1.620257268	2.471422999660824e-22
1.621412507	2.380733558669901e-22
1.622567746	2.1999446102541196e-22
1.623722985	2.1537004303535927e-22
1.624878224	2.1895193480485427e-22
1.626033463	2.1347278303791274e-22
1.627188703	2.1337116624878396e-22
1.628343942	2.0165050915519014e-22
1.629499181	1.9360378375905285e-22
1.63065442	1.9289712904501706e-22
1.631809659	1.8887253577600868e-22
1.632964898	1.8591346451047778e-22
1.634120138	1.8046726751204945e-22
1.635275377	1.7460886970281564e-22
1.636430616	1.7013596077399263e-22
1.637585855	1.678242670042564e-22
1.638741094	1.6658868439800742e-22
1.639896333	1.625963257823922e-22
1.641051573	1.5877843086834367e-22
1.642206812	1.661766259329293e-22
1.643362051	1.665985842893323e-22
1.64451729	1.6136412420530243e-22
1.645672529	1.5893595604443608e-22
1.646827768	1.4659852893479247e-22
1.647983007	1.3869751493165712e-22
1.649138247	1.2944596915679253e-22
1.650293486	1.2109154095234537e-22
1.651448725	1.1658744172393786e-22
1.652603964	1.1409619225331857e-22
1.653759203	1.1408992630094222e-22
1.654914442	1.110261018760298e-22
1.656069682	1.097324994359364e-22
1.657224921	1.1292682577060092e-22
1.65838016	1.149955531805808e-22
1.659535399	1.169770608481796e-22
1.660690638	1.1887344387240933e-22
1.661845877	1.1726491314845897e-22
1.663001117	1.1742539695637347e-22
1.664156356	1.1541957275325705e-22
1.665311595	1.171031329626635e-22
1.666466834	1.175972092584184e-22
1.667622073	1.1473785159679374e-22
1.668777312	1.134598813775131e-22
1.669932551	1.0886302575989345e-22
1.671087791	1.1014935851010953e-22
1.67224303	1.203679426614986e-22
1.673398269	1.2304815452650545e-22
1.674553508	1.272680134102595e-22
1.675708747	1.382519471994008e-22
1.676863986	1.485978742871758e-22
1.678019226	1.530984069339342e-22
1.679174465	1.5991164905373088e-22
1.680329704	1.728054443262016e-22
1.681484943	1.8015549539167766e-22
1.682640182	1.8778395116204495e-22
1.683795421	1.915183408115036e-22
1.684950661	1.8955489684923988e-22
1.6861059	1.9315779346007185e-22
1.687261139	1.828173368104949e-22
1.688416378	1.7340196466619705e-22
1.689571617	1.62455878942451e-22
1.690726856	1.5401926391778668e-22
1.691882096	1.4670356888527155e-22
1.693037335	1.4669027764138205e-22
1.694192574	1.3299723666097387e-22
1.695347813	1.3582067215487994e-22
1.696503052	1.359866140400309e-22
1.697658291	1.3420544649169334e-22
1.69881353	1.3441286458128844e-22
1.69996877	1.3370106932019601e-22
1.701124009	1.3171948553877142e-22
1.702279248	1.1870259916428855e-22
1.703434487	1.09751835828053e-22
1.704589726	1.0000300968971613e-22
1.705744965	9.043367156072727e-23
1.706900205	8.165274623297483e-23
1.708055444	7.413866553049606e-23
1.709210683	5.794132887968769e-23
1.710365922	4.9760960700444846e-23
1.711521161	5.2118421249019825e-23
1.7126764	5.379867189388792e-23
1.71383164	6.736516540652362e-23
1.714986879	8.10325951339118e-23
1.716142118	9.242984456979345e-23
1.717297357	1.0409056371783341e-22
1.718452596	1.027917581638541e-22
1.719607835	9.855444548484998e-23
1.720763074	8.668714668023195e-23
1.721918314	7.412005168522895e-23
1.723073553	6.978925479711929e-23
1.724228792	6.587747592454177e-23
1.725384031	6.146827807041465e-23
1.72653927	6.952509581158144e-23
1.727694509	7.333895568136422e-23
1.728849749	6.55626305380516e-23
1.730004988	8.243101592704667e-23
1.731160227	8.507515219685542e-23
1.732315466	9.723256144908532e-23
1.733470705	9.989766816732426e-23
1.734625944	1.1984130085135219e-22
1.735781184	1.193681185001749e-22
1.736936423	1.2411196405766904e-22
1.738091662	1.3716766127209836e-22
1.739246901	1.3141558152360965e-22
1.74040214	1.2397566545528924e-22
1.741557379	1.4201065503052619e-22
1.742712618	1.2808624231747874e-22
1.743867858	1.3177320722862737e-22
1.745023097	1.2563831168717184e-22
1.746178336	1.168881308966783e-22
1.747333575	1.0847917390101976e-22
1.748488814	1.0516877955472923e-22
1.749644053	1.0367503663741039e-22
1.750799293	1.0211514626485636e-22
1.751954532	1.0538390771807177e-22
1.753109771	1.0462274970265318e-22
1.75426501	1.0491873405384085e-22
1.755420249	9.468162585272316e-23
1.756575488	1.081643597102946e-22
1.757730728	9.033378057756996e-23
1.758885967	9.881123314907861e-23
1.760041206	8.318624763374695e-23
1.761196445	8.945020400566121e-23
1.762351684	8.430415827001838e-23
1.763506923	8.306907096357741e-23
1.764662163	8.111889916569245e-23
1.765817402	7.054111686548693e-23
1.766972641	7.345092286753029e-23
1.76812788	7.420935293423259e-23
1.769283119	7.554595985096457e-23
1.770438358	6.263908304235443e-23
1.771593597	6.729722976237141e-23
1.772748837	5.98211111329493e-23
1.773904076	5.669271613257329e-23
1.775059315	5.764660650186008e-23
1.776214554	5.0287570434304333e-23
1.777369793	4.12925474781227e-23
1.778525032	5.211849434534312e-23
1.779680272	4.914731286346417e-23
1.780835511	4.857023469496452e-23
1.78199075	4.5182337459183393e-23
1.783145989	4.546240783115613e-23
1.784301228	5.1415479075151064e-23
1.785456467	4.702328977687063e-23
1.786611707	4.433938122453549e-23
1.787766946	4.523317365018934e-23
1.788922185	5.2009448972880863e-23
1.790077424	5.089061903847257e-23
1.791232663	4.9507994254587615e-23
1.792387902	4.7117059563912464e-23
1.793543141	5.706933134827562e-23
1.794698381	5.499592108855322e-23
1.79585362	6.252240990221199e-23
1.797008859	6.319495901165513e-23
1.798164098	5.784770918722469e-23
1.799319337	7.629469310551694e-23
1.800474576	6.463947812101238e-23
1.801629816	6.972560569104697e-23
1.802785055	7.882432332953241e-23
1.803940294	8.244313502144769e-23
1.805095533	9.145722756008669e-23
1.806250772	1.0082492467274714e-22
1.807406011	1.0766881455426868e-22
1.808561251	1.0918575381184023e-22
1.80971649	1.2160836688055188e-22
1.810871729	1.3864458511422013e-22
1.812026968	1.4676480557239574e-22
1.813182207	1.7864466899966446e-22
1.814337446	1.797285757355557e-22
1.815492685	2.1617476288213036e-22
1.816647925	2.372240049802213e-22
1.817803164	2.4415072616479926e-22
1.818958403	2.7801562761089172e-22
1.820113642	2.806729609528029e-22
1.821268881	2.876204860185283e-22
1.82242412	2.9080067239947026e-22
1.82357936	3.185261337552827e-22
1.824734599	3.349848090110856e-22
1.825889838	3.369062232943211e-22
1.827045077	3.4449115902456127e-22
1.828200316	3.6562595061589435e-22
1.829355555	3.256974504135178e-22
1.830510795	4.266423056165493e-22
1.831666034	4.429871023405685e-22
1.832821273	0.
1.833976512	0.
1.835131751	0.
1.83628699	0.
1.837442229	0.
1.838597469	0.
1.839752708	0.
1.840907947	0.
1.842063186	0.
1.843218425	0.
1.844373664	0.
1.845528904	0.
1.846684143	0.
1.847839382	0.
1.848994621	0.
1.85014986	0.
1.851305099	0.
1.852460339	0.
1.853615578	0.
1.854770817	0.
1.855926056	0.
1.857081295	0.
1.858236534	0.
1.859391774	0.
1.860547013	0.
1.861702252	0.
1.862857491	0.
1.86401273	0.
1.865167969	0.
1.866323208	0.
1.867478448	0.
1.868633687	0.
1.869788926	0.
1.870944165	0.
1.872099404	5.27437467705706e-22
1.873254643	4.918142917029466e-22
1.874409883	4.613245120845229e-22
1.875565122	2.6730305351446656e-22
1.876720361	1.143741622013222e-22
1.8778756	5.586825088361371e-23
1.879030839	7.509259823485188e-23
1.880186078	8.633411910808735e-23
1.881341318	1.6269687730713624e-22
1.882496557	1.9054127703493434e-22
1.883651796	1.922584464251903e-22
1.884807035	1.8833574184571112e-22
1.885962274	2.4276497708564853e-22
1.887117513	5.159836306783456e-22
1.888272752	-3.276502926704126e-23
1.889427992	2.7924271156506697e-22
1.890583231	4.2166820156947266e-22
1.89173847	6.111433245907456e-22
1.892893709	3.521247559454518e-22
1.894048948	2.357199492987991e-22
1.895204187	1.4435731780645642e-22
1.896359427	9.762702290016067e-23
1.897514666	6.788741641443816e-23
1.898669905	7.278625802627703e-23
1.899825144	1.0066722780069684e-22
1.900980383	1.5318663648916645e-22
1.902135622	1.6075684519993415e-22
1.903290862	1.6470901675320813e-22
1.904446101	1.7793803849366927e-22
1.90560134	1.8964009996760237e-22
1.906756579	1.899472451817912e-22
1.907911818	2.0669994717918644e-22
1.909067057	1.626927753981855e-22
1.910222296	9.233300443196727e-23
1.911377536	5.479170576931686e-23
1.912532775	8.281871770082167e-23
1.913688014	2.6979005052704884e-22
1.914843253	5.623434156851446e-22
1.915998492	7.421821207060559e-22
1.917153731	4.4016201438118765e-22
1.918308971	2.7918527829085346e-22
1.91946421	1.6209959848672284e-22
1.920619449	1.21889253394606e-22
1.921774688	9.190515952822315e-23
1.922929927	9.034165458935948e-23
1.924085166	1.0108037987322674e-22
1.925240406	1.1744379348998098e-22
1.926395645	1.3695399912324405e-22
1.927550884	1.6804102487087975e-22
1.928706123	1.974603029545827e-22
1.929861362	1.7837816788682777e-22
1.931016601	1.6085666317212594e-22
1.932171841	1.3949715403076783e-22
1.93332708	1.1806757268702308e-22
1.934482319	7.728600725627985e-23
1.935637558	5.45246572857449e-23
1.936792797	3.245643427882523e-23
1.937948036	4.659121771460264e-23
1.939103275	8.0754308015912e-23
1.940258515	9.812634215801413e-23
1.941413754	9.501865245119484e-23
1.942568993	9.531065301416339e-23
1.943724232	8.245287785236794e-23
1.944879471	4.036721243145354e-23
1.94603471	-2.0623137220358717e-23
1.94718995	2.8712714509013507e-24
1.948345189	3.4988276185974223e-23
1.949500428	5.600603343979351e-23
1.950655667	5.635325597978189e-23
1.951810906	6.427551215707471e-23
1.952966145	7.482743261411001e-23
1.954121385	7.016090605743255e-23
1.955276624	6.435450694944877e-23
1.956431863	7.672864415780232e-23
1.957587102	9.132423874833573e-23
1.958742341	9.696488251775592e-23
1.95989758	8.509612077286855e-23
1.961052819	7.144505082074557e-23
1.962208059	6.558488951685257e-23
1.963363298	5.952925234634725e-23
1.964518537	5.69830403999436e-23
1.965673776	4.541212173045222e-23
1.966829015	4.458093392184187e-23
1.967984254	5.032789657960002e-23
1.969139494	4.9063422933358024e-23
1.970294733	5.399096489605785e-23
1.971449972	5.705650615614004e-23
1.972605211	5.613684882695426e-23
1.97376045	5.329803751206232e-23
1.974915689	5.874776862344517e-23
1.976070929	5.788843498934962e-23
1.977226168	5.154341115300342e-23
1.978381407	5.375143891183103e-23
1.979536646	5.555949660378594e-23
1.980691885	5.174927276105068e-23
1.981847124	5.0805739383338155e-23
1.983002363	4.7037434722924664e-23
1.984157603	4.625956547156798e-23
1.985312842	5.347263131390161e-23
1.986468081	5.451414706351466e-23
1.98762332	4.859858686219211e-23
1.988778559	4.1811030494403873e-23
1.989933798	4.022078236541694e-23
1.991089038	4.277914716502883e-23
1.992244277	4.162832400720094e-23
1.993399516	4.185211830489747e-23
1.994554755	4.0526512354576393e-23
1.995709994	3.8428953814030934e-23
1.996865233	2.8339122941083446e-23
1.998020473	6.26751037985997e-24
1.999175712	-1.632175596710633e-23
2.000330951	-2.1978480464484727e-23
2.00148619	1.8381592764613445e-24
2.002641429	3.4266704911252555e-23
2.003796668	6.406219776930785e-23
2.004951907	6.808694079370064e-23
2.006107147	6.77568583429212e-23
2.007262386	6.27327143093412e-23
2.008417625	5.589015607780935e-23
2.009572864	4.70264940432604e-23
2.010728103	4.147406425849284e-23
2.011883342	3.616105992393626e-23
2.013038582	3.3477945355756344e-23
2.014193821	3.716729152597857e-23
2.01534906	4.9511972361399616e-23
2.016504299	5.351939736223292e-23
2.017659538	4.5018794219767435e-23
2.018814777	4.3752410939927624e-23
2.019970017	3.376944489389143e-23
2.021125256	1.9250567509382907e-23
2.022280495	1.929652192297232e-23
2.023435734	2.6129775270862578e-23
2.024590973	3.588007967770801e-23
2.025746212	3.956003272374206e-23
2.026901452	4.3052688226694355e-23
2.028056691	4.5335119276956476e-23
2.02921193	4.529823703045835e-23
2.030367169	4.605482759827816e-23
2.031522408	4.764020321352618e-23
2.032677647	3.9811774526435606e-23
2.033832886	3.6671962529330454e-23
2.034988126	3.32427164539262e-23
2.036143365	2.882231959595333e-23
2.037298604	3.410319032559684e-23
2.038453843	3.7307585638059045e-23
2.039609082	3.8901676847230866e-23
2.040764321	3.963611216214818e-23
2.041919561	4.38365069575533e-23
2.0430748	4.334670011618426e-23
2.044230039	3.3678744195282723e-23
2.045385278	2.7297037967439064e-23
2.046540517	2.9047289689609786e-23
2.047695756	3.1284785919521534e-23
2.048850996	3.264050583523293e-23
2.050006235	3.434731249093535e-23
2.051161474	3.248590789723236e-23
2.052316713	3.0534843422482834e-23
2.053471952	2.789854999462149e-23
2.054627191	3.3169860375851624e-23
2.05578243	3.90881466095429e-23
2.05693767	4.525914487199702e-23
2.058092909	4.724529780571978e-23
2.059248148	4.5032582500881967e-23
2.060403387	4.156331004767461e-23
2.061558626	3.806267202500771e-23
2.062713865	3.7975683032794826e-23
2.063869105	3.679445040255253e-23
2.065024344	3.61613350788888e-23
2.066179583	3.5762085287711777e-23
2.067334822	3.075656011626618e-23
2.068490061	2.8781021317038604e-23
2.0696453	3.159436992133012e-23
2.07080054	3.384887616937532e-23
2.071955779	3.490255074155191e-23
2.073111018	3.7505616033372907e-23
2.074266257	3.6435321545633155e-23
2.075421496	3.795321997800874e-23
2.076576735	3.415345373179481e-23
2.077731974	2.96357359787794e-23
2.078887214	2.6274495643189002e-23
2.080042453	2.4901717651298817e-23
2.081197692	2.668114185597689e-23
2.082352931	2.629732830421444e-23
2.08350817	2.4790605714368272e-23
2.084663409	2.1128267693869196e-23
2.085818649	1.583519197436604e-23
2.086973888	8.26703276491597e-24
2.088129127	2.9218243188750364e-24
2.089284366	4.454146997034551e-24
2.090439605	1.258566684323523e-23
2.091594844	2.1311405097226888e-23
2.092750084	2.719626340106567e-23
2.093905323	2.8312141430633634e-23
2.095060562	2.756232424356156e-23
2.096215801	2.2412515370160593e-23
2.09737104	1.537488204295612e-23
2.098526279	1.2151564077075758e-23
2.099681518	1.2255025799934236e-23
2.100836758	1.5155660104202777e-23
2.101991997	1.915994664531024e-23
2.103147236	2.3276274978627867e-23
2.104302475	2.543232673436699e-23
2.105457714	2.2837188475690044e-23
2.106612953	1.622408045233299e-23
2.107768193	6.642617725038702e-24
2.108923432	-2.5865771796340035e-24
2.110078671	-8.043603334464747e-24
2.11123391	-7.868087562693756e-24
2.112389149	-1.447440862230381e-24
2.113544388	8.05202147765876e-24
2.114699628	1.7023445931197886e-23
2.115854867	2.2845702163165285e-23
2.117010106	2.5529255834440282e-23
2.118165345	2.520726926385666e-23
2.119320584	2.446737537683945e-23
2.120475823	2.2909825382064878e-23
2.121631063	2.1778145645244503e-23
2.122786302	2.2381761405340528e-23
2.123941541	2.3325051712191853e-23
2.12509678	2.5444402734135573e-23
2.126252019	2.8006256276151317e-23
2.127407258	2.8058841125773364e-23
2.128562497	2.5165235255097574e-23
2.129717737	2.251233442690926e-23
2.130872976	2.0471631286420705e-23
2.132028215	2.0475338522756534e-23
2.133183454	2.222215087935327e-23
2.134338693	2.5470273790283838e-23
2.135493932	2.906401571891286e-23
2.136649172	3.1526284667062406e-23
2.137804411	3.182026498458004e-23
2.13895965	3.288147689788328e-23
2.140114889	3.424545624647622e-23
2.141270128	3.1929122193696e-23
2.142425367	3.018709826067914e-23
2.143580607	3.01150344161569e-23
2.144735846	2.789387207345155e-23
2.145891085	2.517195501352216e-23
2.147046324	2.3833451001336282e-23
2.148201563	2.4007262967458117e-23
2.149356802	2.6659532013391565e-23
2.150512041	3.030770166336962e-23
2.151667281	3.3955919556720196e-23
2.15282252	3.694225812427484e-23
2.153977759	3.6505699480249973e-23
2.155132998	3.3593119292537664e-23
2.156288237	2.963708057901753e-23
2.157443476	2.571175512046952e-23
2.158598716	2.3373962178759076e-23
2.159753955	2.201087312993351e-23
2.160909194	2.1042731610904172e-23
2.162064433	2.1773845838101454e-23
2.163219672	2.3967861558862123e-23
2.164374911	2.5877196402135112e-23
2.165530151	2.7293591701246845e-23
2.16668539	2.747741327822953e-23
2.167840629	2.5636438860889066e-23
2.168995868	2.4949846067475833e-23
2.170151107	2.4992127538795362e-23
2.171306346	2.3977088419950833e-23
2.172461585	2.1757401887308926e-23
2.173616825	1.7520271278737563e-23
2.174772064	1.0434895232553348e-23
2.175927303	5.134396122947839e-24
2.177082542	6.3995608759680394e-24
2.178237781	1.3833217978416285e-23
2.17939302	2.3155206149885634e-23
2.18054826	3.0527618388289125e-23
2.181703499	3.6186823001076197e-23
2.182858738	3.280372212860334e-23
2.184013977	2.7056383523602794e-23
2.185169216	2.271146446675805e-23
2.186324455	2.272334783379541e-23
2.187479695	2.5930288806767982e-23
2.188634934	2.1510041014625274e-23
2.189790173	9.522887585096408e-24
2.190945412	6.158322971317246e-25
2.192100651	-2.6582381608481384e-25
2.19325589	2.510771551821689e-24
2.19441113	4.406088169428409e-24
2.195566369	5.52938196673266e-24
2.196721608	1.0043233557837566e-23
2.197876847	2.0712127848457266e-23
2.199032086	3.1825789598648483e-23
2.200187325	3.5393385176045274e-23
2.201342564	3.2393121722528485e-23
2.202497804	2.9366198305943337e-23
2.203653043	2.9507866711983666e-23
2.204808282	3.106400996495776e-23
2.205963521	2.9032581488029606e-23
2.20711876	2.3431694319964783e-23
2.208273999	1.8801423733734427e-23
2.209429239	2.1824120211314524e-23
2.210584478	2.7921909877136675e-23
2.211739717	3.0792472670378204e-23
2.212894956	3.131485355477522e-23
2.214050195	3.0695441434145757e-23
2.215205434	2.6630919962127204e-23
2.216360674	2.3261496491338873e-23
2.217515913	2.0292565754326205e-23
2.218671152	1.728853674559505e-23
2.219826391	1.514470908017439e-23
2.22098163	1.58170631082882e-23
2.222136869	1.768673473880581e-23
2.223292108	1.8877816791476648e-23
2.224447348	1.943129867776724e-23
2.225602587	2.020438291039923e-23
2.226757826	2.274276260352845e-23
2.227913065	2.3046075174505666e-23
2.229068304	1.3523363364047285e-23
2.230223543	-7.488278916485681e-24
2.231378783	-2.567046886196078e-23
2.232534022	-2.501800804743565e-23
2.233689261	-8.010247932825062e-24
2.2348445	1.192653611864219e-23
2.235999739	2.5188916220117728e-23
2.237154978	3.427418515410081e-23
2.238310218	4.085909888338656e-23
2.239465457	4.199057185351779e-23
2.240620696	2.772057979254618e-23
2.241775935	-2.788113124774205e-24
2.242931174	-3.206786362709235e-23
2.244086413	-4.0351264655642756e-23
2.245241652	-2.547463849903684e-23
2.246396892	-6.271542071409919e-24
2.247552131	5.083055419830627e-24
2.24870737	1.1572886028881548e-23
2.249862609	1.493591562908785e-23
2.251017848	1.6273402058589196e-23
2.252173087	1.5734523877004284e-23
2.253328327	1.2358887640555595e-23
2.254483566	8.108766071506178e-24
2.255638805	7.457286452929759e-24
2.256794044	9.197539437864405e-24
2.257949283	9.874433640581042e-24
2.259104522	8.065667230579272e-24
2.260259762	5.823530116251715e-24
2.261415001	6.944831900181265e-24
2.26257024	1.2006808987214795e-23
2.263725479	1.7258788627652086e-23
2.264880718	2.0795814017688134e-23
2.266035957	1.9725845790328682e-23
2.267191196	1.3447694188268425e-23
2.268346436	-5.89381136120271e-24
2.269501675	-3.709701068206088e-23
2.270656914	-3.706877857458934e-23
2.271812153	-1.2379089249994365e-23
2.272967392	3.1150993959294148e-24
2.274122631	8.901057766931492e-24
2.275277871	1.0483049160861337e-23
2.27643311	1.0705723459056574e-23
2.277588349	1.0412923573400608e-23
2.278743588	9.866459054747325e-24
2.279898827	9.223665420951732e-24
2.281054066	8.440522955456962e-24
2.282209306	7.050224536651977e-24
2.283364545	4.7700027649314084e-24
2.284519784	2.868013325446356e-24
2.285675023	1.1895047013298966e-24
2.286830262	7.503998381167615e-25
2.287985501	2.9450267463902294e-24
2.289140741	4.76156894051e-24
2.29029598	1.4143172057306937e-24
2.291451219	-1.075005830472917e-23
2.292606458	-2.6796779688344635e-23
2.293761697	-3.053335183999599e-23
2.294916936	-2.1784597509393247e-23
2.296072175	-1.0307554842175528e-23
2.297227415	-2.837814917226428e-24
2.298382654	2.0196997788746197e-24
2.299537893	4.31591580468984e-24
2.300693132	5.8599502926312376e-24
2.301848371	6.911886934574836e-24
2.30300361	8.469582652151697e-24
2.30415885	9.266626284584246e-24
2.305314089	8.324341299395877e-24
2.306469328	5.921596274471173e-24
2.307624567	1.5648450944610663e-24
2.308779806	-6.4235193012523855e-24
2.309935045	-1.4515467204212242e-23
2.311090285	-1.4893626969903163e-23
2.312245524	-7.709756290470425e-24
2.313400763	-1.4884563783548584e-24
2.314556002	4.861541895997298e-25
2.315711241	-2.3718524123517703e-25
2.31686648	-3.355246610667304e-24
2.318021719	-9.017869752418094e-24
2.319176959	-1.5635187975541195e-23
2.320332198	-2.4457476844980782e-23
2.321487437	-3.2914537876270674e-23
2.322642676	-2.811981778075812e-23
2.323797915	-1.5264665230318925e-23
2.324953154	-4.948315246633831e-24
2.326108394	2.5374549296443682e-24
2.327263633	6.997751587031298e-24
2.328418872	8.987750072804343e-24
2.329574111	8.836783072147685e-24
2.33072935	5.450234013468414e-24
2.331884589	-4.4397229440443826e-24
2.333039829	-1.5878820464401292e-23
2.334195068	-2.02187376556708e-23
2.335350307	-1.9937025505544044e-23
2.336505546	-1.0705222066341583e-23
2.337660785	-3.0622441827942248e-24
2.338816024	5.3335515404405095e-24
2.339971263	1.1689110667312072e-23
2.341126503	1.4107721685325455e-23
2.342281742	1.3973874479684118e-23
2.343436981	1.2288074704154186e-23
2.34459222	1.1340998425881962e-23
2.345747459	8.879296509328717e-24
2.346902698	1.5801872039694846e-24
2.348057938	-7.485674638413286e-24
2.349213177	-1.1611710625786814e-23
2.350368416	-8.557518523957623e-24
2.351523655	1.6743404281143072e-24
2.352678894	1.1415025587361268e-23
2.353834133	1.6554949279729316e-23
2.354989373	1.727605549377689e-23
2.356144612	1.212526700841023e-23
2.357299851	8.884139414869989e-24
2.35845509	3.881587436489254e-24
2.359610329	-3.2466533285813294e-25
2.360765568	-1.58733098721221e-24
2.361920808	-3.1456346300612945e-26
2.363076047	2.0233634595505146e-24
2.364231286	3.216596587212162e-24
2.365386525	4.5770585260557074e-24
2.366541764	4.904839442723374e-24
2.367697003	5.011457969028387e-24
2.368852242	4.418263380202627e-24
2.370007482	3.113251910132931e-24
2.371162721	1.5945573061021917e-24
2.37231796	-1.3228868743420805e-25
2.373473199	-2.0412837281461018e-24
2.374628438	-4.692941576371346e-24
2.375783677	-7.580663286429295e-24
2.376938917	-1.1921171625214027e-23
2.378094156	-1.3784169892267232e-23
2.379249395	-1.3558136487862673e-23
2.380404634	-1.3226498141481403e-23
2.381559873	-1.1098331424176248e-23
2.382715112	-9.995115181588941e-24
2.383870352	-7.477158362621545e-24
2.385025591	-3.151720025918131e-24
2.38618083	8.119486894089772e-25
2.387336069	4.237500636507126e-24
2.388491308	4.969987647343946e-24
2.389646547	1.7025061839206283e-24
2.390801786	-8.228674403599331e-24
2.391957026	-3.535374165474843e-23
2.393112265	-1.0471014872678197e-22
2.394267504	-1.9014025185257768e-22
2.395422743	-1.0066413752788282e-22
2.396577982	-2.8439987510183885e-23
2.397733221	-6.2209105985668205e-24
2.398888461	8.029252881446285e-25
2.4000437	3.003088308633558e-24
2.401198939	3.3014705832759936e-24
2.402354178	4.390652028002871e-24
2.403509417	3.9643295914039934e-24
2.404664656	3.160248594992655e-24
2.405819896	2.1605034591010643e-24
2.406975135	2.938416836192789e-25
2.408130374	-2.666856480639266e-24
2.409285613	-6.01860444581461e-24
2.410440852	-9.7750110148719e-24
2.411596091	-1.090548073387016e-23
2.41275133	-5.812133158164398e-24
2.41390657	4.330416138892891e-24
2.415061809	1.3129933338098485e-23
2.416217048	1.2386048585135953e-23
2.417372287	7.266513867320556e-24
2.418527526	-4.272136140286113e-25
2.419682765	-6.772352217631176e-24
2.420838005	-1.2779267061139705e-23
2.421993244	-1.458701145556979e-23
2.423148483	-1.6363409764721495e-23
2.424303722	-1.3348984862084624e-23
2.425458961	-7.009000709957483e-24
2.4266142	-2.592100680469364e-24
2.42776944	-1.5323703345165884e-24
2.428924679	-3.8378199897445206e-24
2.430079918	-8.910269871574636e-24
2.431235157	-2.2037178125921944e-23
2.432390396	-4.346900467919442e-23
2.433545635	-5.718045688717586e-23
2.434700874	-2.9252566066365757e-23
2.435856114	-1.6415376952337612e-24
2.437011353	9.264277226723925e-24
2.438166592	1.1525951658945726e-23
2.439321831	1.0200045356032268e-23
2.44047707	6.194096997128477e-24
2.441632309	-1.9539348969578156e-24
2.442787549	3.3086960651447967e-22
2.443942788	3.4689238007477456e-23
2.445098027	2.6115294131599547e-23
2.446253266	3.051381456520457e-23
2.447408505	4.944142558315542e-23
2.448563744	2.7414278331332206e-22
2.449718984	-5.212154223102128e-22
2.450874223	-1.1875027340332174e-22
2.452029462	-1.4914158449235312e-23
2.453184701	2.20715780108745e-23
2.45433994	7.696257116074661e-23
2.455495179	-2.512248461269894e-22
2.456650419	2.0511297659605365e-22
2.457805658	9.57347375740204e-24
2.458960897	-5.338625922539888e-24
2.460116136	-2.560997102690129e-23
2.461271375	-5.601448300442396e-23
2.462426614	-8.394258259623202e-23
2.463581853	-6.09264310013304e-23
2.464737093	-3.5836221307502057e-23
2.465892332	-1.0937395661401022e-23
2.467047571	4.391195180395742e-24
2.46820281	1.2406083066768837e-23
2.469358049	1.403673977467469e-23
2.470513288	1.2616246805589763e-23
2.471668528	1.4299076753820944e-23
2.472823767	-2.7772037892448865e-22
2.473979006	-2.068638539457472e-24
2.475134245	1.036925320249615e-24
2.476289484	1.4253387117135857e-23
2.477444723	3.232584741647748e-23
2.478599963	3.934106285668001e-23
2.479755202	4.904014252536492e-23
2.480910441	5.489212292752828e-23
2.48206568	1.575529922209697e-22
2.483220919	2.072979191300961e-23
2.484376158	2.962186228455374e-23
2.485531397	3.283975623782293e-23
2.486686637	3.240633510766749e-23
2.487841876	2.7685777249658294e-23
2.488997115	2.873627048604332e-23
2.490152354	2.83708950659126e-23
2.491307593	3.347529153589641e-23
2.492462832	3.858359322953048e-23
2.493618072	3.9653832112728236e-23
2.494773311	4.376918617268339e-23
2.49592855	5.037584823276636e-23
2.497083789	5.443810135436201e-23