0.45	1.998683108593862e-23
0.451153288	1.8930811634597552e-23
0.452306575	2.669623796205864e-23
0.453459863	2.5205801920016204e-23
0.454613151	2.342347879537071e-23
0.455766439	1.8511249206959745e-23
0.456919726	2.6240245892441533e-23
0.458073014	2.667020631914845e-23
0.459226302	2.424157654553619e-23
0.46037959	2.2128923824267946e-23
0.461532877	3.0086393653818943e-23
0.462686165	2.4112243674237146e-23
0.463839453	3.0084172880899923e-23
0.464992741	3.268572544255293e-23
0.466146028	2.783031056366298e-23
0.467299316	3.973858789813263e-23
0.468452604	4.061891729013297e-23
0.469605892	2.862297121292742e-23
0.470759179	4.3694517981875745e-23
0.471912467	3.0428178374811877e-23
0.473065755	2.9501101299253124e-23
0.474219043	2.3022794724778256e-23
0.47537233	3.1635677156756063e-23
0.476525618	3.7895301964446735e-23
0.477678906	2.641025524616356e-23
0.478832194	4.0276376161473733e-23
0.479985481	3.685881367022253e-23
0.481138769	3.1719553865743806e-23
0.482292057	2.725719302914788e-23
0.483445345	5.52588291857445e-23
0.484598632	3.337838193533249e-23
0.48575192	3.8937004208524426e-23
0.486905208	5.444748155689387e-23
0.488058495	4.0941279985717345e-23
0.489211783	4.4600353069978023e-23
0.490365071	6.468105542520229e-23
0.491518359	4.045243638326008e-23
0.492671646	5.362749705877878e-23
0.493824934	6.010464508598068e-23
0.494978222	4.775658450522342e-23
0.49613151	5.743610990085772e-23
0.497284797	4.6195906150987957e-23
0.498438085	6.378284752392437e-23
0.499591373	3.6698462478016496e-23
0.500744661	6.267287409995274e-23
0.501897948	5.318902014523043e-23
0.503051236	4.061571265480491e-23
0.504204524	3.001282260805566e-23
0.505357812	3.724369141758187e-23
0.506511099	2.4380099695732812e-23
0.507664387	2.930138858216539e-23
0.508817675	1.7409568990780972e-23
0.509970963	1.627107448424648e-23
0.51112425	1.4824580475329943e-23
0.512277538	2.0148736058484353e-23
0.513430826	2.7170056557587677e-23
0.514584114	2.6806100203773243e-23
0.515737401	3.0586767417323986e-23
0.516890689	3.228311026317827e-23
0.518043977	3.895685257916837e-23
0.519197265	2.90605302785989e-23
0.520350552	4.652423033269585e-23
0.52150384	3.655867531584123e-23
0.522657128	4.439521881978912e-23
0.523810415	4.357285590249502e-23
0.524963703	4.445300404885096e-23
0.526116991	4.3250340172141827e-23
0.527270279	5.017858336712437e-23
0.528423566	5.658820972719054e-23
0.529576854	6.522181238852109e-23
0.530730142	7.494245736859818e-23
0.53188343	6.146261973316906e-23
0.533036717	6.220272660941705e-23
0.534190005	4.669112651485187e-23
0.535343293	5.703968065902383e-23
0.536496581	5.314166931270827e-23
0.537649868	5.33536028855899e-23
0.538803156	4.268228094349867e-23
0.539956444	3.124992039820096e-23
0.541109732	2.8549283174015374e-23
0.542263019	2.8803270217107755e-23
0.543416307	2.5588058737096228e-23
0.544569595	3.1004078380961856e-23
0.545722883	3.161645938351778e-23
0.54687617	3.845222250295525e-23
0.548029458	4.996329000154058e-23
0.549182746	4.845134787420269e-23
0.550336034	5.696294559264632e-23
0.551489321	6.049797813021954e-23
0.552642609	5.0360476558197177e-23
0.553795897	4.4086588233685895e-23
0.554949185	4.980357408579961e-23
0.556102472	5.024117074509394e-23
0.55725576	5.082509807757936e-23
0.558409048	5.181184582207912e-23
0.559562335	5.868236629719276e-23
0.560715623	5.127848574165977e-23
0.561868911	5.241423156586711e-23
0.563022199	5.44693362793008e-23
0.564175486	5.1214448543359324e-23
0.565328774	5.887385340045368e-23
0.566482062	5.458208367924796e-23
0.56763535	5.033463559888202e-23
0.568788637	4.771633144108083e-23
0.569941925	4.443229806537768e-23
0.571095213	4.1233429728729606e-23
0.572248501	3.998273869463526e-23
0.573401788	3.8877146066291395e-23
0.574555076	3.528967424998825e-23
0.575708364	3.340287617255614e-23
0.576861652	3.168631437534404e-23
0.578014939	2.9550038491370355e-23
0.579168227	3.0177671616741455e-23
0.580321515	3.3403664912963383e-23
0.581474803	3.370723829950955e-23
0.58262809	3.463489169740143e-23
0.583781378	3.744994456641545e-23
0.584934666	3.8952550775004244e-23
0.586087954	4.2596671551832224e-23
0.587241241	4.34834051160036e-23
0.588394529	4.0678762596839505e-23
0.589547817	4.519294416185978e-23
0.590701105	4.11603816505835e-23
0.591854392	4.081355770548211e-23
0.59300768	3.7537840732332073e-23
0.594160968	3.7616950931449486e-23
0.595314256	3.6398184926568876e-23
0.596467543	3.5736114308250795e-23
0.597620831	4.009349428573453e-23
0.598774119	4.4123936151150853e-23
0.599927406	4.7292421733996824e-23
0.601080694	5.397237467396596e-23
0.602233982	6.35586191024625e-23
0.60338727	6.561209749513236e-23
0.604540557	7.382666741686347e-23
0.605693845	7.388807239025587e-23
0.606847133	7.339098067887704e-23
0.608000421	6.624833535714894e-23
0.609153708	6.056581930625223e-23
0.610306996	5.783507911982952e-23
0.611460284	5.214104823556374e-23
0.612613572	4.826968761861035e-23
0.613766859	4.1655418918146086e-23
0.614920147	3.2626789882066913e-23
0.616073435	2.975001588291733e-23
0.617226723	3.0093291332691323e-23
0.61838001	2.473232098746546e-23
0.619533298	2.33354296528315e-23
0.620686586	2.2315110066875972e-23
0.621839874	2.4434756380300297e-23
0.622993161	2.744795112028548e-23
0.624146449	3.1411904565112824e-23
0.625299737	3.7017529781413166e-23
0.626453025	4.779423188276107e-23
0.627606312	5.617020876241718e-23
0.6287596	6.635118363226147e-23
0.629912888	7.540979075273964e-23
0.631066176	9.493552562568376e-23
0.632219463	1.0668906624305815e-22
0.633372751	1.0912847967036386e-22
0.634526039	1.3412954537069863e-22
0.635679326	1.1961430747603606e-22
0.636832614	1.2526643849953002e-22
0.637985902	1.1772867012926034e-22
0.63913919	1.3016348963554432e-22
0.640292477	1.3584004700052453e-22
0.641445765	1.274606604865187e-22
0.642599053	1.382430963255636e-22
0.643752341	1.1579824951389375e-22
0.644905628	1.442816793167514e-22
0.646058916	1.3624449639572948e-22
0.647212204	1.5177083858303234e-22
0.648365492	1.533636668991702e-22
0.649518779	1.3263305166642494e-22
0.650672067	1.3642705826119809e-22
0.651825355	1.4491892584904619e-22
0.652978643	1.2571676283737916e-22
0.65413193	1.1735467533029817e-22
0.655285218	1.3987380445167393e-22
0.656438506	9.97614711390287e-23
0.657591794	1.1741101706778773e-22
0.658745081	9.715160564699729e-23
0.659898369	9.736230021330032e-23
0.661051657	8.122983211765738e-23
0.662204945	7.93689855564586e-23
0.663358232	7.642358261348454e-23
0.66451152	7.644545402596265e-23
0.665664808	6.207651263920961e-23
0.666818096	6.023909170187243e-23
0.667971383	5.923176188504532e-23
0.669124671	5.886964604788334e-23
0.670277959	6.352675231601471e-23
0.671431246	6.865896771006266e-23
0.672584534	7.436748703863683e-23
0.673737822	9.298442343566095e-23
0.67489111	9.097566431340788e-23
0.676044397	1.0974786069277084e-22
0.677197685	1.1946997758940796e-22
0.678350973	1.1929629133107885e-22
0.679504261	1.1418095826401253e-22
0.680657548	1.126604941295859e-22
0.681810836	9.6354684956848e-23
0.682964124	8.291294947531798e-23
0.684117412	9.343749238874059e-23
0.685270699	8.080312208458525e-23
0.686423987	8.669930777948101e-23
0.687577275	9.894801878623415e-23
0.688730563	1.1325823513092077e-22
0.68988385	1.0191551546789705e-22
0.691037138	1.428870165355044e-22
0.692190426	1.6046108336695696e-22
0.693343714	1.279070631289915e-22
0.694497001	1.7498315377443345e-22
0.695650289	1.3971154685422263e-22
0.696803577	1.216855307735386e-22
0.697956865	1.1602937575160588e-22
0.699110152	1.0428748981567957e-22
0.70026344	9.447029092553133e-23
0.701416728	9.413376473762152e-23
0.702570016	8.964281995480926e-23
0.703723303	6.655497705769666e-23
0.704876591	8.575371757705865e-23
0.706029879	7.74645162100871e-23
0.707183166	9.052126485428179e-23
0.708336454	7.865475854167801e-23
0.709489742	1.0717461731631725e-22
0.71064303	9.310736312985459e-23
0.711796317	9.38722063725474e-23
0.712949605	1.198180183520713e-22
0.714102893	1.1794113984261832e-22
0.715256181	1.0520587310065987e-22
0.716409468	8.427256589793607e-23
0.717562756	8.615832822805376e-23
0.718716044	5.991193564546637e-23
0.719869332	5.0680193777090254e-23
0.721022619	5.138289720210565e-23
0.722175907	5.409205318548221e-23
0.723329195	5.0529825873591286e-23
0.724482483	6.368777560048218e-23
0.72563577	5.1174020725210956e-23
0.726789058	5.799754927287324e-23
0.727942346	6.871293618656286e-23
0.729095634	5.239282633909672e-23
0.730248921	5.031667220723103e-23
0.731402209	5.896759557035275e-23
0.732555497	6.383430097140416e-23
0.733708785	7.278654278522849e-23
0.734862072	7.190942857601036e-23
0.73601536	7.236248359781471e-23
0.737168648	8.457622546717356e-23
0.738321936	9.403770550495639e-23
0.739475223	1.0235086675772345e-22
0.740628511	1.3889434401726204e-22
0.741781799	1.395051140660119e-22
0.742935086	1.793062588647844e-22
0.744088374	1.5688591733614314e-22
0.745241662	1.5862251592345155e-22
0.74639495	1.7888459201158947e-22
0.747548237	1.7757591995918028e-22
0.748701525	1.7319095547495878e-22
0.749854813	1.7927026215734296e-22
0.751008101	1.9372528884413484e-22
0.752161388	1.950361670257521e-22
0.753314676	1.901150552271457e-22
0.754467964	1.9940074291534275e-22
0.755621252	2.1727487246501935e-22
0.756774539	1.7452833386537643e-22
0.757927827	1.6492576069034617e-22
0.759081115	1.5007530975001702e-22
0.760234403	1.3728995418356121e-22
0.76138769	1.1455809446632037e-22
0.762540978	1.0289217189389077e-22
0.763694266	9.435565889153333e-23
0.764847554	8.882414037934758e-23
0.766000841	9.420225107189668e-23
0.767154129	8.997787295757018e-23
0.768307417	9.539198947359357e-23
0.769460705	9.920754751630699e-23
0.770613992	1.0663701504405413e-22
0.77176728	9.598476865350522e-23
0.772920568	1.0287326686201851e-22
0.774073856	8.372333452664347e-23
0.775227143	9.170295106314166e-23
0.776380431	9.271578102100733e-23
0.777533719	8.759935046936398e-23
0.778687006	1.093569547751892e-22
0.779840294	1.1324983521728032e-22
0.780993582	1.0892522500564159e-22
0.78214687	9.69149769300117e-23
0.783300157	1.0332075794652051e-22
0.784453445	1.1745408412233215e-22
0.785606733	1.219400046277275e-22
0.786760021	1.1920656805746787e-22
0.787913308	1.2161397038529159e-22
0.789066596	1.3509787623870137e-22
0.790219884	1.3111972704648398e-22
0.791373172	1.3742667930033477e-22
0.792526459	1.2383959798302719e-22
0.793679747	1.409422398829077e-22
0.794833035	1.2410737943067528e-22
0.795986323	1.0670254222189986e-22
0.79713961	1.3306169820226075e-22
0.798292898	1.2694600764940738e-22
0.799446186	1.417356888113926e-22
0.800599474	1.542050659927098e-22
0.801752761	1.6619774813315553e-22
0.802906049	1.7552761038500883e-22
0.804059337	1.856817630983971e-22
0.805212625	2.151976171396723e-22
0.806365912	2.5114097624048755e-22
0.8075192	2.918091610043162e-22
0.808672488	2.978714596431579e-22
0.809825776	3.234970107065555e-22
0.810979063	3.471545744744328e-22
0.812132351	4.083146043849619e-22
0.813285639	4.025264587591041e-22
0.814438926	4.841831734615091e-22
0.815592214	5.010881847997158e-22
0.816745502	5.701950966058644e-22
0.81789879	6.881429040545168e-22
0.819052077	7.992843003119257e-22
0.820205365	9.445830097975207e-22
0.821358653	9.42926753092278e-22
0.822511941	8.15496509699437e-22
0.823665228	9.190335956072635e-22
0.824818516	8.95545328202423e-22
0.825971804	9.224960646915823e-22
0.827125092	7.803899973657134e-22
0.828278379	9.534123175290393e-22
0.829431667	1.0415049993831035e-21
0.830584955	9.506287988198132e-22
0.831738243	1.1761580605786488e-21
0.83289153	1.0523213009273481e-21
0.834044818	1.0452803766102745e-21
0.835198106	6.9759759523212895e-22
0.836351394	4.604791216942067e-22
0.837504681	3.9055477861777456e-22
0.838657969	3.6613589116423317e-22
0.839811257	3.552205858703662e-22
0.840964545	2.911326113829681e-22
0.842117832	3.040227010228198e-22
0.84327112	3.2747600054167867e-22
0.844424408	2.924789107477018e-22
0.845577696	3.3602397008442324e-22
0.846730983	3.2143936975085467e-22
0.847884271	3.0198378647255644e-22
0.849037559	3.437230909826229e-22
0.850190847	3.2332548302018934e-22
0.851344134	2.361083610842178e-22
0.852497422	2.4290970143791976e-22
0.85365071	2.1466535504218334e-22
0.854803997	1.7307426536769973e-22
0.855957285	1.8011839573523476e-22
0.857110573	1.637840635151038e-22
0.858263861	1.7683477822910777e-22
0.859417148	1.407651674829374e-22
0.860570436	1.4421770203573474e-22
0.861723724	1.5605728681789e-22
0.862877012	1.5744317177181273e-22
0.864030299	1.6505994702304206e-22
0.865183587	1.6719012576908956e-22
0.866336875	1.5532237515234184e-22
0.867490163	1.8455345045948514e-22
0.86864345	1.9302570106984214e-22
0.869796738	2.176573626748218e-22
0.870950026	2.453501002321825e-22
0.872103314	2.3156701750963978e-22
0.873256601	2.89024383425094e-22
0.874409889	2.71460165943884e-22
0.875563177	2.877348599914549e-22
0.876716465	3.5432015438712213e-22
0.877869752	3.634347534036472e-22
0.87902304	3.972522201332455e-22
0.880176328	3.4018357334787195e-22
0.881329616	3.1573790177002747e-22
0.882482903	3.7032339129247997e-22
0.883636191	3.9701697243048263e-22
0.884789479	4.08763281371355e-22
0.885942767	3.3401477626890026e-22
0.887096054	3.5912734862458937e-22
0.888249342	5.103739398937712e-22
0.88940263	4.435106448722122e-22
0.890555917	5.018076543755269e-22
0.891709205	5.600914326347476e-22
0.892862493	5.640841393868149e-22
0.894015781	5.881232941159815e-22
0.895169068	5.303989004241876e-22
0.896322356	5.459613071454832e-22
0.897475644	6.529957394950529e-22
0.898628932	6.557308471784684e-22
0.899782219	7.717726639023626e-22
0.900935507	7.2837166830362585e-22
0.902088795	8.618753586034143e-22
0.903242083	1.0607976584829859e-21
0.90439537	1.0066805265248626e-21
0.905548658	1.2607152535684343e-21
0.906701946	1.1441411967955316e-21
0.907855234	1.2123566934223615e-21
0.909008521	1.3325033943436001e-21
0.910161809	1.1588123129473528e-21
0.911315097	1.461035229569265e-21
0.912468385	1.513648740793254e-21
0.913621672	1.558993734181467e-21
0.91477496	1.4162871931001632e-21
0.915928248	1.3700591938252431e-21
0.917081536	1.721976922204274e-21
0.918234823	1.5624374829680348e-21
0.919388111	1.637865527394199e-21
0.920541399	2.0273190323553663e-21
0.921694687	1.5387203491143434e-21
0.922847974	1.4550637622380977e-21
0.924001262	1.7617818806272738e-21
0.92515455	1.8676427753752794e-21
0.926307837	2.054501603636675e-21
0.927461125	2.435115350609195e-21
0.928614413	2.2474635090453227e-21
0.929767701	2.2523958461287443e-21
0.930920988	1.8715325217230686e-21
0.932074276	1.9565896396960167e-21
0.933227564	2.151175997283964e-21
0.934380852	2.7277923937040424e-21
0.935534139	2.4843925043314194e-21
0.936687427	2.3456396210476813e-21
0.937840715	2.6513644086786977e-21
0.938994003	3.099614287157076e-21
0.94014729	3.352986635085586e-21
0.941300578	3.4039325968520135e-21
0.942453866	2.930841445959803e-21
0.943607154	2.710168043789498e-21
0.944760441	2.785526845166838e-21
0.945913729	2.8593520082243214e-21
0.947067017	3.0677502642253123e-21
0.948220305	3.321280542768474e-21
0.949373592	3.2080861259471414e-21
0.95052688	3.395520393379749e-21
0.951680168	3.217240870441547e-21
0.952833456	3.1048256759199373e-21
0.953986743	3.1512240262029925e-21
0.955140031	3.601516427533927e-21
0.956293319	4.001569203353607e-21
0.957446607	4.302759523298874e-21
0.958599894	4.082633091831081e-21
0.959753182	4.260362505845229e-21
0.96090647	4.322236711304928e-21
0.962059757	4.504339735960774e-21
0.963213045	4.566314299095861e-21
0.964366333	4.6948394596074995e-21
0.965519621	4.891887262524996e-21
0.966672908	4.774135904380921e-21
0.967826196	4.273761085970393e-21
0.968979484	4.507497278277477e-21
0.970132772	0.
0.971286059	0.
0.972439347	0.
0.973592635	0.
0.974745923	0.
0.97589921	0.
0.977052498	0.
0.978205786	0.
0.979359074	0.
0.980512361	0.
0.981665649	0.
0.982818937	0.
0.983972225	0.
0.985125512	0.
0.9862788	0.
0.987432088	0.
0.988585376	0.
0.989738663	0.
0.990891951	0.
0.992045239	0.
0.993198527	0.
0.994351814	0.
0.995505102	0.
0.99665839	0.
0.997811677	2.1171103407398167e-22
0.998964965	1.8443072986573373e-22
1.000118253	2.0195971187359128e-22
1.001271541	1.4451673774401383e-22
1.002424828	1.6540706118541756e-22
1.003578116	1.5989852181372158e-22
1.004731404	1.5339985578218984e-22
1.005884692	1.3181867923913832e-22
1.007037979	1.6619633109736783e-22
1.008191267	1.515174676598967e-22
1.009344555	1.6923549094290263e-22
1.010497843	1.827269102288669e-22
1.01165113	2.0334386352297917e-22
1.012804418	1.9546385569847526e-22
1.013957706	2.0516681645095258e-22
1.015110994	2.2658701816601547e-22
1.016264281	2.301621310436299e-22
1.017417569	2.4959747488711463e-22
1.018570857	2.271219719003984e-22
1.019724145	2.630201658471232e-22
1.020877432	2.294012592779668e-22
1.02203072	2.3653668001276197e-22
1.023184008	2.466344144258237e-22
1.024337296	2.452249725740492e-22
1.025490583	2.425842926216769e-22
1.026643871	2.6867534564582506e-22
1.027797159	2.53442861851899e-22
1.028950447	2.872651921122989e-22
1.030103734	2.6846246061302682e-22
1.031257022	3.0397987697207797e-22
1.03241031	2.919624411504789e-22
1.033563597	3.5065498253235313e-22
1.034716885	3.340656454732137e-22
1.035870173	3.3664324343421955e-22
1.037023461	3.9673650794530726e-22
1.038176748	4.1503255975813896e-22
1.039330036	4.166061509167864e-22
1.040483324	4.517515824464428e-22
1.041636612	4.817842319822646e-22
1.042789899	5.524283810466439e-22
1.043943187	5.192665929306439e-22
1.045096475	6.054527852971416e-22
1.046249763	7.333743361963367e-22
1.04740305	6.343591274565634e-22
1.048556338	7.869218547226989e-22
1.049709626	6.403037416417448e-22
1.050862914	7.281523502780637e-22
1.052016201	7.942976598494943e-22
1.053169489	8.539478965884726e-22
1.054322777	9.517903928479368e-22
1.055476065	9.047391580106403e-22
1.056629352	9.113539643204186e-22
1.05778264	9.475665744596467e-22
1.058935928	9.9264277276242e-22
1.060089216	1.203901038047562e-21
1.061242503	1.0526095849104918e-21
1.062395791	1.1009443816001165e-21
1.063549079	1.3590562393362278e-21
1.064702367	1.1519089177001415e-21
1.065855654	1.28523707288318e-21
1.067008942	1.388353769869472e-21
1.06816223	1.5143034314330428e-21
1.069315517	1.6673844970070025e-21
1.070468805	1.5500039963313216e-21
1.071622093	1.5639687630001017e-21
1.072775381	1.4370584713105371e-21
1.073928668	1.6695791371456048e-21
1.075081956	1.6409074526633564e-21
1.076235244	1.697888560961869e-21
1.077388532	1.5270991546856263e-21
1.078541819	1.530581113029193e-21
1.079695107	1.4163500662524314e-21
1.080848395	1.500682352255306e-21
1.082001683	1.3309312747704969e-21
1.08315497	1.283611151589435e-21
1.084308258	1.274249381881448e-21
1.085461546	1.2077692551166792e-21
1.086614834	1.067100712130485e-21
1.087768121	9.929475875412863e-22
1.088921409	9.043033317780086e-22
1.090074697	7.597888805976736e-22
1.091227985	6.886903348494374e-22
1.092381272	6.108298545597373e-22
1.09353456	5.066482489928596e-22
1.094687848	4.675749629174422e-22
1.095841136	4.0835186744616065e-22
1.096994423	3.7063070437204704e-22
1.098147711	3.2596607807139676e-22
1.099300999	3.1962026018114545e-22
1.100454287	3.0980647424129023e-22
1.101607574	2.771040337060634e-22
1.102760862	2.9315450737447895e-22
1.10391415	2.774755965665541e-22
1.105067438	2.870789039741864e-22
1.106220725	2.4493372423848e-22
1.107374013	2.665833240933772e-22
1.108527301	2.235567130367444e-22
1.109680588	2.365404542611619e-22
1.110833876	1.977326749097658e-22
1.111987164	1.9239778202983265e-22
1.113140452	2.0546558065318552e-22
1.114293739	1.9810124178228542e-22
1.115447027	1.6737836598762213e-22
1.116600315	1.6647868897235032e-22
1.117753603	1.6912670645134099e-22
1.11890689	1.4784662122303518e-22
1.120060178	1.4068743934407034e-22
1.121213466	1.3280428892152642e-22
1.122366754	1.240420099685545e-22
1.123520041	1.246481510137872e-22
1.124673329	1.1621368286009495e-22
1.125826617	1.1293452751323165e-22
1.126979905	1.142940316775284e-22
1.128133192	1.0333662346474382e-22
1.12928648	9.639683221728293e-23
1.130439768	9.319236491577704e-23
1.131593056	9.693013820054855e-23
1.132746343	9.260463184974614e-23
1.133899631	9.811180702737932e-23
1.135052919	1.0039366502145432e-22
1.136206207	9.754384697117008e-23
1.137359494	9.668611902961682e-23
1.138512782	1.0005389417438368e-22
1.13966607	1.0129787093825372e-22
1.140819358	1.1449540836836856e-22
1.141972645	1.159609955991257e-22
1.143125933	1.1941295418646135e-22
1.144279221	1.1509209177248157e-22
1.145432508	1.1069792426799835e-22
1.146585796	9.547171857104183e-23
1.147739084	9.883877539815451e-23
1.148892372	9.507681397274204e-23
1.150045659	8.394021656290283e-23
1.151198947	8.211962341799991e-23
1.152352235	7.072606121548162e-23
1.153505523	6.952227700785721e-23
1.15465881	5.835777987138113e-23
1.155812098	5.484769501927902e-23
1.156965386	5.646162516344159e-23
1.158118674	5.672219294982962e-23
1.159271961	5.285730077325005e-23
1.160425249	5.462453025704139e-23
1.161578537	5.563201467305019e-23
1.162731825	5.470185535317973e-23
1.163885112	6.021795598381129e-23
1.1650384	6.760282770189182e-23
1.166191688	7.099692347345936e-23
1.167344976	7.42738378306004e-23
1.168498263	8.432810887228925e-23
1.169651551	8.939132108182125e-23
1.170804839	9.245244548637569e-23
1.171958127	9.637110740058537e-23
1.173111414	1.0441345128812978e-22
1.174264702	9.856568873436557e-23
1.17541799	1.0532731271526052e-22
1.176571278	1.0201848591770694e-22
1.177724565	1.0035554595283874e-22
1.178877853	9.480408142230876e-23
1.180031141	8.701390652966172e-23
1.181184428	8.280521301751922e-23
1.182337716	8.757466766320586e-23
1.183491004	8.385996655299187e-23
1.184644292	8.421635239823539e-23
1.185797579	7.913053774450546e-23
1.186950867	7.942063027178488e-23
1.188104155	8.955423849412674e-23
1.189257443	9.332672997953302e-23
1.19041073	9.275414259698374e-23
1.191564018	9.712495286417171e-23
1.192717306	9.858207824198032e-23
1.193870594	1.165152390308967e-22
1.195023881	1.1430606399670835e-22
1.196177169	1.2428689092269859e-22
1.197330457	1.3599730103840646e-22
1.198483745	1.3657699231467646e-22
1.199637032	1.3854486689422814e-22
1.20079032	1.3207041501850435e-22
1.201943608	1.3200054202201573e-22
1.203096896	1.4250056081623427e-22
1.204250183	1.5819166614883385e-22
1.205403471	1.5518212436360374e-22
1.206556759	1.6689429353000413e-22
1.207710047	1.8228538509665755e-22
1.208863334	2.1630500450696455e-22
1.210016622	2.1849127287207935e-22
1.21116991	2.156894379425566e-22
1.212323198	2.1602112948458535e-22
1.213476485	2.235794041443231e-22
1.214629773	2.3438157609875403e-22
1.215783061	2.352728598382333e-22
1.216936348	2.3320688620560347e-22
1.218089636	2.3720455340610223e-22
1.219242924	2.482824768760726e-22
1.220396212	2.347671335213667e-22
1.221549499	2.3854619764090287e-22
1.222702787	2.39672244766991e-22
1.223856075	2.3931575560102216e-22
1.225009363	2.377928511315554e-22
1.22616265	2.1691292044985897e-22
1.227315938	2.1931585587104317e-22
1.228469226	2.003801209806144e-22
1.229622514	1.9035353687073868e-22
1.230775801	1.8993174162534316e-22
1.231929089	1.7887189313087067e-22
1.233082377	1.748561584552427e-22
1.234235665	1.7245986582012012e-22
1.235388952	1.6779877338010142e-22
1.23654224	1.7663455231222686e-22
1.237695528	1.7232803963015021e-22
1.238848816	1.8322916570757227e-22
1.240002103	1.8988397504451404e-22
1.241155391	1.9049860922051419e-22
1.242308679	1.958802599160995e-22
1.243461967	2.0159139692328062e-22
1.244615254	2.0955934010651643e-22
1.245768542	2.3535164710628993e-22
1.24692183	2.475597861117407e-22
1.248075118	2.476869563660849e-22
1.249228405	2.6540912108547063e-22
1.250381693	3.0007175857145916e-22
1.251534981	3.084389334742732e-22
1.252688268	3.391005897452252e-22
1.253841556	3.798422875557062e-22
1.254994844	4.025862839738496e-22
1.256148132	3.8943230815149043e-22
1.257301419	4.340273746764927e-22
1.258454707	4.269345993288265e-22
1.259607995	4.235314744654089e-22
1.260761283	4.1628305746804572e-22
1.26191457	4.4104154321312e-22
1.263067858	4.302443447134872e-22
1.264221146	4.463562554156154e-22
1.265374434	4.740278118124182e-22
1.266527721	4.869966561209401e-22
1.267681009	5.5578234562732435e-22
1.268834297	5.476182557268973e-22
1.269987585	5.521261401537363e-22
1.271140872	5.670972636283874e-22
1.27229416	5.998014880503744e-22
1.273447448	6.133203235363749e-22
1.274600736	6.802310228678913e-22
1.275754023	6.692417939667552e-22
1.276907311	6.817329945165138e-22
1.278060599	7.076444271870438e-22
1.279213887	7.352624545114777e-22
1.280367174	7.577090056341878e-22
1.281520462	7.892785778079509e-22
1.28267375	8.720764813996385e-22
1.283827038	7.766682882454703e-22
1.284980325	7.090233500295673e-22
1.286133613	7.330344143924677e-22
1.287286901	7.04334391008569e-22
1.288440188	6.575148433104225e-22
1.289593476	6.569575820957569e-22
1.290746764	6.318893027173922e-22
1.291900052	6.074392087914341e-22
1.293053339	6.196295760994274e-22
1.294206627	5.942123517694926e-22
1.295359915	5.757831396693286e-22
1.296513203	5.441401432054446e-22
1.29766649	5.181896006914363e-22
1.298819778	4.922650845427957e-22
1.299973066	4.368926729697122e-22
1.301126354	4.0082089747616186e-22
1.302279641	3.6733366410895327e-22
1.303432929	3.2232373505173443e-22
1.304586217	2.9653827404530677e-22
1.305739505	2.7042955412528227e-22
1.306892792	2.520465022644379e-22
1.30804608	2.3206134145342772e-22
1.309199368	2.2906783995741285e-22
1.310352656	2.0912057109644871e-22
1.311505943	2.0693776447120008e-22
1.312659231	1.977263109380505e-22
1.313812519	1.907418027277353e-22
1.314965807	1.7943862255464157e-22
1.316119094	1.7634746123206608e-22
1.317272382	1.6593613203473786e-22
1.31842567	1.525487406867873e-22
1.319578958	1.4815603974423036e-22
1.320732245	1.2974793907758273e-22
1.321885533	1.2885512192094309e-22
1.323038821	1.1436161822216627e-22
1.324192108	1.0955457225717575e-22
1.325345396	1.0728471881090656e-22
1.326498684	1.0770937327066205e-22
1.327651972	9.693416334294341e-23
1.328805259	9.66352202200076e-23
1.329958547	9.479988484102302e-23
1.331111835	8.016222810877541e-23
1.332265123	9.250493667651868e-23
1.33341841	8.055108581730764e-23
1.334571698	8.12322287450453e-23
1.335724986	8.093520352316181e-23
1.336878274	7.632018151982959e-23
1.338031561	7.086717374989403e-23
1.339184849	7.359383163625455e-23
1.340338137	6.658189832666871e-23
1.341491425	5.480864825667539e-23
1.342644712	5.854882326699487e-23
1.343798	5.098338462945507e-23
1.344951288	4.63911090175489e-23
1.346104576	5.0112911251166605e-23
1.347257863	4.78266020740141e-23
1.348411151	4.5101432972954965e-23
1.349564439	4.3518908371014334e-23
1.350717727	4.440285271580687e-23
1.351871014	3.412281843569388e-23
1.353024302	4.659534885613326e-23
1.35417759	4.341858394724137e-23
1.355330878	3.8435465794506234e-23
1.356484165	3.854386840862039e-23
1.357637453	4.654643565601819e-23
1.358790741	4.9254445261186014e-23
1.359944028	5.697506550527363e-23
1.361097316	7.716307609560172e-23
1.362250604	1.147617012728974e-22
1.363403892	1.4935987164163387e-22
1.364557179	1.4835377669281523e-22
1.365710467	1.7181444325272458e-22
1.366863755	1.5851603036278675e-22
1.368017043	1.7327450990597805e-22
1.36917033	1.7218948475931098e-22
1.370323618	1.5317080117321981e-22
1.371476906	1.2477158345140326e-22
1.372630194	9.576772805423144e-23
1.373783481	7.917063590560103e-23
1.374936769	5.116831062490012e-23
1.376090057	5.451000582551949e-23
1.377243345	4.957642070590378e-23
1.378396632	5.214402398123362e-23
1.37954992	4.433607672603806e-23
1.380703208	4.0809390096478867e-23
1.381856496	3.6275719468480405e-23
1.383009783	3.7464414882370464e-23
1.384163071	4.498666417301219e-23
1.385316359	6.392636115092965e-23
1.386469647	4.9728126110698184e-23
1.387622934	3.9135734685476645e-23
1.388776222	3.525581367005808e-23
1.38992951	3.4837899012363905e-23
1.391082798	3.306560469769063e-23
1.392236085	3.957072321465527e-23
1.393389373	3.3246757914320826e-23
1.394542661	2.8950584254751524e-23
1.395695949	3.03410003032464e-23
1.396849236	2.986531905976569e-23
1.398002524	2.1173257298002377e-23
1.399155812	2.1634389715657976e-23
1.400309099	2.2532540334902335e-23
1.401462387	1.8652302967633688e-23
1.402615675	1.689900652688991e-23
1.403768963	1.933043562331622e-23
1.40492225	1.6394881676986203e-23
1.406075538	1.4924684927969146e-23
1.407228826	1.579011048162315e-23
1.408382114	1.4638395173873697e-23
1.409535401	1.399000706976746e-23
1.410688689	1.570466468455126e-23
1.411841977	2.017851449095533e-23
1.412995265	2.2028505663774557e-23
1.414148552	2.526945227018753e-23
1.41530184	2.846925215439308e-23
1.416455128	3.2511950047358965e-23
1.417608416	3.378999512238712e-23
1.418761703	3.671227830459799e-23
1.419914991	3.439855003200669e-23
1.421068279	3.494882046984499e-23
1.422221567	3.971565862992969e-23
1.423374854	4.0827220223891474e-23
1.424528142	4.4019138508805996e-23
1.42568143	4.209001245170174e-23
1.426834718	3.723155580246926e-23
1.427988005	3.6126474233403315e-23
1.429141293	3.1058650026621516e-23
1.430294581	4.0270658898430174e-23
1.431447869	4.002421959077169e-23
1.432601156	4.472653574085876e-23
1.433754444	4.6504845800229844e-23
1.434907732	4.031672231747403e-23
1.436061019	4.3948774500458296e-23
1.437214307	5.178472873925204e-23
1.438367595	4.388803251759826e-23
1.439520883	5.627768813406684e-23
1.44067417	5.538503837772015e-23
1.441827458	4.469616220465366e-23
1.442980746	4.494767288235034e-23
1.444134034	4.3973065941867673e-23
1.445287321	4.3987097691415176e-23
1.446440609	4.557928205182478e-23
1.447593897	3.986784446503174e-23
1.448747185	4.409434651058663e-23
1.449900472	4.235448524609199e-23
1.45105376	4.2940451149537355e-23
1.452207048	4.9643994535787423e-23
1.453360336	4.7940340705796187e-23
1.454513623	5.122487685251484e-23
1.455666911	4.704082507337226e-23
1.456820199	5.602874285988589e-23
1.457973487	5.1678946452113256e-23
1.459126774	5.418641738779624e-23
1.460280062	4.7587640482006345e-23
1.46143335	5.653281090197379e-23
1.462586638	5.999713078872523e-23
1.463739925	6.441215425856735e-23
1.464893213	5.95668809141181e-23
1.466046501	5.995150376946864e-23
1.467199789	5.375498481196086e-23
1.468353076	5.460998545195878e-23
1.469506364	5.698002087134125e-23
1.470659652	5.811772790343041e-23
1.471812939	5.34314602038907e-23
1.472966227	5.281878004315921e-23
1.474119515	5.352004451859944e-23
1.475272803	5.133997141280154e-23
1.47642609	5.0596027661855043e-23
1.477579378	5.559172243938016e-23
1.478732666	5.111432666323047e-23
1.479885954	5.912806393137131e-23
1.481039241	5.717494334598102e-23
1.482192529	6.024122561244898e-23
1.483345817	5.99449555036797e-23
1.484499105	6.564535970088701e-23
1.485652392	6.065666818598964e-23
1.48680568	6.571310192382093e-23
1.487958968	7.249739440501167e-23
1.489112256	8.423174190459733e-23
1.490265543	7.665282624572392e-23
1.491418831	7.845910744074564e-23
1.492572119	8.858506845985743e-23
1.493725407	8.413389770019987e-23
1.494878694	9.029195300559834e-23
1.496031982	9.195470147778313e-23
1.49718527	9.090633456944484e-23
1.498338558	8.463984382005737e-23
1.499491845	8.203429859157695e-23
1.500645133	6.917159200932415e-23
1.501798421	7.026523777087238e-23
1.502951709	7.442563082774958e-23
1.504104996	8.497358923216794e-23
1.505258284	8.88311117363229e-23
1.506411572	9.048750701659521e-23
1.507564859	8.74884580143088e-23
1.508718147	9.383500414116225e-23
1.509871435	8.041537493066836e-23
1.511024723	9.80469041065561e-23
1.51217801	9.553308421583307e-23
1.513331298	9.306149693617063e-23
1.514484586	9.353056762127517e-23
1.515637874	1.1097618684727298e-22
1.516791161	9.659266995668821e-23
1.517944449	1.0172242947518295e-22
1.519097737	1.1745633663557785e-22
1.520251025	1.0940954646444567e-22
1.521404312	1.285749489668435e-22
1.5225576	1.215689855362689e-22
1.523710888	1.190278643212992e-22
1.524864176	1.298944335046128e-22
1.526017463	1.300181678475116e-22
1.527170751	1.3114785970622655e-22
1.528324039	1.4364354730775583e-22
1.529477327	1.4163075659131167e-22
1.530630614	1.607820327088349e-22
1.531783902	1.658803745421046e-22
1.53293719	1.7061838495456724e-22
1.534090478	1.8151172331768186e-22
1.535243765	1.8903977131665138e-22
1.536397053	1.7545072572010185e-22
1.537550341	1.8016777751040486e-22
1.538703629	1.9172543966191646e-22
1.539856916	1.9612142841820544e-22
1.541010204	1.908786053758635e-22
1.542163492	1.950149621560115e-22
1.543316779	2.0089327113735624e-22
1.544470067	1.8851823266737633e-22
1.545623355	2.0232613457307347e-22
1.546776643	1.8646314796629612e-22
1.54792993	1.9523180646022752e-22
1.549083218	2.213266766476089e-22
1.550236506	2.2517007128856575e-22
1.551389794	2.2611703850928407e-22
1.552543081	2.2089764124984104e-22
1.553696369	2.10075522103742e-22
1.554849657	2.251000891448989e-22
1.556002945	2.162391237771618e-22
1.557156232	2.150277541479904e-22
1.55830952	2.223681074120164e-22
1.559462808	2.3148270724202513e-22
1.560616096	2.1147520846614234e-22
1.561769383	1.9300081855255626e-22
1.562922671	1.884990851135104e-22
1.564075959	1.782425850495993e-22
1.565229247	1.8186769482671448e-22
1.566382534	1.908134900605816e-22
1.567535822	1.738600740888232e-22
1.56868911	1.8903268181371389e-22
1.569842398	2.0365126369503334e-22
1.570995685	2.0525583789847403e-22
1.572148973	2.268688604798134e-22
1.573302261	2.578227104207822e-22
1.574455549	2.8703249740034074e-22
1.575608836	3.1592925026742383e-22
1.576762124	3.0988203598928686e-22
1.577915412	3.3310194030671536e-22
1.579068699	3.306899650450656e-22
1.580221987	3.21281396198491e-22
1.581375275	3.452743898108668e-22
1.582528563	3.370680208847389e-22
1.58368185	3.486896635081838e-22
1.584835138	3.253147616917291e-22
1.585988426	3.118155177913185e-22
1.587141714	3.271854827118869e-22
1.588295001	3.232387461370783e-22
1.589448289	3.4953268204068483e-22
1.590601577	3.586384967989424e-22
1.591754865	3.413252093407458e-22
1.592908152	3.1484504810215666e-22
1.59406144	3.0493406288478207e-22
1.595214728	3.08951197724792e-22
1.596368016	3.2029601097003444e-22
1.597521303	3.0293702022178717e-22
1.598674591	2.9502819038797564e-22
1.599827879	2.8068031232181904e-22
1.600981167	2.820585285566803e-22
1.602134454	2.6571956887104246e-22
1.603287742	2.57889709985099e-22
1.60444103	2.5592143120314544e-22
1.605594318	2.488188677937617e-22
1.606747605	2.370762719133921e-22
1.607900893	2.259705892580003e-22
1.609054181	2.1938826306394815e-22
1.610207469	2.140923174754548e-22
1.611360756	1.9372595739949168e-22
1.612514044	1.9297693856895922e-22
1.613667332	1.8263844213605862e-22
1.614820619	1.6337181949769163e-22
1.615973907	1.5669888617272574e-22
1.617127195	1.4091761498481039e-22
1.618280483	1.219122747184551e-22
1.61943377	1.105836482145959e-22
1.620587058	1.0629891412920043e-22
1.621740346	1.0423275997675409e-22
1.622893634	9.945222452292679e-23
1.624046921	1.028145706890144e-22
1.625200209	1.0504021442596706e-22
1.626353497	1.0059810951959305e-22
1.627506785	9.988553601467139e-23
1.628660072	8.987520565149113e-23
1.62981336	8.49678215762425e-23
1.630966648	8.13259946808571e-23
1.632119936	7.637067964099664e-23
1.633273223	7.411825337109911e-23
1.634426511	7.203073610991836e-23
1.635579799	7.143148427569989e-23
1.636733087	7.160206103967561e-23
1.637886374	7.16148833211027e-23
1.639039662	7.068243586204268e-23
1.64019295	6.783500678133447e-23
1.641346238	6.562862175288769e-23
1.642499525	6.783966080360953e-23
1.643652813	6.520344518432603e-23
1.644806101	6.224448806950622e-23
1.645959389	6.131272632138247e-23
1.647112676	5.692118037358581e-23
1.648265964	5.677716764849432e-23
1.649419252	5.494467558635833e-23
1.65057254	5.415220825612864e-23
1.651725827	5.372149045502834e-23
1.652879115	5.338566273243504e-23
1.654032403	5.36467381631054e-23
1.65518569	5.1597164043647454e-23
1.656338978	5.1435421725092454e-23
1.657492266	5.2671482752620885e-23
1.658645554	5.2010510519169837e-23
1.659798841	5.0615392441414934e-23
1.660952129	4.7035802491658014e-23
1.662105417	4.160924966544336e-23
1.663258705	3.729165184773026e-23
1.664411992	3.295192402183255e-23
1.66556528	3.1894477877399655e-23
1.666718568	3.215355687064881e-23
1.667871856	3.440239224568093e-23
1.669025143	4.0676639725282044e-23
1.670178431	4.865354375903581e-23
1.671331719	5.99897302278779e-23
1.672485007	7.341302351382126e-23
1.673638294	7.524669421845267e-23
1.674791582	7.393884238004612e-23
1.67594487	7.284909351414625e-23
1.677098158	6.957379247162247e-23
1.678251445	6.605631581797561e-23
1.679404733	6.723817570244992e-23
1.680558021	7.148458897310724e-23
1.681711309	7.300828030219382e-23
1.682864596	7.358491306483102e-23
1.684017884	7.10774007055228e-23
1.685171172	6.685597687287824e-23
1.68632446	6.557461609893693e-23
1.687477747	6.079817472593159e-23
1.688631035	5.943524302406492e-23
1.689784323	5.724013755967688e-23
1.69093761	5.630041757269527e-23
1.692090898	5.430086196161093e-23
1.693244186	5.441390379895533e-23
1.694397474	4.848292125181532e-23
1.695550761	5.1094911871049534e-23
1.696704049	5.18158821581145e-23
1.697857337	5.331474619718628e-23
1.699010625	5.562112013589496e-23
1.700163912	5.702254630194276e-23
1.7013172	5.71205618063339e-23
1.702470488	5.114066170518312e-23
1.703623776	4.706357529256674e-23
1.704777063	4.09012134657977e-23
1.705930351	3.3466104890776446e-23
1.707083639	2.5844799020476937e-23
1.708236927	1.9087524701350073e-23
1.709390214	1.2453315797318159e-23
1.710543502	1.1576339347662795e-23
1.71169679	1.7052816891664592e-23
1.712850078	2.5756245275791697e-23
1.714003365	4.4903367605454523e-23
1.715156653	6.923678685892921e-23
1.716309941	9.427066372774681e-23
1.717463229	1.188439992098052e-22
1.718616516	1.2138966177147479e-22
1.719769804	1.0785812060730116e-22
1.720923092	8.090251047789158e-23
1.72207638	5.527116159071506e-23
1.723229667	4.0396386557515237e-23
1.724382955	3.2499479988735316e-23
1.725536243	2.80800459722567e-23
1.72668953	3.1816803659260585e-23
1.727842818	3.174275770169798e-23
1.728996106	2.687692888599088e-23
1.730149394	3.3830094521935423e-23
1.731302681	3.326582886574138e-23
1.732455969	3.893725984695165e-23
1.733609257	4.031513901609048e-23
1.734762545	4.9895120592345224e-23
1.735915832	4.902910380183076e-23
1.73706912	5.165901029717249e-23
1.738222408	5.614663172835786e-23
1.739375696	5.187672749201518e-23
1.740528983	4.830022240627847e-23
1.741682271	5.426378001528926e-23
1.742835559	4.6410433204767446e-23
1.743988847	4.7651911493522076e-23
1.745142134	4.437149617489636e-23
1.746295422	4.175708281857457e-23
1.74744871	3.9663388185996827e-23
1.748601998	3.973039736975938e-23
1.749755285	4.027421177288149e-23
1.750908573	4.0474236580322886e-23
1.752061861	4.240786353708119e-23
1.753215149	4.191371360743262e-23
1.754368436	4.149299631994114e-23
1.755521724	3.637837986607439e-23
1.756675012	4.045920489079e-23
1.7578283	3.1458781158353173e-23
1.758981587	3.300435755396245e-23
1.760134875	2.517837183503031e-23
1.761288163	2.5999853297983705e-23
1.76244145	2.3688265683676917e-23
1.763594738	2.532380916250193e-23
1.764748026	2.854218014381276e-23
1.765901314	2.8450207923894344e-23
1.767054601	3.3365795167740675e-23
1.768207889	3.4415733156137135e-23
1.769361177	3.3531823276233416e-23
1.770514465	2.5628716587487152e-23
1.771667752	2.5507565353663284e-23
1.77282104	2.124576922136762e-23
1.773974328	1.9921477699677138e-23
1.775127616	2.025742378987182e-23
1.776280903	1.7653803963320447e-23
1.777434191	1.4599514801288775e-23
1.778587479	1.875694991227916e-23
1.779740767	1.7550969100279905e-23
1.780894054	1.7743270880223098e-23
1.782047342	1.660429621499334e-23
1.78320063	1.7169522991848255e-23
1.784353918	2.054704594101261e-23
1.785507205	2.0660286985680663e-23
1.786660493	2.3190285561485678e-23
1.787813781	2.723213492155293e-23
1.788967069	3.3852845324053185e-23
1.790120356	3.2984343281527964e-23
1.791273644	2.878254103238639e-23
1.792426932	2.3084313500559782e-23
1.79358022	2.2620933163538085e-23
1.794733507	1.7990214372039248e-23
1.795886795	1.9918078027193698e-23
1.797040083	2.1220605221837674e-23
1.79819337	2.1636223924938456e-23
1.799346658	3.222341093897957e-23
1.800499946	3.006537821468579e-23
1.801653234	3.590816364443703e-23
1.802806521	4.372944610304614e-23
1.803959809	4.750781344246286e-23
1.805113097	5.322837202327883e-23
1.806266385	5.876111980383616e-23
1.807419672	6.310117484463151e-23
1.80857296	6.580790154650121e-23
1.809726248	7.657041883600694e-23
1.810879536	9.110119261583798e-23
1.812032823	9.994447870213902e-23
1.813186111	1.2417432479533426e-22
1.814339399	1.2645184336724684e-22
1.815492687	1.5352212882140576e-22
1.816645974	1.702919805828836e-22
1.817799262	1.7730056256950028e-22
1.81895255	2.0406750350726962e-22
1.820105838	2.0830389384016328e-22
1.821259125	2.1610902061207917e-22
1.822412413	2.213718395922492e-22
1.823565701	2.4609071929298103e-22
1.824718989	2.6302321532040114e-22
1.825872276	2.6787546495817497e-22
1.827025564	2.7897861051487395e-22
1.828178852	3.0423534291960644e-22
1.82933214	2.7613243124421327e-22
1.830485427	3.7250350730628793e-22
1.831638715	3.9409185305415094e-22
1.832792003	3.512380790228326e-22
1.83394529	0.
1.835098578	0.
1.836251866	0.
1.837405154	0.
1.838558441	0.
1.839711729	0.
1.840865017	0.
1.842018305	0.
1.843171592	0.
1.84432488	0.
1.845478168	0.
1.846631456	0.
1.847784743	0.
1.848938031	0.
1.850091319	0.
1.851244607	0.
1.852397894	0.
1.853551182	0.
1.85470447	0.
1.855857758	0.
1.857011045	0.
1.858164333	0.
1.859317621	0.
1.860470909	0.
1.861624196	0.
1.862777484	0.
1.863930772	0.
1.86508406	0.
1.866237347	0.
1.867390635	0.
1.868543923	0.
1.86969721	0.
1.870850498	0.
1.872003786	4.408425381118483e-23
1.873157074	4.323695895548888e-23
1.874310361	5.2838396382620957e-23
1.875463649	5.288125213413067e-23
1.876616937	6.002115362659914e-23
1.877770225	-2.614087274777715e-22
1.878923512	1.071712126765741e-22
1.8800768	5.617202890182085e-23
1.881230088	4.6048061848441346e-23
1.882383376	2.1481894718043805e-23
1.883536663	1.159236409466215e-23
1.884689951	6.6983001412061535e-25
1.885843239	2.0659398953986212e-21
1.886996527	1.2188833567810827e-22
1.888149814	1.0984665810448283e-22
1.889303102	1.2481523676491214e-22
1.89045639	1.800680747729913e-22
1.891609678	8.299766354184118e-22
1.892762965	-1.1243829405304161e-22
1.893916253	2.1920258732932992e-23
1.895069541	4.559889165251834e-23
1.896222829	5.332489667459278e-23
1.897376116	4.743722025708521e-23
1.898529404	4.833085816813642e-23
1.899682692	3.197682394678696e-23
1.90083598	4.9591810738935335e-23
1.901989267	7.757376514175918e-23
1.903142555	9.829931182673289e-23
1.904295843	1.1586180486679202e-22
1.905449131	1.1574137845260888e-22
1.906602418	9.164079144530098e-23
1.907755706	8.475043009604084e-23
1.908908994	7.453544932327008e-23
1.910062281	6.092085253202342e-23
1.911215569	6.597296959647743e-23
1.912368857	1.9490061015932664e-22
1.913522145	-1.4491891593989475e-22
1.914675432	2.8972190543657315e-23
1.91582872	-3.201789749204542e-22
1.916982008	-1.1913873753353826e-22
1.918135296	-6.685140568464343e-23
1.919288583	-1.652640500942377e-23
1.920441871	1.5318279833990178e-23
1.921595159	2.758817896461781e-23
1.922748447	3.260432444803509e-23
1.923901734	3.497734360265258e-23
1.925055022	3.535307055437506e-23
1.92620831	3.253057882737952e-23
1.927361598	2.715701351638572e-23
1.928514885	2.0718969583586047e-23
1.929668173	1.482117884353971e-23
1.930821461	1.5306719928199632e-23
1.931974749	1.7793159006399187e-23
1.933128036	2.2073927103119212e-23
1.934281324	1.9569973975374085e-23
1.935434612	1.973945824687556e-23
1.9365879	1.4011430712519233e-23
1.937741187	1.0638336835904141e-23
1.938894475	1.1733751745216188e-23
1.940047763	1.3701599634122745e-23
1.941201051	1.4284595817974533e-23
1.942354338	1.6323297516725176e-23
1.943507626	1.854290449000054e-23
1.944660914	2.0084252298580984e-23
1.945814201	2.1552165540979737e-23
1.946967489	2.079234475695063e-23
1.948120777	1.444698673244316e-23
1.949274065	1.426997715692033e-23
1.950427352	1.1808027433145386e-23
1.95158064	1.2171281976299825e-23
1.952733928	1.5048350575686426e-23
1.953887216	1.5574452429308428e-23
1.955040503	1.3070065932858626e-23
1.956193791	1.2658559974442736e-23
1.957347079	1.2930037040587106e-23
1.958500367	1.3936493721707833e-23
1.959653654	1.3341600906380014e-23
1.960806942	1.1819335093090874e-23
1.96196023	1.1734115694091743e-23
1.963113518	1.0706022004458029e-23
1.964266805	1.0697956422096521e-23
1.965420093	7.936305913698044e-24
1.966573381	6.634078576310655e-24
1.967726669	8.030639756331783e-24
1.968879956	8.263189093694567e-24
1.970033244	9.317458786436864e-24
1.971186532	9.433096759605987e-24
1.97233982	9.278306032113795e-24
1.973493107	9.244175348384185e-24
1.974646395	1.128709949536089e-23
1.975799683	1.2444329633596289e-23
1.976952971	1.117308595763824e-23
1.978106258	1.1318953118040702e-23
1.979259546	1.1705163986231438e-23
1.980412834	1.0125335895932936e-23
1.981566121	9.366153107419974e-24
1.982719409	8.564483953981682e-24
1.983872697	7.91179451138629e-24
1.985025985	9.06964740148884e-24
1.986179272	9.4010450064523e-24
1.98733256	8.748689034283855e-24
1.988485848	7.757430940655767e-24
1.989639136	7.371573067683038e-24
1.990792423	8.110378577503372e-24
1.991945711	7.625801942417678e-24
1.993098999	6.988751127938439e-24
1.994252287	5.6651082154223794e-24
1.995405574	4.483991416175637e-24
1.996558862	2.5275182595938312e-24
1.99771215	-1.2493097551066561e-25
1.998865438	-1.581337728686211e-24
2.000018725	1.8839941792718203e-24
2.001172013	1.0093967551036681e-23
2.002325301	1.5555806981209488e-23
2.003478589	2.065776562773969e-23
2.004631876	1.6360924493870104e-23
2.005785164	1.1450814965329873e-23
2.006938452	7.408612369175714e-24
2.00809174	5.5509416708744755e-24
2.009245027	4.947165913269259e-24
2.010398315	5.258689329766793e-24
2.011551603	5.2154478980019954e-24
2.012704891	5.2644350955285646e-24
2.013858178	5.1899906419203295e-24
2.015011466	6.666441839369744e-24
2.016164754	8.21385893804126e-24
2.017318041	7.555578832862051e-24
2.018471329	8.162581554434414e-24
2.019624617	9.46934537809024e-24
2.020777905	7.767909075959123e-24
2.021931192	9.375784300534038e-24
2.02308448	8.884600606514876e-24
2.024237768	1.0433809167847412e-23
2.025391056	1.084031579191401e-23
2.026544343	1.1724996104779913e-23
2.027697631	1.2054785829764426e-23
2.028850919	1.1085137182780275e-23
2.030004207	9.068942367005579e-24
2.031157494	9.307547950792055e-24
2.032310782	8.684513068305784e-24
2.03346407	8.534918559696106e-24
2.034617358	8.508110639508022e-24
2.035770645	6.17599300112352e-24
2.036923933	7.184768781097379e-24
2.038077221	9.489353143965912e-24
2.039230509	1.147431078090548e-23
2.040383796	1.2003857634606127e-23
2.041537084	1.2719925976242452e-23
2.042690372	1.2884398219793864e-23
2.04384366	8.125381076380383e-24
2.044996947	2.848566009948905e-24
2.046150235	1.1660845621835542e-24
2.047303523	2.6739501401912558e-24
2.048456811	4.675780324097914e-24
2.049610098	6.253682250481976e-24
2.050763386	6.36926463529498e-24
2.051916674	7.261025453073041e-24
2.053069961	7.267830526953136e-24
2.054223249	8.913878402826673e-24
2.055376537	1.0403735223912084e-23
2.056529825	1.1638437754589484e-23
2.057683112	1.165122046181686e-23
2.0588364	9.549763950357495e-24
2.059989688	7.746257468944384e-24
2.061142976	6.752312594123507e-24
2.062296263	7.168884549408962e-24
2.063449551	7.37703742852525e-24
2.064602839	6.665733951008076e-24
2.065756127	6.657123205959602e-24
2.066909414	5.278303691318795e-24
2.068062702	4.6042877382474444e-24
2.06921599	5.520700122310128e-24
2.070369278	7.850040900060362e-24
2.071522565	8.517480174289925e-24
2.072675853	1.0099607110778006e-23
2.073829141	8.845057719730624e-24
2.074982429	8.461268122416929e-24
2.076135716	6.618628159076072e-24
2.077289004	4.621826917367441e-24
2.078442292	4.1095348061059145e-24
2.07959558	3.894804497542111e-24
2.080748867	4.548080084268305e-24
2.081902155	4.403323733984475e-24
2.083055443	4.617265032491611e-24
2.084208731	5.015429415664951e-24
2.085362018	6.061049943324228e-24
2.086515306	6.334495020196758e-24
2.087668594	6.760670629712623e-24
2.088821881	6.801182485549247e-24
2.089975169	6.777943836537086e-24
2.091128457	6.655461335277164e-24
2.092281745	6.8521098653751e-24
2.093435032	6.296762930465526e-24
2.09458832	5.8637146369863665e-24
2.095741608	5.7627915775265705e-24
2.096894896	4.888716873021249e-24
2.098048183	4.4479172862923784e-24
2.099201471	4.1720570099526035e-24
2.100354759	4.328920303440209e-24
2.101508047	4.7662270665926975e-24
2.102661334	5.426928035348741e-24
2.103814622	6.3828515062512196e-24
2.10496791	6.644616567013618e-24
2.106121198	5.779674468455466e-24
2.107274485	3.6857671346742025e-24
2.108427773	8.379284608241078e-25
2.109581061	-1.6835402170089448e-24
2.110734349	-3.471162789454577e-24
2.111887636	-3.0888769502547593e-24
2.113040924	-8.312528214015546e-25
2.114194212	2.534868286904388e-24
2.1153475	5.389030420313284e-24
2.116500787	6.723117036243039e-24
2.117654075	6.719348717992718e-24
2.118807363	6.048882596853993e-24
2.119960651	5.665489425050852e-24
2.121113938	5.1466613777108166e-24
2.122267226	6.230050356836322e-24
2.123420514	7.123546889243524e-24
2.124573801	7.632171510126738e-24
2.125727089	7.146922237499775e-24
2.126880377	6.990004326298137e-24
2.128033665	6.345056441491398e-24
2.129186952	6.538810514860361e-24
2.13034024	6.788451517496816e-24
2.131493528	7.61846700290878e-24
2.132646816	8.395459224847776e-24
2.133800103	8.518065930326279e-24
2.134953391	8.417005465832239e-24
2.136106679	8.071427386270548e-24
2.137259967	7.832969673399643e-24
2.138413254	7.342632189571853e-24
2.139566542	8.072911740169195e-24
2.14071983	7.936736845495211e-24
2.141873118	7.02795449246785e-24
2.143026405	6.126280214803167e-24
2.144179693	5.2668712419830754e-24
2.145332981	4.3037933420927186e-24
2.146486269	4.587640859404883e-24
2.147639556	5.9217232461175495e-24
2.148792844	8.678623143872559e-24
2.149946132	1.113202507392366e-23
2.15109942	1.1542695134575646e-23
2.152252707	1.064068206240267e-23
2.153405995	9.224540252317332e-24
2.154559283	7.452280544244037e-24
2.155712571	6.061616472950773e-24
2.156865858	5.248886925396977e-24
2.158019146	5.200801836694244e-24
2.159172434	5.67320610165624e-24
2.160325722	5.812137760422564e-24
2.161479009	5.7720253791927924e-24
2.162632297	5.820877578142781e-24
2.163785585	5.681284084097162e-24
2.164938872	5.5427462095027915e-24
2.16609216	5.687046824864737e-24
2.167245448	5.676483129848388e-24
2.168398736	5.780095515723401e-24
2.169552023	6.0729766799893634e-24
2.170705311	5.983452007677654e-24
2.171858599	4.828030464248948e-24
2.173011887	3.503265649118652e-24
2.174165174	2.3175142749847375e-24
2.175318462	1.900013764434155e-24
2.17647175	2.787440035381372e-24
2.177625038	5.406263932068577e-24
2.178778325	8.172164026711272e-24
2.179931613	8.225615115266729e-24
2.181084901	6.195957994605337e-24
2.182238189	3.948568399047239e-24
2.183391476	2.4546239090951717e-24
2.184544764	2.550668663806258e-24
2.185698052	2.8580624945458482e-24
2.18685134	3.3140261747488535e-24
2.188004627	3.2604425714634494e-24
2.189157915	7.660522948805698e-25
2.190311203	-1.842968895320338e-24
2.191464491	-1.9481663769122216e-24
2.192617778	1.0197999346892876e-24
2.193771066	4.294048370118501e-24
2.194924354	6.0268697507971206e-24
2.196077642	5.746888809740686e-24
2.197230929	4.491424573817862e-24
2.198384217	1.8726385458566288e-24
2.199537505	-4.589935292763814e-25
2.200690792	-8.42962082872041e-25
2.20184408	2.4701722993515076e-25
2.202997368	1.775606313732596e-24
2.204150656	2.8436880635542103e-24
2.205303943	3.040913957946393e-24
2.206457231	1.28152309959023e-24
2.207610519	-9.471436905915972e-25
2.208763807	-9.56461954250024e-25
2.209917094	2.46942897117144e-24
2.211070382	5.951547084751514e-24
2.21222367	6.841391644744821e-24
2.213376958	5.891854778716839e-24
2.214530245	3.862301243402645e-24
2.215683533	1.78425540083328e-24
2.216836821	6.043729880909611e-25
2.217990109	4.443131303919394e-25
2.219143396	1.3192543721657243e-24
2.220296684	2.4806097748599267e-24
2.221449972	3.586743216340663e-24
2.22260326	3.758401194365499e-24
2.223756547	2.7058404902742295e-24
2.224909835	9.208542854866637e-25
2.226063123	3.789138005333306e-25
2.227216411	2.975727024326131e-24
2.228369698	6.749614438064551e-24
2.229522986	8.944217211672282e-24
2.230676274	9.764022471117017e-24
2.231829562	9.00990218316294e-24
2.232982849	7.927271414149384e-24
2.234136137	5.964173994292281e-24
2.235289425	4.372491792553918e-24
2.236442712	3.5404607451924596e-24
2.237596	3.424511164435418e-24
2.238749288	3.813116999798007e-24
2.239902576	4.6216252683741626e-24
2.241055863	4.93755869236992e-24
2.242209151	5.235998969517128e-24
2.243362439	4.781407013624354e-24
2.244515727	4.354456811801285e-24
2.245669014	3.3557549114693596e-24
2.246822302	3.2701122830924875e-24
2.24797559	4.104344810938883e-24
2.249128878	5.1133832735237885e-24
2.250282165	6.120052379869473e-24
2.251435453	6.902261418148841e-24
2.252588741	7.546430360021646e-24
2.253742029	7.209614677676981e-24
2.254895316	6.421690537306435e-24
2.256048604	6.556176971866969e-24
2.257201892	5.9421090238059346e-24
2.25835518	5.6324068094187246e-24
2.259508467	5.876892831908722e-24
2.260661755	5.8369129745121595e-24
2.261815043	5.920896447900093e-24
2.262968331	5.79663598902546e-24
2.264121618	5.511232805267596e-24
2.265274906	5.301570278452776e-24
2.266428194	4.211873681884449e-24
2.267581482	2.0305148890244554e-24
2.268734769	-1.9964079978395125e-24
2.269888057	-4.800757080059396e-24
2.271041345	-3.0608822518827105e-24
2.272194632	5.474617227367454e-25
2.27334792	3.3614251131307656e-24
2.274501208	4.994302295569089e-24
2.275654496	5.440343502489289e-24
2.276807783	5.324361985811826e-24
2.277961071	4.827851735525203e-24
2.279114359	4.277367890136179e-24
2.280267647	3.830748984767536e-24
2.281420934	3.663368129303109e-24
2.282574222	3.614547609938792e-24
2.28372751	3.611540114683345e-24
2.284880798	4.614973280740683e-24
2.286034085	5.580633509522832e-24
2.287187373	6.39599080075768e-24
2.288340661	6.427813489419893e-24
2.289493949	3.719205815070548e-24
2.290647236	-5.717411711994437e-24
2.291800524	-2.0526974043879138e-23
2.292953812	-3.3100470571912244e-23
2.2941071	-3.049029923096172e-23
2.295260387	-2.013156445846593e-23
2.296413675	-8.025244316398567e-24
2.297566963	-4.866055546989503e-25
2.298720251	3.327504891554486e-24
2.299873538	3.71691333507588e-24
2.301026826	2.5445311844619175e-24
2.302180114	9.861120114502566e-25
2.303333402	6.876902607468648e-25
2.304486689	7.029942206628498e-25
2.305639977	3.547745113625756e-25
2.306793265	-4.8643728006494543e-26
2.307946552	-2.534599393766868e-25
2.30909984	-5.94541112908562e-26
2.310253128	4.820653503930046e-25
2.311406416	1.3614125205890227e-24
2.312559703	1.9749816832234054e-24
2.313712991	1.887566386925855e-24
2.314866279	1.2214748229872108e-24
2.316019567	9.702487809450992e-26
2.317172854	-5.08383104407326e-25
2.318326142	-5.530561941456957e-25
2.31947943	-4.140219587783558e-25
2.320632718	-6.227016587318053e-25
2.321786005	-1.1141250143026769e-24
2.322939293	-1.693512974634158e-24
2.324092581	-2.2128463991990475e-24
2.325245869	-2.6054848019664398e-24
2.326399156	-2.298323066953073e-24
2.327552444	-1.648554141467527e-24
2.328705732	-1.3320743558168231e-24
2.32985902	-1.338191075145317e-24
2.331012307	-1.4654094509539713e-24
2.332165595	-1.1915134517114718e-24
2.333318883	-1.4529564617475713e-24
2.334472171	-2.7306936913917485e-24
2.335625458	-5.79372735420269e-24
2.336778746	-6.195390874851425e-24
2.337932034	-7.154508667228771e-24
2.339085322	-5.324210946223791e-24
2.340238609	-2.8458930210006766e-24
2.341391897	-2.0682781105500396e-25
2.342545185	1.30127084569658e-24
2.343698472	8.375152533632706e-25
2.34485176	-5.077577783729951e-25
2.346005048	-2.1378827183843247e-24
2.347158336	-2.9646277838251604e-24
2.348311623	-2.9192071046428186e-24
2.349464911	-2.248010114012952e-24
2.350618199	-1.4846669199584449e-24
2.351771487	-4.455971398104209e-25
2.352924774	1.0081653913695668e-25
2.354078062	-4.474601898758683e-25
2.35523135	-2.6204754556187812e-24
2.356384638	-4.6440821430584964e-24
2.357537925	-8.31648842317522e-24
2.358691213	-9.627528547359772e-24
2.359844501	-1.0447539931335715e-23
2.360997789	-9.036904616872237e-24
2.362151076	-5.9366950196912216e-24
2.363304364	-5.083113147666581e-24
2.364457652	-5.988006806523405e-24
2.36561094	-9.230634898757505e-24
2.366764227	-9.88615245301159e-24
2.367917515	-1.0340842407542538e-23
2.369070803	-8.432767237339311e-24
2.370224091	-4.605371855289078e-24
2.371377378	-1.4831324946855342e-24
2.372530666	-9.719042123498973e-25
2.373683954	-2.5759762578536945e-24
2.374837242	-4.60825886146964e-24
2.375990529	-4.940287645443137e-24
2.377143817	-5.1513905616504134e-24
2.378297105	-3.962316629655229e-24
2.379450392	-2.8338252515988206e-24
2.38060368	-1.773082070089869e-24
2.381756968	-6.10511444014826e-25
2.382910256	2.2910190633654378e-25
2.384063543	8.679745286036856e-25
2.385216831	1.0585606477755746e-24
2.386370119	1.011595421642937e-24
2.387523407	6.945328210012032e-25
2.388676694	1.7111030639576354e-25
2.389829982	-3.130566788614567e-25
2.39098327	-6.491797065520638e-25
2.392136558	-8.625752300382399e-25
2.393289845	-7.031552588723332e-25
2.394443133	-3.492703872439261e-25
2.395596421	8.896125380424235e-26
2.396749709	3.2409261773689994e-25
2.397902996	-8.878720963736436e-26
2.399056284	-1.4767289535557231e-24
2.400209572	-3.224425308399338e-24
2.40136286	-3.599399172212587e-24
2.402516147	-3.7842653477693265e-24
2.403669435	-2.0053594305280508e-24
2.404822723	-4.6776196142052625e-25
2.405976011	3.33479531838191e-25
2.407129298	-6.1369734878105985e-27
2.408282586	-1.7657662789967804e-24
2.409435874	-4.55761113083155e-24
2.410589162	-8.8732286569311e-24
2.411742449	-1.2382936794080942e-23
2.412895737	-1.2844557311555306e-23
2.414049025	-1.243348222088937e-23
2.415202313	-8.001764627987403e-24
2.4163556	-1.8971405636009248e-24
2.417508888	2.2470728414186615e-24
2.418662176	4.294209295891024e-24
2.419815463	2.565135148153091e-24
2.420968751	7.727596999404459e-25
2.422122039	-7.8875900589324385e-25
2.423275327	-1.8664340222619066e-24
2.424428614	-2.697822226613567e-24
2.425581902	-3.636311829767978e-24
2.42673519	-4.949985942318109e-24
2.427888478	-6.3995055699002646e-24
2.429041765	-7.930765073728494e-24
2.430195053	-7.909549001693861e-24
2.431348341	-7.71334170975262e-24
2.432501629	-5.196397519004239e-24
2.433654916	-3.198201829697221e-25
2.434808204	3.947167762514056e-24
2.435961492	4.866180891608608e-24
2.43711478	-3.1402932436948863e-25
2.438268067	-7.652113898568308e-24
2.439421355	-1.1042063502005507e-23
2.440574643	-7.65945530985926e-24
2.441727931	-3.900013383339841e-24
2.442881218	-2.3587421613549145e-26
2.444034506	-1.7929029360153865e-23
2.445187794	-1.5707212099585963e-23
2.446341082	3.023490229397753e-23
2.447494369	7.169846353330342e-24
2.448647657	5.037427582445499e-24
2.449800945	4.544501708829748e-24
2.450954233	4.088659153922627e-24
2.45210752	3.3546586275157984e-24
2.453260808	-2.701291213664081e-24
2.454414096	-1.7818296127258078e-23
2.455567383	-3.4610569309103486e-23
2.456720671	-4.0003123137186137e-23
2.457873959	-2.831997557068817e-23
2.459027247	-1.6366692814417994e-23
2.460180534	-6.013037024931741e-24
2.461333822	-2.823345225236855e-25
2.46248711	1.2429519913989619e-24
2.463640398	-1.6513547969486394e-24
2.464793685	-6.259621027336236e-24
2.465946973	-8.60917905746501e-24
2.467100261	-1.0981428901846225e-23
2.468253549	-6.922798402675432e-24
2.469406836	-1.882704938875082e-24
2.470560124	2.1895880890335994e-24
2.471713412	3.869029962779276e-24
2.4728667	4.2243086362822514e-24
2.474019987	2.9513821487246026e-24
2.475173275	2.2422818586786808e-24
2.476326563	1.992411967946189e-24
2.477479851	8.062324378397156e-24
2.478633138	-1.6298526613853034e-23
2.479786426	-3.522358473483067e-24
2.480939714	6.583618322773845e-24
2.482093002	1.8642508110324648e-23
2.483246289	4.5758290738580994e-23
2.484399577	-3.9534255263851515e-23
2.485552865	-1.5016445652435397e-23
2.486706153	-2.777385782584729e-23
2.48785944	-5.06011543667436e-23
2.489012728	-5.661777648797806e-23
2.490166016	-3.388832060072559e-23
2.491319303	-3.213171938624335e-23
2.492472591	3.5568585138197346e-23
2.493625879	1.1017320675070196e-23
2.494779167	1.3093563791472944e-23
2.495932454	1.998327426691935e-23
2.497085742	2.5676918804095558e-23