0.45	2.3128681769907243e-22
0.451206287	6.844532512987045e-22
0.452412573	1.2540654932396585e-21
0.45361886	4.112428124159419e-21
0.454825146	-3.763676529040845e-20
0.456031433	5.3373169772927015e-21
0.45723772	3.993551279792796e-21
0.458444006	5.352131464028005e-21
0.459650293	1.0492891891981007e-20
0.460856579	1.3784895211856004e-20
0.462062866	1.5389766326766725e-20
0.463269153	2.0912045303696475e-20
0.464475439	1.6442989394007105e-20
0.465681726	1.1715308021817043e-20
0.466888012	2.1373192085416096e-20
0.468094299	2.5501954083679355e-20
0.469300586	1.6055080134959857e-20
0.470506872	2.1965271233799365e-20
0.471713159	1.710888437813388e-20
0.472919445	1.4107045653961163e-20
0.474125732	1.2044787816245478e-20
0.475332019	1.7716049001058074e-20
0.476538305	1.9761891800028742e-20
0.477744592	1.310772209868807e-20
0.478950878	2.0379173893185726e-20
0.480157165	1.9193083162240988e-20
0.481363452	1.517287096201697e-20
0.482569738	1.722443059043928e-20
0.483776025	2.58428506625445e-20
0.484982311	1.8104392458429835e-20
0.486188598	2.2548756990053095e-20
0.487394885	2.0864838293381726e-20
0.488601171	1.7072857979906906e-20
0.489807458	2.5558420943763013e-20
0.491013744	2.493912864270362e-20
0.492220031	2.3739272661050498e-20
0.493426318	2.98420931263913e-20
0.494632604	2.3216621633085834e-20
0.495838891	2.464389034278756e-20
0.497045177	2.076890086835388e-20
0.498251464	2.8387783777248635e-20
0.499457751	1.845097684366966e-20
0.500664037	2.8212999654431775e-20
0.501870324	2.6328596204035368e-20
0.50307661	1.967959785803772e-20
0.504282897	1.5117324757413042e-20
0.505489184	2.0197154841213428e-20
0.50669547	1.2933183228251723e-20
0.507901757	1.3653271220414938e-20
0.509108043	9.100589328232902e-21
0.51031433	9.103708068349444e-21
0.511520617	9.096508335653599e-21
0.512726903	1.2507242747128549e-20
0.51393319	1.2908285651610541e-20
0.515139476	1.2368555604808366e-20
0.516345763	1.3803300729182537e-20
0.51755205	1.629245999398861e-20
0.518758336	1.6045172665197902e-20
0.519964623	2.1363687297909523e-20
0.521170909	2.100494734250962e-20
0.522377196	2.1308342219131134e-20
0.523583483	2.1677069764947997e-20
0.524789769	2.1779163630977598e-20
0.525996056	2.095385124705304e-20
0.527202342	2.3886707777946064e-20
0.528408629	2.5655454738761675e-20
0.529614916	2.9500177528012984e-20
0.530821202	3.353090448107799e-20
0.532027489	2.938252729221031e-20
0.533233775	3.042242456632266e-20
0.534440062	2.843860891118628e-20
0.535646349	3.327810313615333e-20
0.536852635	3.4353260947121984e-20
0.538058922	3.5915103786996536e-20
0.539265208	3.0071943095967935e-20
0.540471495	2.6324684994452763e-20
0.541677782	2.7090991023816322e-20
0.542884068	2.7421787567368696e-20
0.544090355	2.829301705190202e-20
0.545296641	2.836569584107601e-20
0.546502928	2.7162489827888094e-20
0.547709215	2.9546927420269354e-20
0.548915501	2.5956794081746092e-20
0.550121788	2.663607127195783e-20
0.551328074	2.845862931412397e-20
0.552534361	2.419311493246794e-20
0.553740648	2.125182352048726e-20
0.554946934	2.4601517410929693e-20
0.556153221	2.511276906862071e-20
0.557359507	2.5731310288293886e-20
0.558565794	2.732794104614479e-20
0.559772081	2.9540235173026e-20
0.560978367	2.6279207461649546e-20
0.562184654	2.7550693659646516e-20
0.56339094	2.7433737198616796e-20
0.564597227	2.755088046775586e-20
0.565803514	3.0547713647605713e-20
0.5670098	2.9211531324033155e-20
0.568216087	2.9457435384119865e-20
0.569422373	2.9088215596846545e-20
0.57062866	2.820836803665889e-20
0.571834947	2.75867215155364e-20
0.573041233	2.8935287782709194e-20
0.57424752	2.817021819007742e-20
0.575453806	2.730611886395975e-20
0.576660093	2.6961344211040184e-20
0.57786638	2.5047325931133438e-20
0.579072666	2.4464881475565692e-20
0.580278953	2.4686961443819263e-20
0.581485239	2.231449847843975e-20
0.582691526	2.095359333322873e-20
0.583897813	2.1192368563670116e-20
0.585104099	2.138353025106702e-20
0.586310386	2.260034416105793e-20
0.587516672	2.2045617273959657e-20
0.588722959	2.1162213272169317e-20
0.589929246	2.374154911682766e-20
0.591135532	2.3522089750264583e-20
0.592341819	2.41851207990201e-20
0.593548105	2.4821037694999836e-20
0.594754392	2.6369223346615e-20
0.595960679	2.763894136530902e-20
0.597166965	3.137639391211749e-20
0.598373252	3.531991359266327e-20
0.599579538	3.651417882579167e-20
0.600785825	3.914889143529529e-20
0.601992112	4.3750739142530845e-20
0.603198398	4.476567774756131e-20
0.604404685	4.8649412566505465e-20
0.605610971	4.917322253805009e-20
0.606817258	5.108753397913343e-20
0.608023545	5.132388742338712e-20
0.609229831	5.1586187492168736e-20
0.610436118	5.412570402564583e-20
0.611642404	5.4066831506509585e-20
0.612848691	5.616901559701363e-20
0.614054978	5.3469315155991735e-20
0.615261264	4.796177033506011e-20
0.616467551	5.0889444217970034e-20
0.617673837	4.7945425022580367e-20
0.618880124	4.237503989257141e-20
0.620086411	4.0679935726148465e-20
0.621292697	4.1200830778758907e-20
0.622498984	4.436782183478105e-20
0.62370527	4.828990505499219e-20
0.624911557	4.928787159721465e-20
0.626117844	5.377697495141455e-20
0.62732413	5.47127821673713e-20
0.628530417	5.53832089176492e-20
0.629736703	5.668065912229103e-20
0.63094299	6.576382574566241e-20
0.632149277	7.142547579638606e-20
0.633355563	7.170406624395789e-20
0.63456185	8.722627508248904e-20
0.635768136	7.806287544773391e-20
0.636974423	8.462406434364388e-20
0.63818071	8.442704522632595e-20
0.639386996	9.633701630396948e-20
0.640593283	1.0176513895752815e-19
0.641799569	1.0619060689971189e-19
0.643005856	1.1009006014136975e-19
0.644212143	1.0762478214630201e-19
0.645418429	1.1930807197153304e-19
0.646624716	1.2163928771972208e-19
0.647831002	1.313215606648294e-19
0.649037289	1.2186526723499947e-19
0.650243576	1.2022115914962496e-19
0.651449862	1.3357445975544667e-19
0.652656149	1.2489228749827756e-19
0.653862435	1.1158885378604892e-19
0.655068722	1.293924103859155e-19
0.656275009	1.0162757724662719e-19
0.657481295	1.1955049676617897e-19
0.658687582	1.158953865481766e-19
0.659893868	1.2363667977884645e-19
0.661100155	1.0629582160366548e-19
0.662306442	1.0956783420324043e-19
0.663512728	1.1098857209583672e-19
0.664719015	1.1190265617095534e-19
0.665925301	9.774304528043094e-20
0.667131588	1.0004446605616351e-19
0.668337875	9.850745810335446e-20
0.669544161	9.877783203621277e-20
0.670750448	1.0250635080669067e-19
0.671956734	1.0144136261409632e-19
0.673163021	1.0624338046059115e-19
0.674369308	1.0359266786129654e-19
0.675575594	1.0413475861455346e-19
0.676781881	1.1039866679430776e-19
0.677988167	1.064973629729716e-19
0.679194454	1.0220045288268153e-19
0.680400741	1.0682031748654819e-19
0.681607027	1.0447398167785292e-19
0.682813314	9.744007583790234e-20
0.6840196	1.1454968345566205e-19
0.685225887	9.953388656938446e-20
0.686432174	1.0084985571999666e-19
0.68763846	1.121123403935617e-19
0.688844747	1.2301404278114732e-19
0.690051033	1.129993339485094e-19
0.69125732	1.5527438310490417e-19
0.692463607	1.5777030237846543e-19
0.693669893	1.4723597186953039e-19
0.69487618	1.8244905881482797e-19
0.696082466	1.571960349011942e-19
0.697288753	1.6354617840206094e-19
0.698495039	1.7216954228552502e-19
0.699701326	1.7076925131013272e-19
0.700907613	1.8287525617249765e-19
0.702113899	1.9843305975931864e-19
0.703320186	1.6282593195395032e-19
0.704526472	1.7649191122277475e-19
0.705732759	1.697185599585303e-19
0.706939046	1.760315416386207e-19
0.708145332	1.4825045302131208e-19
0.709351619	1.815426759494862e-19
0.710557905	1.554615204278409e-19
0.711764192	1.4468313650065912e-19
0.712970479	1.810215657406607e-19
0.714176765	1.8094811851843515e-19
0.715383052	1.6382435028031767e-19
0.716589338	1.469582640204335e-19
0.717795625	1.6189379553708242e-19
0.719001912	1.2871990223785716e-19
0.720208198	1.1964075559166478e-19
0.721414485	1.2269790038731317e-19
0.722620771	1.1420754646383299e-19
0.723827058	1.1342868199358298e-19
0.725033345	1.0439316234607969e-19
0.726239631	8.987468500515737e-20
0.727445918	1.090619277759993e-19
0.728652204	1.046593104138241e-19
0.729858491	9.675689869907882e-20
0.731064778	1.2172848090308406e-19
0.732271064	1.488807311663023e-19
0.733477351	1.8029959910516193e-19
0.734683637	1.9240688674211166e-19
0.735889924	1.973476542764458e-19
0.737096211	2.2472566406637954e-19
0.738302497	2.326069985221056e-19
0.739508784	2.264761490978368e-19
0.74071507	2.63268959141761e-19
0.741921357	2.2935125003997313e-19
0.743127644	2.43549159167394e-19
0.74433393	1.9011990895526372e-19
0.745540217	1.8481355121381703e-19
0.746746503	1.9509790661978805e-19
0.74795279	1.907555034737739e-19
0.749159077	1.9069926342626436e-19
0.750365363	2.0194724273047256e-19
0.75157165	2.078891616865482e-19
0.752777936	2.0143291738765644e-19
0.753984223	2.0082027367802872e-19
0.75519051	2.193401117272526e-19
0.756396796	2.0254494302905757e-19
0.757603083	1.8549032607037583e-19
0.758809369	1.6580502486809305e-19
0.760015656	1.5795385477087938e-19
0.761221943	1.6644900026165455e-19
0.762428229	1.8887054390861334e-19
0.763634516	1.9108042532207664e-19
0.764840802	1.8557788336949752e-19
0.766047089	1.9624561373589063e-19
0.767253376	1.844110716930107e-19
0.768459662	1.9229924421707716e-19
0.769665949	1.9777910991701777e-19
0.770872235	2.0735612055422373e-19
0.772078522	2.050078864673236e-19
0.773284809	2.138372600664854e-19
0.774491095	1.992294786762781e-19
0.775697382	2.267329395189973e-19
0.776903668	2.2268858292644214e-19
0.778109955	2.523029210702101e-19
0.779316242	3.0290416693616186e-19
0.780522528	3.0947567370003243e-19
0.781728815	2.7983591519900224e-19
0.782935101	2.7728448826451914e-19
0.784141388	3.1401822443081973e-19
0.785347675	3.318471908172899e-19
0.786553961	3.223045584280003e-19
0.787760248	3.2296570357544954e-19
0.788966534	3.5999941012962926e-19
0.790172821	3.560527257776837e-19
0.791379108	3.686928971243932e-19
0.792585394	3.337200866796116e-19
0.793791681	3.8203293954581886e-19
0.794997967	3.296519034084509e-19
0.796204254	3.030786345423501e-19
0.797410541	3.7344543559336343e-19
0.798616827	3.728884331365452e-19
0.799823114	4.1380760399038986e-19
0.8010294	4.477650278472411e-19
0.802235687	4.783910658287906e-19
0.803441974	5.07816553987862e-19
0.80464826	5.561996231011871e-19
0.805854547	6.334389454292434e-19
0.807060833	7.309666450023515e-19
0.80826712	7.791529616764892e-19
0.809473407	8.025808568620758e-19
0.810679693	8.242206742521132e-19
0.81188598	9.276231979432343e-19
0.813092266	9.001206503542867e-19
0.814298553	1.0044686077567442e-18
0.81550484	1.0155250838738535e-18
0.816711126	1.0979359501455592e-18
0.817917413	1.207916082211418e-18
0.819123699	1.2900060203864498e-18
0.820329986	1.4250906467387961e-18
0.821536273	1.2968842889417267e-18
0.822742559	1.1266480475623749e-18
0.823948846	1.2808750825995295e-18
0.825155132	1.304541058045053e-18
0.826361419	1.2529016602560517e-18
0.827567706	1.1397422464574421e-18
0.828773992	1.2963096448234697e-18
0.829980279	1.1836475274482955e-18
0.831186565	1.2178685699341361e-18
0.832392852	1.3145014033661872e-18
0.833599139	1.4087971221915437e-18
0.834805425	1.2943145453914987e-18
0.836011712	9.882219510376422e-19
0.837217998	9.18157824733472e-19
0.838424285	9.455532300601319e-19
0.839630572	9.207806246251801e-19
0.840836858	7.279805525662914e-19
0.842043145	7.036286718377145e-19
0.843249431	7.364438960476146e-19
0.844455718	6.573308786462805e-19
0.845662005	7.33126488726368e-19
0.846868291	6.96714919751512e-19
0.848074578	6.49915915009268e-19
0.849280864	7.285630572811135e-19
0.850487151	6.526157620615809e-19
0.851693438	5.1572187910721315e-19
0.852899724	5.280167826951732e-19
0.854106011	4.549393865378256e-19
0.855312297	4.352535062350635e-19
0.856518584	3.9907168710520705e-19
0.857724871	3.5950046026123873e-19
0.858931157	2.9051536964787937e-19
0.860137444	2.4850391945844827e-19
0.86134373	2.5283064840875305e-19
0.862550017	2.075139402156135e-19
0.863756304	1.8656119741409384e-19
0.86496259	1.7721187080572926e-19
0.866168877	1.6711261307791436e-19
0.867375163	2.0930859614435208e-19
0.86858145	2.5552172335086695e-19
0.869787737	3.3194502923086965e-19
0.870994023	4.1051572933488014e-19
0.87220031	4.1489803994197394e-19
0.873406596	5.007550459014575e-19
0.874612883	4.553844564982401e-19
0.87581917	5.071846649474883e-19
0.877025456	5.915376983544451e-19
0.878231743	5.968570337612689e-19
0.879438029	5.22558916949744e-19
0.880644316	3.4911970756165014e-19
0.881850603	2.3378719641779713e-19
0.883056889	1.6112545119353907e-19
0.884263176	1.2762643919291562e-19
0.885469462	1.0243815179087828e-19
0.886675749	8.356928363461966e-20
0.887882036	1.051353457555393e-19
0.889088322	1.0671864706855205e-19
0.890294609	1.19651835894271e-19
0.891500895	1.4231925573677058e-19
0.892707182	1.4303585943137223e-19
0.893913469	1.4207251443105898e-19
0.895119755	1.274892613317178e-19
0.896326042	1.4652968988157204e-19
0.897532328	2.003133814970676e-19
0.898738615	2.2176470244080474e-19
0.899944902	2.8165372334979033e-19
0.901151188	3.2253885942431574e-19
0.902357475	4.74320464652328e-19
0.903563761	6.631872256994915e-19
0.904770048	8.721738489967812e-19
0.905976335	1.2087222754423892e-18
0.907182621	1.353801065004429e-18
0.908388908	1.5966648350374763e-18
0.909595194	1.4837798028183853e-18
0.910801481	1.5047427239202237e-18
0.912007768	1.7408105204774007e-18
0.913214054	1.893999935109923e-18
0.914420341	1.7308485864943199e-18
0.915626627	1.550722871742425e-18
0.916832914	1.9321665963526194e-18
0.918039201	1.8544975979576346e-18
0.919245487	2.0070294268362807e-18
0.920451774	2.6659302498622094e-18
0.92165806	1.9388217573443083e-18
0.922864347	1.829730783895261e-18
0.924070634	2.001930613575497e-18
0.92527692	1.6908672864316302e-18
0.926483207	1.709585056930094e-18
0.927689493	1.968555174816246e-18
0.92889578	2.0853648452330695e-18
0.930102067	1.9112651551961297e-18
0.931308353	1.5334675988194249e-18
0.93251464	1.4580861130349195e-18
0.933720926	1.5677300384273336e-18
0.934927213	1.398084120664419e-18
0.9361335	1.2493949903364736e-18
0.937339786	1.9374743173847167e-18
0.938546073	2.0074759981010174e-18
0.939752359	1.6987317619447677e-18
0.940958646	1.773308548404602e-18
0.942164933	1.5862190159955468e-18
0.943371219	1.2683806040355763e-18
0.944577506	1.283170118561007e-18
0.945783792	1.4560975412776693e-18
0.946990079	1.5709260057519647e-18
0.948196366	1.6796131930778476e-18
0.949402652	1.7275997230185838e-18
0.950608939	1.6980988177899839e-18
0.951815225	1.6024073043157147e-18
0.953021512	1.83880487150061e-18
0.954227799	1.799459087574686e-18
0.955434085	2.0094325544207407e-18
0.956640372	2.4686350912056365e-18
0.957846658	2.208540184018249e-18
0.959052945	1.6545813794641264e-18
0.960259232	1.5586606484576424e-18
0.961465518	1.7732628317831615e-18
0.962671805	1.8667532860162936e-18
0.963878091	1.5493592680133777e-18
0.965084378	1.7309320957941987e-18
0.966290665	1.868968734380106e-18
0.967496951	1.456515605678165e-18
0.968703238	1.4490989105414355e-18
0.969909524	1.6832553243731644e-18
0.971007713	0.
0.972213749	0.
0.973419785	0.
0.974625822	0.
0.975831858	0.
0.977037894	0.
0.978243931	0.
0.979449967	0.
0.980656004	0.
0.98186204	0.
0.983068076	0.
0.984274113	0.
0.985480149	0.
0.986686185	0.
0.987892222	0.
0.989098258	0.
0.990304294	0.
0.991510331	0.
0.992716367	0.
0.993922404	0.
0.99512844	0.
0.996334476	0.
0.997540513	6.258766313258413e-19
0.998746549	5.564727420680438e-19
0.999952585	6.128903725043398e-19
1.001158622	4.823364323765191e-19
1.002364658	5.785199820567527e-19
1.003570695	6.193830174380967e-19
1.004776731	6.456403652022713e-19
1.005982767	6.143490187675345e-19
1.007188804	7.975893556914268e-19
1.00839484	7.615756204966356e-19
1.009600876	8.5005083468729155e-19
1.010806913	8.973798256776688e-19
1.012012949	8.917744016899876e-19
1.013218986	8.039928514534266e-19
1.014425022	7.938529363054939e-19
1.015631058	7.675658501097158e-19
1.016837095	7.366685445345132e-19
1.018043131	6.678588605287366e-19
1.019249167	6.717910448100058e-19
1.020455204	6.646113931305299e-19
1.02166124	6.6333068734240405e-19
1.022867277	7.528307358339417e-19
1.024073313	8.277473237960765e-19
1.025279349	8.964691203323605e-19
1.026485386	1.0890525785497998e-18
1.027691422	1.14507184751343e-18
1.028897458	1.404680573655856e-18
1.030103495	1.411944462326727e-18
1.031309531	1.677383686774647e-18
1.032515567	1.6959095684138063e-18
1.033721604	2.0540926435245534e-18
1.03492764	1.9654520830753325e-18
1.036133677	2.0677445562787487e-18
1.037339713	2.392942480149485e-18
1.038545749	2.418837486298952e-18
1.039751786	2.4376248888858975e-18
1.040957822	2.5706834178089025e-18
1.042163858	2.798259295690527e-18
1.043369895	2.821712564633906e-18
1.044575931	2.8576392223323344e-18
1.045781968	3.493649062899089e-18
1.046988004	3.3199155329779647e-18
1.04819404	3.659516526732817e-18
1.049400077	3.318944823639585e-18
1.050606113	3.3984208067096407e-18
1.051812149	3.770658042207827e-18
1.053018186	4.02749713547045e-18
1.054224222	4.448340438909554e-18
1.055430259	4.1821307770359714e-18
1.056636295	4.107212236334033e-18
1.057842331	4.162865295606042e-18
1.059048368	4.323542142310036e-18
1.060254404	4.9245120688358614e-18
1.06146044	4.160507744947464e-18
1.062666477	4.494021980660987e-18
1.063872513	4.865353858314682e-18
1.06507855	4.188072064682366e-18
1.066284586	4.567642457084651e-18
1.067490622	4.819616257469057e-18
1.068696659	5.241163895406077e-18
1.069902695	5.231160481764477e-18
1.071108731	5.0109533468628746e-18
1.072314768	4.733553451954745e-18
1.073520804	5.152550852690461e-18
1.07472684	5.4506216149734475e-18
1.075932877	5.652044607792248e-18
1.077138913	5.311188859616627e-18
1.07834495	5.328595430748842e-18
1.079550986	5.117910713071883e-18
1.080757022	5.596584203183256e-18
1.081963059	5.2596524249693e-18
1.083169095	5.354595578426744e-18
1.084375131	5.655222164707201e-18
1.085581168	5.683681541315454e-18
1.086787204	5.422925445229401e-18
1.087993241	5.517152340665464e-18
1.089199277	5.4169248396487424e-18
1.090405313	5.1698707799050495e-18
1.09161135	5.338794600007312e-18
1.092817386	5.259715061589387e-18
1.094023422	5.212726258848549e-18
1.095229459	5.318593932620149e-18
1.096435495	5.216260283422117e-18
1.097641532	5.0146759224460045e-18
1.098847568	4.959690516737659e-18
1.100053604	5.0547585804633575e-18
1.101259641	4.671843476916736e-18
1.102465677	4.757971284219298e-18
1.103671713	4.562416337832726e-18
1.10487775	4.564834780627075e-18
1.106083786	3.854755991048009e-18
1.107289823	4.020843979265433e-18
1.108495859	3.353752249999168e-18
1.109701895	3.541654757928381e-18
1.110907932	3.002846432143118e-18
1.112113968	3.0465919508935085e-18
1.113320004	3.3446091427575793e-18
1.114526041	3.2324328152739844e-18
1.115732077	2.8867846202596693e-18
1.116938113	3.0142730227442507e-18
1.11814415	2.9371387455487775e-18
1.119350186	2.5679979127349967e-18
1.120556223	2.3572255800891993e-18
1.121762259	2.0749678350922527e-18
1.122968295	1.875031349895242e-18
1.124174332	1.652602274050166e-18
1.125380368	1.396690755629473e-18
1.126586404	1.219284867394415e-18
1.127792441	9.521413379268666e-19
1.128998477	7.176225539425967e-19
1.130204514	5.590765238360564e-19
1.13141055	4.695703711031162e-19
1.132616586	3.698683342920466e-19
1.133822623	3.0599061756126955e-19
1.135028659	2.432006135470011e-19
1.136234695	1.8460816897841814e-19
1.137440732	1.487373081936382e-19
1.138646768	1.3598292465425083e-19
1.139852805	1.3467977166027742e-19
1.141058841	1.5312349604687478e-19
1.142264877	1.6461802514077196e-19
1.143470914	1.8132607881413395e-19
1.14467695	1.9382593605408277e-19
1.145882986	1.9980304025953025e-19
1.147089023	2.1131215201602167e-19
1.148295059	2.500534287535748e-19
1.149501096	2.647942580109226e-19
1.150707132	2.8494282889256343e-19
1.151913168	2.8630246294994215e-19
1.153119205	2.837097766339204e-19
1.154325241	2.4572942894781433e-19
1.155531277	2.0541400263669476e-19
1.156737314	1.831569387009913e-19
1.15794335	1.5519848698199385e-19
1.159149387	1.160265832371952e-19
1.160355423	9.131719442653801e-20
1.161561459	6.974418096209331e-20
1.162767496	5.164991063764155e-20
1.163973532	4.486878553990912e-20
1.165179568	4.1235031122729203e-20
1.166385605	3.719430205992504e-20
1.167591641	3.506258202998508e-20
1.168797677	3.586218256957765e-20
1.170003714	3.7229142217429436e-20
1.17120975	4.154237846682905e-20
1.172415787	5.200610027646386e-20
1.173621823	6.573953398638767e-20
1.174827859	8.184243145875995e-20
1.176033896	1.0461121504624845e-19
1.177239932	1.262710221747247e-19
1.178445968	1.4942994539448174e-19
1.179652005	1.6384368513055318e-19
1.180858041	1.7535499012867083e-19
1.182064078	2.005953733444958e-19
1.183270114	2.0365325653099352e-19
1.18447615	2.0265086619983255e-19
1.185682187	1.8380693314423683e-19
1.186888223	1.7165763799939364e-19
1.188094259	1.805069273175208e-19
1.189300296	1.7702811780100003e-19
1.190506332	1.711398995361174e-19
1.191712369	1.8134289710182595e-19
1.192918405	2.0250151325129347e-19
1.194124441	2.5676850173308025e-19
1.195330478	2.8750443003815388e-19
1.196536514	3.6238701941938614e-19
1.19774255	4.495538475740789e-19
1.198948587	5.306063682395048e-19
1.200154623	6.113270721551062e-19
1.20136066	6.800510280316911e-19
1.202566696	7.910204640766597e-19
1.203772732	9.648975379539193e-19
1.204978769	1.067897357836745e-18
1.206184805	1.1777095280428372e-18
1.207390841	1.3682629507213638e-18
1.208596878	1.7169938151941393e-18
1.209802914	1.898867461022791e-18
1.21100895	1.982319882330172e-18
1.212214987	2.1111469500026734e-18
1.213421023	2.3276125024269844e-18
1.21462706	2.5943300876940786e-18
1.215833096	2.7408908760465062e-18
1.217039132	2.8302297944701468e-18
1.218245169	2.989432527131164e-18
1.219451205	3.155387558366444e-18
1.220657241	3.0578898564101537e-18
1.221863278	3.151371194178505e-18
1.223069314	3.1937001048606102e-18
1.224275351	3.235776534979899e-18
1.225481387	3.1379282057327442e-18
1.226687423	3.0383498020375942e-18
1.22789346	2.9838698003126843e-18
1.229099496	2.784301282816613e-18
1.230305532	2.7628670660669187e-18
1.231511569	2.697952887512277e-18
1.232717605	2.6441979595712052e-18
1.233923642	2.6602487847707947e-18
1.235129678	2.633403433232629e-18
1.236335714	2.7791318708005334e-18
1.237541751	2.7489983939275276e-18
1.238747787	2.8879025186225718e-18
1.239953823	2.968908805255428e-18
1.24115986	2.910877046599238e-18
1.242365896	2.8915666028535964e-18
1.243571933	2.8498675661063854e-18
1.244777969	2.8548376322898817e-18
1.245984005	3.0375088713264823e-18
1.247190042	2.99565833230122e-18
1.248396078	2.880614080341326e-18
1.249602114	3.0093493031899662e-18
1.250808151	3.126405099543484e-18
1.252014187	3.0898566830125404e-18
1.253220223	3.2628409436192472e-18
1.25442626	3.407559094432311e-18
1.255632296	3.2702778769615578e-18
1.256838333	3.379859187624589e-18
1.258044369	3.485006342251227e-18
1.259250405	3.428338439254683e-18
1.260456442	3.3676648116166554e-18
1.261662478	3.516057869634433e-18
1.262868514	3.4568743231832474e-18
1.264074551	3.510787889669698e-18
1.265280587	3.691772514793409e-18
1.266486624	3.747287203172526e-18
1.26769266	4.202879353872504e-18
1.268898696	4.030196078360344e-18
1.270104733	3.93404779604321e-18
1.271310769	3.908120869577715e-18
1.272516805	3.942429012533859e-18
1.273722842	3.948988038296481e-18
1.274928878	4.0981701873384754e-18
1.276134915	3.889953921265064e-18
1.277340951	3.876447990620329e-18
1.278546987	3.941743060364408e-18
1.279753024	4.011770995683883e-18
1.28095906	4.100374383921852e-18
1.282165096	4.520006512573579e-18
1.283371133	4.401229502325198e-18
1.284577169	3.937383250673916e-18
1.285783206	4.031547576377095e-18
1.286989242	4.045884307796184e-18
1.288195278	3.819839498531373e-18
1.289401315	3.8127990142637376e-18
1.290607351	3.7311645958055425e-18
1.291813387	3.618342032890563e-18
1.293019424	3.742589049029545e-18
1.29422546	3.667113782640965e-18
1.295431496	3.6529255848767325e-18
1.296637533	3.594515609276047e-18
1.297843569	3.619388060120137e-18
1.299049606	3.612874830724032e-18
1.300255642	3.4373698173739287e-18
1.301461678	3.3962239039390185e-18
1.302667715	3.2826951965408346e-18
1.303873751	3.1195953034992215e-18
1.305079787	3.0363807146411577e-18
1.306285824	2.9175877767015034e-18
1.30749186	2.758888473793904e-18
1.308697897	2.6571959510728326e-18
1.309903933	2.44866012113516e-18
1.311109969	2.244550803613323e-18
1.312316006	2.050191976239338e-18
1.313522042	1.829750462226837e-18
1.314728078	1.6049747305969152e-18
1.315934115	1.4850041463007354e-18
1.317140151	1.3495682753001469e-18
1.318346188	1.2031140339750824e-18
1.319552224	1.1467770279067072e-18
1.32075826	9.97494966539425e-19
1.321964297	9.900478562990903e-19
1.323170333	8.880349792571932e-19
1.324376369	8.654915720922701e-19
1.325582406	8.6157671847169865e-19
1.326788442	8.398875315507144e-19
1.327994479	7.561301611811852e-19
1.329200515	7.344431824908903e-19
1.330406551	6.384407002132481e-19
1.331612588	5.737247826996531e-19
1.332818624	5.403825356704482e-19
1.33402466	4.465201922318566e-19
1.335230697	3.9939269272954294e-19
1.336436733	3.3316446492874218e-19
1.33764277	2.636051758342516e-19
1.338848806	2.278603470878906e-19
1.340054842	1.866765842242486e-19
1.341260879	1.3515431937546968e-19
1.342466915	1.2401354033208233e-19
1.343672951	1.0079044726331035e-19
1.344878988	8.395497007439892e-20
1.346085024	8.689218564830683e-20
1.34729106	8.337525936126324e-20
1.348497097	8.350211545707014e-20
1.349703133	9.027883229022484e-20
1.35090917	9.98369118637743e-20
1.352115206	1.0190053954756339e-19
1.353321242	1.665003279638954e-19
1.354527279	1.9974665664619473e-19
1.355733315	2.4738296027790997e-19
1.356939351	3.415765002505053e-19
1.358145388	4.01692702918962e-19
1.359351424	3.6116124729091717e-19
1.360557461	3.377715907964537e-19
1.361763497	3.4976851285664913e-19
1.362969533	3.8185559134518765e-19
1.36417557	3.622358680966747e-19
1.365381606	4.0542038618644514e-19
1.366587642	4.412553656226954e-19
1.367793679	5.465631570196521e-19
1.368999715	6.11865651573329e-19
1.370205752	5.473602164432817e-19
1.371411788	4.604070485979453e-19
1.372617824	3.814451455496308e-19
1.373823861	3.5353571043738686e-19
1.375029897	2.566302616067393e-19
1.376235933	2.953701349403592e-19
1.37744197	2.9759028370441204e-19
1.378648006	3.357464569331522e-19
1.379854043	3.342887181373771e-19
1.381060079	3.3861407308738006e-19
1.382266115	2.993681064870842e-19
1.383472152	2.566914423682568e-19
1.384678188	2.374654122580147e-19
1.385884224	1.9143802985610112e-19
1.387090261	1.2760250646040362e-19
1.388296297	1.039008026585871e-19
1.389502333	1.0198365513315084e-19
1.39070837	9.89096588876013e-20
1.391914406	1.1351387501317926e-19
1.393120443	1.0419616856911495e-19
1.394326479	8.432580677386872e-20
1.395532515	8.584419789584652e-20
1.396738552	9.064008878932061e-20
1.397944588	7.016496124558523e-20
1.399150624	7.862514114390084e-20
1.400356661	8.792052730127535e-20
1.401562697	7.516393516037581e-20
1.402768734	7.208720882630162e-20
1.40397477	8.066293871574725e-20
1.405180806	6.946684657385298e-20
1.406386843	6.836572821384417e-20
1.407592879	7.141981555875396e-20
1.408798915	6.449692097657106e-20
1.410004952	6.162215168077633e-20
1.411210988	6.891372106666947e-20
1.412417025	7.518118484681885e-20
1.413623061	7.63425688627944e-20
1.414829097	8.271859782904102e-20
1.416035134	9.397815445642587e-20
1.41724117	1.0277310487410906e-19
1.418447206	1.1563634468191042e-19
1.419653243	1.166040480028922e-19
1.420859279	1.1902026812229043e-19
1.422065316	1.3715537958867533e-19
1.423271352	1.4297009463032757e-19
1.424477388	1.535171492831884e-19
1.425683425	1.4847876594809293e-19
1.426889461	1.3532244453185412e-19
1.428095497	1.3725023236388828e-19
1.429301534	1.3364402058264438e-19
1.43050757	1.830028119937654e-19
1.431713606	1.9798504725541797e-19
1.432919643	2.336804928030237e-19
1.434125679	2.388411878932198e-19
1.435331716	2.27892707232677e-19
1.436537752	2.78601861815283e-19
1.437743788	2.907052667442253e-19
1.438949825	3.1013014648445185e-19
1.440155861	3.6633460574343477e-19
1.441361897	3.1524394389683966e-19
1.442567934	2.88515199010225e-19
1.44377397	2.897526523386655e-19
1.444980007	2.9332346983281315e-19
1.446186043	3.158854496147073e-19
1.447392079	2.9322407642330967e-19
1.448598116	3.281885735772971e-19
1.449804152	3.2654649566588136e-19
1.451010188	3.293897704460966e-19
1.452216225	3.792761231014977e-19
1.453422261	3.627326663992446e-19
1.454628298	3.8342830295443774e-19
1.455834334	3.684088418379175e-19
1.45704037	4.377595739193561e-19
1.458246407	4.3096537929945825e-19
1.459452443	4.557617238991895e-19
1.460658479	4.609719717321429e-19
1.461864516	5.7070087065988965e-19
1.463070552	6.4526901167245e-19
1.464276589	6.776786492895497e-19
1.465482625	6.761472133349147e-19
1.466688661	6.547192804316188e-19
1.467894698	6.2751713997657595e-19
1.469100734	6.477088962777606e-19
1.47030677	6.563641419339892e-19
1.471512807	5.997634555524309e-19
1.472718843	5.704616595296348e-19
1.473924879	5.628493127801523e-19
1.475130916	5.406798596545425e-19
1.476336952	5.361187186595275e-19
1.477542989	6.0865832368294055e-19
1.478749025	5.984205598115683e-19
1.479955061	7.482749704442437e-19
1.481161098	7.863657613513889e-19
1.482367134	8.969994197853294e-19
1.48357317	9.595368419840775e-19
1.484779207	1.063438403183528e-18
1.485985243	1.0193616894985185e-18
1.48719128	1.1298293911116848e-18
1.488397316	1.3222035922134784e-18
1.489603352	1.3602938554534407e-18
1.490809389	1.2553832153922322e-18
1.492015425	1.3874664559496181e-18
1.493221461	1.4120786451265424e-18
1.494427498	1.4277060781009666e-18
1.495633534	1.5070318278070406e-18
1.496839571	1.5335850729586533e-18
1.498045607	1.4762512519000346e-18
1.499251643	1.4867818953897333e-18
1.50045768	1.336843650839242e-18
1.501663716	1.3676899000843094e-18
1.502869752	1.449794957155696e-18
1.504075789	1.5648710373069341e-18
1.505281825	1.5219107082062046e-18
1.506487862	1.4415144859962562e-18
1.507693898	1.3525689748247188e-18
1.508899934	1.3997604625893702e-18
1.510105971	1.2777756955700521e-18
1.511312007	1.5440817920207103e-18
1.512518043	1.509672945930846e-18
1.51372408	1.486822059824367e-18
1.514930116	1.6349940129751133e-18
1.516136152	1.6971232583164236e-18
1.517342189	1.5246493707566807e-18
1.518548225	1.6804522319988319e-18
1.519754262	1.656700557979269e-18
1.520960298	1.7317989542761785e-18
1.522166334	1.761684815691591e-18
1.523372371	1.6505969973020614e-18
1.524578407	1.7540811077841037e-18
1.525784443	1.7789540195273705e-18
1.52699048	1.758583076792397e-18
1.528196516	1.8746183632309253e-18
1.529402553	1.7939481759291535e-18
1.530608589	1.9191582860502864e-18
1.531814625	1.8668171018048615e-18
1.533020662	1.827970872932293e-18
1.534226698	1.8802762894848487e-18
1.535432734	1.8934979155905756e-18
1.536638771	1.7658298221422257e-18
1.537844807	1.8446030715979008e-18
1.539050844	1.9661301862300985e-18
1.54025688	1.9779783096584357e-18
1.541462916	1.9623850570961565e-18
1.542668953	2.0492914633948767e-18
1.543874989	2.018068768370706e-18
1.545081025	2.0397641197534727e-18
1.546287062	1.9956540800997197e-18
1.547493098	1.924087276310846e-18
1.548699135	2.109250793102063e-18
1.549905171	2.1660937683667487e-18
1.551111207	2.12598776393033e-18
1.552317244	2.061556314051074e-18
1.55352328	1.9552208048210706e-18
1.554729316	2.0966164288475637e-18
1.555935353	2.0622505934697745e-18
1.557141389	2.085291289139264e-18
1.558347426	2.2115057111087803e-18
1.559553462	2.3531035671318127e-18
1.560759498	2.2021901703155682e-18
1.561965535	2.1024010305884983e-18
1.563171571	2.124169490246313e-18
1.564377607	2.0991308670325858e-18
1.565583644	2.2216091252463077e-18
1.56678968	2.1974852618161387e-18
1.567995716	2.0559652548258424e-18
1.569201753	2.168177326995936e-18
1.570407789	2.1240613651636902e-18
1.571613826	2.0942095559621335e-18
1.572819862	2.232577876652952e-18
1.574025898	2.3909166334620373e-18
1.575231935	2.5643581894498195e-18
1.576437971	2.5207790383415855e-18
1.577644007	2.5914951812868036e-18
1.578850044	2.5986030180564783e-18
1.58005608	2.478985432712968e-18
1.581262117	2.625463832443289e-18
1.582468153	2.5747305759295157e-18
1.583674189	2.651067942053907e-18
1.584880226	2.459637916590829e-18
1.586086262	2.374182349105988e-18
1.587292298	2.50060816826019e-18
1.588498335	2.540811909366411e-18
1.589704371	2.8154476785432792e-18
1.590910408	2.9117939908600892e-18
1.592116444	2.7947542535280324e-18
1.59332248	2.66743012808165e-18
1.594528517	2.675452671441437e-18
1.595734553	2.8223338830132008e-18
1.596940589	2.851239740675705e-18
1.598146626	2.7829758674981668e-18
1.599352662	2.7376751539383994e-18
1.600558699	2.7881901222705373e-18
1.601764735	2.744629941900809e-18
1.602970771	2.695381952089977e-18
1.604176808	2.7376251271742045e-18
1.605382844	2.7478790281374263e-18
1.60658888	2.7147614867290884e-18
1.607794917	2.6846132484703706e-18
1.609000953	2.7196620630302686e-18
1.610206989	2.7905021570432178e-18
1.611413026	2.654940637586763e-18
1.612619062	2.787371263822203e-18
1.613825099	2.7627687596592658e-18
1.615031135	2.6661213574235487e-18
1.616237171	2.7767961941980896e-18
1.617443208	2.6792692207782132e-18
1.618649244	2.522396873615046e-18
1.61985528	2.430400209396071e-18
1.621061317	2.3024725818028134e-18
1.622267353	2.07591074462856e-18
1.62347339	1.8850179705190674e-18
1.624679426	1.791266765027574e-18
1.625885462	1.6232809236956156e-18
1.627091499	1.470127209215617e-18
1.628297535	1.2608963948692409e-18
1.629503571	1.083237795540803e-18
1.630709608	9.623573088345084e-19
1.631915644	8.306002031100981e-19
1.633121681	7.154955661271309e-19
1.634327717	5.959315559082576e-19
1.635533753	4.908005583481388e-19
1.63673979	4.034373560522601e-19
1.637945826	3.3406588729631377e-19
1.639151862	2.807161160287398e-19
1.640357899	2.4200248566102105e-19
1.641563935	2.259569164471447e-19
1.642769972	2.3031357305679655e-19
1.643976008	2.2529797716291425e-19
1.645182044	2.224329016389197e-19
1.646388081	2.1696848436618943e-19
1.647594117	2.0485086582152353e-19
1.648800153	1.9419303586014461e-19
1.65000619	1.7108774413047522e-19
1.651212226	1.4542133966134362e-19
1.652418262	1.1889894814308512e-19
1.653624299	9.562242922164e-20
1.654830335	7.767100337747596e-20
1.656036372	6.780236193744001e-20
1.657242408	6.575490495952927e-20
1.658448444	6.692260935990641e-20
1.659654481	7.101093445961513e-20
1.660860517	7.676047232178038e-20
1.662066553	8.129341004512178e-20
1.66327259	8.770154769425479e-20
1.664478626	9.036170413918051e-20
1.665684663	9.570064520164404e-20
1.666890699	9.754908773944612e-20
1.668096735	9.796181261742449e-20
1.669302772	1.0019241358144943e-19
1.670508808	1.0209844772960337e-19
1.671714844	1.1383885483927542e-19
1.672920881	1.2459425997174222e-19
1.674126917	1.2603803027039534e-19
1.675332954	1.329747883103331e-19
1.67653899	1.4192362465951238e-19
1.677745026	1.4602433593733036e-19
1.678951063	1.5293868711318803e-19
1.680157099	1.6976196131231652e-19
1.681363135	1.852661793470746e-19
1.682569172	2.0212299180155827e-19
1.683775208	2.1662036636491344e-19
1.684981245	2.25293170322815e-19
1.686187281	2.4126210185384644e-19
1.687393317	2.375898953344179e-19
1.688599354	2.354496057214905e-19
1.68980539	2.2341396726915176e-19
1.691011426	2.1160405492362267e-19
1.692217463	1.9653533607281557e-19
1.693423499	1.8328448408673736e-19
1.694629535	1.5375988030139767e-19
1.695835572	1.4462018361767496e-19
1.697041608	1.2549566337923753e-19
1.698247645	1.0949476246743191e-19
1.699453681	9.768691771427622e-20
1.700659717	8.765795283587281e-20
1.701865754	7.550372925105972e-20
1.70307179	6.404918574763322e-20
1.704277826	5.58149393456919e-20
1.705483863	4.862546008997824e-20
1.706689899	4.3204438947584987e-20
1.707895936	3.9349675898936e-20
1.709101972	3.150077449788597e-20
1.710308008	2.6739670498401328e-20
1.711514045	2.6723628050253158e-20
1.712720081	2.446128921202657e-20
1.713926117	2.513714271759877e-20
1.715132154	2.4767041194042375e-20
1.71633819	2.5369522385475945e-20
1.717544227	2.737827332707358e-20
1.718750263	2.817871030967024e-20
1.719956299	2.9812175287788054e-20
1.721162336	2.947328902073992e-20
1.722368372	2.9608340241851214e-20
1.723574408	2.9862508965167237e-20
1.724780445	2.753784514509031e-20
1.725986481	2.6508574213925324e-20
1.727192518	2.7735899586958624e-20
1.728398554	2.4314955008577692e-20
1.72960459	2.5306394884105228e-20
1.730810627	2.8659802947692815e-20
1.732016663	3.240158601217723e-20
1.733222699	3.7062980824795077e-20
1.734428736	4.8107817017218217e-20
1.735634772	5.675345938308465e-20
1.736840809	6.762347325269032e-20
1.738046845	8.834635981471245e-20
1.739252881	1.0059291754327388e-19
1.740458918	1.1238637714894852e-19
1.741664954	1.5268038789458442e-19
1.74287099	1.5568967132110484e-19
1.744077027	1.8495704581675025e-19
1.745283063	1.915839572171753e-19
1.746489099	1.9208145701797686e-19
1.747695136	1.887895388316155e-19
1.748901172	1.9012758832232896e-19
1.750107209	1.8948890710807915e-19
1.751313245	1.886185522699995e-19
1.752519281	1.8981074711377326e-19
1.753725318	1.8343921175111503e-19
1.754931354	1.6647266505598365e-19
1.75613739	1.6674518130010096e-19
1.757343427	1.5278935278553061e-19
1.758549463	1.4692919344439218e-19
1.7597555	1.3229526751318712e-19
1.760961536	1.3036378722501421e-19
1.762167572	1.2502183585645468e-19
1.763373609	1.1773621779511206e-19
1.764579645	1.1045457833347858e-19
1.765785681	9.082497891522083e-20
1.766991718	8.813946449702707e-20
1.768197754	8.164308923042634e-20
1.769403791	7.496660995458281e-20
1.770609827	5.682287343339255e-20
1.771815863	5.669027254225876e-20
1.7730219	4.846170193661256e-20
1.774227936	4.80248689259777e-20
1.775433972	4.950346524147667e-20
1.776640009	4.329876301115446e-20
1.777846045	4.4339641107611135e-20
1.779052082	5.472631823033682e-20
1.780258118	5.527206786982801e-20
1.781464154	5.836163552978411e-20
1.782670191	6.1892525242396e-20
1.783876227	7.540342209409814e-20
1.785082263	8.09575398923273e-20
1.7862883	7.869066592252067e-20
1.787494336	8.202805434590202e-20
1.788700372	9.695614252982263e-20
1.789906409	1.0127917385275466e-19
1.791112445	1.013669194688639e-19
1.792318482	9.919130961441496e-20
1.793524518	1.2404697901890132e-19
1.794730554	1.2415315371277713e-19
1.795936591	1.4850243122580103e-19
1.797142627	1.5646973696524312e-19
1.798348663	1.6183528493055277e-19
1.7995547	2.1965425400452274e-19
1.800760736	2.023792967651115e-19
1.801966773	2.3965863292364224e-19
1.803172809	2.724040670191084e-19
1.804378845	2.8971251676307646e-19
1.805584882	3.1823486379572545e-19
1.806790918	3.3637138348089665e-19
1.807996954	3.329211153472903e-19
1.809202991	3.361466085685081e-19
1.810409027	3.6441648392881864e-19
1.811615064	3.7346090173290474e-19
1.8128211	4.1633576685308964e-19
1.814027136	4.173437867226295e-19
1.815233173	4.575314957049812e-19
1.816439209	4.951775071985505e-19
1.817645245	4.973340290471097e-19
1.818851282	5.511807336310806e-19
1.820057318	5.466561514476925e-19
1.821263355	5.429531912795502e-19
1.822469391	5.279510980535788e-19
1.823675427	5.507219538586752e-19
1.824881464	5.442841034926766e-19
1.8260875	5.109400914064033e-19
1.827579297	0.
1.828785583	0.
1.82999187	0.
1.831198156	0.
1.832404443	0.
1.83361073	0.
1.834817016	0.
1.836023303	0.
1.837229589	0.
1.838435876	0.
1.839642163	0.
1.840848449	0.
1.842054736	0.
1.843261022	0.
1.844467309	0.
1.845673596	0.
1.846879882	0.
1.848086169	0.
1.849292455	0.
1.850498742	0.
1.851705029	0.
1.852911315	0.
1.854117602	0.
1.855323888	0.
1.856530175	0.
1.857736462	0.
1.858942748	0.
1.860149035	0.
1.861355321	0.
1.862561608	0.
1.863767895	0.
1.864974181	0.
1.866180468	0.
1.867386754	0.
1.868593041	0.
1.869799328	0.
1.871005614	-6.414279462288129e-22
1.872211901	-4.007550376228507e-22
1.873418187	1.1186439272981368e-21
1.874624474	7.395153467022828e-21
1.875830761	2.7080280454150427e-20
1.877037047	7.65929376250471e-20
1.878243334	1.2435449242563464e-19
1.87944962	1.3118787539776987e-19
1.880655907	1.2396540211536835e-19
1.881862194	1.2684922716680244e-19
1.88306848	1.0919413108953228e-19
1.884274767	1.04574551614032e-19
1.885481053	1.269817972828521e-19
1.88668734	1.727866399704877e-19
1.887893627	1.6386036096613844e-19
1.889099913	1.2870910146046552e-19
1.8903062	1.00794323196381e-19
1.891512486	1.0164904712803869e-19
1.892718773	1.1356099560666574e-19
1.89392506	1.3906054774936153e-19
1.895131346	1.7258612053747701e-19
1.896337633	1.853847208791294e-19
1.897543919	1.312062464285411e-19
1.898750206	1.0176337938875893e-19
1.899956493	7.453212189572186e-20
1.901162779	6.515030407575326e-20
1.902369066	3.3612206537878244e-20
1.903575352	2.3313648671005975e-20
1.904781639	2.6356683328568764e-20
1.905987926	3.320303877458443e-20
1.907194212	4.537816329776972e-20
1.908400499	6.728607252549507e-20
1.909606785	7.00715978565885e-20
1.910813072	4.699101610098829e-20
1.912019359	2.2925911914667178e-20
1.913225645	1.6238584683279907e-20
1.914431932	1.5005589880823133e-20
1.915638218	2.0729683176651246e-20
1.916844505	2.230635268319067e-20
1.918050792	2.9271567789177953e-20
1.919257078	3.294729042534817e-20
1.920463365	3.772383907921037e-20
1.921669651	3.2344580360588684e-20
1.922875938	3.0776654633597695e-20
1.924082225	3.2853450850195936e-20
1.925288511	3.8792008218936774e-20
1.926494798	5.095881130661407e-20
1.927701084	8.00222885120409e-20
1.928907371	1.312245084505379e-19
1.930113658	1.7027563890102485e-19
1.931319944	1.6413662618533904e-19
1.932526231	1.4830023444059293e-19
1.933732517	1.3143687779002695e-19
1.934938804	1.322581036291099e-19
1.936145091	1.3713525870302994e-19
1.937351377	1.341661955206251e-19
1.938557664	1.4343263071651387e-19
1.93976395	1.332995637565903e-19
1.940970237	1.0545714869158762e-19
1.942176524	9.505613618027189e-20
1.94338281	9.315184623228754e-20
1.944589097	9.039211215366445e-20
1.945795383	1.0021794139406139e-19
1.94700167	1.3342987063745762e-19
1.948207957	1.5122444929136773e-19
1.949414243	2.166279453981915e-19
1.95062053	2.17063465201764e-19
1.951826816	2.3926686519382777e-19
1.953033103	2.6070519993846323e-19
1.95423939	2.295664172985681e-19
1.955445676	2.1186839630539513e-19
1.956651963	2.551379912122613e-19
1.957858249	2.9374252064118493e-19
1.959064536	2.870703117871122e-19
1.960270823	2.369335034990192e-19
1.961477109	1.9866900956928438e-19
1.962683396	1.6315446803299346e-19
1.963889682	1.4891352349643268e-19
1.965095969	1.259308818520127e-19
1.966302256	1.0442643225558848e-19
1.967508542	1.0543681005013199e-19
1.968714829	9.769235657734545e-20
1.969921115	1.1133747250764153e-19
1.971127402	1.3743753724566917e-19
1.972333689	1.6838248447258736e-19
1.973539975	1.9189370812115536e-19
1.974746262	2.6057519246948687e-19
1.975952548	2.9799821331094627e-19
1.977158835	2.6322750692530173e-19
1.978365122	2.459444436153975e-19
1.979571408	2.2168142029668297e-19
1.980777695	1.8583389476362893e-19
1.981983981	1.6981091658430834e-19
1.983190268	1.5136216185819242e-19
1.984396555	1.5643771294937155e-19
1.985602841	1.829379762306407e-19
1.986809128	1.9100758720337105e-19
1.988015414	1.838710201592409e-19
1.989221701	1.8313350377827938e-19
1.990427988	2.1180174744015324e-19
1.991634274	2.1651859484594192e-19
1.992840561	1.928329937635924e-19
1.994046847	1.5450034029537573e-19
1.995253134	1.3364510606145702e-19
1.996459421	1.2457319584336285e-19
1.997665707	1.2799952410183284e-19
1.998871994	1.1587280452895607e-19
2.00007828	1.3428834689094885e-19
2.001284567	1.499279784339845e-19
2.002490854	1.401261400624842e-19
2.00369714	1.497871738063783e-19
2.004903427	1.3309842011208304e-19
2.006109713	1.439804083021257e-19
2.007316	1.683524558761293e-19
2.008522287	1.8293241218205073e-19
2.009728573	1.6906282389763218e-19
2.01093486	1.4164323885386452e-19
2.012141146	1.1522550420756012e-19
2.013347433	9.497175116849576e-20
2.01455372	9.569272215811753e-20
2.015760006	1.1527983427507094e-19
2.016966293	1.1606009174340193e-19
2.018172579	1.2033019278283255e-19
2.019378866	1.393624254874189e-19
2.020585153	1.1727886235599107e-19
2.021791439	1.3411231376807068e-19
2.022997726	1.28971375654319e-19
2.024204012	1.4987530345390333e-19
2.025410299	1.588757371332433e-19
2.026616586	1.743477353283296e-19
2.027822872	1.7769733454145315e-19
2.029029159	1.6700538438088273e-19
2.030235445	1.5483394927711821e-19
2.031441732	1.5727578730783685e-19
2.032648019	1.2762692504651257e-19
2.033854305	1.1897505281792345e-19
2.035060592	1.1460104908133366e-19
2.036266878	1.0894891098050566e-19
2.037473165	1.1766012026164428e-19
2.038679452	1.1163258523943159e-19
2.039885738	1.0340998799688783e-19
2.041092025	1.0130329269938122e-19
2.042298311	1.1029046420342166e-19
2.043504598	1.0573802426273712e-19
2.044710885	9.425598189055427e-20
2.045917171	9.97547253599387e-20
2.047123458	1.100092405060043e-19
2.048329744	1.063905924905568e-19
2.049536031	1.120505311976451e-19
2.050742318	9.847095854920076e-20
2.051948604	9.672488299539533e-20
2.053154891	7.778600773308135e-20
2.054361177	6.735500621209339e-20
2.055567464	5.368928886458634e-20
2.056773751	4.8757771404923794e-20
2.057980037	4.8598476202580224e-20
2.059186324	4.822680631928495e-20
2.06039261	4.8696738626893976e-20
2.061598897	4.895803733602968e-20
2.062805184	5.228193349177575e-20
2.06401147	5.058818830131168e-20
2.065217757	4.9465708388941595e-20
2.066424043	4.5952137353032477e-20
2.06763033	4.030287702538637e-20
2.068836617	4.006713400517238e-20
2.070042903	4.6057539557818195e-20
2.07124919	4.84769546313296e-20
2.072455476	6.179851540463927e-20
2.073661763	6.418097500157123e-20
2.07486805	6.274882328106727e-20
2.076074336	5.216949070617115e-20
2.077280623	4.0686797102092523e-20
2.078486909	3.6921095228187e-20
2.079693196	3.312189044867294e-20
2.080899483	3.646626863749818e-20
2.082105769	3.5165497282409827e-20
2.083312056	3.422705559561662e-20
2.084518342	3.16837530609533e-20
2.085724629	3.0615780509488475e-20
2.086930916	2.912549718621288e-20
2.088137202	3.042372504903841e-20
2.089343489	3.122032033792962e-20
2.090549775	3.129211333055796e-20
2.091756062	3.2136692944066174e-20
2.092962349	3.159813611878498e-20
2.094168635	3.011326108569939e-20
2.095374922	3.175296408161749e-20
2.096581208	3.105957303824366e-20
2.097787495	3.076793707535198e-20
2.098993782	3.135489558062367e-20
2.100200068	3.2555822450960234e-20
2.101406355	3.2296068555353373e-20
2.102612641	3.249786859223306e-20
2.103818928	3.714468402888583e-20
2.105025215	4.2011137279799997e-20
2.106231501	4.468072968502573e-20
2.107437788	4.4290339167466103e-20
2.108644074	4.048173048413023e-20
2.109850361	3.755326803528069e-20
2.111056648	3.764003224451665e-20
2.112262934	3.469999645596236e-20
2.113469221	3.623752129131646e-20
2.114675507	3.887361049633514e-20
2.115881794	4.1566180986637686e-20
2.117088081	4.223828178434786e-20
2.118294367	3.871863349974267e-20
2.119500654	3.591711862156398e-20
2.12070694	3.222693938884427e-20
2.121913227	3.1010173601917464e-20
2.123119514	3.011636951956425e-20
2.1243258	3.029204213756838e-20
2.125532087	3.0735380995947525e-20
2.126738373	3.325305638664465e-20
2.12794466	3.1847160931464416e-20
2.129150947	3.2164262578629876e-20
2.130357233	3.134458377532703e-20
2.13156352	3.251769103935542e-20
2.132769806	3.4546159416069496e-20
2.133976093	3.6564402291242947e-20
2.13518238	3.854876160068495e-20
2.136388666	3.856376815946374e-20
2.137594953	3.7072277797601544e-20
2.138801239	3.6372665359554867e-20
2.140007526	3.8856419971525017e-20
2.141213813	3.834287360687241e-20
2.142420099	3.9764206279844706e-20
2.143626386	4.512723855017939e-20
2.144832672	4.7663208160037116e-20
2.146038959	4.943663864381898e-20
2.147245246	4.947231883954485e-20
2.148451532	4.7582774903089414e-20
2.149657819	4.582712903011741e-20
2.150864105	4.340860041318786e-20
2.152070392	4.307447436774166e-20
2.153276679	4.702951807789198e-20
2.154482965	5.3307996603189426e-20
2.155689252	6.177534054825408e-20
2.156895538	6.489337765215922e-20
2.158101825	6.364709701399462e-20
2.159308112	6.087171303068059e-20
2.160514398	5.48817470080629e-20
2.161720685	5.1961025851422666e-20
2.162926971	5.451601069989203e-20
2.164133258	5.417858411549648e-20
2.165339545	4.7412559854029744e-20
2.166545831	3.8646425204000817e-20
2.167752118	2.930468281546592e-20
2.168958404	2.3909653671660156e-20
2.170164691	2.2087962113427227e-20
2.171370978	2.196011116692673e-20
2.172577264	2.348187516568612e-20
2.173783551	2.572932953627868e-20
2.174989837	2.711755157066138e-20
2.176196124	2.8371756502944317e-20
2.177402411	3.044136281132081e-20
2.178608697	3.331926774298821e-20
2.179814984	3.2943462580439914e-20
2.18102127	3.270604687901214e-20
2.182227557	3.470419642591218e-20
2.183433844	3.228332278531635e-20
2.18464013	3.661624142690696e-20
2.185846417	3.530590916755455e-20
2.187052703	3.6495444381905846e-20
2.18825899	4.075125418043271e-20
2.189465276	4.0664052155620225e-20
2.190671563	3.9204546648395025e-20
2.19187785	3.764103435100575e-20
2.193084136	3.60072378995121e-20
2.194290423	3.292641680521656e-20
2.195496709	3.0152554839593336e-20
2.196702996	2.866608924325245e-20
2.197909283	2.8592507770315577e-20
2.199115569	2.9934649961282107e-20
2.200321856	3.0557589225756575e-20
2.201528142	3.2848599107521666e-20
2.202734429	3.629567086722621e-20
2.203940716	3.968947935825167e-20
2.205147002	4.39327359203757e-20
2.206353289	4.580163102208288e-20
2.207559575	4.7761128324341225e-20
2.208765862	4.5378493184644704e-20
2.209972149	4.8206120105826844e-20
2.211178435	4.5755696554109975e-20
2.212384722	4.19600052606498e-20
2.213591008	4.018563298371895e-20
2.214797295	3.720046000226249e-20
2.216003582	3.337440089074167e-20
2.217209868	3.398052059951887e-20
2.218416155	3.4020665233822446e-20
2.219622441	3.3994765524950185e-20
2.220828728	3.409082818770381e-20
2.222035015	3.4334659291587434e-20
2.223241301	3.264176998201091e-20
2.224447588	3.1418537339958e-20
2.225653874	3.058502331940962e-20
2.226860161	2.9457369821248884e-20
2.228066448	3.0335252466483126e-20
2.229272734	3.0371303201624725e-20
2.230479021	3.100453531706878e-20
2.231685307	3.0589453583853636e-20
2.232891594	3.181009125990775e-20
2.234097881	3.205443951370544e-20
2.235304167	3.3670503780431335e-20
2.236510454	3.668015517490412e-20
2.23771674	4.1141305971712875e-20
2.238923027	4.566959757411645e-20
2.240129314	5.0225448195706917e-20
2.2413356	4.98322902802695e-20
2.242541887	5.010942129898062e-20
2.243748173	5.024209467382591e-20
2.24495446	5.381040351038795e-20
2.246160747	5.635777299160442e-20
2.247367033	6.701433313418819e-20
2.24857332	7.410066567580406e-20
2.249779606	6.682945472965501e-20
2.250985893	5.618757904385453e-20
2.25219218	5.324223429821773e-20
2.253398466	5.605796428110553e-20
2.254604753	5.786485494197838e-20
2.255811039	6.206055715021506e-20
2.257017326	5.562558924162185e-20
2.258223613	4.655089926730902e-20
2.259429899	4.1474351981328153e-20
2.260636186	3.595997791056684e-20
2.261842472	3.41101006653837e-20
2.263048759	3.303559697622579e-20
2.264255046	3.180622503575099e-20
2.265461332	3.056542237837883e-20
2.266667619	2.809410248938876e-20
2.267873905	2.8565549234639885e-20
2.269080192	2.863714953844283e-20
2.270286479	3.267544420057883e-20
2.271492765	4.2164835327757116e-20
2.272699052	5.135446886816591e-20
2.273905338	5.2932501581183793e-20
2.275111625	4.6332501767622524e-20
2.276317912	4.158060777027081e-20
2.277524198	3.9979007567904504e-20
2.278730485	4.011571264046215e-20
2.279936771	4.0228671863548776e-20
2.281143058	3.84984221696999e-20
2.282349345	3.297414186148539e-20
2.283555631	2.503461518588944e-20
2.284761918	2.2619830926924472e-20
2.285968204	2.094390019613723e-20
2.287174491	2.0450079262652352e-20
2.288380778	1.929342422100327e-20
2.289587064	1.9267998298318144e-20
2.290793351	1.8183045566912754e-20
2.291999637	1.7850711130294683e-20
2.293205924	1.863484475963232e-20
2.294412211	1.956439911991836e-20
2.295618497	2.1218207782648935e-20
2.296824784	2.227503119968256e-20
2.29803107	2.23051095777361e-20
2.299237357	2.0075198711876722e-20
2.300443644	1.9997967142270775e-20
2.30164993	2.0470106417369243e-20
2.302856217	2.179005120894878e-20
2.304062503	2.399634239947928e-20
2.30526879	2.531715593421776e-20
2.306475077	2.7480552673457364e-20
2.307681363	3.315869265284942e-20
2.30888765	3.328615466689688e-20
2.310093936	3.689084751212883e-20
2.311300223	3.545910238687304e-20
2.31250651	3.11012900562679e-20
2.313712796	2.8281047032665247e-20
2.314919083	3.258395669387779e-20
2.316125369	3.3691919919597924e-20
2.317331656	2.9568009990441635e-20
2.318537943	2.474375150054771e-20
2.319744229	1.842214865276353e-20
2.320950516	1.633359512587428e-20
2.322156802	1.5232497886093393e-20
2.323363089	1.411319642106558e-20
2.324569376	1.490064923193878e-20
2.325775662	1.6635530353635758e-20
2.326981949	1.683133941436581e-20
2.328188235	1.5856210711020158e-20
2.329394522	1.4909543310663958e-20
2.330600809	1.540469603295146e-20
2.331807095	1.5842848989458643e-20
2.333013382	1.699103867970117e-20
2.334219668	1.617335327692255e-20
2.335425955	1.8296942915612916e-20
2.336632242	1.5833890540225238e-20
2.337838528	2.009952655823672e-20
2.339044815	2.216679493232644e-20
2.340251101	2.2007120650909365e-20
2.341457388	1.8240342185735766e-20
2.342663675	1.4711530426496955e-20
2.343869961	1.1707989317673931e-20
2.345076248	1.1528975393604773e-20
2.346282534	1.1511590166910958e-20
2.347488821	1.0344846930305803e-20
2.348695108	8.859491302550603e-21
2.349901394	8.375019878922773e-21
2.351107681	8.804549141087927e-21
2.352313967	9.293421227493287e-21
2.353520254	1.0567371290294432e-20
2.354726541	1.252447019646111e-20
2.355932827	1.2533506321687335e-20
2.357139114	1.3726823186609866e-20
2.3583454	1.3386190680136956e-20
2.359551687	1.2369452228905327e-20
2.360757974	1.2307716912567985e-20
2.36196426	1.1263176259605926e-20
2.363170547	1.172457228947826e-20
2.364376833	1.1443834067790842e-20
2.36558312	1.4465924356433587e-20
2.366789407	1.602498983023767e-20
2.367995693	2.1876142407750653e-20
2.36920198	2.8490326534761623e-20
2.370408266	3.382072959123433e-20
2.371614553	4.164931989542572e-20
2.37282084	5.908939363927221e-20
2.374027126	7.847712196792948e-20
2.375233413	4.707020690231653e-20
2.376439699	2.4794001858968782e-20
2.377645986	1.596889085713968e-20
2.378852273	1.0727074607362192e-20
2.380058559	8.896301100686296e-21
2.381264846	7.646256955673843e-21
2.382471132	7.478081321490378e-21
2.383677419	8.032977536440212e-21
2.384883706	7.600445498194511e-21
2.386089992	7.440251538629296e-21
2.387296279	7.806094837353628e-21
2.388502565	7.610793778604408e-21
2.389708852	7.545156577098872e-21
2.390915139	7.631713973052836e-21
2.392121425	8.959171613445755e-21
2.393327712	9.582135553924283e-21
2.394533998	9.908893646555303e-21
2.395740285	1.0042714601054825e-20
2.396946572	9.367094988696763e-21
2.398152858	9.156927218570392e-21
2.399359145	8.506261453698467e-21
2.400565431	8.573930204976166e-21
2.401771718	8.879425840316888e-21
2.402978005	1.0237311583688026e-20
2.404184291	9.060180014543637e-21
2.405390578	8.370530119952522e-21
2.406596864	7.680273026733518e-21
2.407803151	7.909387234534386e-21
2.409009438	8.219639862565702e-21
2.410215724	8.262628736004832e-21
2.411422011	7.69528622517118e-21
2.412628297	6.4087267197363494e-21
2.413834584	6.5291981093663445e-21
2.415040871	6.644796307297726e-21
2.416247157	5.935541265322133e-21
2.417453444	6.093822715581071e-21
2.41865973	6.734661694671464e-21
2.419866017	5.4196868157252126e-21
2.421072304	6.105565790466953e-21
2.42227859	5.588899941517082e-21
2.423484877	6.305618751174009e-21
2.424691163	6.4537674627144905e-21
2.42589745	6.732642332753388e-21
2.427103737	7.145779244228497e-21
2.428310023	7.176504312355556e-21
2.42951631	7.021090292377776e-21
2.430722596	7.276643324845312e-21
2.431928883	8.723829861759941e-21
2.43313517	1.1123286682974955e-20
2.434341456	1.3949037335469074e-20
2.435547743	1.575547567266759e-20
2.436754029	1.2371655424893784e-20
2.437960316	9.87921739186454e-21
2.439166603	9.430631666652023e-21
2.440372889	8.869405032336104e-21
2.441579176	9.139057670816345e-21
2.442785462	1.0709693056806622e-20
2.443991749	1.2352742484123845e-20
2.445198036	1.2757433853809648e-20
2.446404322	1.441477235722773e-20
2.447610609	1.2812971934940178e-20
2.448816895	1.1248924944287071e-20
2.450023182	1.016907066738e-20
2.451229469	8.964405416651764e-21
2.452435755	9.26278611657504e-21
2.453642042	8.434230337630071e-21
2.454848328	8.97934359227967e-21
2.456054615	9.268623726355676e-21
2.457260902	9.593267867036845e-21
2.458467188	1.051896042606445e-20
2.459673475	1.1357787099772375e-20
2.460879761	1.194911705927453e-20
2.462086048	1.390394930245036e-20
2.463292335	1.4171015536139963e-20
2.464498621	1.5492767376964943e-20
2.465704908	1.566083956837387e-20
2.466911194	1.9399523846736046e-20
2.468117481	1.814449464883046e-20
2.469323768	1.723525722088073e-20
2.470530054	1.6650952835004254e-20
2.471736341	1.8584929051726165e-20
2.472942627	2.45709901208735e-20
2.474148914	2.823789546549454e-20
2.475355201	4.1668142333533333e-20
2.476561487	5.718153308701585e-20
2.477767774	6.237513239348843e-20
2.47897406	7.13267819154308e-20
2.480180347	1.1329697162142282e-19
2.481386634	2.780021893133869e-19
2.48259292	1.787104512242845e-19
2.483799207	4.187498597817334e-20
2.485005493	2.033675669667586e-20
2.48621178	1.4041156113147326e-20
2.487418067	1.0273822144211064e-20
2.488624353	9.00649242142637e-21
2.48983064	8.740790543964236e-21
2.491036926	9.754827952364669e-21
2.492243213	1.0741861649012674e-20
2.4934495	1.0189734683174771e-20
2.494655786	1.0635994604838785e-20
2.495862073	1.2518023523819092e-20
2.497068359	1.3611839837431344e-20