0.45	4.3941714937690844e-21
0.451153287	4.2444448634287114e-21
0.452306574	6.196753661861877e-21
0.453459862	5.986109664744619e-21
0.454613149	5.668880267126598e-21
0.455766436	4.547053999513253e-21
0.456919723	6.5349236903790035e-21
0.45807301	6.768993779738119e-21
0.459226298	6.178840530398218e-21
0.460379585	5.482400947133947e-21
0.461532872	7.199225575287988e-21
0.462686159	5.682636424190679e-21
0.463839446	7.16990245017078e-21
0.464992733	7.907034415023393e-21
0.466146021	6.727848145601434e-21
0.467299308	9.628898359604631e-21
0.468452595	9.890769924555784e-21
0.469605882	7.093934165745237e-21
0.470759169	1.095060554753443e-20
0.471912457	7.635022479776806e-21
0.473065744	7.45868852201303e-21
0.474219031	5.9034036440799825e-21
0.475372318	8.232514884090455e-21
0.476525605	1.0073641924662723e-20
0.477678893	7.262966419489973e-21
0.47883218	1.1531924878839118e-20
0.479985467	1.1011537498304915e-20
0.481138754	9.867244620765696e-21
0.482292041	9.07597813946057e-21
0.483445329	2.0234404741671932e-20
0.484598616	1.2543714635587881e-20
0.485751903	1.2810660424431479e-20
0.48690519	1.5431846065533282e-20
0.488058477	1.1035202215061639e-20
0.489211765	1.1977808001956447e-20
0.490365052	1.7443205639866863e-20
0.491518339	1.1067157363527551e-20
0.492671626	1.502589084019249e-20
0.493824913	1.7186222319252024e-20
0.4949782	1.3757413787350944e-20
0.496131488	1.6454697479457554e-20
0.497284775	1.3221190206270285e-20
0.498438062	1.8380137073254003e-20
0.499591349	1.0780575361151712e-20
0.500744636	1.8812380292298996e-20
0.501897924	1.6413094647796224e-20
0.503051211	1.294736670081239e-20
0.504204498	9.920136855602667e-21
0.505357785	1.273939401316498e-20
0.506511072	8.692087465688341e-21
0.50766436	1.1009665130071975e-20
0.508817647	6.892313782623848e-21
0.509970934	6.598712627686123e-21
0.511124221	5.895561781960958e-21
0.512277508	7.587427398279897e-21
0.513430796	9.598609601006627e-21
0.514584083	9.003677015051431e-21
0.51573737	9.967735704165776e-21
0.516890657	1.0626722749826095e-20
0.518043944	1.340928590968263e-20
0.519197232	1.0498068829239641e-20
0.520350519	1.7436369552674055e-20
0.521503806	1.4028228933314195e-20
0.522657093	1.7131339960060793e-20
0.52381038	1.6601613914038028e-20
0.524963667	1.6508548371443728e-20
0.526116955	1.5725680412973478e-20
0.527270242	1.8256240403309092e-20
0.528423529	2.0889806189114065e-20
0.529576816	2.4449662084654616e-20
0.530730103	2.8567505818461044e-20
0.531883391	2.4213922111134167e-20
0.533036678	2.5848641479742734e-20
0.534189965	2.0826172022736228e-20
0.535343252	2.7377489274812643e-20
0.536496539	2.760617146080441e-20
0.537649827	3.0306002264199536e-20
0.538803114	2.6680657153133436e-20
0.539956401	2.1340632485740235e-20
0.541109688	2.1255229690928386e-20
0.542262975	2.3319172830925803e-20
0.543416263	2.1704184403653254e-20
0.54456955	2.5216826219339382e-20
0.545722837	2.2494860960507888e-20
0.546876124	2.2788666924912352e-20
0.548029411	2.5048758684551036e-20
0.549182699	2.1519028055097577e-20
0.550335986	2.3621946471351512e-20
0.551489273	2.4417621594598318e-20
0.55264256	2.042570198034177e-20
0.553795847	1.8345101152181423e-20
0.554949134	2.1300080389665333e-20
0.556102422	2.2064427202566185e-20
0.557255709	2.264712435120226e-20
0.558408996	2.311329999233563e-20
0.559562283	2.617019248746584e-20
0.56071557	2.2844900924657783e-20
0.561868858	2.3408197471655046e-20
0.563022145	2.4520782970177654e-20
0.564175432	2.3470475330498587e-20
0.565328719	2.775105334565596e-20
0.566482006	2.687693788352243e-20
0.567635294	2.613974822801887e-20
0.568788581	2.6139912210667958e-20
0.569941868	2.5508641474240968e-20
0.571095155	2.491001981985912e-20
0.572248442	2.5609654380723948e-20
0.57340173	2.63727624551097e-20
0.574555017	2.5247917588233285e-20
0.575708304	2.5284336926589075e-20
0.576861591	2.4873346891446233e-20
0.578014878	2.3072886807788337e-20
0.579168165	2.2507815786226957e-20
0.580321453	2.3052706252228602e-20
0.58147474	2.1159267354387563e-20
0.582628027	1.9909575031766043e-20
0.583781314	2.0076939744572887e-20
0.584934601	1.98754524664419e-20
0.586087889	2.121932829522449e-20
0.587241176	2.145822108922198e-20
0.588394463	2.0025302046782395e-20
0.58954775	2.275756423508147e-20
0.590701037	2.1956326838957732e-20
0.591854325	2.3592412962703694e-20
0.593007612	2.3510538882950524e-20
0.594160899	2.5606092720110677e-20
0.595314186	2.7023185257203766e-20
0.596467473	2.838590799973222e-20
0.597620761	3.273303637829265e-20
0.598774048	3.572284353281068e-20
0.599927335	3.7189393753969835e-20
0.601080622	4.0500194124250044e-20
0.602233909	4.5316801103599925e-20
0.603387197	4.476714998372631e-20
0.604540484	4.9006145748931496e-20
0.605693771	4.987876626947468e-20
0.606847058	5.274611356750854e-20
0.608000345	5.224263607136744e-20
0.609153632	5.274717501424887e-20
0.61030692	5.527129851653772e-20
0.611460207	5.420016107201368e-20
0.612613494	5.565347106175176e-20
0.613766781	5.466090583591479e-20
0.614920068	4.840707498192195e-20
0.616073356	4.787831431853237e-20
0.617226643	5.0731588146706714e-20
0.61837993	4.336181337083524e-20
0.619533217	4.2529413030403023e-20
0.620686504	4.2268801628834754e-20
0.621839792	4.6913344975154186e-20
0.622993079	5.0342184603928734e-20
0.624146366	5.235068194732391e-20
0.625299653	5.3586018474962646e-20
0.62645294	5.931172297631177e-20
0.627606228	5.924246459983483e-20
0.628759515	6.01042494335248e-20
0.629912802	6.062531533989621e-20
0.631066089	7.085103890562608e-20
0.632219376	7.645743407509164e-20
0.633372664	7.721338008241629e-20
0.634525951	9.544641365673023e-20
0.635679238	8.631161984184012e-20
0.636832525	9.2209570606931e-20
0.637985812	8.984774726970331e-20
0.639139099	1.0331982299423939e-19
0.640292387	1.1284268611122802e-19
0.641445674	1.1325270444997373e-19
0.642598961	1.2911842523966e-19
0.643752248	1.0889303285403429e-19
0.644905535	1.3517995059382794e-19
0.646058823	1.2753463299693885e-19
0.64721211	1.4150301751765146e-19
0.648365397	1.460941205677436e-19
0.649518684	1.321061820487922e-19
0.650671971	1.4284259328872358e-19
0.651825259	1.5820609167788683e-19
0.652978546	1.4282446119354768e-19
0.654131833	1.402873534652694e-19
0.65528512	1.7872167442495734e-19
0.656438407	1.307070530472735e-19
0.657591695	1.5310900856875075e-19
0.658744982	1.3219340347119473e-19
0.659898269	1.4236828672307027e-19
0.661051556	1.2676476187093836e-19
0.662204843	1.2946125603660194e-19
0.663358131	1.3009352050402715e-19
0.664511418	1.3651270090837683e-19
0.665664705	1.153883203332548e-19
0.666817992	1.1550973155005053e-19
0.667971279	1.1611583819906302e-19
0.669124566	1.158893328082852e-19
0.670277854	1.19959953891763e-19
0.671431141	1.1976635949261633e-19
0.672584428	1.1890952944203906e-19
0.673737715	1.3514175702080579e-19
0.674891002	1.1842662172785254e-19
0.67604429	1.2876390537246636e-19
0.677197577	1.2897684356780834e-19
0.678350864	1.238378512082605e-19
0.679504151	1.2267877274133216e-19
0.680657438	1.3239021640102336e-19
0.681810726	1.2678722715987506e-19
0.682964013	1.2004926563697306e-19
0.6841173	1.4198485284784746e-19
0.685270587	1.2288680726932358e-19
0.686423874	1.2692945669856204e-19
0.687577162	1.36258227881061e-19
0.688730449	1.4600033672441155e-19
0.689883736	1.270206609044376e-19
0.691037023	1.7612205482103168e-19
0.69219031	1.9612673280362633e-19
0.693343597	1.583706099750931e-19
0.694496885	2.267201684848324e-19
0.695650172	1.9760548057080253e-19
0.696803459	1.9428101017246535e-19
0.697956746	2.1147858279937986e-19
0.699110033	2.132433172249272e-19
0.700263321	2.120133072994513e-19
0.701416608	2.329619167372129e-19
0.702569895	2.4052262780317955e-19
0.703723182	1.8544892901101195e-19
0.704876469	2.3632146534982645e-19
0.706029757	2.0417568868709675e-19
0.707183044	2.2319783199763785e-19
0.708336331	1.8100325039510178e-19
0.709489618	2.3161350740107986e-19
0.710642905	1.9002299246813116e-19
0.711796193	1.8300752227979547e-19
0.71294948	2.278280172200081e-19
0.714102767	2.251778474225122e-19
0.715256054	2.0936360449036147e-19
0.716409341	1.8383528956511271e-19
0.717562629	2.11323832595055e-19
0.718715916	1.6276161135233383e-19
0.719869203	1.4550995870768017e-19
0.72102249	1.4973772862641524e-19
0.722175777	1.5424806207932757e-19
0.723329064	1.3563730118025906e-19
0.724482352	1.5656737558715958e-19
0.725635639	1.162707212770414e-19
0.726788926	1.297471979614985e-19
0.727942213	1.6042397429683682e-19
0.7290955	1.3235819514644352e-19
0.730248788	1.4028905619601125e-19
0.731402075	1.7850629510773037e-19
0.732555362	2.0732948510161605e-19
0.733708649	2.5065931568091344e-19
0.734861936	2.5573829129217935e-19
0.736015224	2.5706550725853347e-19
0.737168511	2.931129960099421e-19
0.738321798	3.0714928593940624e-19
0.739475085	2.985008536101019e-19
0.740628372	3.482501261667765e-19
0.74178166	2.9857443031473984e-19
0.742934947	3.344788445789922e-19
0.744088234	2.638178266248079e-19
0.745241521	2.47597706916688e-19
0.746394808	2.6862337546808125e-19
0.747548096	2.6352029227112905e-19
0.748701383	2.558699916696652e-19
0.74985467	2.64731388570956e-19
0.751007957	2.8514213287319417e-19
0.752161244	2.8096840095614465e-19
0.753314531	2.6559103370671937e-19
0.754467819	2.7431906687432645e-19
0.755621106	3.047080227857128e-19
0.756774393	2.545707091118127e-19
0.75792768	2.5079067659045184e-19
0.759080967	2.3769748206448967e-19
0.760234255	2.178232514032121e-19
0.761387542	1.8326577141330344e-19
0.762540829	1.927937139568634e-19
0.763694116	2.0041070512279302e-19
0.764847403	2.0784071677593572e-19
0.766000691	2.401236522972741e-19
0.767153978	2.406142717361663e-19
0.768307265	2.5897465516039447e-19
0.769460552	2.6709554226053646e-19
0.770613839	2.8494284202520046e-19
0.771767127	2.6150636723049973e-19
0.772920414	2.9418308095341195e-19
0.774073701	2.555583368226599e-19
0.775226988	2.9572058610027767e-19
0.776380275	3.104653306979706e-19
0.777533562	3.048159454968241e-19
0.77868685	3.943029712779549e-19
0.779840137	4.1920466594130504e-19
0.780993424	4.117142340107754e-19
0.782146711	3.7025488626830646e-19
0.783299998	3.9377754394521035e-19
0.784453286	4.414912954460268e-19
0.785606573	4.499877619838499e-19
0.78675986	4.342722554226203e-19
0.787913147	4.412140584501266e-19
0.789066434	4.873402189329299e-19
0.790219722	4.681565274436106e-19
0.791373009	4.870204601942058e-19
0.792526296	4.439668530921642e-19
0.793679583	5.19794301040357e-19
0.79483287	4.756070275767331e-19
0.795986158	4.2020626423781596e-19
0.797139445	5.310175660131333e-19
0.798292732	5.126133250653922e-19
0.799446019	5.844192699033484e-19
0.800599306	6.482815548572639e-19
0.801752594	7.042119099199926e-19
0.802905881	7.367076184179226e-19
0.804059168	7.627081024537974e-19
0.805212455	8.596654336498855e-19
0.806365742	9.647584264185753e-19
0.807519029	1.080831251257071e-18
0.808672317	1.0731576595030462e-18
0.809825604	1.1420041526734735e-18
0.810978891	1.1973414288952813e-18
0.812132178	1.3529331770926792e-18
0.813285465	1.2691879867224659e-18
0.814438753	1.4497839012078703e-18
0.81559204	1.4131274461528038e-18
0.816745327	1.4984992628525214e-18
0.817898614	1.6724842724137506e-18
0.819051901	1.7973455629127756e-18
0.820205189	1.9783697704144583e-18
0.821358476	1.8853813192318493e-18
0.822511763	1.5984838603960205e-18
0.82366505	1.8090145882626615e-18
0.824818337	1.8118858398243515e-18
0.825971625	1.9210365792493516e-18
0.827124912	1.6164511900709195e-18
0.828278199	1.8716328388922776e-18
0.829431486	1.886271550232305e-18
0.830584773	1.5898279801941958e-18
0.831738061	1.893422835799165e-18
0.832891348	1.7621317355131896e-18
0.834044635	1.9865692879762346e-18
0.835197922	1.595369618437574e-18
0.836351209	1.2586476862624559e-18
0.837504496	1.2155470350557171e-18
0.838657784	1.2226815872873184e-18
0.839811071	1.2060642791723578e-18
0.840964358	9.71158060143852e-19
0.842117645	9.893145235491392e-19
0.843270932	1.0671835527894004e-18
0.84442422	9.669187859020758e-19
0.845577507	1.1053353062989193e-18
0.846730794	1.0260607859272848e-18
0.847884081	9.223308729564851e-19
0.849037368	1.0215890751589417e-18
0.850190656	9.49924788638537e-19
0.851343943	6.922267057892237e-19
0.85249723	7.160613334957073e-19
0.853650517	6.424634207846099e-19
0.854803804	5.198984837483892e-19
0.855957092	5.280017445384035e-19
0.857110379	4.526911819450158e-19
0.858263666	4.473617486749292e-19
0.859416953	3.1814055618249734e-19
0.86057024	2.862709371724577e-19
0.861723528	2.727066491210156e-19
0.862876815	2.5213192931847674e-19
0.864030102	2.5534191015609996e-19
0.865183389	2.5854243009735517e-19
0.866336676	2.491459687899138e-19
0.867489963	3.1429772979452394e-19
0.868643251	3.522764946169506e-19
0.869796538	4.2969936380012354e-19
0.870949825	5.198889957772035e-19
0.872103112	5.18549268507865e-19
0.873256399	6.719919012575684e-19
0.874409687	6.295859527202597e-19
0.875562974	6.343187504077411e-19
0.876716261	7.29441287064917e-19
0.877869548	6.957381739776147e-19
0.879022835	6.766548187022543e-19
0.880176123	4.742330434001156e-19
0.88132941	3.311994244649807e-19
0.882482697	2.9293862029719985e-19
0.883635984	2.6887184499310135e-19
0.884789271	2.6695160316384397e-19
0.885942559	2.1041607268383588e-19
0.887095846	2.1001111295144452e-19
0.888249133	2.7854695495198825e-19
0.88940242	2.418558602322854e-19
0.890555707	2.840375464794742e-19
0.891708994	3.234618722365157e-19
0.892862282	3.2256556145187626e-19
0.894015569	3.309461438325863e-19
0.895168856	3.0258832098690396e-19
0.896322143	3.25382851468242e-19
0.89747543	4.1246235266458343e-19
0.898628718	4.442067267286447e-19
0.899782005	5.6825332272754385e-19
0.900935292	5.866471393570515e-19
0.902088579	7.555412806722511e-19
0.903241866	1.0190305929054246e-18
0.904395154	1.088148370794411e-18
0.905548441	1.54005892606936e-18
0.906701728	1.5277131875751084e-18
0.907855015	1.6936079219529695e-18
0.909008302	1.8767299531611035e-18
0.91016159	1.6161057051694012e-18
0.911314877	2.0286495084055427e-18
0.912468164	2.122376180405304e-18
0.913621451	2.2089874058630965e-18
0.914774738	1.9884600617465906e-18
0.915928026	1.864022911716201e-18
0.917081313	2.2480604282708728e-18
0.9182346	1.9996348658661716e-18
0.919387887	2.1065222166645803e-18
0.920541174	2.6576397598435908e-18
0.921694461	2.0236217288479747e-18
0.922847749	1.853735622414973e-18
0.924001036	2.0706258304909704e-18
0.925154323	1.9800902272533423e-18
0.92630761	2.0020217852633197e-18
0.927460897	2.258472097864358e-18
0.928614185	2.0040274627669335e-18
0.929767472	1.8839412297843353e-18
0.930920759	1.4044963760950718e-18
0.932074046	1.2808268965828243e-18
0.933227333	1.2512931823547838e-18
0.934380621	1.4805431071829026e-18
0.935533908	1.29242858320179e-18
0.936687195	1.1902479184774994e-18
0.937840482	1.3483058911203067e-18
0.938993769	1.5686036180625408e-18
0.940147057	1.674161449644553e-18
0.941300344	1.68263321572463e-18
0.942453631	1.4200049541881205e-18
0.943606918	1.3027654708327359e-18
0.944760205	1.3366870671319428e-18
0.945913493	1.3490491214476313e-18
0.94706678	1.40631236229551e-18
0.948220067	1.5188968683707882e-18
0.949373354	1.5133714037043959e-18
0.950526641	1.7141411229029821e-18
0.951679928	1.782515266961348e-18
0.952833216	1.8486394515215595e-18
0.953986503	1.762884442366879e-18
0.95513979	1.6746056516407918e-18
0.956293077	1.6219009948152124e-18
0.957446364	1.65765952736168e-18
0.958599652	1.5189394714746495e-18
0.959752939	1.513670572476731e-18
0.960906226	1.4669894105298358e-18
0.962059513	1.4816210688098982e-18
0.9632128	1.4676335251477006e-18
0.964366088	1.485408440441609e-18
0.965519375	1.5459377381731855e-18
0.966672662	1.5008403122246496e-18
0.967825949	1.3380647134605981e-18
0.968979236	1.4236940178195848e-18
0.970132524	0.
0.971285811	0.
0.972439098	0.
0.973592385	0.
0.974745672	0.
0.97589896	0.
0.977052247	0.
0.978205534	0.
0.979358821	0.
0.980512108	0.
0.981665395	0.
0.982818683	0.
0.98397197	0.
0.985125257	0.
0.986278544	0.
0.987431831	0.
0.988585119	0.
0.989738406	0.
0.990891693	0.
0.99204498	0.
0.993198267	0.
0.994351555	0.
0.995504842	0.
0.996658129	0.
0.997811416	1.0102189203190347e-18
0.998964703	8.78279047061487e-19
1.000117991	9.52563015014894e-19
1.001271278	6.66510880911953e-19
1.002424565	7.413629949180565e-19
1.003577852	6.960358114711182e-19
1.004731139	6.538229405703672e-19
1.005884426	5.609479755433357e-19
1.007037714	7.187676888412531e-19
1.008191001	6.775601221292395e-19
1.009344288	7.935306163052035e-19
1.010497575	9.061261077259053e-19
1.011650862	1.0689081863188097e-18
1.01280415	1.0877274718529923e-18
1.013957437	1.2053223360032408e-18
1.015110724	1.4015620498830385e-18
1.016264011	1.4943838200310602e-18
1.017417298	1.6957049025558336e-18
1.018570586	1.6078932739755496e-18
1.019723873	1.9334451442305497e-18
1.02087716	1.7477682748642792e-18
1.022030447	1.864714411585471e-18
1.023183734	2.01037616890184e-18
1.024337022	2.06314985397561e-18
1.025490309	2.1000507087163287e-18
1.026643596	2.3840480099067454e-18
1.027796883	2.2930643804464825e-18
1.02895017	2.6373933508260096e-18
1.030103458	2.490768176883688e-18
1.031256745	2.8389265802638705e-18
1.032410032	2.7385484404513446e-18
1.033563319	3.2885668609625763e-18
1.034716606	3.1137021156855955e-18
1.035869893	3.0953411780110428e-18
1.037023181	3.5652206675332794e-18
1.038176468	3.620636243428915e-18
1.039329755	3.510964484497324e-18
1.040483042	3.667003613624635e-18
1.041636329	3.764197268327695e-18
1.042789617	4.1532497637692254e-18
1.043942904	3.758047227857982e-18
1.045096191	4.220285791777264e-18
1.046249478	4.9264974514576156e-18
1.047402765	4.113612146690185e-18
1.048556053	4.935981140342606e-18
1.04970934	3.8976907051611114e-18
1.050862627	4.316052640893558e-18
1.052015914	4.5866904311390455e-18
1.053169201	4.7979481397125035e-18
1.054322489	5.183265119042065e-18
1.055475776	4.753882051804166e-18
1.056629063	4.613039109438456e-18
1.05778235	4.61929382994856e-18
1.058935637	4.6728880950460545e-18
1.060088925	5.4862826386726274e-18
1.061242212	4.640929761232338e-18
1.062395499	4.686954464682596e-18
1.063548786	5.557178923633701e-18
1.064702073	4.509852708071505e-18
1.06585536	4.823402612424508e-18
1.067008648	5.015792522880379e-18
1.068161935	5.312244133800925e-18
1.069315222	5.7289729486340126e-18
1.070468509	5.256446604870345e-18
1.071621796	5.27297280885029e-18
1.072775084	4.849248616049901e-18
1.073928371	5.672445634010785e-18
1.075081658	5.643703648417346e-18
1.076234945	5.9383408883351745e-18
1.077388232	5.449164735818007e-18
1.07854152	5.592492358125597e-18
1.079694807	5.320493191697368e-18
1.080848094	5.820551850398955e-18
1.082001381	5.355365269276132e-18
1.083154668	5.3912063735159485e-18
1.084307956	5.630304970947975e-18
1.085461243	5.673485834024502e-18
1.08661453	5.407388678206199e-18
1.087767817	5.495441831337219e-18
1.088921104	5.528797127651524e-18
1.090074392	5.17068893368712e-18
1.091227679	5.223482780298372e-18
1.092380966	5.170043759232431e-18
1.093534253	4.768372439207839e-18
1.09468754	4.839084883348643e-18
1.095840827	4.559775615252028e-18
1.096994115	4.369589333786895e-18
1.098147402	3.97145159588274e-18
1.099300689	3.961351276719422e-18
1.100453976	3.865242724816708e-18
1.101607263	3.450098238592379e-18
1.102760551	3.6235871123735895e-18
1.103913838	3.404910324057044e-18
1.105067125	3.496766969949557e-18
1.106220412	2.952830441987081e-18
1.107373699	3.1649941183959855e-18
1.108526987	2.5848551945925435e-18
1.109680274	2.6351018671674925e-18
1.110833561	2.1050434828598243e-18
1.111986848	1.9428725632640564e-18
1.113140135	1.9642600957954946e-18
1.114293423	1.7857713615248607e-18
1.11544671	1.4125962006140949e-18
1.116599997	1.3029453417927883e-18
1.117753284	1.2117168937144087e-18
1.118906571	9.57753863126152e-19
1.120059858	8.1438815692782125e-19
1.121213146	6.784858147497143e-19
1.122366433	5.482196969044924e-19
1.12351972	4.697565562899116e-19
1.124673007	3.7095939886855867e-19
1.125826294	3.0757323935104287e-19
1.126979582	2.7417864798367244e-19
1.128132869	2.2784459172746767e-19
1.129286156	2.060887367500692e-19
1.130439443	2.0386047824379963e-19
1.13159273	2.2606377631427037e-19
1.132746018	2.355989615646626e-19
1.133899305	2.7378208065934556e-19
1.135052592	3.0529346617745404e-19
1.136205879	3.1895280930682526e-19
1.137359166	3.3480240563368597e-19
1.138512454	3.615762763637914e-19
1.139665741	3.7697422512734706e-19
1.140819028	4.3348422990523323e-19
1.141972315	4.416599673627059e-19
1.143125602	4.52904354232514e-19
1.14427889	4.306286300559549e-19
1.145432177	4.050172849661107e-19
1.146585464	3.3864064809645387e-19
1.147738751	3.3639261808998117e-19
1.148892038	3.063884452977623e-19
1.150045325	2.521345979186599e-19
1.151198613	2.265858101871932e-19
1.1523519	1.7777483434077583e-19
1.153505187	1.612813247755416e-19
1.154658474	1.2765299215148236e-19
1.155811761	1.1556841160047478e-19
1.156965049	1.167829091198589e-19
1.158118336	1.165682867623488e-19
1.159271623	1.0814628792608036e-19
1.16042491	1.1067429849342482e-19
1.161578197	1.1033743462463036e-19
1.162731485	1.0383442237189494e-19
1.163884772	1.1032465278834597e-19
1.165038059	1.2266768041592677e-19
1.166191346	1.3186714712166791e-19
1.167344633	1.4588635104901637e-19
1.168497921	1.7862350916014875e-19
1.169651208	2.064591528931996e-19
1.170804495	2.347732410543873e-19
1.171957782	2.7086630926805774e-19
1.173111069	3.2172054857753247e-19
1.174264357	3.287980659255816e-19
1.175417644	3.7477924976726556e-19
1.176570931	3.8127417559981747e-19
1.177724218	3.8955643010652926e-19
1.178877505	3.781263380201451e-19
1.180030792	3.518911906173184e-19
1.18118408	3.3529784029050655e-19
1.182337367	3.533280749033373e-19
1.183490654	3.373204296746987e-19
1.184643941	3.4098868619689446e-19
1.185797228	3.269044151261026e-19
1.186950516	3.387288128353306e-19
1.188103803	3.9860469513042997e-19
1.18925709	4.371944651089822e-19
1.190410377	4.5887247996495905e-19
1.191563664	5.072236712995315e-19
1.192716952	5.424238721210288e-19
1.193870239	6.722248436851259e-19
1.195023526	6.925207276317493e-19
1.196176813	7.955084034240138e-19
1.1973301	9.276432184239353e-19
1.198483388	1.0066200241783446e-18
1.199636675	1.1123297980522117e-18
1.200789962	1.1574667668755152e-18
1.201943249	1.257185897104816e-18
1.203096536	1.457617922276292e-18
1.204249824	1.7140310005717806e-18
1.205403111	1.7562188418416064e-18
1.206556398	1.944987549914227e-18
1.207709685	2.154429898509044e-18
1.208862972	2.580373862982303e-18
1.210016259	2.63271517160855e-18
1.211169547	2.64096492250329e-18
1.212322834	2.7171050214916628e-18
1.213476121	2.8984062446885182e-18
1.214629408	3.132808895974599e-18
1.215782695	3.2320082283214872e-18
1.216935983	3.2724200859914137e-18
1.21808927	3.386083703014462e-18
1.219242557	3.591749490698568e-18
1.220395844	3.429297397137119e-18
1.221549131	3.507597393726971e-18
1.222702419	3.540995849053211e-18
1.223855706	3.549535461922576e-18
1.225008993	3.542334308990569e-18
1.22616228	3.2495490369838695e-18
1.227315567	3.3119856391491402e-18
1.228468855	3.0617049015599176e-18
1.229622142	2.9593300242287943e-18
1.230775429	3.021074013705003e-18
1.231928716	2.9206007069757987e-18
1.233082003	2.9337086765588998e-18
1.23423529	2.965851938394043e-18
1.235388578	2.9456683403149203e-18
1.236541865	3.1491523243433664e-18
1.237695152	3.101984331594684e-18
1.238848439	3.3133487942678746e-18
1.240001726	3.4246495838184583e-18
1.241155014	3.3961662442827098e-18
1.242308301	3.417441297570379e-18
1.243461588	3.3991361539293885e-18
1.244614875	3.3866577072348142e-18
1.245768162	3.6270584659282116e-18
1.24692145	3.631760386427546e-18
1.248074737	3.4681646619674806e-18
1.249228024	3.547087288975319e-18
1.250381311	3.82529089558575e-18
1.251534598	3.742084179847404e-18
1.252687886	3.8976505285175066e-18
1.253841173	4.1531352315670455e-18
1.25499446	4.219708153159103e-18
1.256147747	3.964163484181886e-18
1.257301034	4.363443487583649e-18
1.258454322	4.269537206423824e-18
1.259607609	4.223694486432586e-18
1.260760896	4.11687641277076e-18
1.261914183	4.27987260116482e-18
1.26306747	4.079887110555396e-18
1.264220757	4.12747483975619e-18
1.265374045	4.2909888642927674e-18
1.266527332	4.336340928518234e-18
1.267680619	4.862575561632288e-18
1.268833906	4.693268372981536e-18
1.269987193	4.59957422834956e-18
1.271140481	4.5683538552958526e-18
1.272293768	4.672956425692456e-18
1.273447055	4.632833049758204e-18
1.274600342	5.013296322381063e-18
1.275753629	4.835856119590023e-18
1.276906917	4.840090786402997e-18
1.278060204	4.938992208507018e-18
1.279213491	5.024462409818373e-18
1.280366778	5.0680549376957784e-18
1.281520065	5.1886676559510876e-18
1.282673353	5.680075507731873e-18
1.28382664	5.08939633341847e-18
1.284979927	4.720729519240856e-18
1.286133214	4.986917501907718e-18
1.287286501	4.903924336025048e-18
1.288439789	4.664310929744647e-18
1.289593076	4.7429106341863284e-18
1.290746363	4.645317215663373e-18
1.29189965	4.5575919709024614e-18
1.293052937	4.768678093031187e-18
1.294206224	4.711231460090639e-18
1.295359512	4.72493711270969e-18
1.296512799	4.645750345726951e-18
1.297666086	4.628061217460554e-18
1.298819373	4.6266624856063646e-18
1.29997266	4.3477333582370355e-18
1.301125948	4.249978774203713e-18
1.302279235	4.1740913999386035e-18
1.303432522	3.93261069669608e-18
1.304585809	3.8755688637361494e-18
1.305739096	3.747954227003492e-18
1.306892384	3.644973109499659e-18
1.308045671	3.4463342383222657e-18
1.309198958	3.435539761171865e-18
1.310352245	3.1204170506035082e-18
1.311505532	3.0306270545431647e-18
1.31265882	2.80749968009258e-18
1.313812107	2.600605846704232e-18
1.314965394	2.335974581600409e-18
1.316118681	2.186297719312939e-18
1.317271968	1.9603913001171507e-18
1.318425256	1.7249824407353838e-18
1.319578543	1.6208532614504255e-18
1.32073183	1.389026099516442e-18
1.321885117	1.3631835054250865e-18
1.323038404	1.2051977905057756e-18
1.324191691	1.1542172296471614e-18
1.325344979	1.1316021611900908e-18
1.326498266	1.1356925839274108e-18
1.327651553	1.0163150690826184e-18
1.32880484	9.966174182095417e-19
1.329958127	9.515591460750592e-19
1.331111415	7.747018109505591e-19
1.332264702	8.5224531587721215e-19
1.333417989	7.033952465351852e-19
1.334571276	6.682457436756362e-19
1.335724563	6.237926263063239e-19
1.336877851	5.473876360356057e-19
1.338031138	4.678632426956597e-19
1.339184425	4.434372050063849e-19
1.340337712	3.634683745210257e-19
1.341490999	2.6997226718792643e-19
1.342644287	2.6068774369148507e-19
1.343797574	2.0562076283229477e-19
1.344950861	1.70364513746979e-19
1.346104148	1.6977126324446346e-19
1.347257435	1.5250711159617823e-19
1.348410722	1.3761849940873615e-19
1.34956401	1.2882735048258797e-19
1.350717297	1.2683909184304256e-19
1.351870584	9.2163219367332e-20
1.353023871	1.168461652354941e-19
1.354177158	9.845185988673537e-20
1.355330446	7.733403943248071e-20
1.356483733	6.726943438654755e-20
1.35763702	6.743928087061047e-20
1.358790307	5.64985499229606e-20
1.359943594	5.057332852737527e-20
1.361096882	5.3962324483891704e-20
1.362250169	6.862902039124161e-20
1.363403456	8.596909843519624e-20
1.364556743	8.173384477598969e-20
1.36571003	9.183251602658473e-20
1.366863318	8.483927992520954e-20
1.368016605	9.564905952101221e-20
1.369169892	1.009161810722555e-19
1.370323179	1.0092042243425452e-19
1.371476466	9.637826089172585e-20
1.372629754	8.838684771504542e-20
1.373783041	8.690548991482495e-20
1.374936328	6.308138859101669e-20
1.376089615	7.279793496658331e-20
1.377242902	7.059482132754751e-20
1.378396189	7.932694193633407e-20
1.379549477	7.215111799574551e-20
1.380702764	7.071361394418902e-20
1.381856051	6.406891232732141e-20
1.383009338	6.100470832036778e-20
1.384162625	6.447468034007042e-20
1.385315913	8.309513961896363e-20
1.3864692	6.778541378668469e-20
1.387622487	6.021921426305399e-20
1.388775774	5.83460997858681e-20
1.389929061	5.950549113009575e-20
1.391082349	5.564518397908866e-20
1.392235636	6.379770077648624e-20
1.393388923	5.14951007309035e-20
1.39454221	4.381534817542229e-20
1.395695497	4.7263411700127106e-20
1.396848785	5.0262103033101157e-20
1.398002072	3.945054956611298e-20
1.399155359	4.487492916814101e-20
1.400308646	5.0650849264744196e-20
1.401461933	4.427101416990528e-20
1.402615221	4.165944918565044e-20
1.403768508	4.902081510251968e-20
1.404921795	4.291417280328459e-20
1.406075082	4.055292095565132e-20
1.407228369	4.440823357413469e-20
1.408381656	4.183974675239454e-20
1.409534944	4.00013158961085e-20
1.410688231	4.3361891091537027e-20
1.411841518	5.293968220859317e-20
1.412994805	5.499349406351636e-20
1.414148092	6.03528312174597e-20
1.41530138	6.768296255870258e-20
1.416454667	7.93171686539213e-20
1.417607954	8.660036010686654e-20
1.418761241	1.0084347655004297e-19
1.419914528	1.0157375632040266e-19
1.421067816	1.1057097036513074e-19
1.422221103	1.3324189094125496e-19
1.42337439	1.4327906646267424e-19
1.424527677	1.6114954645779156e-19
1.425680964	1.6095086861242045e-19
1.426834252	1.498828200569027e-19
1.427987539	1.5456360364788413e-19
1.429140826	1.4127867334715844e-19
1.430294113	1.9413659087619637e-19
1.4314474	2.0223205250440983e-19
1.432600687	2.3405999638858933e-19
1.433753975	2.5108630763795157e-19
1.434907262	2.243891956288937e-19
1.436060549	2.53604353599119e-19
1.437213836	3.115091458870235e-19
1.438367123	2.75603156665898e-19
1.439520411	3.6883738887600826e-19
1.440673698	3.773153431920053e-19
1.441826985	3.1596556751191105e-19
1.442980272	3.3012363734805444e-19
1.444133559	3.3657082981934406e-19
1.445286847	3.547318597743976e-19
1.446440134	3.868650589524174e-19
1.447593421	3.5198393872571644e-19
1.448746708	3.968566306039501e-19
1.449899995	3.754809382138603e-19
1.451053283	3.6902074627632654e-19
1.45220657	4.1314570896657663e-19
1.453359857	3.9066721771861096e-19
1.454513144	4.182470625341353e-19
1.455666431	3.9058278120772246e-19
1.456819719	4.776922893374037e-19
1.457973006	4.551651608078944e-19
1.459126293	4.942108877877021e-19
1.46027958	4.507296645439719e-19
1.461432867	5.571602009856497e-19
1.462586154	6.170863701871863e-19
1.463739442	6.938631285506689e-19
1.464892729	6.703050945491552e-19
1.466046016	7.006028170595737e-19
1.467199303	6.445983729835895e-19
1.46835259	6.611727283744368e-19
1.469505878	6.917683903415475e-19
1.470659165	7.059151384301408e-19
1.471812452	6.543773464414036e-19
1.472965739	6.58624042952679e-19
1.474119026	6.790044287571231e-19
1.475272314	6.599661905092911e-19
1.476425601	6.509327995039714e-19
1.477578888	7.10361324402752e-19
1.478732175	6.516299569509178e-19
1.479885462	7.591967278487182e-19
1.48103875	7.54552924031317e-19
1.482192037	8.275034729966144e-19
1.483345324	8.585898634633108e-19
1.484498611	9.762449244909942e-19
1.485651898	9.252556274016578e-19
1.486805186	1.0186449667212567e-18
1.487958473	1.1362352704103734e-18
1.48911176	1.3316660240622102e-18
1.490265047	1.2240874612618318e-18
1.491418334	1.2678147590145728e-18
1.492571621	1.4512039136018694e-18
1.493724909	1.399058605213542e-18
1.494878196	1.5220253675244665e-18
1.496031483	1.5771436383776432e-18
1.49718477	1.596702563923334e-18
1.498338057	1.5399671215251763e-18
1.499491345	1.5792294699399613e-18
1.500644632	1.4096620390115229e-18
1.501797919	1.4931493502396115e-18
1.502951206	1.5850390490807061e-18
1.504104493	1.708858775554916e-18
1.505257781	1.6608265263147412e-18
1.506411068	1.5809010733956285e-18
1.507564355	1.4683179091217831e-18
1.508717642	1.5725065649333201e-18
1.509870929	1.3683965287483924e-18
1.511024217	1.7093456014066624e-18
1.512177504	1.7035759280342161e-18
1.513330791	1.6824849184163003e-18
1.514484078	1.7027422420850167e-18
1.515637365	2.0173060595499567e-18
1.516790653	1.7336863700148532e-18
1.51794394	1.7870223395069056e-18
1.519097227	2.0136353457505134e-18
1.520250514	1.831174324373359e-18
1.521403801	2.110999053862948e-18
1.522557088	1.967396017905124e-18
1.523710376	1.9047335436766285e-18
1.524863663	2.060729784667789e-18
1.52601695	2.056192714246064e-18
1.527170237	2.06361494615684e-18
1.528323524	2.2273995910293855e-18
1.529476812	2.1320134511177478e-18
1.530630099	2.2858671147372073e-18
1.531783386	2.2066453960529764e-18
1.532936673	2.133122028413806e-18
1.53408996	2.1639242958848932e-18
1.535243248	2.2129244164998736e-18
1.536396535	2.0523255547579906e-18
1.537549822	2.1282920316289644e-18
1.538703109	2.2967767412682906e-18
1.539856396	2.370200610243538e-18
1.541009684	2.322473975643256e-18
1.542162971	2.3841350899788143e-18
1.543316258	2.464178599685709e-18
1.544469545	2.319795488016661e-18
1.545622832	2.4860127246798268e-18
1.546776119	2.2728507345096417e-18
1.547929407	2.3370187518963843e-18
1.549082694	2.572243133296362e-18
1.550235981	2.5379332240719056e-18
1.551389268	2.4828614934507504e-18
1.552542555	2.3946283192755753e-18
1.553695843	2.288003640650223e-18
1.55484913	2.487907811374684e-18
1.556002417	2.4430940750148873e-18
1.557155704	2.485501814307566e-18
1.558308991	2.627844023046915e-18
1.559462279	2.8061206604438334e-18
1.560615566	2.640239187883003e-18
1.561768853	2.5009504958910785e-18
1.56292214	2.5441639727236445e-18
1.564075427	2.4940748946070887e-18
1.565228715	2.60902485718052e-18
1.566382002	2.7500584731184206e-18
1.567535289	2.466115324288996e-18
1.568688576	2.591598347255136e-18
1.569841863	2.6576232262764202e-18
1.570995151	2.516424347080385e-18
1.572148438	2.5997784938285997e-18
1.573301725	2.765354545534498e-18
1.574455012	2.9006934721357153e-18
1.575608299	3.0462042815498443e-18
1.576761586	2.8811425933216566e-18
1.577914874	3.0172240488777507e-18
1.579068161	2.9485202058772545e-18
1.580221448	2.8500835895215286e-18
1.581374735	3.066875200484948e-18
1.582528022	3.0062748380945216e-18
1.58368131	3.1167592329087084e-18
1.584834597	2.8933144286532867e-18
1.585987884	2.7596271287567517e-18
1.587141171	2.891835564739587e-18
1.588294458	2.8782304608728977e-18
1.589447746	3.1772255581539233e-18
1.590601033	3.347153747267487e-18
1.59175432	3.278196771742466e-18
1.592907607	3.0991765018021654e-18
1.594060894	3.0516593490971167e-18
1.595214182	3.1374760080260864e-18
1.596367469	3.302120351738226e-18
1.597520756	3.189860519188594e-18
1.598674043	3.196794127709588e-18
1.59982733	3.1375923096592885e-18
1.600980618	3.2539717201056358e-18
1.602133905	3.1449233366089705e-18
1.603287192	3.1137453539006496e-18
1.604440479	3.1513850461086877e-18
1.605593766	3.1334945797345673e-18
1.606747053	3.0841005229356614e-18
1.607900341	3.0647008064654857e-18
1.609053628	3.1196131695096904e-18
1.610206915	3.2024392311690444e-18
1.611360202	3.037828036451371e-18
1.612513489	3.167578507956015e-18
1.613666777	3.1428497986679665e-18
1.614820064	2.960855132360532e-18
1.615973351	3.040781280740714e-18
1.617126638	2.945434003058806e-18
1.618279925	2.7261050479696837e-18
1.619433213	2.5749807822485394e-18
1.6205865	2.417006660765044e-18
1.621739787	2.2177749684425633e-18
1.622893074	1.9304246327098557e-18
1.624046361	1.810222405119726e-18
1.625199649	1.706774276917703e-18
1.626352936	1.5165042868148743e-18
1.627506223	1.4012680970430913e-18
1.62865951	1.1749704665495813e-18
1.629812797	1.0335506761250222e-18
1.630966085	9.168853693602956e-19
1.632119372	7.918355981231922e-19
1.633272659	6.942371548451416e-19
1.634425946	5.958640358546659e-19
1.635579233	5.197986065193841e-19
1.63673252	4.636643578220001e-19
1.637885808	4.284213155238072e-19
1.639039095	4.1087414800903794e-19
1.640192382	3.958764095323721e-19
1.641345669	3.9216479853737803e-19
1.642498956	4.148155814187016e-19
1.643652244	4.024263250082783e-19
1.644805531	3.807787718002362e-19
1.645958818	3.6165184160141713e-19
1.647112105	3.0866640292459477e-19
1.648265392	2.6894566522105296e-19
1.64941868	2.180358274250669e-19
1.650571967	1.74708639641176e-19
1.651725254	1.4414879553913335e-19
1.652878541	1.2558004164125205e-19
1.654031828	1.1856385179252424e-19
1.655185116	1.1596383574527088e-19
1.656338403	1.261036078295835e-19
1.65749169	1.4582512242956096e-19
1.658644977	1.6387477761377525e-19
1.659798264	1.8065979273036976e-19
1.660951551	1.8760776832041208e-19
1.662104839	1.8494946454572695e-19
1.663258126	1.8468868605647969e-19
1.664411413	1.8071123967578895e-19
1.6655647	1.9027702837642933e-19
1.666717987	1.9813890051902796e-19
1.667871275	2.0448664476690195e-19
1.669024562	2.171807695150987e-19
1.670177849	2.2349070233290935e-19
1.671331136	2.457540810043719e-19
1.672484423	2.8122711160676225e-19
1.673637711	2.85845921128864e-19
1.674790998	2.952743692073288e-19
1.675944285	3.1397490943807966e-19
1.677097572	3.2829630127339573e-19
1.678250859	3.36284951297453e-19
1.679404147	3.588097947038307e-19
1.680557434	3.9492167346337066e-19
1.681710721	4.141822597252297e-19
1.682864008	4.318072934231609e-19
1.684017295	4.3376817300974595e-19
1.685170583	4.2130418380608823e-19
1.68632387	4.206488709014314e-19
1.687477157	3.839103979566326e-19
1.688630444	3.5809591112985357e-19
1.689783731	3.224585942454507e-19
1.690937018	2.924729337053383e-19
1.692090306	2.6127366012237837e-19
1.693243593	2.419200401588094e-19
1.69439688	1.9708739150601072e-19
1.695550167	1.8726641885776892e-19
1.696703454	1.67435717284414e-19
1.697856742	1.513498490853724e-19
1.699010029	1.3999093639715192e-19
1.700163316	1.2936867579614846e-19
1.701316603	1.1910776171957034e-19
1.70246989	1.0052562228725451e-19
1.703623178	9.019762870982272e-20
1.704776465	8.032729506709643e-20
1.705929752	7.34497923392741e-20
1.707083039	6.886882147441236e-20
1.708236326	6.621278685312976e-20
1.709389614	5.568233846934991e-20
1.710542901	5.442150747134904e-20
1.711696188	6.035906287164203e-20
1.712849475	5.891207468472696e-20
1.714002762	6.367671061240542e-20
1.71515605	6.324497169038347e-20
1.716309337	6.403728670480719e-20
1.717462624	6.727903522007637e-20
1.718615911	6.651288267513804e-20
1.719769198	6.720208932252626e-20
1.720922485	6.320613557882056e-20
1.722075773	5.969286428241222e-20
1.72322906	5.88499332561225e-20
1.724382347	5.507982354405419e-20
1.725535634	5.009963947806667e-20
1.726688921	5.56075873098184e-20
1.727842209	5.647371391246321e-20
1.728995496	5.07559913907766e-20
1.730148783	6.831770526223087e-20
1.73130207	7.210124741295546e-20
1.732455357	8.965995427995931e-20
1.733608645	9.872013200195982e-20
1.734761932	1.3113609658938968e-19
1.735915219	1.398541756437701e-19
1.737068506	1.6204525448363313e-19
1.738221793	1.9525698753125782e-19
1.739375081	2.0101358893559228e-19
1.740528368	2.0932203865461055e-19
1.741681655	2.652984059136107e-19
1.742834942	2.544152058030751e-19
1.743988229	2.877409350328968e-19
1.745141517	2.8675620504709457e-19
1.746294804	2.7578625681104584e-19
1.747448091	2.5974548824175423e-19
1.748601378	2.5262823425041585e-19
1.749754665	2.4564877420274643e-19
1.750907952	2.3623180145377764e-19
1.75206124	2.36957481087196e-19
1.753214527	2.2542220484818633e-19
1.754367814	2.172499264606119e-19
1.755521101	1.8867537313101137e-19
1.756674388	2.1108860167817717e-19
1.757827676	1.6753200543271784e-19
1.758980963	1.8291904365902337e-19
1.76013425	1.4764305505348326e-19
1.761287537	1.5828600572567468e-19
1.762440824	1.4271840114207912e-19
1.763594112	1.3546828837229629e-19
1.764747399	1.2443378402760538e-19
1.765900686	1.0083144450336229e-19
1.767053973	9.860044127023625e-20
1.76820726	9.12874496889666e-20
1.769360548	8.517023163934222e-20
1.770513835	6.467741412532683e-20
1.771667122	6.578459117287856e-20
1.772820409	5.530831762266166e-20
1.773973696	5.1712874076843656e-20
1.775126983	5.2447516621166746e-20
1.776280271	4.5731125511690886e-20
1.777433558	3.82808804493533e-20
1.778586845	5.02789474743007e-20
1.779740132	4.844020761155453e-20
1.780893419	5.083884528128248e-20
1.782046707	5.073759817765511e-20
1.783199994	5.535505256706668e-20
1.784353281	6.728718887360995e-20
1.785506568	6.454426121288822e-20
1.786659855	6.31785246413117e-20
1.787813143	6.629680795330945e-20
1.78896643	7.801302573235432e-20
1.790119717	7.81608955655494e-20
1.791273004	7.956990513949749e-20
1.792426291	7.9765994348458e-20
1.793579579	1.0215335896233044e-19
1.794732866	1.0264505495251103e-19
1.795886153	1.2243043362986418e-19
1.79703944	1.2923776606232646e-19
1.798192727	1.2527337033040313e-19
1.799346015	1.7792843324277128e-19
1.800499302	1.61957968251859e-19
1.801652589	1.9079915973636028e-19
1.802805876	2.320724013553579e-19
1.803959163	2.56681397954678e-19
1.80511245	2.9616000636830503e-19
1.806265738	3.330518792671938e-19
1.807419025	3.5724674819280394e-19
1.808572312	3.590932736807008e-19
1.809725599	3.92445876934555e-19
1.810878886	4.367166547196626e-19
1.812032174	4.505064176789297e-19
1.813185461	5.36398723312575e-19
1.814338748	5.325399172635527e-19
1.815492035	6.371004090786296e-19
1.816645322	7.020119298725765e-19
1.81779861	7.296190587103146e-19
1.818951897	8.365013055422537e-19
1.820105184	8.441867441963175e-19
1.821258471	8.562857072098096e-19
1.822411758	8.443502624444268e-19
1.823565046	8.929678260254975e-19
1.824718333	9.005462872750068e-19
1.82587162	8.592873978291799e-19
1.827024907	8.317071464887931e-19
1.828178194	8.439756342013705e-19
1.829331482	7.184136481823841e-19
1.830484769	9.24270436161104e-19
1.831638056	9.596014074460145e-19
1.832791343	8.527207674802072e-19
1.83394463	0.
1.835097917	0.
1.836251205	0.
1.837404492	0.
1.838557779	0.
1.839711066	0.
1.840864353	0.
1.842017641	0.
1.843170928	0.
1.844324215	0.
1.845477502	0.
1.846630789	0.
1.847784077	0.
1.848937364	0.
1.850090651	0.
1.851243938	0.
1.852397225	0.
1.853550513	0.
1.8547038	0.
1.855857087	0.
1.857010374	0.
1.858163661	0.
1.859316949	0.
1.860470236	0.
1.861623523	0.
1.86277681	0.
1.863930097	0.
1.865083384	0.
1.866236672	0.
1.867389959	0.
1.868543246	0.
1.869696533	0.
1.87084982	0.
1.872003108	-1.9200478711309218e-20
1.873156395	-3.0561952009877755e-21
1.874309682	5.262424555891156e-20
1.875462969	1.3350064749817908e-19
1.876616256	2.38472353758531e-19
1.877769544	2.499762968707024e-19
1.878922831	2.7588027509214846e-19
1.880076118	2.1175942711253232e-19
1.881229405	2.8969940886201633e-19
1.882382692	2.9938700470021557e-19
1.88353598	3.200670041732161e-19
1.884689267	3.43021436104898e-19
1.885842554	4.076578040533658e-19
1.886995841	5.152952888947835e-19
1.888149128	5.383904208984032e-19
1.889302415	5.767554942427606e-19
1.890455703	5.680064264693217e-19
1.89160899	5.459362315319508e-19
1.892762277	4.594644132066712e-19
1.893915564	3.8627384351408955e-19
1.895068851	3.627308239383057e-19
1.896222139	3.98299312350663e-19
1.897375426	3.6908043162427523e-19
1.898528713	4.1614356923859623e-19
1.899682	3.546212978643144e-19
1.900835287	4.0275942980471613e-19
1.901988575	3.534517745054215e-19
1.903141862	2.822385603080438e-19
1.904295149	2.7301795200742805e-19
1.905448436	2.778490509113421e-19
1.906601723	2.559450756099915e-19
1.907755011	2.788292556967659e-19
1.908908298	2.765045999699468e-19
1.910061585	2.437982742616246e-19
1.911214872	2.533154269728013e-19
1.912368159	2.235794333343153e-19
1.913521447	2.7180461890779255e-19
1.914674734	2.854979220785648e-19
1.915828021	3.89390798624458e-19
1.916981308	3.418599025041336e-19
1.918134595	3.747217188732339e-19
1.919287882	3.3585484630029354e-19
1.92044117	3.182829784264082e-19
1.921594457	2.3334589204875204e-19
1.922747744	1.950452519462119e-19
1.923901031	1.8771134519527686e-19
1.925054318	1.9857171838518246e-19
1.926207606	2.1860210279380757e-19
1.927360893	2.595161170684085e-19
1.92851418	3.3488855575374213e-19
1.929667467	3.627779719061706e-19
1.930820754	3.989819967343052e-19
1.931974042	4.1213841011242437e-19
1.933127329	4.58115931304638e-19
1.934280616	3.882625101783022e-19
1.935433903	4.178372894511319e-19
1.93658719	3.595091923932119e-19
1.937740478	3.4945167492907516e-19
1.938893765	3.8244380065603107e-19
1.940047052	3.7712232862678227e-19
1.941200339	3.345875677197232e-19
1.942353626	3.389772743606817e-19
1.943506914	3.482014402209956e-19
1.944660201	3.435547668241165e-19
1.945813488	3.5696204213435803e-19
1.946966775	3.903797141293488e-19
1.948120062	3.339449328579574e-19
1.949273349	3.89146298027759e-19
1.950426637	3.4591564988957272e-19
1.951579924	3.582990314480195e-19
1.952733211	4.198163339656079e-19
1.953886498	3.9508178439238953e-19
1.955039785	3.005322946251885e-19
1.956193073	2.851045385008165e-19
1.95734636	3.070988341510663e-19
1.958499647	3.601462640774212e-19
1.959652934	3.7178760948640014e-19
1.960806221	3.5066206640810193e-19
1.961959509	3.686263035832372e-19
1.963112796	3.7116654077195963e-19
1.964266083	4.502508149608394e-19
1.96541937	4.3347106178102846e-19
1.966572657	4.1860571420146253e-19
1.967725945	4.472695763236209e-19
1.968879232	3.9662069552986266e-19
1.970032519	4.303169440333388e-19
1.971185806	4.661740128550319e-19
1.972339093	4.743750847603717e-19
1.973492381	4.275333705530232e-19
1.974645668	4.606819887218126e-19
1.975798955	4.663098060175527e-19
1.976952242	4.044530107206794e-19
1.978105529	4.1464899254012077e-19
1.979258816	4.616489422218564e-19
1.980412104	4.480943591967836e-19
1.981565391	4.605567742754659e-19
1.982718678	4.394547188620147e-19
1.983871965	4.0788951351265915e-19
1.985025252	4.653929029617631e-19
1.98617854	4.814306271522969e-19
1.987331827	4.513927696339152e-19
1.988485114	4.1032334629801727e-19
1.989638401	4.0500658001968587e-19
1.990791688	4.638828669140559e-19
1.991944976	4.561367704064914e-19
1.993098263	4.465128492844794e-19
1.99425155	4.0672944074233936e-19
1.995404837	3.997587507822609e-19
1.996558124	3.93829063444473e-19
1.997711412	4.028401295966394e-19
1.998864699	3.364438938015546e-19
2.000017986	3.2801084569817507e-19
2.001171273	2.994724251970852e-19
2.00232456	2.3854902556717894e-19
2.003477847	2.6434548652403143e-19
2.004631135	2.515240663092626e-19
2.005784422	2.7058327807633685e-19
2.006937709	2.8889515572934156e-19
2.008090996	2.925316882481234e-19
2.009244283	2.5772818859806654e-19
2.010397571	2.412402456163436e-19
2.011550858	2.241693511795721e-19
2.012704145	2.1585964553241958e-19
2.013857432	1.9931822994017275e-19
2.015010719	2.359483941055365e-19
2.016164007	2.73822636245948e-19
2.017317294	2.4256330389281846e-19
2.018470581	2.6175378759037097e-19
2.019623868	3.1253023439325774e-19
2.020777155	2.6763185495498514e-19
2.021930443	3.276919453911189e-19
2.02308373	3.0043619277422965e-19
2.024237017	3.297300592819896e-19
2.025390304	3.1312433489958264e-19
2.026543591	3.1223500902119897e-19
2.027696879	3.144298702498131e-19
2.028850166	3.159040251645289e-19
2.030003453	3.00533094227151e-19
2.03115674	3.343217230026131e-19
2.032310027	2.86081783618729e-19
2.033463314	2.600105117256918e-19
2.034616602	2.835390184968242e-19
2.035769889	2.4774111811125976e-19
2.036923176	2.8451658426098404e-19
2.038076463	2.7072615877166695e-19
2.03922975	2.492869431282336e-19
2.040383038	2.246113053262236e-19
2.041536325	2.3068665491344046e-19
2.042689612	2.6524220706470485e-19
2.043842899	2.580687728420109e-19
2.044996186	2.3691901327136334e-19
2.046149474	2.408350936736433e-19
2.047302761	2.34735675479399e-19
2.048456048	2.0759024003076434e-19
2.049609335	2.1457800939211636e-19
2.050762622	1.9064523556198834e-19
2.05191591	1.9736463287123472e-19
2.053069197	1.7616512358219562e-19
2.054222484	1.8060128464264956e-19
2.055375771	1.6749926817167452e-19
2.056529058	1.6544329364297642e-19
2.057682346	1.7349482662724649e-19
2.058835633	1.6992390036244628e-19
2.05998892	1.67288773812681e-19
2.061142207	1.5251851979888984e-19
2.062295494	1.5375765263163947e-19
2.063448781	1.4943332378750388e-19
2.064602069	1.3347902391937097e-19
2.065755356	1.3947258724725237e-19
2.066908643	1.2575582301538215e-19
2.06806193	1.1748097232497679e-19
2.069215217	1.190691239706599e-19
2.070368505	1.2721654573413088e-19
2.071521792	1.1238652459397733e-19
2.072675079	1.2270323588913612e-19
2.073828366	1.088755161894917e-19
2.074981653	1.1679136801515856e-19
2.076134941	1.1353797160033336e-19
2.077288228	1.0139935470675641e-19
2.078441515	9.879999377277043e-20
2.079594802	8.983722890314135e-20
2.080748089	9.963727238385656e-20
2.081901377	9.529421537706486e-20
2.083054664	9.393893949384943e-20
2.084207951	8.555794928320367e-20
2.085361238	8.446913965818898e-20
2.086514525	7.64985674628877e-20
2.087667812	7.71158084378896e-20
2.0888211	7.589289420515726e-20
2.089974387	7.328502306262068e-20
2.091127674	6.954921007096441e-20
2.092280961	7.041621157100405e-20
2.093434248	6.554144613902123e-20
2.094587536	6.323685975098979e-20
2.095740823	6.555631409612885e-20
2.09689411	5.919098607394783e-20
2.098047397	5.70048728001692e-20
2.099200684	5.505637657899667e-20
2.100353972	5.494342989878788e-20
2.101507259	5.304059097414162e-20
2.102660546	5.132986771952648e-20
2.103813833	5.3025986624694486e-20
2.10496712	5.1948055216930585e-20
2.106120408	4.901911863284015e-20
2.107273695	4.71462069873152e-20
2.108426982	4.554545205947232e-20
2.109580269	4.509552116434837e-20
2.110733556	5.1686823426383685e-20
2.111886844	4.895417041147527e-20
2.113040131	4.8430995598054914e-20
2.114193418	4.813182105680372e-20
2.115346705	4.799965087758819e-20
2.116499992	4.953458712918259e-20
2.117653279	5.0068991089182516e-20
2.118806567	5.0566873859924476e-20
2.119959854	5.494457086226497e-20
2.121113141	5.407039405729305e-20
2.122266428	5.886799217101566e-20
2.123419715	5.899488271713466e-20
2.124573003	6.127276532824342e-20
2.12572629	6.241541278438984e-20
2.126879577	6.880692050426592e-20
2.128032864	6.741535348469432e-20
2.129186151	7.072428907331978e-20
2.130339439	7.048413102528379e-20
2.131492726	7.370266207920232e-20
2.132646013	7.753428637537554e-20
2.1337993	8.010256626025812e-20
2.134952587	8.402140649405697e-20
2.136105875	8.646780577749873e-20
2.137259162	8.88814242587432e-20
2.138412449	8.671418379819122e-20
2.139565736	9.62945891943749e-20
2.140719023	9.634295660046288e-20
2.141872311	9.209994246583356e-20
2.143025598	9.490766380551257e-20
2.144178885	9.995265223986056e-20
2.145332172	9.570062386237378e-20
2.146485459	9.966897347923903e-20
2.147638746	9.714420146420059e-20
2.148792034	9.682088735558705e-20
2.149945321	9.5555106728267e-20
2.151098608	9.092869871337307e-20
2.152251895	8.773366097685617e-20
2.153405182	8.702908515897718e-20
2.15455847	8.45209174913267e-20
2.155711757	8.34645486961538e-20
2.156865044	7.880342496223026e-20
2.158018331	7.401823399691473e-20
2.159171618	7.206279815571493e-20
2.160324906	6.69104623475582e-20
2.161478193	6.11874223218379e-20
2.16263148	5.845334730337629e-20
2.163784767	5.513620850032186e-20
2.164938054	5.159567186460277e-20
2.166091342	4.8855290821665725e-20
2.167244629	4.288961899735617e-20
2.168397916	3.623744458239547e-20
2.169551203	3.191887680261924e-20
2.17070449	2.933353402598418e-20
2.171857778	2.6871780413115594e-20
2.173011065	2.6126694411704375e-20
2.174164352	2.5216270762941294e-20
2.175317639	2.4155211023975825e-20
2.176470926	2.4413450918825692e-20
2.177624213	2.6617259845585153e-20
2.178777501	3.011507362219407e-20
2.179930788	3.068657729623723e-20
2.181084075	3.1280511431904795e-20
2.182237362	3.3348999675765216e-20
2.183390649	3.1007036046866694e-20
2.184543937	3.546745690570762e-20
2.185697224	3.453484340386288e-20
2.186850511	3.48430130633331e-20
2.188003798	3.853624638612357e-20
2.189157085	3.7700721376225587e-20
2.190310373	3.593972961452469e-20
2.19146366	3.3808435410515035e-20
2.192616947	3.399562950782511e-20
2.193770234	3.106270827202447e-20
2.194923521	2.9196383850471906e-20
2.196076809	2.5531825054162258e-20
2.197230096	2.4188959254700547e-20
2.198383383	2.1728412659128086e-20
2.19953667	2.087246661563189e-20
2.200689957	1.8468276650268423e-20
2.201843244	1.8450252758989955e-20
2.202996532	1.8767211395221367e-20
2.204149819	1.9971517137882835e-20
2.205303106	2.2120500821954205e-20
2.206456393	2.334588963168799e-20
2.20760968	2.486619220639113e-20
2.208762968	2.379439121033196e-20
2.209916255	2.5238788996941364e-20
2.211069542	2.4505356689099498e-20
2.212222829	2.359881423503774e-20
2.213376116	2.4069209432402524e-20
2.214529404	2.413379017739169e-20
2.215682691	2.1654579879530227e-20
2.216835978	2.215615930987039e-20
2.217989265	2.1468256776837247e-20
2.219142552	2.1261215308774602e-20
2.22029584	2.0022042677001567e-20
2.221449127	2.0637402782899618e-20
2.222602414	2.0100844108927146e-20
2.223755701	2.0246692003282102e-20
2.224908988	2.0861598979395624e-20
2.226062276	2.11939543753e-20
2.227215563	2.0711753873309784e-20
2.22836885	2.1831283159313866e-20
2.229522137	2.160575109259312e-20
2.230675424	2.23792070859775e-20
2.231828711	2.2117007276719033e-20
2.232981999	2.3021456686244582e-20
2.234135286	2.2353666639934297e-20
2.235288573	2.1574016087004316e-20
2.23644186	2.087339821044351e-20
2.237595147	2.105238059273335e-20
2.238748435	2.187506902114321e-20
2.239901722	2.4033479638034654e-20
2.241055009	2.4015894693031583e-20
2.242208296	2.5116453595961058e-20
2.243361583	2.4028906301755893e-20
2.244514871	2.5206010843951575e-20
2.245668158	2.2924991432031115e-20
2.246821445	2.2643171428041263e-20
2.247974732	2.2496448627295522e-20
2.249128019	2.091530031895544e-20
2.250281307	1.9685234898116276e-20
2.251434594	1.89490455665425e-20
2.252587881	1.941646460764134e-20
2.253741168	1.9124599620704496e-20
2.254894455	1.856248516066459e-20
2.256047743	2.0806898785824476e-20
2.25720103	2.0206000672096655e-20
2.258354317	1.9647735997291478e-20
2.259507604	2.0050021434873788e-20
2.260660891	1.9209752077292342e-20
2.261814178	1.9369625863969316e-20
2.262967466	1.9424544000443556e-20
2.264120753	1.9034902202810108e-20
2.26527404	1.8803666953308322e-20
2.266427327	1.7372972540731472e-20
2.267580614	1.8248827618238827e-20
2.268733902	1.8002526160250183e-20
2.269887189	1.6970551206216812e-20
2.271040476	1.6916663266623374e-20
2.272193763	1.5783180255030936e-20
2.27334705	1.6316791144290042e-20
2.274500338	1.63134417905314e-20
2.275653625	1.541836890587606e-20
2.276806912	1.511571329056121e-20
2.277960199	1.4993643683181315e-20
2.279113486	1.5085068772460603e-20
2.280266774	1.518139621325665e-20
2.281420061	1.559887330130868e-20
2.282573348	1.5307079068579144e-20
2.283726635	1.3474055537711437e-20
2.284879922	1.377328918932151e-20
2.28603321	1.340339133814641e-20
2.287186497	1.3453496682185848e-20
2.288339784	1.2796439765095493e-20
2.289493071	1.2833874303334489e-20
2.290646358	1.2175257632182717e-20
2.291799645	1.1813673812418233e-20
2.292952933	1.20720692257375e-20
2.29410622	1.1809523953180736e-20
2.295259507	1.2042478646073612e-20
2.296412794	1.151764008884488e-20
2.297566081	1.1367580427878293e-20
2.298719369	1.0062054955605964e-20
2.299872656	9.655790668848047e-21
2.301025943	1.0472445989039377e-20
2.30217923	1.0412762532019101e-20
2.303332517	1.0938460893059021e-20
2.304485805	1.0611552807933773e-20
2.305639092	9.591291188017398e-21
2.306792379	9.125656450545692e-21
2.307945666	1.0014773584660876e-20
2.309098953	9.668221854700419e-21
2.310252241	1.1443344423887403e-20
2.311405528	1.1450862076017336e-20
2.312558815	1.0379521662273054e-20
2.313712102	9.02509302809532e-21
2.314865389	9.129905398763076e-21
2.316018676	8.769975834087874e-21
2.317171964	8.540833411681007e-21
2.318325251	9.124044598883952e-21
2.319478538	8.357989590755966e-21
2.320631825	8.55785683166138e-21
2.321785112	8.989151749320314e-21
2.3229384	8.393144111633434e-21
2.324091687	8.109182740822668e-21
2.325244974	8.783787175532446e-21
2.326398261	9.116610747702254e-21
2.327551548	8.629860995548108e-21
2.328704836	8.05421894033888e-21
2.329858123	7.610381929082857e-21
2.33101141	7.9826829593278e-21
2.332164697	7.712552400923459e-21
2.333317984	8.054990707121008e-21
2.334471272	7.3090587400787e-21
2.335624559	8.366702393596828e-21
2.336777846	6.612034806659415e-21
2.337931133	7.747029810386185e-21
2.33908442	7.55532673821149e-21
2.340237708	7.785025120199483e-21
2.341390995	7.576136412151759e-21
2.342544282	7.315313193731309e-21
2.343697569	6.536845646652758e-21
2.344850856	6.91473235059339e-21
2.346004143	7.366061269031376e-21
2.347157431	6.921307600283077e-21
2.348310718	6.16031133732923e-21
2.349464005	5.684607659746378e-21
2.350617292	6.2925773184396934e-21
2.351770579	6.312384486781601e-21
2.352923867	6.6149396220508814e-21
2.354077154	6.812726544108017e-21
2.355230441	7.063942439283773e-21
2.356383728	5.891091651732455e-21
2.357537015	7.002990885861977e-21
2.358690303	6.630085024914759e-21
2.35984359	6.944371173536273e-21
2.360996877	7.296862541735976e-21
2.362150164	6.7440778360093306e-21
2.363303451	6.970597301180916e-21
2.364456739	6.308015909583829e-21
2.365610026	7.096860548886345e-21
2.366763313	6.4595092278034715e-21
2.3679166	6.7577488406720494e-21
2.369069887	6.806782704497284e-21
2.370223175	6.6645249014865156e-21
2.371376462	6.703093589341873e-21
2.372529749	6.1580923700441605e-21
2.373683036	6.5350017828141766e-21
2.374836323	7.019826189670073e-21
2.37598961	6.57914917026651e-21
2.377142898	7.071984167427539e-21
2.378296185	6.317432960367128e-21
2.379449472	5.962802690478548e-21
2.380602759	6.017490410667851e-21
2.381756046	5.339023983946046e-21
2.382909334	5.846927646424313e-21
2.384062621	6.049459557277313e-21
2.385215908	5.590981160102233e-21
2.386369195	5.710607528489288e-21
2.387522482	6.084038851018532e-21
2.38867577	5.94456940945226e-21
2.389829057	5.880792529581583e-21
2.390982344	5.7602378966295694e-21
2.392135631	6.4155091532352635e-21
2.393288918	6.451656135411448e-21
2.394442206	6.399424614001232e-21
2.395595493	6.633519278895735e-21
2.39674878	6.48032202522533e-21
2.397902067	6.830430592955744e-21
2.399055354	6.30076607053746e-21
2.400208642	6.684479760660292e-21
2.401361929	6.093905434611085e-21
2.402515216	7.781953833158928e-21
2.403668503	7.171698582235193e-21
2.40482179	6.6336017328525214e-21
2.405975077	6.485897207638616e-21
2.407128365	5.982975020000306e-21
2.408281652	6.7450032433618786e-21
2.409434939	6.720363598815423e-21
2.410588226	7.09058402378771e-21
2.411741513	6.659472521190347e-21
2.412894801	5.8872091135916605e-21
2.414048088	6.491914245565121e-21
2.415201375	6.500100551093256e-21
2.416354662	5.555902661193168e-21
2.417507949	5.413716880050697e-21
2.418661237	5.66230631971495e-21
2.419814524	4.492672211078875e-21
2.420967811	5.11535746330517e-21
2.422121098	4.541279124759478e-21
2.423274385	5.0700198245713355e-21
2.424427673	5.3131894295286335e-21
2.42558096	5.769381208067606e-21
2.426734247	6.644045163173748e-21
2.427887534	7.127415742854348e-21
2.429040821	7.573289468085621e-21
2.430194108	7.077116491425159e-21
2.431347396	7.431296155046724e-21
2.432500683	7.208857726945511e-21
2.43365397	7.18735178090129e-21
2.434807257	6.3598446368586625e-21
2.435960544	6.6405443051745065e-21
2.437113832	6.548111019658888e-21
2.438267119	7.224848864350954e-21
2.439420406	7.779866390423906e-21
2.440573693	7.283105945089727e-21
2.44172698	7.424985099949777e-21
2.442880268	8.325830212551346e-21
2.444033555	8.89675081508579e-21
2.445186842	8.75446772221264e-21
2.446340129	1.046656028470535e-20
2.447493416	1.1099621094886512e-20
2.448646704	1.2173182916095288e-20
2.449799991	1.424207697377679e-20
2.450953278	1.4540652648490097e-20
2.452106565	1.8407792223087667e-20
2.453259852	1.7908674951112212e-20
2.45441314	2.0630243127676792e-20
2.455566427	2.2222259906122627e-20
2.456719714	2.3960621810628272e-20
2.457873001	2.487682150762288e-20
2.459026288	2.845333219824245e-20
2.460179575	2.8397673842873885e-20
2.461332863	2.9957104643226616e-20
2.46248615	3.340245623124668e-20
2.463639437	3.06299270258536e-20
2.464792724	3.2885482964350276e-20
2.465946011	2.981834197475011e-20
2.467099299	3.597957588229964e-20
2.468252586	3.2420170181790177e-20
2.469405873	3.3418176204944446e-20
2.47055916	3.4126422957046243e-20
2.471712447	3.694662580835517e-20
2.472865735	4.2914084277873174e-20
2.474019022	3.8837433291827876e-20
2.475172309	4.285314851611316e-20
2.476325596	4.6471394612010507e-20
2.477478883	4.395271625639909e-20
2.478632171	4.152633651647608e-20
2.479785458	4.5058112959130744e-20
2.480938745	4.2346403221310364e-20
2.482092032	4.1477147371928904e-20
2.483245319	3.8303610360178164e-20
2.484398607	3.866002237810621e-20
2.485551894	4.2088113553911903e-20
2.486705181	4.5380754301168655e-20
2.487858468	4.24553086861933e-20
2.489011755	4.542285277187198e-20
2.490165042	4.365195063619131e-20
2.49131833	4.875970723329419e-20
2.492471617	5.0908781659196717e-20
2.493624904	4.527336619500151e-20