0.45	6.20225374778203e-21
0.451153288	5.834312784300459e-21
0.452306575	8.6999986959274e-21
0.453459863	8.539391301703901e-21
0.454613151	8.16361434918644e-21
0.455766439	5.935483854326941e-21
0.456919726	7.716281298081227e-21
0.458073014	8.438729127100858e-21
0.459226302	8.29926542487884e-21
0.46037959	7.050060307077137e-21
0.461532877	9.58224728166689e-21
0.462686165	7.934208571541483e-21
0.463839453	9.3323096519753e-21
0.464992741	1.0113999479314287e-20
0.466146028	9.193899604875165e-21
0.467299316	1.2598090436383356e-20
0.468452604	1.2850698169165183e-20
0.469605892	9.559914341353927e-21
0.470759179	1.4021646292282124e-20
0.471912467	9.743858892951245e-21
0.473065755	9.801541939208092e-21
0.474219043	7.76586519512733e-21
0.47537233	1.0390359682841472e-20
0.476525618	1.2541855158039774e-20
0.477678906	9.169557169125902e-21
0.478832194	1.48587798592165e-20
0.479985481	1.4524550983956465e-20
0.481138769	1.2656864344282307e-20
0.482292057	1.144027411012876e-20
0.483445345	2.64703873274146e-20
0.484598632	1.5645850663532415e-20
0.48575192	1.431951832211046e-20
0.486905208	1.735424251720145e-20
0.488058495	1.2758682838782839e-20
0.489211783	1.3914509722142312e-20
0.490365071	2.066301943946072e-20
0.491518359	1.3337728555184934e-20
0.492671646	1.8184708963278082e-20
0.493824934	2.055761015830527e-20
0.494978222	1.632961130556799e-20
0.49613151	1.9445608182736426e-20
0.497284797	1.5577413397206267e-20
0.498438085	2.1303486142833433e-20
0.499591373	1.2222354451860874e-20
0.500744661	2.1359484474269046e-20
0.501897948	1.878437721687445e-20
0.503051236	1.4840872117821777e-20
0.504204524	1.127980692558916e-20
0.505357812	1.455732244783806e-20
0.506511099	9.853937351742945e-21
0.507664387	1.256619322604277e-20
0.508817675	8.008159513880371e-21
0.509970963	7.53160636251799e-21
0.51112425	6.570389702948009e-21
0.512277538	8.369363088861724e-21
0.513430826	1.0844025709232037e-20
0.514584114	1.0016640658694115e-20
0.515737401	1.092442194748896e-20
0.516890689	1.1811347703300638e-20
0.518043977	1.4774659871991693e-20
0.519197265	1.1386527249021924e-20
0.520350552	1.9175186228406112e-20
0.52150384	1.5300024925626346e-20
0.522657128	1.8234739429818208e-20
0.523810415	1.758339263296709e-20
0.524963703	1.7612245407629617e-20
0.526116991	1.6794613824961787e-20
0.527270279	1.920897275166162e-20
0.528423566	2.1713260807108003e-20
0.529576854	2.536545705407321e-20
0.530730142	2.979129755110991e-20
0.53188343	2.5416771157882618e-20
0.533036717	2.6473289397492128e-20
0.534190005	2.1194276219094347e-20
0.535343293	2.830573898075494e-20
0.536496581	2.8584203427419126e-20
0.537649868	3.133720705915209e-20
0.538803156	2.772572341236268e-20
0.539956444	2.199758099219673e-20
0.541109732	2.174727143823098e-20
0.542263019	2.377112799847089e-20
0.543416307	2.174336699266239e-20
0.544569595	2.4811515013418314e-20
0.545722883	2.231373149271547e-20
0.54687617	2.260406315740016e-20
0.548029458	2.478654442663461e-20
0.549182746	2.1535416667103628e-20
0.550336034	2.3584086194423563e-20
0.551489321	2.413772324591255e-20
0.552642609	2.0107846444169572e-20
0.553795897	1.81632288241094e-20
0.554949185	2.0914550537054626e-20
0.556102472	2.1408096306236892e-20
0.55725576	2.1829742887406452e-20
0.558409048	2.2191231067535157e-20
0.559562335	2.516032031154736e-20
0.560715623	2.1859808460268396e-20
0.561868911	2.245428926798625e-20
0.563022199	2.355257506394909e-20
0.564175486	2.2441759208517433e-20
0.565328774	2.6237618025877504e-20
0.566482062	2.5424455442624894e-20
0.56763535	2.4682581540070433e-20
0.568788637	2.4590814381248447e-20
0.569941925	2.4108932967877617e-20
0.571095213	2.3431432015895122e-20
0.572248501	2.3950566465472594e-20
0.573401788	2.4383382609643012e-20
0.574555076	2.311692895665308e-20
0.575708364	2.3210194197216268e-20
0.576861652	2.2954704446234812e-20
0.578014939	2.132255055837299e-20
0.579168227	2.062778673795678e-20
0.580321515	2.0946628727816295e-20
0.581474803	1.9223832408377677e-20
0.58262809	1.8064188250768772e-20
0.583781378	1.8130751305982295e-20
0.584934666	1.7954870912788087e-20
0.586087954	1.9138193666190806e-20
0.587241241	1.9310941798307737e-20
0.588394529	1.8087677724879006e-20
0.589547817	2.0420665042228946e-20
0.590701105	1.9277172576788094e-20
0.591854392	2.0507294206159722e-20
0.59300768	2.0621132099141365e-20
0.594160968	2.2569673151397553e-20
0.595314256	2.3551186067341403e-20
0.596467543	2.453351362357043e-20
0.597620831	2.840082766193864e-20
0.598774119	3.1105333931321073e-20
0.599927406	3.2248564494224356e-20
0.601080694	3.4678970186099276e-20
0.602233982	3.883952800796725e-20
0.60338727	3.8690745469105294e-20
0.604540557	4.2452297256940044e-20
0.605693845	4.297130046341201e-20
0.606847133	4.524257630179337e-20
0.608000421	4.497593097676984e-20
0.609153708	4.507178332422359e-20
0.610306996	4.7238761581134e-20
0.611460284	4.6669754792567805e-20
0.612613572	4.774845988359788e-20
0.613766859	4.6562376339676965e-20
0.614920147	4.146847429882988e-20
0.616073435	4.1302995407424075e-20
0.617226723	4.361763737928716e-20
0.61838001	3.6933305363452306e-20
0.619533298	3.6119574723092205e-20
0.620686586	3.546120317574793e-20
0.621839874	3.856378964711455e-20
0.622993161	4.170659766118401e-20
0.624146449	4.368739916455125e-20
0.625299737	4.456130708517581e-20
0.626453025	4.881304178785664e-20
0.627606312	4.897197582417213e-20
0.6287596	4.9505597064643827e-20
0.629912888	4.983782734243308e-20
0.631066176	5.781269363130872e-20
0.632219463	6.211666778451427e-20
0.633372751	6.235601207388994e-20
0.634526039	7.643298793810504e-20
0.635679326	6.916122459327187e-20
0.636832614	7.539783360315079e-20
0.637985902	7.303516228586817e-20
0.63913919	8.28821360888764e-20
0.640292477	9.201826392684562e-20
0.641445765	9.149447961321606e-20
0.642599053	1.0304542365279839e-19
0.643752341	8.809852795493282e-20
0.644905628	1.0945449585651548e-19
0.646058916	1.0256085561522535e-19
0.647212204	1.1369940608295128e-19
0.648365492	1.166537920500595e-19
0.649518779	1.0561908613947532e-19
0.650672067	1.1477343904158421e-19
0.651825355	1.2640264589819137e-19
0.652978643	1.1445753254135457e-19
0.65413193	1.1766966658872478e-19
0.655285218	1.5020013025747784e-19
0.656438506	1.0132241915640869e-19
0.657591794	1.1345338999350514e-19
0.658745081	9.930024994393306e-20
0.659898369	1.0911811626852465e-19
0.661051657	9.744883575990648e-20
0.662204945	1.0057263730920389e-19
0.663358232	1.007215715151239e-19
0.66451152	1.0291835831153483e-19
0.665664808	8.908745788842062e-20
0.666818096	8.881543457557246e-20
0.667971383	8.723203833519669e-20
0.669124671	8.850608695497463e-20
0.670277959	9.320124727779308e-20
0.671431246	9.156087718795793e-20
0.672584534	8.824700326809669e-20
0.673737822	1.0164113646662683e-19
0.67489111	8.95158205766204e-20
0.676044397	9.770739476872489e-20
0.677197685	9.87900085571887e-20
0.678350973	9.279442350688283e-20
0.679504261	8.938907544459738e-20
0.680657548	1.0045354915762128e-19
0.681810836	9.719739552828903e-20
0.682964124	9.182364648105348e-20
0.684117412	1.1019586591138362e-19
0.685270699	9.800128850623988e-20
0.686423987	1.0166704498390953e-19
0.687577275	1.0343399637232895e-19
0.688730563	1.0722383824997557e-19
0.68988385	9.271544641537022e-20
0.691037138	1.2884315156636353e-19
0.692190426	1.4638626472847228e-19
0.693343714	1.195348012623203e-19
0.694497001	1.7030566858194974e-19
0.695650289	1.4732912752286462e-19
0.696803577	1.4564837207281776e-19
0.697956865	1.5948834531449554e-19
0.699110152	1.6000614569180993e-19
0.70026344	1.5949312402214712e-19
0.701416728	1.7509983643963898e-19
0.702570016	1.7966286225359025e-19
0.703723303	1.3917584772414498e-19
0.704876591	1.7726034749090694e-19
0.706029879	1.5177161584760457e-19
0.707183166	1.647620282623533e-19
0.708336454	1.3231718612356382e-19
0.709489742	1.7484175534774627e-19
0.71064303	1.4447741493675538e-19
0.711796317	1.3853361327239004e-19
0.712949605	1.736358796584594e-19
0.714102893	1.7249062969574298e-19
0.715256181	1.6256674805444785e-19
0.716409468	1.43653240931411e-19
0.717562756	1.643526073314533e-19
0.718716044	1.2255021661145966e-19
0.719869332	1.0525875271242544e-19
0.721022619	1.0871223889589509e-19
0.722175907	1.1573233841541476e-19
0.723329195	1.0333905293794818e-19
0.724482483	1.183086915669113e-19
0.72563577	8.585437676662999e-20
0.726789058	9.474029414623789e-20
0.727942346	1.1737817770382022e-19
0.729095634	9.683977559571941e-20
0.730248921	1.0118002038615884e-19
0.731402209	1.2754677526064154e-19
0.732555497	1.4929292116252035e-19
0.733708785	1.8464024899880887e-19
0.734862072	1.8934393622843242e-19
0.73601536	1.9203725520378973e-19
0.737168648	2.1886917177465226e-19
0.738321936	2.268517708143315e-19
0.739475223	2.1904486748988804e-19
0.740628511	2.58167841558249e-19
0.741781799	2.229557880306396e-19
0.742935086	2.471290151997705e-19
0.744088374	1.9225190366091194e-19
0.745241662	1.806897236784921e-19
0.74639495	1.9736249396090766e-19
0.747548237	1.9517373329917495e-19
0.748701525	1.902067919449005e-19
0.749854813	1.9630854609356575e-19
0.751008101	2.1080645035580894e-19
0.752161388	2.080606281895254e-19
0.753314676	1.99770517808336e-19
0.754467964	2.0671625134818622e-19
0.755621252	2.2892143418769124e-19
0.756774539	1.9860133963338723e-19
0.757927827	2.23488721773064e-19
0.759081115	2.4332344219959465e-19
0.760234403	1.9085944902215931e-19
0.76138769	1.234875056900554e-19
0.762540978	1.216038475272679e-19
0.763694266	1.216690343806037e-19
0.764847554	1.2455336342185456e-19
0.766000841	1.530706871406274e-19
0.767154129	1.635269534925976e-19
0.768307417	1.819479043196139e-19
0.769460705	1.916709790982284e-19
0.770613992	2.1062980965722056e-19
0.77176728	1.97774726005584e-19
0.772920568	2.229480208067158e-19
0.774073856	1.9235526539362204e-19
0.775227143	2.2300901252090605e-19
0.776380431	2.3350545131522733e-19
0.777533719	2.269110123093389e-19
0.778687006	2.944296972602377e-19
0.779840294	3.1710535278247077e-19
0.780993582	3.1622863504132465e-19
0.78214687	2.8952701327345784e-19
0.783300157	3.076527131074202e-19
0.784453445	3.41313301892447e-19
0.785606733	3.4628611227686543e-19
0.786760021	3.3850933996570273e-19
0.787913308	3.4695180261855534e-19
0.789066596	3.8169221701856857e-19
0.790219884	3.644524707218203e-19
0.791373172	3.766372332384488e-19
0.792526459	3.414332551351779e-19
0.793679747	3.9984348296039224e-19
0.794833035	3.617909816412829e-19
0.795986323	3.119249515034338e-19
0.79713961	3.934025804683911e-19
0.798292898	3.828167571803523e-19
0.799446186	4.358258065704224e-19
0.800599474	4.741880776807933e-19
0.801752761	5.063467614066644e-19
0.802906049	5.377028294808144e-19
0.804059337	5.70983160034796e-19
0.805212625	6.461017615268931e-19
0.806365912	7.360765303283974e-19
0.8075192	8.326907433120013e-19
0.808672488	8.206833408024954e-19
0.809825776	8.748700365618549e-19
0.810979063	9.264011371866244e-19
0.812132351	1.0522565711161783e-18
0.813285639	9.84426330954229e-19
0.814438926	1.1054840866688136e-18
0.815592214	1.0495317625841732e-18
0.816745502	1.1007609737838962e-18
0.81789879	1.202234914214069e-18
0.819052077	1.2776804227680819e-18
0.820205365	1.4425258493774277e-18
0.821358653	1.4346631084293048e-18
0.822511941	1.2015052799314254e-18
0.823665228	1.2873608542859654e-18
0.824818516	1.2964400411301089e-18
0.825971804	1.4148082528748976e-18
0.827125092	1.1888748210334631e-18
0.828278379	1.3756643626756018e-18
0.829431667	1.388479588206713e-18
0.830584955	1.1570848607527937e-18
0.831738243	1.3664247088719353e-18
0.83289153	1.2773901376095998e-18
0.834044818	1.4708978959722391e-18
0.835198106	1.2020768397976409e-18
0.836351394	9.482494951257392e-19
0.837504681	9.362710713874427e-19
0.838657969	9.570961585818356e-19
0.839811257	9.447952337519452e-19
0.840964545	7.621756994437699e-19
0.842117832	7.765177894863658e-19
0.84327112	8.311895205287571e-19
0.844424408	7.403512707211637e-19
0.845577696	8.295073367909781e-19
0.846730983	7.641783527762324e-19
0.847884271	7.06371330018115e-19
0.849037559	8.030943430150643e-19
0.850190847	7.4914510415791995e-19
0.851344134	5.507776752351917e-19
0.852497422	5.714240863763288e-19
0.85365071	5.027141913442749e-19
0.854803997	4.0389462965420895e-19
0.855957285	4.1403878994841556e-19
0.857110573	3.573995771821578e-19
0.858263861	3.585647909725022e-19
0.859417148	2.518450012346901e-19
0.860570436	2.200144938503549e-19
0.861723724	2.120077574886103e-19
0.862877012	1.9996752463687932e-19
0.864030299	2.0842586806271552e-19
0.865183587	2.1284207759739036e-19
0.866336875	1.9599708945227205e-19
0.867490163	2.385681186176288e-19
0.86864345	2.714346231941669e-19
0.869796738	3.416203029951212e-19
0.870950026	4.209258746395788e-19
0.872103314	4.264461984635992e-19
0.873256601	5.601530985462642e-19
0.874409889	5.229595857335606e-19
0.875563177	5.076663334470988e-19
0.876716465	5.573005926412545e-19
0.877869752	5.345330555295061e-19
0.87902304	5.370122749516955e-19
0.880176328	3.839352683482177e-19
0.881329616	2.750527425578054e-19
0.882482903	2.4560885893048733e-19
0.883636191	2.2349700275470693e-19
0.884789479	2.2172669997604005e-19
0.885942767	1.6919192190467488e-19
0.887096054	1.64872354245501e-19
0.888249342	2.192177507099296e-19
0.88940263	1.9064734149407007e-19
0.890555917	2.2389404698740658e-19
0.891709205	2.491071543136888e-19
0.892862493	2.4831108994068355e-19
0.894015781	2.645333737220521e-19
0.895169068	2.5184127038201214e-19
0.896322356	2.745032297528874e-19
0.897475644	3.4353939973167105e-19
0.898628932	3.6727483137288864e-19
0.899782219	4.807088720483089e-19
0.900935507	4.978859216038229e-19
0.902088795	6.129391151081987e-19
0.903242083	7.813446095761734e-19
0.90439537	8.205033465086181e-19
0.905548658	1.2013429587139343e-18
0.906701946	1.241910821089157e-18
0.907855234	1.403997054707502e-18
0.909008521	1.549859445971898e-18
0.910161809	1.289582743762772e-18
0.911315097	1.5794950850261436e-18
0.912468385	1.6925174087418193e-18
0.913621672	1.822348780652448e-18
0.91477496	1.7076851619868736e-18
0.915928248	1.60561690711785e-18
0.917081536	1.8100617182186556e-18
0.918234823	1.5834521379858898e-18
0.919388111	1.7334394233481378e-18
0.920541399	2.2843799911423486e-18
0.921694687	1.7568680246194877e-18
0.922847974	1.5537065179093325e-18
0.924001262	1.7597449529719392e-18
0.92515455	1.8130702771597405e-18
0.926307837	1.8350252065401138e-18
0.927461125	1.9781524290488245e-18
0.928614413	1.782152965814245e-18
0.929767701	1.7324930634175685e-18
0.930920988	1.3353247015627733e-18
0.932074276	1.3148103604625624e-18
0.933227564	1.2916037793864446e-18
0.934380852	1.3415973079189186e-18
0.935534139	1.097189156342532e-18
0.936687427	1.0565356081254481e-18
0.937840715	1.3152911931888774e-18
0.938994003	1.5685761878811065e-18
0.94014729	1.5943807617891822e-18
0.941300578	1.6507424163646634e-18
0.942453866	1.3934784853427612e-18
0.943607154	1.2777975181455104e-18
0.944760441	1.4074072725620365e-18
0.945913729	1.5532228406952855e-18
0.947067017	1.6306329106997294e-18
0.948220305	1.7511751580667407e-18
0.949373592	1.8499625121092556e-18
0.95052688	1.9562466907277244e-18
0.951680168	2.0347938237644667e-18
0.952833456	2.23866659239066e-18
0.953986743	1.889711449571241e-18
0.955140031	1.574489338384091e-18
0.956293319	1.5621909596769743e-18
0.957446607	1.653228509855986e-18
0.958599894	1.5192008622584293e-18
0.959753182	1.5239813236833986e-18
0.96090647	1.565712429551071e-18
0.962059757	1.6876779111152728e-18
0.963213045	1.6211023996353195e-18
0.964366333	1.5341381218307179e-18
0.965519621	1.7209594178552397e-18
0.966672908	1.7975069732084008e-18
0.967826196	1.4307999824824023e-18
0.968979484	1.4689187538029446e-18
0.970132772	0.
0.971286059	0.
0.972439347	0.
0.973592635	0.
0.974745923	0.
0.97589921	0.
0.977052498	0.
0.978205786	0.
0.979359074	0.
0.980512361	0.
0.981665649	0.
0.982818937	0.
0.983972225	0.
0.985125512	0.
0.9862788	0.
0.987432088	0.
0.988585376	0.
0.989738663	0.
0.990891951	0.
0.992045239	0.
0.993198527	0.
0.994351814	0.
0.995505102	0.
0.99665839	0.
0.997811677	7.861243420807136e-19
0.998964965	6.849044152661318e-19
1.000118253	7.502314901964399e-19
1.001271541	5.366815460974274e-19
1.002424828	6.139907686080469e-19
1.003578116	5.936022284906303e-19
1.004731404	5.71460304929913e-19
1.005884692	4.96450880409074e-19
1.007037979	6.357100831365752e-19
1.008191267	5.90483324321232e-19
1.009344555	6.707431702716889e-19
1.010497843	7.326843332768779e-19
1.01165113	8.266665396245875e-19
1.012804418	8.100221896145857e-19
1.013957706	8.792122689754525e-19
1.015110994	1.0214642417672364e-18
1.016264281	1.0993680910225107e-18
1.017417569	1.2670762307519365e-18
1.018570857	1.2182168362473169e-18
1.019724145	1.4781685942804581e-18
1.020877432	1.3432820577653778e-18
1.02203072	1.4346323790173457e-18
1.023184008	1.5404298562229459e-18
1.024337296	1.568451384001656e-18
1.025490583	1.5810476303270097e-18
1.026643871	1.7772012522887627e-18
1.027797159	1.6965793935319702e-18
1.028950447	1.941829889702589e-18
1.030103734	1.829263240888198e-18
1.031257022	2.0852477308706196e-18
1.03241031	2.018741474829023e-18
1.033563597	2.4362427372157357e-18
1.034716885	2.316238331513949e-18
1.035870173	2.3054418690322606e-18
1.037023461	2.641292535779889e-18
1.038176748	2.6579033012089587e-18
1.039330036	2.5494091280509685e-18
1.040483324	2.634175319895411e-18
1.041636612	2.6811722901126935e-18
1.042789899	2.942385766846438e-18
1.043943187	2.6588172667319914e-18
1.045096475	2.9984865548000774e-18
1.046249763	3.53873137941057e-18
1.04740305	2.9967799770313774e-18
1.048556338	3.650179950501315e-18
1.049709626	2.9185568317050387e-18
1.050862914	3.256040124284928e-18
1.052016201	3.4693062784547187e-18
1.053169489	3.62040938141485e-18
1.054322777	3.876427977757138e-18
1.055476065	3.505498880107118e-18
1.056629352	3.357096892597756e-18
1.05778264	3.332279313789091e-18
1.058935928	3.382982441342723e-18
1.060089216	4.032763318585323e-18
1.061242503	3.475533782384116e-18
1.062395791	3.571107767577371e-18
1.063549079	4.25297373796303e-18
1.064702367	3.4278811043404507e-18
1.065855654	3.624075268750467e-18
1.067008942	3.7197206223012095e-18
1.06816223	3.903768958476814e-18
1.069315517	4.1884166868663315e-18
1.070468805	3.8380007525797916e-18
1.071622093	3.8623690996390396e-18
1.072775381	3.584328016422879e-18
1.073928668	4.245559334941487e-18
1.075081956	4.280133676352378e-18
1.076235244	4.5546360567959704e-18
1.077388532	4.200556417128815e-18
1.078541819	4.311803111603605e-18
1.079695107	4.0857588203624415e-18
1.080848395	4.437334467312183e-18
1.082001683	4.045612235875798e-18
1.08315497	4.0306409388890865e-18
1.084308258	4.162902825119092e-18
1.085461546	4.147671120719789e-18
1.086614834	3.9079164040781326e-18
1.087768121	3.930836456086429e-18
1.088921409	3.92349838287812e-18
1.090074697	3.655248318734493e-18
1.091227985	3.6992640109216936e-18
1.092381272	3.681235069743367e-18
1.09353456	3.4219637375590333e-18
1.094687848	3.501529790074986e-18
1.095841136	3.3236340694231818e-18
1.096994423	3.209282136929151e-18
1.098147711	2.940372239918981e-18
1.099300999	2.9615504602989163e-18
1.100454287	2.9212327275525286e-18
1.101607574	2.6343877548304005e-18
1.102760862	2.7911324900816203e-18
1.10391415	2.637327541427004e-18
1.105067438	2.714046117151646e-18
1.106220725	2.288876122958557e-18
1.107374013	2.4416047145704496e-18
1.108527301	1.9734447263641376e-18
1.109680588	1.986244098350481e-18
1.110833876	1.5664670874939822e-18
1.111987164	1.4308433857373003e-18
1.113140452	1.4448393409557403e-18
1.114293739	1.3140047707558105e-18
1.115447027	1.0337329475370842e-18
1.116600315	9.352514201301196e-19
1.117753603	8.317394265561018e-19
1.11890689	6.203916504488075e-19
1.120060178	4.977080224176184e-19
1.121213466	3.9584040314338146e-19
1.122366754	3.118546088799068e-19
1.123520041	2.668534939402222e-19
1.124673329	2.1572364116486616e-19
1.125826617	1.8685674770774026e-19
1.126979905	1.7508435211506575e-19
1.128133192	1.5344977772924635e-19
1.12928648	1.459551973120735e-19
1.130439768	1.509889215942431e-19
1.131593056	1.7361170677615962e-19
1.132746343	1.8399176197653896e-19
1.133899631	2.1308556513974286e-19
1.135052919	2.3206544698423573e-19
1.136206207	2.3325917283553966e-19
1.137359494	2.3459605455746653e-19
1.138512782	2.429408193174417e-19
1.13966607	2.438296135238626e-19
1.140819358	2.7143255004733887e-19
1.141972645	2.7000373614001916e-19
1.143125933	2.73269240402026e-19
1.144279221	2.608381062859508e-19
1.145432508	2.502925447852268e-19
1.146585796	2.1570814712771067e-19
1.147739084	2.2249057393453574e-19
1.148892372	2.1058523231139461e-19
1.150045659	1.8075000940746598e-19
1.151198947	1.7053640694588266e-19
1.152352235	1.412890716379726e-19
1.153505523	1.3522168382496902e-19
1.15465881	1.1153485726508088e-19
1.155812098	1.0357223037133912e-19
1.156965386	1.0553150444881904e-19
1.158118674	1.0456542933987766e-19
1.159271961	9.581736878578411e-20
1.160425249	9.70180703159776e-20
1.161578537	9.642417694824538e-20
1.162731825	9.213717636773595e-20
1.163885112	9.969044521253673e-20
1.1650384	1.1202379008617148e-19
1.166191688	1.1989397472388093e-19
1.167344976	1.2925676011231394e-19
1.168498263	1.528495903197868e-19
1.169651551	1.7026239843034863e-19
1.170804839	1.8732576487385963e-19
1.171958127	2.1046839275699711e-19
1.173111414	2.452719068272494e-19
1.174264702	2.4779569209557303e-19
1.17541799	2.809558812257653e-19
1.176571278	2.862664975283616e-19
1.177724565	2.9451620360412415e-19
1.178877853	2.8912094323174956e-19
1.180031141	2.7356663135207716e-19
1.181184428	2.65976556503268e-19
1.182337716	2.852688157803951e-19
1.183491004	2.7550299637066748e-19
1.184644292	2.775401630445637e-19
1.185797579	2.619154076061241e-19
1.186950867	2.6661447990833226e-19
1.188104155	3.0932445344397463e-19
1.189257443	3.3929429826721134e-19
1.19041073	3.606069043493226e-19
1.191564018	4.072743338419109e-19
1.192717306	4.48184229303591e-19
1.193870594	5.746631357870979e-19
1.195023881	6.124856303603226e-19
1.196177169	7.230836821751172e-19
1.197330457	8.5407717770841155e-19
1.198483745	9.137856075454924e-19
1.199637032	9.805855757080503e-19
1.20079032	9.848454235867079e-19
1.201943608	1.0351562762414155e-18
1.203096896	1.1767919588930744e-18
1.204250183	1.3656046434212456e-18
1.205403471	1.3864695877376876e-18
1.206556759	1.5234198177768271e-18
1.207710047	1.6707759739367296e-18
1.208863334	1.9807875590080566e-18
1.210016622	2.0000667110993578e-18
1.21116991	1.9853079079626257e-18
1.212323198	2.0202224002645858e-18
1.213476485	2.135691202800829e-18
1.214629773	2.2956126249337524e-18
1.215783061	2.3680718925893924e-18
1.216936348	2.4135977531363133e-18
1.218089636	2.525287843674428e-18
1.219242924	2.7177511805618337e-18
1.220396212	2.639061244962181e-18
1.221549499	2.747635684828978e-18
1.222702787	2.8192405844294368e-18
1.223856075	2.8621435149968497e-18
1.225009363	2.8718256848658776e-18
1.22616265	2.6323836052680196e-18
1.227315938	2.669511880613351e-18
1.228469226	2.4483197999462224e-18
1.229622514	2.3452542579293757e-18
1.230775801	2.3691376386117012e-18
1.231929089	2.2661250254623423e-18
1.233082377	2.2545146327133046e-18
1.234235665	2.2643581068481425e-18
1.235388952	2.240537058290746e-18
1.23654224	2.390927265285441e-18
1.237695528	2.3539144734346238e-18
1.238848816	2.512549825755166e-18
1.240002103	2.5972997857996e-18
1.241155391	2.5803688045682756e-18
1.242308679	2.6068474549890133e-18
1.243461967	2.6129821224463975e-18
1.244615254	2.6268855867004273e-18
1.245768542	2.836364590911302e-18
1.24692183	2.8551390605944998e-18
1.248075118	2.7249914977807795e-18
1.249228405	2.7762014788855377e-18
1.250381693	2.977034537432576e-18
1.251534981	2.8953532884026715e-18
1.252688268	3.004180494845087e-18
1.253841556	3.1937851692016708e-18
1.254994844	3.2426769921812935e-18
1.256148132	3.0522866689369117e-18
1.257301419	3.374313616612851e-18
1.258454707	3.3081581829100234e-18
1.259607995	3.2622686770056287e-18
1.260761283	3.133828292978753e-18
1.26191457	3.1755365961368046e-18
1.263067858	2.941670164668649e-18
1.264221146	2.8963406498498266e-18
1.265374434	2.9564350679135886e-18
1.266527721	2.961867901270214e-18
1.267681009	3.321913723662808e-18
1.268834297	3.2356107238282885e-18
1.269987585	3.232198654452773e-18
1.271140872	3.293686963221898e-18
1.27229416	3.458244520145271e-18
1.273447448	3.504544956454777e-18
1.274600736	3.8269546005802434e-18
1.275754023	3.689324581849565e-18
1.276907311	3.674779196934983e-18
1.278060599	3.729302057123606e-18
1.279213887	3.79806955226907e-18
1.280367174	3.853347085364966e-18
1.281520462	3.976889758302945e-18
1.28267375	4.392251982839197e-18
1.283827038	3.960539123545638e-18
1.284980325	3.6920435456691504e-18
1.286133613	3.917583828687278e-18
1.287286901	3.868751658254891e-18
1.288440188	3.699334049854538e-18
1.289593476	3.7802220795703674e-18
1.290746764	3.715097822467141e-18
1.291900052	3.6494449676128406e-18
1.293053339	3.8094024196347855e-18
1.294206627	3.740868242236679e-18
1.295359915	3.715977978388944e-18
1.296513203	3.604870267782396e-18
1.29766649	3.533886056636427e-18
1.298819778	3.470188371123933e-18
1.299973066	3.199626972301599e-18
1.301126354	3.0660078495094847e-18
1.302279641	2.9500908970870737e-18
1.303432929	2.7320504843598104e-18
1.304586217	2.6617759136882814e-18
1.305739505	2.573658006263695e-18
1.306892792	2.5293178843045747e-18
1.30804608	2.4274180999213516e-18
1.309199368	2.457441036411885e-18
1.310352656	2.249439896871593e-18
1.311505943	2.185639498088935e-18
1.312659231	2.0166743164049664e-18
1.313812519	1.855366082239703e-18
1.314965807	1.6558265014330978e-18
1.316119094	1.5416635004605562e-18
1.317272382	1.3761646364558943e-18
1.31842567	1.2065923804897586e-18
1.319578958	1.129688773810618e-18
1.320732245	9.624251109222942e-19
1.321885533	9.370619225361876e-19
1.323038821	8.198868942675007e-19
1.324192108	7.753678442747894e-19
1.325345396	7.503474573244859e-19
1.326498684	7.438369569498329e-19
1.327651972	6.585247042957162e-19
1.328805259	6.407328826693845e-19
1.329958547	6.098380741475476e-19
1.331111835	4.978083958452897e-19
1.332265123	5.536735602014239e-19
1.33341841	4.660417268126138e-19
1.334571698	4.526663793476262e-19
1.335724986	4.312619080234334e-19
1.336878274	3.833145770920888e-19
1.338031561	3.290449488276913e-19
1.339184849	3.117195140759346e-19
1.340338137	2.5442182891353887e-19
1.341491425	1.8731031684467874e-19
1.342644712	1.778759275772109e-19
1.343798	1.373206514794411e-19
1.344951288	1.1088034457321315e-19
1.346104576	1.0785698495540818e-19
1.347257863	9.443054349691963e-20
1.348411151	8.254008563341142e-20
1.349564439	7.431460878616207e-20
1.350717727	6.960518310652802e-20
1.351871014	4.8001513170441375e-20
1.353024302	5.79276543048786e-20
1.35417759	4.705845660804492e-20
1.355330878	3.649431332160742e-20
1.356484165	3.2220612518801434e-20
1.357637453	3.408970319286742e-20
1.358790741	3.103784296783967e-20
1.359944028	2.91883776790532e-20
1.361097316	3.0028859596821735e-20
1.362250604	3.265918341038491e-20
1.363403892	3.112551219947147e-20
1.364557179	2.0393296184510088e-20
1.365710467	1.6944121047189162e-20
1.366863755	1.3370525980701241e-20
1.368017043	1.608574242825094e-20
1.36917033	2.699748625862236e-20
1.370323618	6.732774837164938e-20
1.371476906	-4.2918855864567684e-19
1.372630194	-7.55906159848489e-20
1.373783481	-7.5407978497562e-20
1.374936769	-1.0288585514329615e-19
1.376090057	1.8161173973145138e-19
1.377243345	4.763142356921285e-20
1.378396632	4.154084027910282e-20
1.37954992	3.646160157630764e-20
1.380703208	3.784531891188847e-20
1.381856496	3.705848998465793e-20
1.383009783	3.9006897765582786e-20
1.384163071	5.2415581749308795e-20
1.385316359	1.2949975707275828e-19
1.386469647	-4.0248260556422686e-19
1.387622934	-6.228150527321266e-20
1.388776222	-3.5702756345189004e-20
1.38992951	-2.7940480823765305e-20
1.391082798	-2.145905137836315e-20
1.392236085	-2.184396605561021e-20
1.393389373	-1.7426160195781837e-20
1.394542661	-1.6562494279226582e-20
1.395695949	-2.742090518670418e-20
1.396849236	-8.86549556679798e-20
1.398002524	8.486419899072945e-20
1.399155812	3.92551590279746e-20
1.400309099	5.0548144464295776e-20
1.401462387	1.180484488649494e-19
1.402615675	-1.0507748356789578e-19
1.403768963	-4.995576384857006e-20
1.40492225	-4.270903410945973e-20
1.406075538	-5.473217957981217e-20
1.407228826	-1.2185780295788778e-19
1.408382114	1.0752107168611737e-18
1.409535401	9.305674824132295e-20
1.410688689	5.386734023078756e-20
1.411841977	4.570110350360808e-20
1.412995265	3.7207335996597823e-20
1.414148552	3.442651924677866e-20
1.41530184	3.431136196359297e-20
1.416455128	3.732522026162019e-20
1.417608416	3.901033060912056e-20
1.418761703	4.460754523466807e-20
1.419914991	4.574286448288693e-20
1.421068279	5.25586696960586e-20
1.422221567	7.051234755876807e-20
1.423374854	8.883252946966382e-20
1.424528142	1.1702282332616253e-19
1.42568143	1.3245374599990163e-19
1.426834718	1.268459708578816e-19
1.427988005	1.2248383715706852e-19
1.429141293	1.0148840452666957e-19
1.430294581	1.255778168117372e-19
1.431447869	1.200479548925845e-19
1.432601156	1.304651146554011e-19
1.433754444	1.340239940436111e-19
1.434907732	1.1720710306215e-19
1.436061019	1.3385172634141138e-19
1.437214307	1.6864140178038368e-19
1.438367595	1.5253765131402398e-19
1.439520883	2.0531783932986866e-19
1.44067417	2.0235391090262205e-19
1.441827458	1.615176180170959e-19
1.442980746	1.6278407520264206e-19
1.444134034	1.6394788228903382e-19
1.445287321	1.783427065742146e-19
1.446440609	2.0595733675262757e-19
1.447593897	2.0117926828076338e-19
1.448747185	2.4402874853804987e-19
1.449900472	2.45035205206847e-19
1.45105376	2.520858537092505e-19
1.452207048	2.9033336005235103e-19
1.453360336	2.767864439071434e-19
1.454513623	2.9230353941312084e-19
1.455666911	2.67544256695745e-19
1.456820199	3.211695567055632e-19
1.457973487	3.032185741569666e-19
1.459126774	3.30606197946484e-19
1.460280062	3.028662444158395e-19
1.46143335	3.748407367235774e-19
1.462586638	4.113084590353426e-19
1.463739925	4.523790426411178e-19
1.464893213	4.2673853889731187e-19
1.466046501	4.368709201076778e-19
1.467199789	3.9774541918902266e-19
1.468353076	4.103463824414573e-19
1.469506364	4.372655863155478e-19
1.470659652	4.599113844660452e-19
1.471812939	4.436126257397636e-19
1.472966227	4.656274596422071e-19
1.474119515	5.000767106346279e-19
1.475272803	5.038354684963605e-19
1.47642609	5.109610082483655e-19
1.477579378	5.699840752978499e-19
1.478732666	5.304011665540244e-19
1.479885954	6.22347751298456e-19
1.481039241	6.1781337932237085e-19
1.482192529	6.721185700173685e-19
1.483345817	6.892847621498739e-19
1.484499105	7.731262201837257e-19
1.485652392	7.226724809581694e-19
1.48680568	7.840438773508211e-19
1.487958968	8.608640084062994e-19
1.489112256	9.925778330971844e-19
1.490265543	8.965732461446976e-19
1.491418831	9.154542399184209e-19
1.492572119	1.0385064433090393e-18
1.493725407	9.995158428384694e-19
1.494878694	1.097089589079266e-18
1.496031982	1.1511305543058728e-18
1.49718527	1.180020114152233e-18
1.498338558	1.147370305263127e-18
1.499491845	1.175826392602964e-18
1.500645133	1.0463561029833325e-18
1.501798421	1.105423613184977e-18
1.502951709	1.175384454785867e-18
1.504104996	1.2789908021149168e-18
1.505258284	1.2553393892224863e-18
1.506411572	1.2035574342214064e-18
1.507564859	1.1172766376509684e-18
1.508718147	1.1830384525840813e-18
1.509871435	1.0130941853925524e-18
1.511024723	1.2432226223803944e-18
1.51217801	1.2195637449467826e-18
1.513331298	1.1909045856168876e-18
1.514484586	1.1941189505627435e-18
1.515637874	1.4039378800091035e-18
1.516791161	1.1974237505605448e-18
1.517944449	1.225123151003281e-18
1.519097737	1.3723783962163248e-18
1.520251025	1.2433624305851446e-18
1.521404312	1.435820632149002e-18
1.5225576	1.3426725277277435e-18
1.523710888	1.3005915177167984e-18
1.524864176	1.3988552214707029e-18
1.526017463	1.3680171721601538e-18
1.527170751	1.3372708916240483e-18
1.528324039	1.40731362476995e-18
1.529477327	1.3224234290696496e-18
1.530630614	1.4154659251606792e-18
1.531783902	1.378192632807992e-18
1.53293719	1.3515250364192523e-18
1.534090478	1.393462641300652e-18
1.535243765	1.441993764108633e-18
1.536397053	1.34876410060473e-18
1.537550341	1.4062676623491856e-18
1.538703629	1.519433390096355e-18
1.539856916	1.5647567470198109e-18
1.541010204	1.5282696785314472e-18
1.542163492	1.563834218483083e-18
1.543316779	1.6147616995987897e-18
1.544470067	1.5225971881585644e-18
1.545623355	1.6393548812221194e-18
1.546776643	1.5112580459443321e-18
1.54792993	1.5739880730473263e-18
1.549083218	1.7642735241646405e-18
1.550236506	1.7742674610567177e-18
1.551389794	1.7657874252291074e-18
1.552543081	1.7227109004491063e-18
1.553696369	1.6497706851149037e-18
1.554849657	1.7860405371039027e-18
1.556002945	1.735728481368088e-18
1.557156232	1.738379980236029e-18
1.55830952	1.8075118005510514e-18
1.559462808	1.899818538295805e-18
1.560616096	1.7652605400019545e-18
1.561769383	1.6615652293321233e-18
1.562922671	1.6899592297414496e-18
1.564075959	1.667458689608503e-18
1.565229247	1.7682991806915383e-18
1.566382534	1.9069703340205144e-18
1.567535822	1.7590222901590605e-18
1.56868911	1.904048539751655e-18
1.569842398	2.00462095379519e-18
1.570995685	1.9270117029437813e-18
1.572148973	2.0039224628892905e-18
1.573302261	2.1317300361121606e-18
1.574455549	2.2256083231420836e-18
1.575608836	2.3253976086991086e-18
1.576762124	2.189870865809784e-18
1.577915412	2.2858738114090193e-18
1.579068699	2.234337055823853e-18
1.580221987	2.1676053055533985e-18
1.581375275	2.3321071637461524e-18
1.582528563	2.269838360368901e-18
1.58368185	2.3046982795078385e-18
1.584835138	2.0664807871127373e-18
1.585988426	1.901171493125286e-18
1.587141714	1.9286824012035587e-18
1.588295001	1.8815832550751745e-18
1.589448289	2.061600210302683e-18
1.590601577	2.167394723928208e-18
1.591754865	2.1245832619618526e-18
1.592908152	2.003073203803101e-18
1.59406144	1.9618700872089374e-18
1.595214728	2.005691421896952e-18
1.596368016	2.099907116128077e-18
1.597521303	2.0230330774006e-18
1.598674591	2.024213973256383e-18
1.599827879	1.9861100798494525e-18
1.600981167	2.0617969276825913e-18
1.602134454	1.9982395356077875e-18
1.603287742	1.9881017949597697e-18
1.60444103	2.0216534412969606e-18
1.605594318	2.0170541564610938e-18
1.606747605	1.9824451986287768e-18
1.607900893	1.9619192613728152e-18
1.609054181	1.991456105730363e-18
1.610207469	2.0469934844490306e-18
1.611360756	1.961173708148253e-18
1.612514044	2.0803557290247326e-18
1.613667332	2.1108323878668442e-18
1.614820619	2.0425297562445908e-18
1.615973907	2.1642172258457228e-18
1.617127195	2.1478824923624113e-18
1.618280483	2.0069076712410823e-18
1.61943377	1.8667863643251657e-18
1.620587058	1.6742285474073916e-18
1.621740346	1.455627495230913e-18
1.622893634	1.2021109796737654e-18
1.624046921	1.0824010282851037e-18
1.625200209	9.952809300868164e-19
1.626353497	8.697265956758785e-19
1.627506785	7.964000658060451e-19
1.628660072	6.654972918046335e-19
1.62981336	5.871197624286066e-19
1.630966648	5.245734560660994e-19
1.632119936	4.573363582543686e-19
1.633273223	4.044440075436495e-19
1.634426511	3.4950252768794044e-19
1.635579799	3.073141746784031e-19
1.636733087	2.7665243360474963e-19
1.637886374	2.587128878216302e-19
1.639039662	2.496287700302022e-19
1.64019295	2.4144147664435916e-19
1.641346238	2.400388859272355e-19
1.642499525	2.5555911012825476e-19
1.643652813	2.511572010536184e-19
1.644806101	2.407166200681227e-19
1.645959389	2.3047119329922317e-19
1.647112676	1.9626172742827858e-19
1.648265964	1.7140434130297945e-19
1.649419252	1.405843894141895e-19
1.65057254	1.1615777566918035e-19
1.651725827	1.0005182835204277e-19
1.652879115	9.008652426861327e-20
1.654032403	8.671289832507645e-20
1.65518569	8.513020686840929e-20
1.656338978	9.158746745075432e-20
1.657492266	1.0372750319411787e-19
1.658645554	1.1401681420440614e-19
1.659798841	1.220506439367399e-19
1.660952129	1.232521074284338e-19
1.662105417	1.195542703962963e-19
1.663258705	1.188454432613246e-19
1.664411992	1.184536830844548e-19
1.66556528	1.293480707463096e-19
1.666718568	1.396328621626665e-19
1.667871856	1.4815840866160888e-19
1.669025143	1.577645943187154e-19
1.670178431	1.579050739192634e-19
1.671331719	1.6790557392368442e-19
1.672485007	1.8670876022738842e-19
1.673638294	1.885951731566057e-19
1.674791582	1.991754312716189e-19
1.67594487	2.183502904284995e-19
1.677098158	2.353837592908908e-19
1.678251445	2.444614259437122e-19
1.679404733	2.588693399787693e-19
1.680558021	2.8126060539105554e-19
1.681711309	2.915324688445096e-19
1.682864596	3.0505195007219675e-19
1.684017884	3.1193969347759003e-19
1.685171172	3.094245660047572e-19
1.68632446	3.147031254678241e-19
1.687477747	2.880367949188233e-19
1.688631035	2.6803388641298734e-19
1.689784323	2.4152249512001536e-19
1.69093761	2.2142201671001264e-19
1.692090898	2.0451786873143412e-19
1.693244186	1.9744951803341047e-19
1.694397474	1.6760626316875405e-19
1.695550761	1.642042782977948e-19
1.696704049	1.4721766864570117e-19
1.697857337	1.31732980466994e-19
1.699010625	1.2027054213454873e-19
1.700163912	1.1050701856184424e-19
1.7013172	1.0350936676547323e-19
1.702470488	8.962765741841008e-20
1.703623776	8.248706654444282e-20
1.704777063	7.441406435734973e-20
1.705930351	6.738772326924848e-20
1.707083639	6.18717076177195e-20
1.708236927	5.780990014391317e-20
1.709390214	4.734491274862243e-20
1.710543502	4.5113744468975577e-20
1.71169679	4.836005520230539e-20
1.712850078	4.5183025298547907e-20
1.714003365	4.5995998327005903e-20
1.715156653	4.2460482790798234e-20
1.716309941	4.036466186725092e-20
1.717463229	4.059019571634324e-20
1.718616516	3.9805109363885525e-20
1.719769804	4.162012497725101e-20
1.720923092	4.1458579267563325e-20
1.72207638	4.208390449123358e-20
1.723229667	4.4235957710909384e-20
1.724382955	4.360503314246354e-20
1.725536243	4.153319826710544e-20
1.72668953	4.802695211213548e-20
1.727842818	5.090953799391856e-20
1.728996106	4.7516965594079396e-20
1.730149394	6.596031454641755e-20
1.731302681	7.11431704350674e-20
1.732455969	8.948723058365516e-20
1.733609257	9.81468434412e-20
1.734762545	1.2736138251517552e-19
1.735915832	1.2959591006547846e-19
1.73706912	1.393932404966087e-19
1.738222408	1.5563111960176101e-19
1.739375696	1.5016745425148974e-19
1.740528983	1.5030526727459156e-19
1.741682271	1.8952347619046859e-19
1.742835559	1.834347173887571e-19
1.743988847	2.107570146632192e-19
1.745142134	2.1155202925360561e-19
1.746295422	2.0161877956207092e-19
1.74744871	1.8685560396014723e-19
1.748601998	1.7795214018859046e-19
1.749755285	1.688903240356104e-19
1.750908573	1.5846155792965678e-19
1.752061861	1.5630405364465027e-19
1.753215149	1.4797444310105452e-19
1.754368436	1.4549484154535533e-19
1.755521724	1.3147147236092246e-19
1.756675012	1.5313709419534795e-19
1.7578283	1.250691927592453e-19
1.758981587	1.35138803074683e-19
1.760134875	1.0438645871872094e-19
1.761288163	1.0600828104207934e-19
1.76244145	9.070655625723707e-20
1.763594738	8.352344379697516e-20
1.764748026	7.599935396798895e-20
1.765901314	6.18129297073488e-20
1.767054601	6.127967728091703e-20
1.768207889	5.765110678476814e-20
1.769361177	5.481835695428553e-20
1.770514465	4.255589093495644e-20
1.771667752	4.4390957495326247e-20
1.77282104	3.8476917081662916e-20
1.773974328	3.6998243181101123e-20
1.775127616	3.8300800293251234e-20
1.776280903	3.3616944393446205e-20
1.777434191	2.758847569267632e-20
1.778587479	3.528436932286013e-20
1.779740767	3.33700097157454e-20
1.780894054	3.5283822437210977e-20
1.782047342	3.7372050562277864e-20
1.78320063	4.432943292686319e-20
1.784353918	5.886205958325106e-20
1.785507205	5.947021668926312e-20
1.786660493	5.696864497487502e-20
1.787813781	5.73045050436605e-20
1.788967069	6.477035235372747e-20
1.790120356	6.474758663949543e-20
1.791273644	6.940928447921206e-20
1.792426932	7.54154207991369e-20
1.79358022	1.0711558917893092e-19
1.794733507	1.1928615139002326e-19
1.795886795	1.542407035405811e-19
1.797040083	1.704975643876903e-19
1.79819337	1.644788853169446e-19
1.799346658	2.1609748712845967e-19
1.800499946	1.7306757762619036e-19
1.801653234	1.7783824745500603e-19
1.802806521	1.9164913460933708e-19
1.803959809	1.9742095544925423e-19
1.805113097	2.212159577743046e-19
1.806266385	2.4904894613451433e-19
1.807419672	2.739602039807859e-19
1.80857296	2.829093419198929e-19
1.809726248	3.250279772193536e-19
1.810879536	3.9563442021331396e-19
1.812032823	4.768229657987576e-19
1.813186111	7.904195274674378e-19
1.814339399	1.3807886616861832e-18
1.815492687	4.8498462979278725e-18
1.816645974	-9.84690707055923e-17
1.817799262	8.446033133157632e-18
1.81895255	2.7471249094848763e-18
1.820105838	1.4647191193608545e-18
1.821259125	1.0294940864661741e-18
1.822412413	8.457426656044809e-19
1.823565701	8.040351684879965e-19
1.824718989	7.638693131352969e-19
1.825872276	7.089304504073706e-19
1.827025564	6.806390945204284e-19
1.828178852	6.951426442687446e-19
1.82933214	6.012549907206973e-19
1.830485427	7.849272313536816e-19
1.831638715	8.180458047492489e-19
1.832792003	7.272143527990098e-19
1.83394529	0.
1.835098578	0.
1.836251866	0.
1.837405154	0.
1.838558441	0.
1.839711729	0.
1.840865017	0.
1.842018305	0.
1.843171592	0.
1.84432488	0.
1.845478168	0.
1.846631456	0.
1.847784743	0.
1.848938031	0.
1.850091319	0.
1.851244607	0.
1.852397894	0.
1.853551182	0.
1.85470447	0.
1.855857758	0.
1.857011045	0.
1.858164333	0.
1.859317621	0.
1.860470909	0.
1.861624196	0.
1.862777484	0.
1.863930772	0.
1.86508406	0.
1.866237347	0.
1.867390635	0.
1.868543923	0.
1.86969721	0.
1.870850498	0.
1.872003786	-6.098754792021593e-21
1.873157074	-5.159336437624685e-21
1.874310361	-3.2034448717213872e-21
1.875463649	-1.1216827273661974e-21
1.876616937	-9.260419847015884e-23
1.877770225	6.528319332198159e-22
1.878923512	1.4313406131872518e-21
1.8800768	1.1676906829799438e-21
1.881230088	1.724929298229245e-21
1.882383376	1.764049425400015e-20
1.883536663	-1.7727436908156998e-20
1.884689951	-1.5319028902242252e-20
1.885843239	-2.1734043525911258e-20
1.886996527	-3.8820191886247595e-20
1.888149814	-6.246813916435669e-20
1.889303102	-1.1066131855011932e-19
1.89045639	-1.9992683285917938e-19
1.891609678	-1.1684038074826981e-19
1.892762965	-5.506321224254687e-20
1.893916253	-3.8960481125737774e-20
1.895069541	-4.0729622467525795e-20
1.896222829	-4.4919212786026894e-20
1.897376116	-2.745928162269313e-20
1.898529404	-1.4544090683313552e-20
1.899682692	-4.669987359619068e-21
1.90083598	-1.447007231183156e-21
1.901989267	2.7438547425127286e-22
1.903142555	1.0165455116197822e-21
1.904295843	1.4894872937947922e-21
1.905449131	1.9144922854554106e-21
1.906602418	2.3733566475284006e-21
1.907755706	3.2146205386296094e-21
1.908908994	3.5292304106994715e-21
1.910062281	2.6917348378758804e-21
1.911215569	5.073369172602129e-22
1.912368857	-2.8589635383521953e-21
1.913522145	-9.461339645028925e-21
1.914675432	-3.29792571448911e-20
1.91582872	1.157454544284713e-19
1.916982008	4.348665963599634e-20
1.918135296	5.3421230803845106e-20
1.919288583	8.248881399331045e-20
1.920441871	3.0142231151808135e-19
1.921595159	-3.6308272418360697e-19
1.922748447	-2.7413806098957356e-19
1.923901734	2.3335032951720083e-19
1.925055022	6.735547371486588e-20
1.92620831	4.133659017746045e-20
1.927361598	3.3623697264168917e-20
1.928514885	3.618654139645391e-20
1.929668173	4.4639180327111036e-20
1.930821461	6.593893052733425e-20
1.931974749	8.887492721554305e-20
1.933128036	1.1054721734248087e-19
1.934281324	9.459686795784571e-20
1.935434612	9.532953081676285e-20
1.9365879	7.507157118853589e-20
1.937741187	7.061382175493761e-20
1.938894475	8.23161419425954e-20
1.940047763	8.53965803006667e-20
1.941201051	7.502091107794897e-20
1.942354338	7.096284452131691e-20
1.943507626	6.483500920194297e-20
1.944660914	5.47876391783759e-20
1.945814201	5.231740294221892e-20
1.946967489	6.267068940905786e-20
1.948120777	7.09805340542005e-20
1.949274065	1.2876449739292212e-19
1.950427352	2.1731702403364826e-19
1.95158064	6.293376026796474e-19
1.952733928	3.3336022153738174e-18
1.953887216	2.120180691091393e-18
1.955040503	6.998128427816231e-19
1.956193791	7.272954682035389e-19
1.957347079	1.4379559544134607e-18
1.958500367	2.4500753168009852e-18
1.959653654	1.2915312348813201e-18
1.960806942	5.953489130471748e-19
1.96196023	3.513154752398627e-19
1.963113518	2.559196199806859e-19
1.964266805	2.8240952743606115e-19
1.965420093	2.891855521883302e-19
1.966573381	3.0653796693748934e-19
1.967726669	3.443146325044333e-19
1.968879956	3.050245512655744e-19
1.970033244	3.142903585872675e-19
1.971186532	3.1526779898857784e-19
1.97233982	3.045942906501024e-19
1.973493107	2.763270801549337e-19
1.974646395	3.1100267741630965e-19
1.975799683	3.3344412171436243e-19
1.976952971	3.0568888962017566e-19
1.978106258	3.268043847269019e-19
1.979259546	3.6746737437856795e-19
1.980412834	3.5671379177090843e-19
1.981566121	3.7488136195919604e-19
1.982719409	3.7938427952463534e-19
1.983872697	3.7632746161664505e-19
1.985025985	4.50370863835431e-19
1.986179272	4.8183862936782685e-19
1.98733256	4.677298946154871e-19
1.988485848	4.438219582314757e-19
1.989639136	4.527703954978962e-19
1.990792423	5.21615022003249e-19
1.991945711	5.022378175010742e-19
1.993098999	4.716138521928311e-19
1.994252287	4.051578875444703e-19
1.995405574	3.7577596353758297e-19
1.996558862	3.5852463649541402e-19
1.99771215	3.6594907674813695e-19
1.998865438	3.1004098658672946e-19
2.000018725	3.049474516433223e-19
2.001172013	2.8370106738453355e-19
2.002325301	2.4526205372067525e-19
2.003478589	3.064691243927025e-19
2.004631876	2.6431688497116237e-19
2.005785164	2.07138670769078e-19
2.006938452	1.8006602472264076e-19
2.00809174	1.6602265324999901e-19
2.009245027	1.414282385876082e-19
2.010398315	1.3223930098357252e-19
2.011551603	1.2599975548338187e-19
2.012704891	1.267006472421845e-19
2.013858178	1.232333709505816e-19
2.015011466	1.5330560658415068e-19
2.016164754	1.8231066892596898e-19
2.017318041	1.5845144222440792e-19
2.018471329	1.697895447281719e-19
2.019624617	2.1282166388652548e-19
2.020777905	1.9880419443122076e-19
2.021931192	2.6105263451694846e-19
2.02308448	2.4549549850412043e-19
2.024237768	2.6928803607537915e-19
2.025391056	2.5213926596447867e-19
2.026544343	2.494231444698614e-19
2.027697631	2.58442189435518e-19
2.028850919	2.847110008029792e-19
2.030004207	3.0370303719175747e-19
2.031157494	3.6651867910756764e-19
2.032310782	3.196093713379181e-19
2.03346407	2.8697568208216577e-19
2.034617358	3.07225010615496e-19
2.035770645	2.636674488920116e-19
2.036923933	2.990443872170379e-19
2.038077221	2.810497287191518e-19
2.039230509	2.4806168667289473e-19
2.040383796	2.0265429680833447e-19
2.041537084	1.8502030382430713e-19
2.042690372	1.932199946682173e-19
2.04384366	1.778743541892184e-19
2.044996947	1.589688676932913e-19
2.046150235	1.6058952153923193e-19
2.047303523	1.5741415184589145e-19
2.048456811	1.4032530029356505e-19
2.049610098	1.4530256734917393e-19
2.050763386	1.3084793149673245e-19
2.051916674	1.4323539894076606e-19
2.053069961	1.4210366113319178e-19
2.054223249	1.6563214618028533e-19
2.055376537	1.7033144120995675e-19
2.056529825	1.7967571534612529e-19
2.057683112	1.9431636045741939e-19
2.0588364	1.8952205390630164e-19
2.059989688	1.7898442611616146e-19
2.061142976	1.5142592926955174e-19
2.062296263	1.392832211483707e-19
2.063449551	1.2275925650231054e-19
2.064602839	1.0051510768568761e-19
2.065756127	9.923521483334035e-20
2.066909414	8.86832713103116e-20
2.068062702	8.418986265387724e-20
2.06921599	8.614079056331333e-20
2.070369278	9.20077957083967e-20
2.071522565	8.319078134826552e-20
2.072675853	9.762363098556746e-20
2.073829141	9.467843787430103e-20
2.074982429	1.0837742319709823e-19
2.076135716	1.0736190899148564e-19
2.077289004	9.440253998800181e-20
2.078442292	8.825511819737216e-20
2.07959558	7.772800349654763e-20
2.080748867	8.731427677792794e-20
2.081902155	8.926498705904308e-20
2.083055443	9.501026786365178e-20
2.084208731	8.936217692380841e-20
2.085362018	8.809778918484663e-20
2.086515306	7.937726571144972e-20
2.087668594	8.087815663035026e-20
2.088821881	8.140754593087112e-20
2.089975169	8.146668237182319e-20
2.091128457	7.981156640436511e-20
2.092281745	8.112690392227556e-20
2.093435032	7.275622125263099e-20
2.09458832	6.587886530534864e-20
2.095741608	6.31830101909963e-20
2.096894896	5.3115657405841644e-20
2.098048183	4.886396977281995e-20
2.099201471	4.6689642555015377e-20
2.100354759	4.715673377869834e-20
2.101508047	4.671786214679386e-20
2.102661334	4.641806685630558e-20
2.103814622	4.839719819381625e-20
2.10496791	4.653415659178261e-20
2.106121198	4.3222327089168095e-20
2.107274485	4.2367172357963765e-20
2.108427773	4.3205382197022086e-20
2.109581061	4.578613235670378e-20
2.110734349	5.562970501460236e-20
2.111887636	5.493908914799661e-20
2.113040924	5.521414304612546e-20
2.114194212	5.484375450095052e-20
2.1153475	5.522802483326111e-20
2.116500787	5.955989542129354e-20
2.117654075	6.230133834977318e-20
2.118807363	6.093473318022892e-20
2.119960651	6.015683077085911e-20
2.121113938	5.3349599087822604e-20
2.122267226	5.386729152137813e-20
2.123420514	5.16550022306578e-20
2.124573801	5.3149638200770345e-20
2.125727089	5.511240416706768e-20
2.126880377	6.213293093344195e-20
2.128033665	6.105035211936437e-20
2.129186952	6.351154434262638e-20
2.13034024	6.287215215117312e-20
2.131493528	6.569849705708809e-20
2.132646816	6.888369225743145e-20
2.133800103	7.031469113486108e-20
2.134953391	7.279837432166981e-20
2.136106679	7.449756694023838e-20
2.137259967	7.701383696628042e-20
2.138413254	7.617891549539765e-20
2.139566542	8.640665136337818e-20
2.14071983	8.723077722089199e-20
2.141873118	8.114372299687177e-20
2.143026405	7.81372800845684e-20
2.144179693	7.657714081221981e-20
2.145332981	7.013041952495306e-20
2.146486269	7.132721162556179e-20
2.147639556	6.827190862585267e-20
2.148792844	6.669869798419736e-20
2.149946132	6.489789680455922e-20
2.15109942	6.138317337480263e-20
2.152252707	6.045252764021522e-20
2.153405995	6.465521707475949e-20
2.154559283	7.324082273536874e-20
2.155712571	8.779576598983507e-20
2.156865858	9.775604429937522e-20
2.158019146	1.0106335991252148e-19
2.159172434	1.0080876571632883e-19
2.160325722	9.043726610688338e-20
2.161479009	7.886401687321623e-20
2.162632297	7.486380421867608e-20
2.163785585	7.412217761889542e-20
2.164938872	7.566392995527689e-20
2.16609216	7.968250902324447e-20
2.167245448	7.78838764296497e-20
2.168398736	7.108675749660223e-20
2.169552023	6.48562925661486e-20
2.170705311	6.001970917835614e-20
2.171858599	5.471243851349447e-20
2.173011887	5.309033815936797e-20
2.174165174	5.230259683078288e-20
2.175318462	5.1474718238240094e-20
2.17647175	5.12235983544483e-20
2.177625038	5.0876855236546856e-20
2.178778325	5.086597890271732e-20
2.179931613	4.636568805922366e-20
2.181084901	4.3512802968632684e-20
2.182238189	4.39709820242336e-20
2.183391476	4.003598085608037e-20
2.184544764	4.5866588188351356e-20
2.185698052	4.5013973152325774e-20
2.18685134	4.546180393467906e-20
2.188004627	4.9976883354777516e-20
2.189157915	4.82455867917243e-20
2.190311203	4.532381715044598e-20
2.191464491	4.2270041922349766e-20
2.192617778	4.252690074816699e-20
2.193771066	3.903562080998246e-20
2.194924354	3.6717266528987454e-20
2.196077642	3.239613786747575e-20
2.197230929	3.1896207100066436e-20
2.198384217	3.086284653803288e-20
2.199537505	3.136362470478545e-20
2.200690792	2.704323994591749e-20
2.20184408	2.4961923351875295e-20
2.202997368	2.3506010169310158e-20
2.204150656	2.4039471415100553e-20
2.205303943	2.635450624561465e-20
2.206457231	2.830245277386488e-20
2.207610519	3.0832993627872514e-20
2.208763807	2.936418749039002e-20
2.209917094	2.9647673187925765e-20
2.211070382	2.741374222628118e-20
2.21222367	2.6106626545195117e-20
2.213376958	2.7412260232679004e-20
2.214530245	2.912048541413519e-20
2.215683533	2.812454581850974e-20
2.216836821	3.071569898686813e-20
2.217990109	3.052324136682619e-20
2.219143396	2.9567356526626595e-20
2.220296684	2.6329939935591278e-20
2.221449972	2.5244344532437713e-20
2.22260326	2.29133006760675e-20
2.223756547	2.1909429129395654e-20
2.224909835	2.175987587174933e-20
2.226063123	2.1315450695890398e-20
2.227216411	1.9893356681235782e-20
2.228369698	2.022882070984517e-20
2.229522986	1.986303126409905e-20
2.230676274	2.1010737062575965e-20
2.231829562	2.1428299624189094e-20
2.232982849	2.2813106124144626e-20
2.234136137	2.2655709592603365e-20
2.235289425	2.2678812156059028e-20
2.236442712	2.31532473411102e-20
2.237596	2.479708918714801e-20
2.238749288	2.72832261422907e-20
2.239902576	3.140329966645769e-20
2.241055863	3.21808264029976e-20
2.242209151	3.371314619114897e-20
2.243362439	3.1978095726025804e-20
2.244515727	3.3432451835605694e-20
2.245669014	2.9924972158726746e-20
2.246822302	2.8139300721629174e-20
2.24797559	2.5742445064176463e-20
2.249128878	2.202004914826856e-20
2.250282165	1.9497407857304317e-20
2.251435453	1.8087024077309876e-20
2.252588741	1.8278137410431865e-20
2.253742029	1.8118700343215074e-20
2.254895316	1.782601737874995e-20
2.256048604	2.004236322246649e-20
2.257201892	1.9633890006240905e-20
2.25835518	1.995007630136851e-20
2.259508467	2.243598243484196e-20
2.260661755	2.388501695839597e-20
2.261815043	2.5211281262865395e-20
2.262968331	2.5033880323335656e-20
2.264121618	2.4085848896325578e-20
2.265274906	2.4003550896009674e-20
2.266428194	2.283410358551438e-20
2.267581482	2.5163007517030416e-20
2.268734769	2.6256434811569065e-20
2.269888057	2.591636034258942e-20
2.271041345	2.6306464598336214e-20
2.272194632	2.4794093951028137e-20
2.27334792	2.6272479708173605e-20
2.274501208	2.737444881204347e-20
2.275654496	2.7045952864171666e-20
2.276807783	2.741204828821554e-20
2.277961071	2.764983381584286e-20
2.279114359	2.780214884650492e-20
2.280267647	2.703754893770613e-20
2.281420934	2.534229335493972e-20
2.282574222	2.136403682132812e-20
2.28372751	1.626041414740572e-20
2.284880798	1.5109435435953117e-20
2.286034085	1.4145058116155195e-20
2.287187373	1.4230912651386448e-20
2.288340661	1.4037266170816304e-20
2.289493949	1.461612392755794e-20
2.290647236	1.3754639666341443e-20
2.291800524	1.2566519925453933e-20
2.292953812	1.2129194416559789e-20
2.2941071	1.1783529244696218e-20
2.295260387	1.2411250184555593e-20
2.296413675	1.255340438347623e-20
2.297566963	1.3237835377915075e-20
2.298720251	1.249928271365178e-20
2.299873538	1.2569417076108883e-20
2.301026826	1.3987120956779646e-20
2.302180114	1.397932678421226e-20
2.303333402	1.46211916048635e-20
2.304486689	1.445139633403952e-20
2.305639977	1.4136243996561425e-20
2.306793265	1.4958890977057546e-20
2.307946552	1.759197456949758e-20
2.30909984	1.680343968819568e-20
2.310253128	1.892358611544574e-20
2.311406416	1.7862345900162216e-20
2.312559703	1.5437910531738997e-20
2.313712991	1.3158135613673859e-20
2.314866279	1.353196862105914e-20
2.316019567	1.3154262487276405e-20
2.317172854	1.227474808465057e-20
2.318326142	1.2010004011444773e-20
2.31947943	9.989782333794275e-21
2.320632718	9.43900429804122e-21
2.321786005	9.431211304471088e-21
2.322939293	8.732897659232547e-21
2.324092581	8.633155030341179e-21
2.325245869	9.680918435933193e-21
2.326399156	1.0341054287508524e-20
2.327552444	9.852775813866961e-21
2.328705732	8.887257232943819e-21
2.32985902	7.878295875138932e-21
2.331012307	7.757468326676215e-21
2.332165595	7.209681218492067e-21
2.333318883	7.322103340548423e-21
2.334472171	6.4354541996526276e-21
2.335625458	7.094077518532877e-21
2.336778746	5.4103335193337275e-21
2.337932034	6.167220622954932e-21
2.339085322	5.930947187997363e-21
2.340238609	6.1687249279714364e-21
2.341391897	6.2104326182880115e-21
2.342545185	6.281675170319737e-21
2.343698472	5.872398879443993e-21
2.34485176	6.475787558716558e-21
2.346005048	7.169335683996247e-21
2.347158336	6.968213702556134e-21
2.348311623	6.3434885510663475e-21
2.349464911	5.878518963164334e-21
2.350618199	6.471930125212459e-21
2.351771487	6.482198886057406e-21
2.352924774	6.859595169571379e-21
2.354078062	7.131328880505201e-21
2.35523135	7.37308571779064e-21
2.356384638	6.037642134142245e-21
2.357537925	6.959281644936498e-21
2.358691213	6.339329414611187e-21
2.359844501	6.393515595389784e-21
2.360997789	6.488911821193088e-21
2.362151076	5.944172343432177e-21
2.363304364	6.436081361647358e-21
2.364457652	6.646240256089404e-21
2.36561094	9.259511895248452e-21
2.366764227	1.1248123766366324e-20
2.367917515	1.619764761639595e-20
2.369070803	1.8917937829310902e-20
2.370224091	1.47513621508142e-20
2.371377378	1.096153394878473e-20
2.372530666	8.387344969730128e-21
2.373683954	8.28573769399686e-21
2.374837242	8.927277587188443e-21
2.375990529	8.878089863871688e-21
2.377143817	1.0472062562729266e-20
2.378297105	1.0243571551099504e-20
2.379450392	1.0407896599433942e-20
2.38060368	1.1160740782496521e-20
2.381756968	1.0437685154944009e-20
2.382910256	1.207006782453346e-20
2.384063543	1.3464621717556432e-20
2.385216831	1.3328198065736935e-20
2.386370119	1.3427145788796835e-20
2.387523407	1.2447020808833741e-20
2.388676694	1.0072114898086931e-20
2.389829982	8.287796071256993e-21
2.39098327	6.985727480955397e-21
2.392136558	7.057076530463468e-21
2.393289845	6.862011775138984e-21
2.394443133	6.895014799699351e-21
2.395596421	7.471734200708792e-21
2.396749709	7.763216724927678e-21
2.397902996	8.683582812578188e-21
2.399056284	8.268776007405958e-21
2.400209572	8.62157919836506e-21
2.40136286	7.239222584827011e-21
2.402516147	8.154507225509165e-21
2.403669435	6.771841891213669e-21
2.404822723	6.100571009446505e-21
2.405976011	6.158047251041182e-21
2.407129298	6.016442609950522e-21
2.408282586	7.191175794970531e-21
2.409435874	7.623741741186497e-21
2.410589162	8.531506147934633e-21
2.411742449	8.69173281295264e-21
2.412895737	9.019586438948746e-21
2.414049025	1.3433296806752657e-20
2.415202313	1.9001841483194468e-20
2.4163556	1.6960268974494994e-20
2.417508888	1.3682077940105006e-20
2.418662176	1.2553188982497812e-20
2.419815463	1.0132689988653876e-20
2.420968751	1.1834810320298517e-20
2.422122039	9.982461341847527e-21
2.423275327	9.722950919834289e-21
2.424428614	8.306476091726537e-21
2.425581902	7.114245123636542e-21
2.42673519	6.815846081204605e-21
2.427888478	6.735550510054892e-21
2.429041765	7.068081700751426e-21
2.430195053	6.615566107005173e-21
2.431348341	6.764374328351784e-21
2.432501629	6.2512491751600584e-21
2.433654916	5.8562254050949105e-21
2.434808204	4.8635244212330094e-21
2.435961492	4.857926860776794e-21
2.43711478	4.7465869660990164e-21
2.438268067	5.29179388192916e-21
2.439421355	5.77177750408945e-21
2.440574643	5.458616506658843e-21
2.441727931	5.633713353365074e-21
2.442881218	6.480909919425017e-21
2.444034506	6.956388456682151e-21
2.445187794	6.2153987475051e-21
2.446341082	6.177543321621671e-21
2.447494369	5.913718574592633e-21
2.448647657	7.687555720564827e-21
2.449800945	1.2602710332807674e-20
2.450954233	1.6582805146540274e-20
2.45210752	2.165887825640648e-20
2.453260808	2.0934247827756857e-20
2.454414096	2.6038424871215373e-20
2.455567383	3.1005475419419235e-20
2.456720671	3.5922503816711414e-20
2.457873959	3.8346116964208534e-20
2.459027247	4.428046779680764e-20
2.460180534	4.431554140768159e-20
2.461333822	4.6189048113977987e-20
2.46248711	4.965724502504691e-20
2.463640398	4.3265383494010086e-20
2.464793685	4.4988595212329726e-20
2.465946973	4.120346049618584e-20
2.467100261	5.1887734059093324e-20
2.468253549	4.980202614615555e-20
2.469406836	5.564999252305493e-20
2.470560124	6.235037527299397e-20
2.471713412	7.394668545471397e-20
2.4728667	8.309654194478901e-20
2.474019987	5.794725609604942e-20
2.475173275	4.451282045634752e-20
2.476326563	3.8595001924065485e-20
2.477479851	3.592950322273836e-20
2.478633138	4.0458912453332045e-20
2.479786426	6.658003833240184e-20
2.480939714	1.6672251854811545e-19
2.482093002	-9.388079095816926e-19
2.483246289	2.4515092106652153e-19
2.484399577	4.293037708928296e-20
2.485552865	2.1510793783846026e-20
2.486706153	1.4493160835517832e-20
2.48785944	1.2798507201655421e-20
2.489012728	4.5288392441152507e-20
2.490166016	-1.1967879201319916e-20
2.491319303	-6.0364098533439984e-21
2.492472591	-5.922618516206209e-21
2.493625879	-7.598056439136987e-21