0.45	4.275965865306582e-24
0.451153288	4.112649293338452e-24
0.452306575	5.962248235073878e-24
0.453459863	5.810999958158937e-24
0.454613151	5.50959699039698e-24
0.455766439	4.337801680373286e-24
0.456919726	6.321274979620126e-24
0.458073014	6.520528817469873e-24
0.459226302	6.013222624417347e-24
0.46037959	5.3182970865738115e-24
0.461532877	6.93837420775672e-24
0.462686165	5.5750367273670794e-24
0.463839453	7.078222541910497e-24
0.464992741	7.6707503969415e-24
0.466146028	6.5680332569271964e-24
0.467299316	9.539718560086301e-24
0.468452604	9.854387787845256e-24
0.469605892	6.933875726791942e-24
0.470759179	1.0690541794219796e-23
0.471912467	7.389028824122526e-24
0.473065755	7.243048087904549e-24
0.474219043	5.840125133023259e-24
0.47537233	8.14712685050729e-24
0.476525618	9.960476773842146e-24
0.477678906	7.182041080170489e-24
0.478832194	1.1547401114459182e-23
0.479985481	1.117343017847023e-23
0.481138769	1.0296324808685523e-23
0.482292057	9.873879663112369e-24
0.483445345	2.245763326776521e-23
0.484598632	1.3462732313997085e-23
0.48575192	1.309323365404641e-23
0.486905208	1.6019197636820463e-23
0.488058495	1.1594294312999108e-23
0.489211783	1.25946517029756e-23
0.490365071	1.8220140435453002e-23
0.491518359	1.143965733624305e-23
0.492671646	1.5404849108269304e-23
0.493824934	1.7887551013097744e-23
0.494978222	1.4184083268686753e-23
0.49613151	1.698783931476465e-23
0.497284797	1.3771284485145056e-23
0.498438085	1.923642817401952e-23
0.499591373	1.1208766159605507e-23
0.500744661	1.9272152267398716e-23
0.501897948	1.6747705769104702e-23
0.503051236	1.3295868693441923e-23
0.504204524	1.0115218061109486e-23
0.505357812	1.3162608549232401e-23
0.506511099	8.978865902838727e-24
0.507664387	1.1471361433769496e-23
0.508817675	7.180710789241432e-24
0.509970963	6.806733798662794e-24
0.51112425	6.1259066812349465e-24
0.512277538	7.769568088406641e-24
0.513430826	9.839080058368785e-24
0.514584114	9.27150110439525e-24
0.515737401	1.0288963478597634e-23
0.516890689	1.0737767141141412e-23
0.518043977	1.3838733062194053e-23
0.519197265	1.0756202035892183e-23
0.520350552	1.7885068834156743e-23
0.52150384	1.437103633829013e-23
0.522657128	1.7409215282313242e-23
0.523810415	1.7156725768773682e-23
0.524963703	1.7520755080344362e-23
0.526116991	1.6700623477858404e-23
0.527270279	1.8963996664206508e-23
0.528423566	2.1849730827007334e-23
0.529576854	2.576223214370783e-23
0.530730142	3.036756591441898e-23
0.53188343	2.5558119705850477e-23
0.533036717	2.723602066671873e-23
0.534190005	2.1911502356857366e-23
0.535343293	2.936131149093607e-23
0.536496581	2.9416004198651535e-23
0.537649868	3.2527155680905143e-23
0.538803156	2.887947671894315e-23
0.539956444	2.3118285447908137e-23
0.541109732	2.32668567414361e-23
0.542263019	2.564346184795782e-23
0.543416307	2.4177503407027263e-23
0.544569595	2.8107043245358447e-23
0.545722883	2.493716208276508e-23
0.54687617	2.499957468744542e-23
0.548029458	2.733365241523908e-23
0.549182746	2.3538853622040327e-23
0.550336034	2.5880461667370132e-23
0.551489321	2.703364251147145e-23
0.552642609	2.255994951155002e-23
0.553795897	2.0262252339111788e-23
0.554949185	2.364406812429953e-23
0.556102472	2.4130164134216443e-23
0.55725576	2.4703346071103066e-23
0.558409048	2.5687023389888935e-23
0.559562335	2.916467793416582e-23
0.560715623	2.5376553534438428e-23
0.561868911	2.6115946955382028e-23
0.563022199	2.735244865572209e-23
0.564175486	2.60942744573911e-23
0.565328774	3.0956104803547306e-23
0.566482062	3.0181847805705564e-23
0.56763535	2.9873287716329133e-23
0.568788637	2.997814064084465e-23
0.569941925	2.9057394091418143e-23
0.571095213	2.833388087218499e-23
0.572248501	2.908814795869069e-23
0.573401788	2.991580188372625e-23
0.574555076	2.8701390803522594e-23
0.575708364	2.8935452798801694e-23
0.576861652	2.824273693182202e-23
0.578014939	2.5926586644598196e-23
0.579168227	2.515000534238874e-23
0.580321515	2.5924769021283936e-23
0.581474803	2.403856790957378e-23
0.58262809	2.2699173164924404e-23
0.583781378	2.3054125123980684e-23
0.584934666	2.2977115231486062e-23
0.586087954	2.4686722761641943e-23
0.587241241	2.5134401386789156e-23
0.588394529	2.305027759532209e-23
0.589547817	2.5349454744317436e-23
0.590701105	2.517542491650081e-23
0.591854392	2.6995669461185584e-23
0.59300768	2.6944038161722664e-23
0.594160968	2.9179959352649414e-23
0.595314256	3.101646937452187e-23
0.596467543	3.241853659788991e-23
0.597620831	3.7481432734080005e-23
0.598774119	4.115674734677434e-23
0.599927406	4.3005657072701834e-23
0.601080694	4.672403061827229e-23
0.602233982	5.2124473885234697e-23
0.60338727	5.128771877381456e-23
0.604540557	5.573202432569057e-23
0.605693845	5.581466153055223e-23
0.606847133	5.822992573192973e-23
0.608000421	5.83653951253396e-23
0.609153708	5.980234990312288e-23
0.610306996	6.384509156665431e-23
0.611460284	6.330004627644698e-23
0.612613572	6.511836413344093e-23
0.613766859	6.432892577605843e-23
0.614920147	5.879620730631277e-23
0.616073435	5.900780118890554e-23
0.617226723	6.32079164083012e-23
0.61838001	5.511448728802311e-23
0.619533298	5.527606772977471e-23
0.620686586	5.613508993105624e-23
0.621839874	5.958519726313823e-23
0.622993161	6.124651080817798e-23
0.624146449	6.082647104957286e-23
0.625299737	6.131422418417083e-23
0.626453025	6.760960733387536e-23
0.627606312	6.567336411269438e-23
0.6287596	6.699877004882585e-23
0.629912888	7.177633185042948e-23
0.631066176	8.412025688080142e-23
0.632219463	8.996296543842437e-23
0.633372751	9.073963128537177e-23
0.634526039	1.1116138262453384e-22
0.635679326	1.0226927762737433e-22
0.636832614	1.09603630812829e-22
0.637985902	1.06309125585118e-22
0.63913919	1.2368501573595282e-22
0.640292477	1.3555331085878696e-22
0.641445765	1.3296673990725352e-22
0.642599053	1.5210855189653668e-22
0.643752341	1.3225959086510043e-22
0.644905628	1.645425254904116e-22
0.646058916	1.5462104093754625e-22
0.647212204	1.7524363197748646e-22
0.648365492	1.832984198054881e-22
0.649518779	1.6436435445525654e-22
0.650672067	1.7582369777647582e-22
0.651825355	1.9501890577371802e-22
0.652978643	1.7434261828878183e-22
0.65413193	1.7118545216248575e-22
0.655285218	2.2021702858743354e-22
0.656438506	1.7108777738506484e-22
0.657591794	1.6991796578843038e-22
0.658745081	1.5090532724012072e-22
0.659898369	1.646226226806218e-22
0.661051657	1.4493759360523e-22
0.662204945	1.489005450453553e-22
0.663358232	1.5326135803575498e-22
0.66451152	1.600916470863337e-22
0.665664808	1.3446575461334768e-22
0.666818096	1.351131452261195e-22
0.667971383	1.3626571003017087e-22
0.669124671	1.3561332447355827e-22
0.670277959	1.400862242351148e-22
0.671431246	1.406510047710774e-22
0.672584534	1.3885871091140656e-22
0.673737822	1.5719726624136845e-22
0.67489111	1.3787330875503982e-22
0.676044397	1.5058789847146199e-22
0.677197685	1.5049132969580507e-22
0.678350973	1.4569360513527457e-22
0.679504261	1.4260926599681398e-22
0.680657548	1.5294573693423447e-22
0.681810836	1.4664451751363224e-22
0.682964124	1.39758529455771e-22
0.684117412	1.66659882718899e-22
0.685270699	1.4491913950422726e-22
0.686423987	1.4325426890960746e-22
0.687577275	1.458814279248978e-22
0.688730563	1.5775709894942514e-22
0.68988385	1.4338867367995169e-22
0.691037138	2.0068605548010832e-22
0.692190426	2.2593658380581526e-22
0.693343714	1.8434478847625258e-22
0.694497001	2.6273296104508512e-22
0.695650289	2.2480288613796792e-22
0.696803577	2.2111581762638484e-22
0.697956865	2.458981030231904e-22
0.699110152	2.4798982648500406e-22
0.70026344	2.468196558539818e-22
0.701416728	2.7198316744204643e-22
0.702570016	2.788159948613531e-22
0.703723303	2.1365847275558205e-22
0.704876591	2.708031131518555e-22
0.706029879	2.349625953599646e-22
0.707183166	2.563213640243284e-22
0.708336454	2.092912937005943e-22
0.709489742	2.700827068470991e-22
0.71064303	2.2031119311246723e-22
0.711796317	2.109874508597294e-22
0.712949605	2.6430319062175244e-22
0.714102893	2.6300969906157597e-22
0.715256181	2.508563902200208e-22
0.716409468	2.1974026034713194e-22
0.717562756	2.5361537694331956e-22
0.718716044	2.0364656223750923e-22
0.719869332	1.8900916292267482e-22
0.721022619	2.1333428647734745e-22
0.722175907	2.378806508516647e-22
0.723329195	2.155462849334511e-22
0.724482483	2.6034158370840837e-22
0.72563577	2.1239439891154843e-22
0.726789058	2.48781013740874e-22
0.727942346	3.0394443689390684e-22
0.729095634	2.3890057578272588e-22
0.730248921	2.3183343718183534e-22
0.731402209	2.759731810883461e-22
0.732555497	3.1218572170672377e-22
0.733708785	3.4247579337439986e-22
0.734862072	3.2729021873347424e-22
0.73601536	3.16472966449211e-22
0.737168648	3.521278379749754e-22
0.738321936	3.5451602783295836e-22
0.739475223	3.4042340761125724e-22
0.740628511	4.009956558474907e-22
0.741781799	3.476886100386413e-22
0.742935086	3.821147881007251e-22
0.744088374	3.01388138163258e-22
0.745241662	2.8381038648599673e-22
0.74639495	3.0848849008448814e-22
0.747548237	2.9793382956582145e-22
0.748701525	2.80260584544423e-22
0.749854813	2.8301944916186964e-22
0.751008101	3.0280181819226805e-22
0.752161388	2.9694101761425753e-22
0.753314676	2.8361134488793405e-22
0.754467964	2.925255167053482e-22
0.755621252	3.2437637020453686e-22
0.756774539	2.829214380618718e-22
0.757927827	3.1802390066764693e-22
0.759081115	3.4260041793091965e-22
0.760234403	2.7434245518575563e-22
0.76138769	1.9489302736585005e-22
0.762540978	2.0051837404633625e-22
0.763694266	2.0031223910008932e-22
0.764847554	2.0016396606892686e-22
0.766000841	2.3449906781030736e-22
0.767154129	2.429523391691671e-22
0.768307417	2.6356393445246966e-22
0.769460705	2.745069569517537e-22
0.770613992	2.9953262236454535e-22
0.77176728	2.762128794927881e-22
0.772920568	3.0968159662078067e-22
0.774073856	2.6996288875543928e-22
0.775227143	3.1882381608230493e-22
0.776380431	3.3884669566654527e-22
0.777533719	3.2237530649894222e-22
0.778687006	4.1413352485285253e-22
0.779840294	4.404569383008675e-22
0.780993582	4.437472521001322e-22
0.78214687	4.101926620268941e-22
0.783300157	4.372708469492379e-22
0.784453445	4.820627528284103e-22
0.785606733	4.892245629808417e-22
0.786760021	4.738890960015251e-22
0.787913308	4.784683925694146e-22
0.789066596	5.22677971708629e-22
0.790219884	5.011059796278114e-22
0.791373172	5.269487513192858e-22
0.792526459	4.862925284316856e-22
0.793679747	5.747813798902898e-22
0.794833035	5.304798531218286e-22
0.795986323	4.683115057708527e-22
0.79713961	5.848336109689477e-22
0.798292898	5.622671092947331e-22
0.799446186	6.350337803467239e-22
0.800599474	6.897460795826374e-22
0.801752761	7.333866146494479e-22
0.802906049	7.508892255268746e-22
0.804059337	7.680595454998125e-22
0.805212625	8.60203346791266e-22
0.806365912	9.597169741478695e-22
0.8075192	1.0707722456361285e-21
0.808672488	1.0628010118913515e-21
0.809825776	1.1365329916171238e-21
0.810979063	1.2039048003196228e-21
0.812132351	1.4006066731615377e-21
0.813285639	1.3579192435481856e-21
0.814438926	1.5762993110605204e-21
0.815592214	1.5317990407831272e-21
0.816745502	1.6142094283862697e-21
0.81789879	1.776038326730789e-21
0.819052077	1.9077938806221207e-21
0.820205365	2.145731524382557e-21
0.821358653	2.0752024944166603e-21
0.822511941	1.7534863170545797e-21
0.823665228	1.9339967132197902e-21
0.824818516	1.924314483014305e-21
0.825971804	2.0719219210566676e-21
0.827125092	1.726747447511496e-21
0.828278379	1.9749982276317732e-21
0.829431667	1.966176195247413e-21
0.830584955	1.6619487325261702e-21
0.831738243	1.9526238957579776e-21
0.83289153	1.775687919152463e-21
0.834044818	1.9659656280653112e-21
0.835198106	1.5727012861797135e-21
0.836351394	1.2290583489192182e-21
0.837504681	1.1800406917202126e-21
0.838657969	1.2149763478298552e-21
0.839811257	1.2140334811699462e-21
0.840964545	9.790972343186434e-22
0.842117832	9.83579917048012e-22
0.84327112	1.0512881827989883e-21
0.844424408	9.324945662084818e-22
0.845577696	1.0450328955448592e-21
0.846730983	9.635645419756294e-22
0.847884271	8.807507539892033e-22
0.849037559	1.012561843317778e-21
0.850190847	1.031524639199111e-21
0.851344134	6.793796762220927e-22
0.852497422	7.092587769629379e-22
0.85365071	6.950239109728195e-22
0.854803997	5.942999966370376e-22
0.855957285	5.422095207568515e-22
0.857110573	4.91327592685482e-22
0.858263861	5.219331818600271e-22
0.859417148	4.033227445644316e-22
0.860570436	3.820413926027334e-22
0.861723724	3.8502271736161175e-22
0.862877012	3.7543577916438194e-22
0.864030299	3.9258804362924156e-22
0.865183587	3.971036337818012e-22
0.866336875	4.1835109415855105e-22
0.867490163	4.018477032792937e-22
0.86864345	4.0775255474186102e-22
0.869796738	4.80089004265741e-22
0.870950026	5.539635987216173e-22
0.872103314	5.320201849748745e-22
0.873256601	6.964594329498609e-22
0.874409889	6.73787338539766e-22
0.875563177	6.71577574853457e-22
0.876716465	7.455190417843331e-22
0.877869752	7.423555671022608e-22
0.87902304	7.975154990972233e-22
0.880176328	6.410052281942809e-22
0.881329616	5.353094079502683e-22
0.882482903	5.778620383927833e-22
0.883636191	6.152056349995705e-22
0.884789479	6.579787549580935e-22
0.885942767	5.451723385923426e-22
0.887096054	5.188575945218723e-22
0.888249342	6.53359672107065e-22
0.88940263	5.553247517612789e-22
0.890555917	6.380023318828032e-22
0.891709205	7.228229739093542e-22
0.892862493	7.391199861960922e-22
0.894015781	7.719833093663111e-22
0.895169068	6.804083536767969e-22
0.896322356	6.936830184245471e-22
0.897475644	8.247019657974658e-22
0.898628932	8.398256840557005e-22
0.899782219	1.0103506198466248e-21
0.900935507	9.832790217361063e-22
0.902088795	1.0838656656531622e-21
0.903242083	1.2310746486856692e-21
0.90439537	1.2043193381489264e-21
0.905548658	1.6599831990519872e-21
0.906701946	1.6225949295477899e-21
0.907855234	1.757364813952766e-21
0.909008521	1.8319284841979188e-21
0.910161809	1.4924853388140146e-21
0.911315097	1.807107782851552e-21
0.912468385	1.902988844053976e-21
0.913621672	2.0337066241416563e-21
0.91477496	1.882071210332524e-21
0.915928248	1.7801665038819947e-21
0.917081536	2.0529763214274262e-21
0.918234823	1.7235758431516814e-21
0.919388111	1.8133283327729148e-21
0.920541399	2.377496151658423e-21
0.921694687	1.9210358136401242e-21
0.922847974	1.8463567029004993e-21
0.924001262	1.995313241685572e-21
0.92515455	1.8681919490604044e-21
0.926307837	1.8587449970865495e-21
0.927461125	2.0562528873230577e-21
0.928614413	1.8661378319162577e-21
0.929767701	1.8552167593703396e-21
0.930920988	1.4369006377739957e-21
0.932074276	1.3073928284202577e-21
0.933227564	1.2143857034806297e-21
0.934380852	1.3754970210654881e-21
0.935534139	1.1902528229092024e-21
0.936687427	1.1388740754475361e-21
0.937840715	1.2857475395731244e-21
0.938994003	1.4154372285965733e-21
0.94014729	1.5595475461253038e-21
0.941300578	1.6425340033793997e-21
0.942453866	1.4317280793854268e-21
0.943607154	1.308937132919296e-21
0.944760441	1.3258134793410565e-21
0.945913729	1.3549175732534077e-21
0.947067017	1.4054308393383795e-21
0.948220305	1.5084356862450731e-21
0.949373592	1.5177460544890431e-21
0.95052688	1.7886020905683643e-21
0.951680168	1.9533755019652096e-21
0.952833456	1.9914731025289523e-21
0.953986743	1.788004911402716e-21
0.955140031	1.6747717857968241e-21
0.956293319	1.5809582800008636e-21
0.957446607	1.6366707589922272e-21
0.958599894	1.5792001894781997e-21
0.959753182	1.6136396766441754e-21
0.96090647	1.5544069990934315e-21
0.962059757	1.607474638891655e-21
0.963213045	1.5859800314916698e-21
0.964366333	1.5960608360421351e-21
0.965519621	1.6399888092312098e-21
0.966672908	1.615487867915987e-21
0.967826196	1.4625418182350252e-21
0.968979484	1.5533796775677565e-21
0.970132772	0.
0.971286059	0.
0.972439347	0.
0.973592635	0.
0.974745923	0.
0.97589921	0.
0.977052498	0.
0.978205786	0.
0.979359074	0.
0.980512361	0.
0.981665649	0.
0.982818937	0.
0.983972225	0.
0.985125512	0.
0.9862788	0.
0.987432088	0.
0.988585376	0.
0.989738663	0.
0.990891951	0.
0.992045239	0.
0.993198527	0.
0.994351814	0.
0.995505102	0.
0.99665839	0.
0.997811677	1.5193570285472281e-21
0.998964965	1.346815198737645e-21
1.000118253	1.5129951175133805e-21
1.001271541	1.1544656482375656e-21
1.002424828	1.399537342863255e-21
1.003578116	1.4195618728447602e-21
1.004731404	1.4032458744515477e-21
1.005884692	1.2224407369204311e-21
1.007037979	1.5294984451809218e-21
1.008191267	1.3765973334594214e-21
1.009344555	1.472461889315896e-21
1.010497843	1.5329083236214474e-21
1.01165113	1.7045809920275948e-21
1.012804418	1.575456250013698e-21
1.013957706	1.6030728672086954e-21
1.015110994	1.7436058999669387e-21
1.016264281	1.7486483154669712e-21
1.017417569	1.8122944656949512e-21
1.018570857	1.6435047509324264e-21
1.019724145	1.9241252130495292e-21
1.020877432	1.7033066112451702e-21
1.02203072	1.791757335232144e-21
1.023184008	1.8777995279978352e-21
1.024337296	1.8789763042694787e-21
1.025490583	1.8916618687813618e-21
1.026643871	2.1351972295395485e-21
1.027797159	2.0489580619837662e-21
1.028950447	2.3771958235659307e-21
1.030103734	2.2526489951537028e-21
1.031257022	2.5299193353118316e-21
1.03241031	2.391954709362074e-21
1.033563597	2.8097926976835724e-21
1.034716885	2.6287113120535103e-21
1.035870173	2.5962901911158677e-21
1.037023461	2.9554598368922362e-21
1.038176748	2.9765645486836667e-21
1.039330036	2.903728290145784e-21
1.040483324	3.0661517822908807e-21
1.041636612	3.1659667309060674e-21
1.042789899	3.4932852805228805e-21
1.043943187	3.171208259613376e-21
1.045096475	3.6178811115606926e-21
1.046249763	4.286152197525267e-21
1.04740305	3.602803626552192e-21
1.048556338	4.4115689957875304e-21
1.049709626	3.5746222380986704e-21
1.050862914	3.936022799606364e-21
1.052016201	4.137978307122047e-21
1.053169489	4.375035302031159e-21
1.054322777	4.7975775000534805e-21
1.055476065	4.4263126438420144e-21
1.056629352	4.349887984230699e-21
1.05778264	4.4476632091528945e-21
1.058935928	4.571340229918744e-21
1.060089216	5.450405995282545e-21
1.061242503	4.7225491587985635e-21
1.062395791	4.777090718685439e-21
1.063549079	5.6367639208271306e-21
1.064702367	4.581707557846914e-21
1.065855654	4.904926786818834e-21
1.067008942	5.109561070643506e-21
1.06816223	5.442225530636042e-21
1.069315517	5.9217590885694815e-21
1.070468805	5.494089411252088e-21
1.071622093	5.5824845844291966e-21
1.072775381	5.2033422870210126e-21
1.073928668	6.170408511779352e-21
1.075081956	6.22018791651203e-21
1.076235244	6.622844972531382e-21
1.077388532	6.1374992656813524e-21
1.078541819	6.338663102587105e-21
1.079695107	6.038320959100762e-21
1.080848395	6.574493915961827e-21
1.082001683	5.975803066434412e-21
1.08315497	5.908097833401824e-21
1.084308258	6.028251039586533e-21
1.085461546	5.905483132065458e-21
1.086614834	5.4432361581026155e-21
1.087768121	5.3348450553876925e-21
1.088921409	5.171762857958009e-21
1.090074697	4.672114514816421e-21
1.091227985	4.585030053344109e-21
1.092381272	4.421704633310197e-21
1.09353456	3.983853012457199e-21
1.094687848	3.955910986542129e-21
1.095841136	3.6537331179855574e-21
1.096994423	3.447116441354516e-21
1.098147711	3.1012160788080932e-21
1.099300999	3.0846031547203044e-21
1.100454287	3.020494939804986e-21
1.101607574	2.7115276236034827e-21
1.102760862	2.8624758531580843e-21
1.10391415	2.68686916117827e-21
1.105067438	2.7401863365647157e-21
1.106220725	2.2925935369868376e-21
1.107374013	2.4350169913904187e-21
1.108527301	1.9813725362729384e-21
1.109680588	2.028623413886259e-21
1.110833876	1.6423919110047365e-21
1.111987164	1.5534752906096597e-21
1.113140452	1.6254939357537672e-21
1.114293739	1.5456568323023037e-21
1.115447027	1.2937456782055826e-21
1.116600315	1.2771728046401624e-21
1.117753603	1.2817745336011518e-21
1.11890689	1.10363315743253e-21
1.120060178	1.0343127314183048e-21
1.121213466	9.665849644460476e-22
1.122366754	9.074956054944944e-22
1.123520041	9.270360548295337e-22
1.124673329	8.860275803710333e-22
1.125826617	8.85632077992442e-22
1.126979905	9.18323045899343e-22
1.128133192	8.535694148960332e-22
1.12928648	8.223909758210204e-22
1.130439768	8.261775339449759e-22
1.131593056	8.984963218652429e-22
1.132746343	8.92482405953518e-22
1.133899631	9.72152676434556e-22
1.135052919	1.0068824616082915e-21
1.136206207	9.731852099626208e-22
1.137359494	9.456882591988521e-22
1.138512782	9.47272961907946e-22
1.13966607	9.135079043900918e-22
1.140819358	9.707062550427062e-22
1.141972645	9.250337298674738e-22
1.143125933	9.04826283507029e-22
1.144279221	8.511596067347326e-22
1.145432508	8.233790525983644e-22
1.146585796	7.300105838811232e-22
1.147739084	7.910194331839182e-22
1.148892372	8.048765219863742e-22
1.150045659	7.557156504218399e-22
1.151198947	7.86975679112424e-22
1.152352235	7.184367235926098e-22
1.153505523	7.402431421936788e-22
1.15465881	6.443208616828314e-22
1.155812098	6.216980447470585e-22
1.156965386	6.50755709058021e-22
1.158118674	6.600364625813529e-22
1.159271961	6.143934063933619e-22
1.160425249	6.262983636300175e-22
1.161578537	6.214950793612968e-22
1.162731825	5.898645233578398e-22
1.163885112	6.225821030825406e-22
1.1650384	6.677630578936173e-22
1.166191688	6.6885545196056085e-22
1.167344976	6.662023281449241e-22
1.168498263	7.246872690461538e-22
1.169651551	7.429487205686025e-22
1.170804839	7.515366937679723e-22
1.171958127	7.758345139654375e-22
1.173111414	8.4274841792395105e-22
1.174264702	8.075614919422395e-22
1.17541799	8.88937259572341e-22
1.176571278	9.007683554627565e-22
1.177724565	9.34491029468665e-22
1.178877853	9.348414667885106e-22
1.180031141	9.054863618376666e-22
1.181184428	9.027039830330462e-22
1.182337716	9.966114343396272e-22
1.183491004	9.919553801590247e-22
1.184644292	1.032020667378665e-21
1.185797579	9.990965851330638e-22
1.186950867	1.0233774846180249e-21
1.188104155	1.164933087297551e-21
1.189257443	1.2130203938088896e-21
1.19041073	1.1909641020068304e-21
1.191564018	1.217025725903383e-21
1.192717306	1.1915905102086217e-21
1.193870594	1.3331672684588763e-21
1.195023881	1.2343289379681885e-21
1.196177169	1.280925623996748e-21
1.197330457	1.3649802086077166e-21
1.198483745	1.3873628799612922e-21
1.199637032	1.4565322625377008e-21
1.20079032	1.44960540725621e-21
1.201943608	1.5082424258750161e-21
1.203096896	1.6634485351138608e-21
1.204250183	1.8567092804805562e-21
1.205403471	1.8041905753066935e-21
1.206556759	1.8926965711679172e-21
1.207710047	1.9820135574431654e-21
1.208863334	2.2477940854553197e-21
1.210016622	2.1807338620989715e-21
1.21116991	2.095180731135139e-21
1.212323198	2.0853096973443554e-21
1.213476485	2.167857823923028e-21
1.214629773	2.2981779362598285e-21
1.215783061	2.337405384361463e-21
1.216936348	2.3418344060565276e-21
1.218089636	2.404656262050217e-21
1.219242924	2.5359654192227015e-21
1.220396212	2.4071037388612625e-21
1.221549499	2.4470568450360307e-21
1.222702787	2.4634754711239177e-21
1.223856075	2.4755642112922387e-21
1.225009363	2.500630488098957e-21
1.22616265	2.3436020506651615e-21
1.227315938	2.449095000778187e-21
1.228469226	2.3205090597541076e-21
1.229622514	2.2840239619965003e-21
1.230775801	2.3530287531343898e-21
1.231929089	2.2751877777886637e-21
1.233082377	2.2647295590671462e-21
1.234235665	2.2459153313330802e-21
1.235388952	2.1735901848896013e-21
1.23654224	2.258701052964188e-21
1.237695528	2.1647762842538757e-21
1.238848816	2.262568726784566e-21
1.240002103	2.3019012982583504e-21
1.241155391	2.260769852186947e-21
1.242308679	2.2674484876715384e-21
1.243461967	2.2632959620347253e-21
1.244615254	2.271941144553021e-21
1.245768542	2.4548679291589583e-21
1.24692183	2.476279270216905e-21
1.248075118	2.369325135261682e-21
1.249228405	2.4222647058664465e-21
1.250381693	2.609230079700548e-21
1.251534981	2.553356176569027e-21
1.252688268	2.6727245439163505e-21
1.253841556	2.8630543147881724e-21
1.254994844	2.919879551115102e-21
1.256148132	2.7410174330838965e-21
1.257301419	2.9933036333281473e-21
1.258454707	2.8999617517843227e-21
1.259607995	2.84261859481158e-21
1.260761283	2.761313931077814e-21
1.26191457	2.8865697371623463e-21
1.263067858	2.776167472452625e-21
1.264221146	2.8364839154849242e-21
1.265374434	2.9633301040958163e-21
1.266527721	2.9919641444302445e-21
1.267681009	3.356618930095894e-21
1.268834297	3.2567237484467206e-21
1.269987585	3.247773969168606e-21
1.271140872	3.3177439437796013e-21
1.27229416	3.505087213531285e-21
1.273447448	3.5911180034868905e-21
1.274600736	3.991914443556432e-21
1.275754023	3.9370868943150825e-21
1.276907311	4.023449206183862e-21
1.278060599	4.1933337520258244e-21
1.279213887	4.375579723964229e-21
1.280367174	4.539630932638177e-21
1.281520462	4.7851175213470525e-21
1.28267375	5.39284675213399e-21
1.283827038	4.967929949403486e-21
1.284980325	4.723234308404993e-21
1.286133613	5.088586625014638e-21
1.287286901	5.065880416592205e-21
1.288440188	4.828498549911904e-21
1.289593476	4.878151671701846e-21
1.290746764	4.711900687839417e-21
1.291900052	4.530779492587589e-21
1.293053339	4.6214325056261084e-21
1.294206627	4.432574016313175e-21
1.295359915	4.3031269122679856e-21
1.296513203	4.089417428650942e-21
1.29766649	3.9367685348779574e-21
1.298819778	3.795154337823808e-21
1.299973066	3.42938258740148e-21
1.301126354	3.2102335328335146e-21
1.302279641	3.0059241879464993e-21
1.303432929	2.6993477205152387e-21
1.304586217	2.543352394581033e-21
1.305739505	2.371944540045091e-21
1.306892792	2.252589369537209e-21
1.30804608	2.103248342662e-21
1.309199368	2.0935351496153525e-21
1.310352656	1.916854805670358e-21
1.311505943	1.8921259719613608e-21
1.312659231	1.7941043378984785e-21
1.313812519	1.7107483080583437e-21
1.314965807	1.5863568605642116e-21
1.316119094	1.5377902946077431e-21
1.317272382	1.433642846540158e-21
1.31842567	1.3148837600140547e-21
1.319578958	1.2883483860051707e-21
1.320732245	1.1461226835811987e-21
1.321885533	1.157980990799789e-21
1.323038821	1.0422719285804874e-21
1.324192108	1.0018655449164551e-21
1.325345396	9.747990251418781e-22
1.326498684	9.63483625969166e-22
1.327651972	8.459499800588496e-22
1.328805259	8.150378509264421e-22
1.329958547	7.686117597522095e-22
1.331111835	6.243034037863407e-22
1.332265123	6.962567217851478e-22
1.33341841	5.956906665068925e-22
1.334571698	5.9651314276061675e-22
1.335724986	5.939983292401254e-22
1.336878274	5.603659102844844e-22
1.338031561	5.176409079574768e-22
1.339184849	5.312333485166351e-22
1.340338137	4.707357357228515e-22
1.341491425	3.7464271217850374e-22
1.342644712	3.8081022209773323e-22
1.343798	3.1234748927381124e-22
1.344951288	2.6567093092798123e-22
1.346104576	2.6770284526256416e-22
1.347257863	2.3874636448020036e-22
1.348411151	2.0999028434788367e-22
1.349564439	1.8861804489545138e-22
1.350717727	1.7908735866781332e-22
1.351871014	1.2816778760423784e-22
1.353024302	1.6272722608197872e-22
1.35417759	1.4043105366239275e-22
1.355330878	1.1367962908751886e-22
1.356484165	1.0211323579608037e-22
1.357637453	1.0762051908224777e-22
1.358790741	9.698403135847166e-23
1.359944028	9.33154266757334e-23
1.361097316	1.0753094871796244e-22
1.362250604	1.5492005558676773e-22
1.363403892	2.3499688999810207e-22
1.364557179	3.0104897154416444e-22
1.365710467	4.657087070956366e-22
1.366863755	5.412883787310023e-22
1.368017043	6.745048990770716e-22
1.36917033	7.189747795939929e-22
1.370323618	6.825092439897478e-22
1.371476906	5.948523061818039e-22
1.372630194	4.837771746410184e-22
1.373783481	4.106594844290375e-22
1.374936769	2.5189291073666707e-22
1.376090057	2.436251109204049e-22
1.377243345	1.9796834092365105e-22
1.378396632	1.8893228502964412e-22
1.37954992	1.543510500320708e-22
1.380703208	1.4405738009702745e-22
1.381856496	1.3259455396272534e-22
1.383009783	1.37472011491321e-22
1.384163071	1.6462017777055438e-22
1.385316359	2.4589567392987477e-22
1.386469647	2.2807916596618845e-22
1.387622934	2.158951906271254e-22
1.388776222	2.0881366743620723e-22
1.38992951	2.0186766049041338e-22
1.391082798	1.7019712417262443e-22
1.392236085	1.722022811500714e-22
1.393389373	1.2542777526186892e-22
1.394542661	9.988465345056406e-23
1.395695949	1.081857426581188e-22
1.396849236	1.2167944281681086e-22
1.398002524	1.0234062997575589e-22
1.399155812	1.2369363632403347e-22
1.400309099	1.415740943878988e-22
1.401462387	1.215975188638577e-22
1.402615675	1.116164501853655e-22
1.403768963	1.2853531470512104e-22
1.40492225	1.1063936012398063e-22
1.406075538	1.0458158386394264e-22
1.407228826	1.1758699186223641e-22
1.408382114	1.1738700452984609e-22
1.409535401	1.2505560272984178e-22
1.410688689	1.4772315695064593e-22
1.411841977	1.8542763521364386e-22
1.412995265	1.8406931250205574e-22
1.414148552	1.7706146963519134e-22
1.41530184	1.7161789810062537e-22
1.416455128	1.7626802850785442e-22
1.417608416	1.7376424462683382e-22
1.418761703	1.9025701273127623e-22
1.419914991	1.8287917340001387e-22
1.421068279	1.9120919896140122e-22
1.422221567	2.21158730624285e-22
1.423374854	2.2716277180945985e-22
1.424528142	2.4383757779764196e-22
1.42568143	2.3203920301983615e-22
1.426834718	2.0541281758082315e-22
1.427988005	2.0060637853580846e-22
1.429141293	1.7267228168380557e-22
1.430294581	2.2136106217341283e-22
1.431447869	2.139801936223246e-22
1.432601156	2.322485355670189e-22
1.433754444	2.3324776352796727e-22
1.434907732	1.960523958011104e-22
1.436061019	2.1160476259798608e-22
1.437214307	2.5034741025703723e-22
1.438367595	2.1626749989270526e-22
1.439520883	2.8952406972215997e-22
1.44067417	3.016718826211885e-22
1.441827458	2.5644913314342154e-22
1.442980746	2.6896599991120203e-22
1.444134034	2.7616122040053815e-22
1.445287321	2.94364645113172e-22
1.446440609	3.238758654875821e-22
1.447593897	2.9909873779041686e-22
1.448747185	3.4801315391958855e-22
1.449900472	3.488138243177824e-22
1.45105376	3.471419676477276e-22
1.452207048	3.8126667371070443e-22
1.453360336	3.6725974536153695e-22
1.454513623	4.027776768213845e-22
1.455666911	3.63082215898271e-22
1.456820199	4.15768815763809e-22
1.457973487	3.825490739305844e-22
1.459126774	4.0323849458985093e-22
1.460280062	3.437243474523446e-22
1.46143335	3.894444317168429e-22
1.462586638	4.058820642702117e-22
1.463739925	4.287817393772704e-22
1.464893213	3.7530902474936405e-22
1.466046501	3.5768890093469546e-22
1.467199789	3.182619708360396e-22
1.468353076	3.2369378306269727e-22
1.469506364	3.3439019901332245e-22
1.470659652	3.41949140397296e-22
1.471812939	3.27859148034855e-22
1.472966227	3.4776618661637543e-22
1.474119515	3.862879621409031e-22
1.475272803	4.1511567453715196e-22
1.47642609	4.140396431305696e-22
1.477579378	4.38240500517259e-22
1.478732666	3.8778083725997847e-22
1.479885954	4.506008674971824e-22
1.481039241	4.435323140576762e-22
1.482192529	4.700547381991609e-22
1.483345817	4.749655708462806e-22
1.484499105	5.036379296564253e-22
1.485652392	4.466370914656655e-22
1.48680568	4.785104052729781e-22
1.487958968	5.405434404675206e-22
1.489112256	6.634818031415929e-22
1.490265543	5.988211441509872e-22
1.491418831	5.990719588240126e-22
1.492572119	6.635468875236456e-22
1.493725407	6.159400918360483e-22
1.494878694	6.47315278626951e-22
1.496031982	6.6163160626400795e-22
1.49718527	6.859698397635606e-22
1.498338558	6.741733837376462e-22
1.499491845	6.878519810569416e-22
1.500645133	5.997339565489198e-22
1.501798421	6.167113608059263e-22
1.502951709	6.38106530227066e-22
1.504104996	6.839699312006907e-22
1.505258284	6.888604650050863e-22
1.506411572	6.794689356348191e-22
1.507564859	6.454396177213429e-22
1.508718147	6.880926164198329e-22
1.509871435	5.98138532377656e-22
1.511024723	7.442421652352079e-22
1.51217801	7.277097453036384e-22
1.513331298	7.052035808610851e-22
1.514484586	7.159951458608553e-22
1.515637874	8.623849334480172e-22
1.516791161	7.358616716801975e-22
1.517944449	7.444049649290803e-22
1.519097737	8.419461381555785e-22
1.520251025	7.772883654639698e-22
1.521404312	8.901076776737659e-22
1.5225576	8.104296296446581e-22
1.523710888	7.852446437953305e-22
1.524864176	8.722707104391227e-22
1.526017463	8.775652333889613e-22
1.527170751	8.649527844479487e-22
1.528324039	9.273076784896546e-22
1.529477327	9.064134429314795e-22
1.530630614	1.0024320521036056e-21
1.531783902	9.922786130440518e-22
1.53293719	9.973658839853295e-22
1.534090478	1.0669300187861966e-21
1.535243765	1.1231297798052986e-21
1.536397053	1.041763529061336e-21
1.537550341	1.0758598471738338e-21
1.538703629	1.1673093658671918e-21
1.539856916	1.2058838755839677e-21
1.541010204	1.1640257519253224e-21
1.542163492	1.1871880124905325e-21
1.543316779	1.2510259967815343e-21
1.544470067	1.1896430120705578e-21
1.545623355	1.2456434984985312e-21
1.546776643	1.0972051378477889e-21
1.54792993	1.1175155460370522e-21
1.549083218	1.2674311927836301e-21
1.550236506	1.2856416084205643e-21
1.551389794	1.2576968816223815e-21
1.552543081	1.2032363942624363e-21
1.553696369	1.1636111200751737e-21
1.554849657	1.2990238122167692e-21
1.556002945	1.2682744170643965e-21
1.557156232	1.2410847044076763e-21
1.55830952	1.2831358016649185e-21
1.559462808	1.375926404480582e-21
1.560616096	1.2969986641077885e-21
1.561769383	1.2106613147725073e-21
1.562922671	1.1965553911370453e-21
1.564075959	1.154285903792702e-21
1.565229247	1.2185789950984763e-21
1.566382534	1.2858139427063786e-21
1.567535822	1.1309543498850963e-21
1.56868911	1.1699717579451863e-21
1.569842398	1.2064202148241336e-21
1.570995685	1.1623757157798199e-21
1.572148973	1.2262439657728715e-21
1.573302261	1.322329705342595e-21
1.574455549	1.43418965622938e-21
1.575608836	1.5760666287131727e-21
1.576762124	1.5295002441786488e-21
1.577915412	1.6369855114561886e-21
1.579068699	1.6214430714458535e-21
1.580221987	1.6108730263922793e-21
1.581375275	1.7752357859679827e-21
1.582528563	1.7582248216941985e-21
1.58368185	1.8427968699419214e-21
1.584835138	1.7446587302344792e-21
1.585988426	1.6994926850238192e-21
1.587141714	1.788412215486794e-21
1.588295001	1.720137132671358e-21
1.589448289	1.8305827521205243e-21
1.590601577	1.9112376537871073e-21
1.591754865	1.889623296747384e-21
1.592908152	1.769853122214474e-21
1.59406144	1.7099788383708165e-21
1.595214728	1.7401922346795194e-21
1.596368016	1.8104565183437793e-21
1.597521303	1.6914135127453535e-21
1.598674591	1.637684399693798e-21
1.599827879	1.5787005636086852e-21
1.600981167	1.6394080455422953e-21
1.602134454	1.5697490134444795e-21
1.603287742	1.4910284748061442e-21
1.60444103	1.4466111013566215e-21
1.605594318	1.3985115476394214e-21
1.606747605	1.3325809714415852e-21
1.607900893	1.25409335266349e-21
1.609054181	1.2059496794701724e-21
1.610207469	1.2047368956469226e-21
1.611360756	1.1254398366386954e-21
1.612514044	1.1487500113116762e-21
1.613667332	1.1114836004241683e-21
1.614820619	1.0284619394725954e-21
1.615973907	1.046470374587502e-21
1.617127195	1.0342808359114911e-21
1.618280483	9.726538493662626e-22
1.61943377	9.20894550034217e-22
1.620587058	8.705647770629582e-22
1.621740346	8.116003242477934e-22
1.622893634	7.44115346811407e-22
1.624046921	7.450315362094009e-22
1.625200209	7.41446931673813e-22
1.626353497	6.860020601939157e-22
1.627506785	6.642759628268873e-22
1.628660072	5.938978078791172e-22
1.62981336	5.703421156341301e-22
1.630966648	5.5760215857519365e-22
1.632119936	5.331914890220202e-22
1.633273223	5.169024731974071e-22
1.634426511	4.936689609586852e-22
1.635579799	4.8211848424713365e-22
1.636733087	4.699434944349532e-22
1.637886374	4.636898145868101e-22
1.639039662	4.620623086049406e-22
1.64019295	4.554689119652534e-22
1.641346238	4.548502007370038e-22
1.642499525	4.761512903939877e-22
1.643652813	4.602185486802763e-22
1.644806101	4.461886560810683e-22
1.645959389	4.470062762180999e-22
1.647112676	4.16047543077661e-22
1.648265964	4.1112995510509374e-22
1.649419252	3.8535911308081958e-22
1.65057254	3.6568972480584418e-22
1.651725827	3.5528265727819685e-22
1.652879115	3.5252571754788324e-22
1.654032403	3.566195729442806e-22
1.65518569	3.4911300294932058e-22
1.656338978	3.5968705855328193e-22
1.657492266	3.8351954736685347e-22
1.658645554	3.953257811627964e-22
1.659798841	4.041915249943005e-22
1.660952129	4.027549883086676e-22
1.662105417	3.918577904373208e-22
1.663258705	3.90970503579715e-22
1.664411992	3.812857094154646e-22
1.66556528	3.8669522316758206e-22
1.666718568	3.79449129590627e-22
1.667871856	3.678420223185529e-22
1.669025143	3.664329109329928e-22
1.670178431	3.50559076085778e-22
1.671331719	3.6092865690790653e-22
1.672485007	3.906009284962229e-22
1.673638294	3.7915262714214066e-22
1.674791582	3.7602144546941723e-22
1.67594487	3.8401239617241488e-22
1.677098158	3.8796464387421344e-22
1.678251445	3.8484475278143037e-22
1.679404733	3.950793065846885e-22
1.680558021	4.1861713061054794e-22
1.681711309	4.1802256333664114e-22
1.682864596	4.236935426636211e-22
1.684017884	4.263545370419249e-22
1.685171172	4.221409589950897e-22
1.68632446	4.312881620713455e-22
1.687477747	4.0576888403527267e-22
1.688631035	3.9543488994835824e-22
1.689784323	3.7699039818001233e-22
1.69093761	3.6673484436684506e-22
1.692090898	3.5410370550359426e-22
1.693244186	3.500196890396457e-22
1.694397474	3.034148010081213e-22
1.695550761	3.0549689514629765e-22
1.696704049	2.890768995217312e-22
1.697857337	2.7721041553916355e-22
1.699010625	2.685296595924845e-22
1.700163912	2.577352555054607e-22
1.7013172	2.4865599381186025e-22
1.702470488	2.2129023364809217e-22
1.703623776	2.1087191376783745e-22
1.704777063	2.01503032346073e-22
1.705930351	1.972011048529054e-22
1.707083639	1.9869701128612595e-22
1.708236927	2.0452636963842474e-22
1.709390214	1.8274279963263488e-22
1.710543502	1.8857989113479681e-22
1.71169679	2.143961706939939e-22
1.712850078	2.0253963185559926e-22
1.714003365	1.9855434416176498e-22
1.715156653	1.6928185200611786e-22
1.716309941	1.5054466097632233e-22
1.717463229	1.4522506674468622e-22
1.718616516	1.4173069972866577e-22
1.719769804	1.5213345792852389e-22
1.720923092	1.5688976903186317e-22
1.72207638	1.6731495717514832e-22
1.723229667	1.8522678071709062e-22
1.724382955	1.8814781978717878e-22
1.725536243	1.792217144803206e-22
1.72668953	1.977637356292282e-22
1.727842818	1.8736089343027044e-22
1.728996106	1.4888595354033778e-22
1.730149394	1.7361346550026967e-22
1.731302681	1.5784269080875325e-22
1.732455969	1.7034434564167333e-22
1.733609257	1.6573281841732235e-22
1.734762545	1.9636707554747748e-22
1.735915832	1.9186117181320904e-22
1.73706912	2.0856697442287732e-22
1.738222408	2.3460881637288323e-22
1.739375696	2.2699017104206223e-22
1.740528983	2.2175610747389897e-22
1.741682271	2.638808130089394e-22
1.742835559	2.3629886139736995e-22
1.743988847	2.5517328677081067e-22
1.745142134	2.503198018583393e-22
1.746295422	2.4359708295684733e-22
1.74744871	2.3431151765515473e-22
1.748601998	2.3098938787877034e-22
1.749755285	2.264410205788508e-22
1.750908573	2.214716555457699e-22
1.752061861	2.2918925576475156e-22
1.753215149	2.264269131302111e-22
1.754368436	2.268464619150894e-22
1.755521724	2.0352426903685737e-22
1.756675012	2.3170542703383086e-22
1.7578283	1.8710862086507433e-22
1.758981587	2.086540766087986e-22
1.760134875	1.7203362829614111e-22
1.761288163	1.890663418675583e-22
1.76244145	1.750737628887883e-22
1.763594738	1.7350516159518905e-22
1.764748026	1.714941190559145e-22
1.765901314	1.5336844776184106e-22
1.767054601	1.6773100262858503e-22
1.768207889	1.717653857802149e-22
1.769361177	1.7333555951960153e-22
1.770514465	1.400893409392514e-22
1.771667752	1.5058278223211368e-22
1.77282104	1.3302801442279287e-22
1.773974328	1.2940407647292637e-22
1.775127616	1.3383851451936449e-22
1.776280903	1.161757422504853e-22
1.777434191	9.595355433680865e-23
1.778587479	1.244583865516943e-22
1.779740767	1.190694781389624e-22
1.780894054	1.2402836879995015e-22
1.782047342	1.2087579917948997e-22
1.78320063	1.265519864275206e-22
1.784353918	1.4599196325702186e-22
1.785507205	1.3279937065952614e-22
1.786660493	1.246815276901401e-22
1.787813781	1.2519947735721483e-22
1.788967069	1.393546205002729e-22
1.790120356	1.3010713615531642e-22
1.791273644	1.2163889381605205e-22
1.792426932	1.1310953635776657e-22
1.79358022	1.3671089260534539e-22
1.794733507	1.3098323493269731e-22
1.795886795	1.4967822223106165e-22
1.797040083	1.5075248757154085e-22
1.79819337	1.3937539860482478e-22
1.799346658	1.8972917783804406e-22
1.800499946	1.6622195950602468e-22
1.801653234	1.8900733713654687e-22
1.802806521	2.2332197083264343e-22
1.803959809	2.430470512365111e-22
1.805113097	2.8026000437313886e-22
1.806266385	3.1864331716376283e-22
1.807419672	3.4758985729157126e-22
1.80857296	3.53890955346815e-22
1.809726248	3.892442641441739e-22
1.810879536	4.346949338388737e-22
1.812032823	4.495017810023909e-22
1.813186111	5.396976131828479e-22
1.814339399	5.428978179975173e-22
1.815492687	6.591111920060151e-22
1.816645974	7.3612295222566495e-22
1.817799262	7.701740481846597e-22
1.81895255	8.835994592024123e-22
1.820105838	8.887595039001959e-22
1.821259125	8.961972555593744e-22
1.822412413	8.784494186409622e-22
1.823565701	9.227359816654447e-22
1.824718989	9.22643543085562e-22
1.825872276	8.711002495357765e-22
1.827025564	8.311802273782626e-22
1.828178852	8.302456576741649e-22
1.82933214	6.961420713821919e-22
1.830485427	8.8492546944352e-22
1.831638715	9.13237707518769e-22
1.832792003	8.099171955565013e-22
1.83394529	0.
1.835098578	0.
1.836251866	0.
1.837405154	0.
1.838558441	0.
1.839711729	0.
1.840865017	0.
1.842018305	0.
1.843171592	0.
1.84432488	0.
1.845478168	0.
1.846631456	0.
1.847784743	0.
1.848938031	0.
1.850091319	0.
1.851244607	0.
1.852397894	0.
1.853551182	0.
1.85470447	0.
1.855857758	0.
1.857011045	0.
1.858164333	0.
1.859317621	0.
1.860470909	0.
1.861624196	0.
1.862777484	0.
1.863930772	0.
1.86508406	0.
1.866237347	0.
1.867390635	0.
1.868543923	0.
1.86969721	0.
1.870850498	0.
1.872003786	-6.676058364534087e-23
1.873157074	-5.651684719047348e-23
1.874310361	-7.262863343436288e-23
1.875463649	-2.2092194298540333e-22
1.876616937	2.317041877227378e-22
1.877770225	2.5137318737904e-22
1.878923512	4.1168117282772206e-22
1.8800768	4.854541065692118e-22
1.881230088	1.3931421018119263e-21
1.882383376	-1.2812391807921534e-21
1.883536663	-1.3334176948566976e-22
1.884689951	6.289528049598161e-23
1.885843239	1.9899873370168798e-22
1.886996527	3.638192169996648e-22
1.888149814	3.891870579072896e-23
1.889303102	1.4095874038987006e-19
1.89045639	-3.360527653990068e-20
1.891609678	-2.4589720543591773e-21
1.892762965	-1.8166305117669267e-21
1.893916253	-8.525650137830657e-21
1.895069541	4.2221601525485636e-22
1.896222829	6.215861844721338e-23
1.897376116	-5.328200218559731e-24
1.898529404	-1.4316015063109688e-23
1.899682692	-1.9669994064526967e-23
1.90083598	-1.0852122079353788e-22
1.901989267	5.406895406453698e-23
1.903142555	-1.2333191464923112e-22
1.904295843	-2.983115165200833e-22
1.905449131	-4.269742022501563e-22
1.906602418	-3.8326694167131544e-22
1.907755706	-5.849538870527855e-22
1.908908994	1.0411938534491938e-21
1.910062281	1.8126936708842885e-22
1.911215569	1.0778149579476053e-22
1.912368857	7.155526053693445e-23
1.913522145	6.345964701786716e-23
1.914675432	4.3120588798457065e-23
1.91582872	3.441282876944235e-23
1.916982008	2.3427438499534133e-23
1.918135296	1.7483094029131785e-22
1.919288583	3.4102209876464597e-22
1.920441871	2.154349114335984e-22
1.921595159	9.163619226681578e-23
1.922748447	4.4461419320270986e-23
1.923901734	1.8842788296134e-23
1.925055022	-9.978060565156539e-24
1.92620831	-6.906572773794831e-23
1.927361598	-2.2151207725291267e-22
1.928514885	1.499208441594844e-22
1.929668173	9.594939541902317e-23
1.930821461	8.49414006959532e-23
1.931974749	8.062218049249745e-23
1.933128036	9.06842902650235e-23
1.934281324	8.270789369455856e-23
1.935434612	9.525076452155689e-23
1.9365879	7.063105115539074e-23
1.937741187	4.539170396418782e-23
1.938894475	1.4638938496578843e-23
1.940047763	-4.358169940526271e-24
1.941201051	1.1664993949626894e-23
1.942354338	3.852337401044718e-23
1.943507626	5.242128216207147e-23
1.944660914	5.81381083746841e-23
1.945814201	6.566417229026202e-23
1.946967489	7.502073804670176e-23
1.948120777	6.073624461779046e-23
1.949274065	6.079126423221742e-23
1.950427352	4.1416960401774343e-23
1.95158064	2.976774449388494e-23
1.952733928	2.7096038931501433e-23
1.953887216	3.679695396609666e-23
1.955040503	4.4362611818506153e-23
1.956193791	5.639053213827429e-23
1.957347079	6.629480231535319e-23
1.958500367	6.578419325382079e-23
1.959653654	4.2465893465772973e-23
1.960806942	1.5639063699964693e-23
1.96196023	2.8299347905622333e-24
1.963113518	3.0253293139842115e-24
1.964266805	1.46656290367029e-23
1.965420093	2.4921893163006416e-23
1.966573381	3.336978136503254e-23
1.967726669	4.6830867922779156e-23
1.968879956	4.8227464171409603e-23
1.970033244	4.729673535257441e-23
1.971186532	3.5423986960983385e-23
1.97233982	2.5480281396130826e-23
1.973493107	2.9806027505101904e-23
1.974646395	5.377168795702544e-23
1.975799683	7.714188364686308e-23
1.976952971	7.670865476621887e-23
1.978106258	7.558080904003802e-23
1.979259546	6.91095728139467e-23
1.980412834	4.9568273177260607e-23
1.981566121	3.6589163890556884e-23
1.982719409	3.195390141316404e-23
1.983872697	4.110654547066223e-23
1.985025985	7.259324497942837e-23
1.986179272	9.399811814723151e-23
1.98733256	9.129379115302483e-23
1.988485848	7.582001021280735e-23
1.989639136	6.395950355966474e-23
1.990792423	5.934892226290929e-23
1.991945711	4.6561274749620376e-23
1.993098999	3.9985448584902035e-23
1.994252287	3.8431331872886397e-23
1.995405574	3.99313512114174e-23
1.996558862	3.334090385080392e-23
1.99771215	2.5282099122995558e-23
1.998865438	1.5592642464468614e-23
2.000018725	1.2261424514345642e-23
2.001172013	9.808687779219048e-24
2.002325301	8.480795648136939e-24
2.003478589	1.4357970512686954e-23
2.004631876	2.777165150127548e-23
2.005785164	5.0240806330589323e-23
2.006938452	6.307835871815502e-23
2.00809174	6.147767730880511e-23
2.009245027	5.949695818258165e-23
2.010398315	7.134370977469662e-23
2.011551603	8.638002531671231e-23
2.012704891	9.928598490526656e-23
2.013858178	1.0131680577388981e-22
2.015011466	1.1744029317439208e-22
2.016164754	1.0611757483739018e-22
2.017318041	5.594928399221585e-23
2.018471329	4.215284513217759e-23
2.019624617	6.313029959219907e-23
2.020777905	6.87721598516015e-23
2.021931192	9.399038698567963e-23
2.02308448	8.738862767473312e-23
2.024237768	9.364793208161873e-23
2.025391056	8.611765356136337e-23
2.026544343	8.725127744326024e-23
2.027697631	9.364634208673423e-23
2.028850919	1.0213822020513259e-22
2.030004207	9.678810402490228e-23
2.031157494	9.803746427450195e-23
2.032310782	7.524022811017216e-23
2.03346407	6.476580951322447e-23
2.034617358	6.794026578214502e-23
2.035770645	5.71100861553995e-23
2.036923933	6.531319213680981e-23
2.038077221	6.579426671914798e-23
2.039230509	6.612887693486167e-23
2.040383796	6.260499442490084e-23
2.041537084	6.288106856950098e-23
2.042690372	6.678938681067612e-23
2.04384366	5.897453597506186e-23
2.044996947	5.0882640938955164e-23
2.046150235	5.2259315708571787e-23
2.047303523	5.712457294153231e-23
2.048456811	6.215081322891141e-23
2.049610098	7.755991686418132e-23
2.050763386	7.514668836364419e-23
2.051916674	7.471052661638104e-23
2.053069961	5.883262612812442e-23
2.054223249	5.381358408739447e-23
2.055376537	4.9979015629765917e-23
2.056529825	5.31690194853453e-23
2.057683112	5.911242379017053e-23
2.0588364	5.849258454759801e-23
2.059989688	5.710625715103618e-23
2.061142976	5.218831607322151e-23
2.062296263	5.335413277102533e-23
2.063449551	5.258897570353929e-23
2.064602839	4.752620244863649e-23
2.065756127	5.017969781648513e-23
2.066909414	4.554387031518222e-23
2.068062702	4.291958649119808e-23
2.06921599	4.43700232301444e-23
2.070369278	4.858131866193111e-23
2.071522565	4.503126720442673e-23
2.072675853	5.409721656521493e-23
2.073829141	5.642481202466192e-23
2.074982429	7.339672832108207e-23
2.076135716	8.505730086894408e-23
2.077289004	8.535910986124996e-23
2.078442292	8.53546998387936e-23
2.07959558	7.252573096615316e-23
2.080748867	6.868480040998774e-23
2.081902155	5.454223312231474e-23
2.083055443	4.8535527135750426e-23
2.084208731	4.736287276866317e-23
2.085362018	5.398140812328336e-23
2.086515306	5.702564391282824e-23
2.087668594	6.512989866210922e-23
2.088821881	6.839980792284476e-23
2.089975169	6.315558787066517e-23
2.091128457	5.428047104251835e-23
2.092281745	5.861321195104362e-23
2.093435032	7.721003700954925e-23
2.09458832	1.0206417506185331e-22
2.095741608	1.2056155831210138e-22
2.096894896	1.0335873573148627e-22
2.098048183	8.381328431862982e-23
2.099201471	6.197078402796825e-23
2.100354759	4.5486484776425284e-23
2.101508047	3.555059337271912e-23
2.102661334	3.452058884793712e-23
2.103814622	4.259071705787262e-23
2.10496791	5.104356230956027e-23
2.106121198	5.559265807715534e-23
2.107274485	5.602741837250365e-23
2.108427773	5.2234498465470677e-23
2.109581061	4.7080438211358104e-23
2.110734349	4.709944849223622e-23
2.111887636	3.886479216718091e-23
2.113040924	3.6064115467910456e-23
2.114194212	3.661574430911808e-23
2.1153475	3.827114824505818e-23
2.116500787	3.9475316386009996e-23
2.117654075	3.814126802426718e-23
2.118807363	3.608979394148447e-23
2.119960651	3.675863562177544e-23
2.121113938	3.427149274115903e-23
2.122267226	3.612151690330388e-23
2.123420514	3.5399592440687455e-23
2.124573801	3.5396714186395026e-23
2.125727089	3.367979248345666e-23
2.126880377	3.5533449674305625e-23
2.128033665	3.6017402452154117e-23
2.129186952	4.407805456359768e-23
2.13034024	5.54326133331304e-23
2.131493528	7.282257367696067e-23
2.132646816	8.666549029441714e-23
2.133800103	8.784860492631291e-23
2.134953391	7.73411462365891e-23
2.136106679	5.882561290578179e-23
2.137259967	4.2438933352731455e-23
2.138413254	3.0971406786433824e-23
2.139566542	3.3238197592528105e-23
2.14071983	3.7724817794596604e-23
2.141873118	4.0332928542047174e-23
2.143026405	4.1989386426196804e-23
2.144179693	4.0874239183490105e-23
2.145332981	3.3437836590181456e-23
2.146486269	2.8814134608691486e-23
2.147639556	2.3391097859637788e-23
2.148792844	2.0687593737945795e-23
2.149946132	1.9430380112370068e-23
2.15109942	1.8618832446654186e-23
2.152252707	1.8778048721049673e-23
2.153405995	1.9912719659501655e-23
2.154559283	2.067611621431958e-23
2.155712571	2.1421640076707265e-23
2.156865858	2.0527451418549768e-23
2.158019146	1.9091402667463947e-23
2.159172434	1.833183757571174e-23
2.160325722	1.7116271668354187e-23
2.161479009	1.59151739569838e-23
2.162632297	1.5482384517601393e-23
2.163785585	1.481555391948624e-23
2.164938872	1.3660522788871713e-23
2.16609216	1.1720821211791899e-23
2.167245448	9.54425570964694e-24
2.168398736	1.0335446587368256e-23
2.169552023	1.7140308822431243e-23
2.170705311	2.988258312566247e-23
2.171858599	4.662850631931153e-23
2.173011887	6.173457012807286e-23
2.174165174	6.262010799403899e-23
2.175318462	4.708649904019496e-23
2.17647175	2.8909296103089836e-23
2.177625038	1.64078597139624e-23
2.178778325	1.0926790471243512e-23
2.179931613	1.0441642417664311e-23
2.181084901	1.360478818854572e-23
2.182238189	1.7833997914299427e-23
2.183391476	1.687677065908742e-23
2.184544764	1.8414151997160262e-23
2.185698052	1.8764566204316445e-23
2.18685134	2.2514070471357424e-23
2.188004627	2.889447586301068e-23
2.189157915	3.011441016619633e-23
2.190311203	2.835187347125543e-23
2.191464491	2.5039211565733612e-23
2.192617778	2.3186539257290518e-23
2.193771066	2.0124316843934495e-23
2.194924354	2.03953813239949e-23
2.196077642	2.098968972723986e-23
2.197230929	2.3409863571319174e-23
2.198384217	2.3017143809881033e-23
2.199537505	2.264328268235478e-23
2.200690792	1.9329046775170267e-23
2.20184408	1.9163607921346207e-23
2.202997368	2.086657994329706e-23
2.204150656	2.4306507472018046e-23
2.205303943	2.746458589783836e-23
2.206457231	2.6558011637375054e-23
2.207610519	2.6188621966794047e-23
2.208763807	2.590424647645671e-23
2.209917094	3.277479795354603e-23
2.211070382	3.8345571467645016e-23
2.21222367	4.2063277082288643e-23
2.213376958	4.624038608765168e-23
2.214530245	4.972171923724924e-23
2.215683533	4.9066839557083285e-23
2.216836821	5.354186714897673e-23
2.217990109	4.999425586676901e-23
2.219143396	4.270483300054946e-23
2.220296684	3.3616111193309066e-23
2.221449972	3.185224067811978e-23
2.22260326	2.948855425163445e-23
2.223756547	2.607413731820514e-23
2.224909835	2.1441362924092426e-23
2.226063123	1.779102681527588e-23
2.227216411	1.7862038650138863e-23
2.228369698	2.4612662423407055e-23
2.229522986	3.636012209844584e-23
2.230676274	5.215891198368176e-23
2.231829562	6.029706696487747e-23
2.232982849	5.949203219230322e-23
2.234136137	4.6242172641027465e-23
2.235289425	3.024626962330135e-23
2.236442712	1.607171773627042e-23
2.237596	6.988395507794049e-24
2.238749288	4.937700348431731e-24
2.239902576	1.1883003276355263e-23
2.241055863	2.771792508692855e-23
2.242209151	5.058962914286197e-23
2.243362439	6.265928978464792e-23
2.244515727	6.220622904007949e-23
2.245669014	4.33883627525756e-23
2.246822302	2.750275999710839e-23
2.24797559	1.2342539642033984e-23
2.249128878	1.572899252217514e-24
2.250282165	2.0932232857207848e-24
2.251435453	2.4364836100809853e-23
2.252588741	7.580812897085165e-23
2.253742029	1.443788405866658e-22
2.254895316	1.8749994289891033e-22
2.256048604	2.0242623254907214e-22
2.257201892	1.4104520915282239e-22
2.25835518	7.053731802199051e-23
2.259508467	2.4240468442262613e-23
2.260661755	-2.503672533937978e-24
2.261815043	-9.047955388869226e-24
2.262968331	-2.900224703336343e-24
2.264121618	6.483924791852249e-24
2.265274906	8.621524345367474e-24
2.266428194	5.7331303870101146e-24
2.267581482	3.356168232536991e-24
2.268734769	2.1711838685145314e-24
2.269888057	1.63883444868968e-24
2.271041345	1.6918131649082543e-24
2.272194632	2.5252856867589e-24
2.27334792	5.811282205850169e-24
2.274501208	1.1523197393719128e-23
2.275654496	1.6599209349110878e-23
2.276807783	1.8854570949373558e-23
2.277961071	1.8552609749026977e-23
2.279114359	1.7713401676979685e-23
2.280267647	1.6925527924891998e-23
2.281420934	1.6283519155065508e-23
2.282574222	1.469842404962676e-23
2.28372751	1.3158242726468621e-23
2.284880798	1.6978291515822978e-23
2.286034085	2.210871561073298e-23
2.287187373	2.6394958179384828e-23
2.288340661	2.4870639906340278e-23
2.289493949	1.855099175146913e-23
2.290647236	8.941344785724278e-24
2.291800524	3.447497673325603e-24
2.292953812	1.081226231844267e-24
2.2941071	1.3714448356073711e-25
2.295260387	-1.9032064360109904e-25
2.296413675	-2.532376692867782e-25
2.297566963	-2.7054910791536207e-25
2.298720251	-1.9712330311315588e-25
2.299873538	-2.823533366557602e-25
2.301026826	-4.921151603042914e-25
2.302180114	-3.781303011245123e-25
2.303333402	2.185080115426207e-25
2.304486689	1.8356684058791105e-25
2.305639977	-1.2243134110225868e-24
2.306793265	-3.314519854577464e-24
2.307946552	-5.3855558783125415e-24
2.30909984	-3.360524132021658e-24
2.310253128	1.0299047842551245e-23
2.311406416	4.5600123153507063e-23
2.312559703	8.089416666875431e-23
2.313712991	9.275711532523664e-23
2.314866279	8.918541540353374e-23
2.316019567	6.528109759146235e-23
2.317172854	3.870442249155916e-23
2.318326142	1.8962576120289246e-23
2.31947943	7.301735855391962e-24
2.320632718	1.1941898839099667e-23
2.321786005	2.2068289827746763e-23
2.322939293	2.485428959284202e-23
2.324092581	2.2479477896939923e-23
2.325245869	1.9089243410634513e-23
2.326399156	1.29851731128715e-23
2.327552444	6.4285098471388384e-24
2.328705732	3.2757863771485956e-24
2.32985902	2.8856428291492308e-24
2.331012307	3.620536337066177e-24
2.332165595	3.496280739908909e-24
2.333318883	3.415379857478203e-24
2.334472171	2.9220305762655275e-24
2.335625458	3.363234894370208e-24
2.336778746	3.019189651034813e-24
2.337932034	4.681806855460265e-24
2.339085322	6.066349814427168e-24
2.340238609	7.572011025997463e-24
2.341391897	7.853856357418749e-24
2.342545185	7.444127204207617e-24
2.343698472	6.184298571466878e-24
2.34485176	6.034222805399305e-24
2.346005048	6.193166924812975e-24
2.347158336	6.2224201180390706e-24
2.348311623	6.102659903045023e-24
2.349464911	5.85319214614019e-24
2.350618199	6.289228983433734e-24
2.351771487	6.248095812434399e-24
2.352924774	7.037149181571884e-24
2.354078062	7.466881858117525e-24
2.35523135	6.883789690796072e-24
2.356384638	4.821067233459995e-24
2.357537925	4.988190254238022e-24
2.358691213	4.3685318780651925e-24
2.359844501	4.486755661166312e-24
2.360997789	5.0003947722094064e-24
2.362151076	5.3131333685837885e-24
2.363304364	6.550405809882147e-24
2.364457652	6.940924774035716e-24
2.36561094	8.656529916337427e-24
2.366764227	8.204560681217707e-24
2.367917515	8.55136712347764e-24
2.369070803	8.508721374792309e-24
2.370224091	8.363136134077485e-24
2.371377378	8.603205086926187e-24
2.372530666	8.293727890166667e-24
2.373683954	9.283896435105205e-24
2.374837242	9.887424811567991e-24
2.375990529	8.168797667561222e-24
2.377143817	6.3136608466535506e-24
2.378297105	1.4236412826009578e-24
2.379450392	-1.1445782795291355e-24
2.38060368	5.501916208157083e-24
2.381756968	2.5187466442505188e-23
2.382910256	5.60248794212557e-23
2.384063543	8.249314155955688e-23
2.385216831	8.581028489290852e-23
2.386370119	8.02551550861018e-23
2.387523407	5.819517411639107e-23
2.388676694	2.7167247287172175e-23
2.389829982	1.0854082885832364e-23
2.39098327	8.389841544122117e-24
2.392136558	1.0058324355417501e-23
2.393289845	6.925750512180058e-24
2.394443133	2.964955888035701e-24
2.395596421	1.9063280307384796e-24
2.396749709	4.086160033597522e-24
2.397902996	6.7361461597209e-24
2.399056284	5.937295203160059e-24
2.400209572	4.584034836452372e-24
2.40136286	2.645275411780812e-24
2.402516147	2.221067058146075e-24
2.403669435	1.9690952240923126e-24
2.404822723	3.250640168301658e-24
2.405976011	5.1555739877136834e-24
2.407129298	5.650312625853672e-24
2.408282586	5.543699790136702e-24
2.409435874	3.749480144088931e-24
2.410589162	1.5554399099898298e-24
2.411742449	-7.689535459404052e-25
2.412895737	-2.0610672306998074e-24
2.414049025	-2.112864750330667e-24
2.415202313	1.5943090414975984e-24
2.4163556	9.752795985377175e-24
2.417508888	1.8901667136096902e-23
2.418662176	2.386732588621538e-23
2.419815463	1.6361905137906224e-23
2.420968751	1.39174544951649e-23
2.422122039	9.153008846441469e-24
2.423275327	7.752530838279206e-24
2.424428614	6.3224045179436524e-24
2.425581902	5.588260485667944e-24
2.42673519	4.6264321969147224e-24
2.427888478	1.3520375570507277e-24
2.429041765	-3.427262957126928e-24
2.430195053	-6.947157586098868e-24
2.431348341	-8.16697210112949e-24
2.432501629	-5.179511766442456e-24
2.433654916	1.294638851814916e-24
2.434808204	7.807158057453434e-24
2.435961492	1.2946103649023519e-23
2.43711478	1.3991525386214145e-23
2.438268067	1.334941806140178e-23
2.439421355	9.512647694287484e-24
2.440574643	3.0121832014037726e-24
2.441727931	-1.4118476228189772e-24
2.442881218	-2.8609197017801247e-24
2.444034506	-2.8500834594328377e-24
2.445187794	-2.299197564426246e-24
2.446341082	-1.9317889866919238e-24
2.447494369	-9.096082296678032e-25
2.448647657	-1.3682971455451282e-24
2.449800945	-2.7867480404915275e-24
2.450954233	2.2922868846122345e-25
2.45210752	1.0355640081410016e-23
2.453260808	2.046633408196464e-23
2.454414096	3.2916260749670347e-23
2.455567383	3.7324074636193214e-23
2.456720671	3.5398277167605985e-23
2.457873959	2.6729211598225225e-23
2.459027247	1.7092956420801024e-23
2.460180534	5.442754535643347e-24
2.461333822	-2.8669093645789322e-24
2.46248711	-6.506860907643241e-24
2.463640398	-3.0738764107311466e-24
2.464793685	3.266256891048539e-24
2.465946973	1.0945580889484417e-23
2.467100261	2.4860222889095324e-23
2.468253549	2.96850670502788e-23
2.469406836	2.563115747397894e-23
2.470560124	1.3089204096932393e-23
2.471713412	3.7960248061665455e-24
2.4728667	-6.541454339961019e-25
2.474019987	-2.3425947291949e-24
2.475173275	-3.861217971435656e-24
2.476326563	-6.201497847202296e-24
2.477479851	-1.0179791423738674e-23
2.478633138	-1.6480912983458412e-23
2.479786426	-2.877785214453599e-23
2.480939714	-4.484943231322893e-23
2.482093002	-1.2655652852647202e-22
2.483246289	5.922552724365894e-23
2.484399577	6.22847581292425e-24
2.485552865	-1.0582898426605836e-23
2.486706153	-3.709840563106614e-23
2.48785944	-1.71577020191808e-23
2.489012728	-7.978364412326326e-23
2.490166016	-4.1809985013928563e-22
2.491319303	2.2898057001668195e-22
2.492472591	4.4340275851407476e-23
2.493625879	-2.2933842398142872e-23