0.45	4.0000324687858255e-23
0.451206288	9.73503977747321e-23
0.452412576	1.483698358910654e-22
0.453618865	1.5960900726216039e-22
0.454825153	1.1539111986228362e-22
0.456031441	8.605077566038674e-23
0.457237729	1.2540314745880586e-22
0.458444017	1.3704658256929704e-22
0.459650306	1.1557234274703732e-22
0.460856594	1.271895065317399e-22
0.462062882	1.4659707931515894e-22
0.46326917	1.4947465080518406e-22
0.464475459	1.8889457091958434e-22
0.465681747	1.6520686623418097e-22
0.466888035	2.0933940800959311e-22
0.468094323	2.410456510380468e-22
0.469300611	1.8058490957693236e-22
0.4705069	2.398785660058581e-22
0.471713188	1.86493996654898e-22
0.472919476	1.6503453266019254e-22
0.474125764	1.3013305420624029e-22
0.475332052	1.7578711652231122e-22
0.476538341	2.189346942405666e-22
0.477744629	1.6749111197274436e-22
0.478950917	2.695668662774468e-22
0.480157205	2.4943984930522036e-22
0.481363493	2.0355141354390221e-22
0.482569782	2.340552860316232e-22
0.48377607	3.3621682991641015e-22
0.484982358	2.166825337119187e-22
0.486188646	2.5553999141845915e-22
0.487394935	2.834640861382203e-22
0.488601223	2.313717516189647e-22
0.489807511	3.2994768425614633e-22
0.491013799	3.0196965448461814e-22
0.492220087	2.7953167377875505e-22
0.493426376	3.6217636721946304e-22
0.494632664	2.9530528380155337e-22
0.495838952	3.280693020719402e-22
0.49704524	2.7387916893596776e-22
0.498251528	3.500182475833817e-22
0.499457817	2.227142541852534e-22
0.500664105	3.5267950581898415e-22
0.501870393	3.11725056033742e-22
0.503076681	2.331310286155805e-22
0.504282969	1.7436169668521616e-22
0.505489258	2.0094420586095894e-22
0.506695546	1.420142125802044e-22
0.507901834	1.647184549981325e-22
0.509108122	1.0914728768506485e-22
0.510314411	1.0821690566519103e-22
0.511520699	1.1073850080942444e-22
0.512726987	1.5559523029081877e-22
0.513933275	1.6852345745186326e-22
0.515139563	1.6549676565841162e-22
0.516345852	1.824541224649758e-22
0.51755214	2.1280964542629354e-22
0.518758428	1.9891921522427434e-22
0.519964716	2.496369417759444e-22
0.521171004	2.4642383770926716e-22
0.522377293	2.645535304328335e-22
0.523583581	2.7436521065466154e-22
0.524789869	2.7550643661487448e-22
0.525996157	2.6284939872250346e-22
0.527202445	3.06467180452809e-22
0.528408734	3.4626325945266563e-22
0.529615022	3.957254669404262e-22
0.53082131	4.3639054824853825e-22
0.532027598	3.6278547974341075e-22
0.533233887	3.435169203866853e-22
0.534440175	2.9542964047697224e-22
0.535646463	3.331189601920094e-22
0.536852751	3.258173623231897e-22
0.538059039	3.0544101535565875e-22
0.539265328	2.3255034422709165e-22
0.540471616	1.860094221294918e-22
0.541677904	1.7909976771091986e-22
0.542884192	1.7885380361383002e-22
0.54409048	1.9935631505297865e-22
0.545296769	2.270092991158545e-22
0.546503057	2.5332384928357026e-22
0.547709345	3.200189773247589e-22
0.548915633	3.1380537248863347e-22
0.550121921	3.4241304032295063e-22
0.55132821	3.6997771924945783e-22
0.552534498	3.1282247505915345e-22
0.553740786	2.701317173025018e-22
0.554947074	3.0553752664134196e-22
0.556153363	3.0888154304978444e-22
0.557359651	3.124756800072375e-22
0.558565939	3.2940994515630337e-22
0.559772227	3.591523110254966e-22
0.560978515	3.1739126149674627e-22
0.562184804	3.300590022045231e-22
0.563391092	3.3068144514833035e-22
0.56459738	3.357393716182916e-22
0.565803668	3.64601195825296e-22
0.567009956	3.3443954349898465e-22
0.568216245	3.155840794842171e-22
0.569422533	2.933947324164836e-22
0.570628821	2.78280812503053e-22
0.571835109	2.6344173242256126e-22
0.573041398	2.5809866446881993e-22
0.574247686	2.406473009583935e-22
0.575453974	2.2484560893727724e-22
0.576660262	2.1362555813574403e-22
0.57786655	1.9391443228820885e-22
0.579072839	1.941850860245307e-22
0.580279127	2.111219753248731e-22
0.581485415	2.102813247771826e-22
0.582691703	2.142816347465053e-22
0.583897991	2.304713331014289e-22
0.58510428	2.425926622102413e-22
0.586310568	2.6366175014550647e-22
0.587516856	2.627614548957718e-22
0.588723144	2.5473907865560354e-22
0.589929432	2.8018126113453107e-22
0.591135721	2.5801793088344186e-22
0.592342009	2.4914248410326297e-22
0.593548297	2.4365530854650035e-22
0.594754585	2.454494120120737e-22
0.595960874	2.3795506721876044e-22
0.597167162	2.5191668617649184e-22
0.59837345	2.81244146011909e-22
0.599579738	2.993203501845377e-22
0.600786026	3.3486724189970384e-22
0.601992315	3.8857625093365046e-22
0.603198603	4.113815745293202e-22
0.604404891	4.564039411668462e-22
0.605611179	4.70154048515192e-22
0.606817467	4.772805168786241e-22
0.608023756	4.394734422447829e-22
0.609230044	4.0641716679286764e-22
0.610436332	3.9273407647705946e-22
0.61164262	3.553579344463138e-22
0.612848908	3.308161284758019e-22
0.614055197	2.7497808622255617e-22
0.615261485	2.142506868406903e-22
0.616467773	2.0491628345104195e-22
0.617674061	1.796174873986652e-22
0.61888035	1.5059896864706582e-22
0.620086638	1.3918935608890381e-22
0.621292926	1.4116831616754628e-22
0.622499214	1.5857941881320645e-22
0.623705502	1.8826366687343053e-22
0.624911791	2.2154978246468253e-22
0.626118079	2.8945919016943497e-22
0.627324367	3.494227979001093e-22
0.628530655	4.0483106018408564e-22
0.629736943	4.549466195530507e-22
0.630943232	5.656667385251172e-22
0.63214952	6.4592798769013315e-22
0.633355808	6.626738156047096e-22
0.634562096	8.163083503127565e-22
0.635768384	7.328436056522049e-22
0.636974673	7.6423664121120115e-22
0.638180961	7.38994608824892e-22
0.639387249	8.247272298261899e-22
0.640593537	8.4614529501933705e-22
0.641799826	8.4324465719870165e-22
0.643006114	8.385554714633372e-22
0.644212402	8.176982774039708e-22
0.64541869	9.158873774562124e-22
0.646624978	9.298714739521521e-22
0.647831267	1.0031656908978917e-21
0.649037555	9.19825299636799e-22
0.650243843	8.77144752690517e-22
0.651450131	9.481085100657979e-22
0.652656419	8.745720872853889e-22
0.653862708	7.822545842254137e-22
0.655068996	9.43707915325379e-22
0.656275284	6.903346618457485e-22
0.657481572	7.536401550539148e-22
0.65868786	6.280143172457995e-22
0.659894149	6.404086036697337e-22
0.661100437	5.412300119611079e-22
0.662306725	5.289016507196556e-22
0.663513013	5.122278602403663e-22
0.664719302	4.954135142995919e-22
0.66592559	4.0639129586887953e-22
0.667131878	4.001817613907909e-22
0.668338166	3.9790476963692385e-22
0.669544454	4.139434375765484e-22
0.670750743	4.581231612732616e-22
0.671957031	4.980910760638388e-22
0.673163319	5.918937434300637e-22
0.674369607	6.441098817791185e-22
0.675575895	6.920098781875621e-22
0.676782184	7.798947079782235e-22
0.677988472	7.778715255759788e-22
0.67919476	7.3027095917032285e-22
0.680401048	7.127605435519494e-22
0.681607336	6.330041571457018e-22
0.682813625	5.494941627633671e-22
0.684019913	6.270941659084073e-22
0.685226201	5.621985545045433e-22
0.686432489	6.034788467669212e-22
0.687638778	6.716358230658027e-22
0.688845066	7.248906712453589e-22
0.690051354	6.790463806562575e-22
0.691257642	9.50828322715921e-22
0.69246393	9.698795029069403e-22
0.693670219	8.9282648616987e-22
0.694876507	1.0481695848007377e-21
0.696082795	8.165554720073827e-22
0.697289083	7.506125327026402e-22
0.698495371	7.006239690352429e-22
0.69970166	6.184713004843533e-22
0.700907948	5.812114157327319e-22
0.702114236	5.756313015826286e-22
0.703320524	4.643014698191303e-22
0.704526812	5.235093502815919e-22
0.705733101	5.413552551944235e-22
0.706939389	6.091975648977166e-22
0.708145677	5.561564766844094e-22
0.709351965	7.2779583212935895e-22
0.710558254	6.5839032208192225e-22
0.711764542	6.445737204504718e-22
0.71297083	8.109011000818902e-22
0.714177118	7.711574476765239e-22
0.715383406	6.395651604335408e-22
0.716589695	4.9354643956753395e-22
0.717795983	4.3869016239939325e-22
0.719002271	2.9269849763481926e-22
0.720208559	2.570887133508165e-22
0.721414847	2.749682422440394e-22
0.722621136	2.7342955490676685e-22
0.723827424	2.9396755954734406e-22
0.725033712	2.938822452249515e-22
0.72624	2.7360823522351784e-22
0.727446288	3.4081974644447127e-22
0.728652577	3.147622991475235e-22
0.729858865	2.6454953731089295e-22
0.731065153	2.988561057044153e-22
0.732271441	3.37030145467927e-22
0.73347773	3.9322998415886484e-22
0.734684018	4.1317733888433e-22
0.735890306	4.285629876546604e-22
0.737096594	5.239180637947895e-22
0.738302882	6.246146103083964e-22
0.739509171	7.25499409390567e-22
0.740715459	1.004952194818224e-21
0.741921747	1.0282086118868118e-21
0.743128035	1.248095460677445e-21
0.744334323	1.0582616479082918e-21
0.745540612	1.0862802568400374e-21
0.7467469	1.1712090793958298e-21
0.747953188	1.1463474914947164e-21
0.749159476	1.1321946951690304e-21
0.750365764	1.2051041331737012e-21
0.751572053	1.2679744461736807e-21
0.752778341	1.2372702782326076e-21
0.753984629	1.2386126118570483e-21
0.755190917	1.3609832431092876e-21
0.756397206	1.1954460536277766e-21
0.757603494	1.0784865520869883e-21
0.758809782	1.0705322397545272e-21
0.76001607	9.812454584148537e-22
0.761222358	6.85866042887557e-22
0.762428647	5.379494299877124e-22
0.763634935	4.986870213659758e-22
0.764841223	4.770410169620601e-22
0.766047511	5.360709776701457e-22
0.767253799	5.453977480926152e-22
0.768460088	5.97040875686229e-22
0.769666376	6.326156725654152e-22
0.770872664	6.49935983887602e-22
0.772078952	5.972756685150618e-22
0.77328524	5.748307480444303e-22
0.774491529	5.021882994035179e-22
0.775697817	5.48664993821016e-22
0.776904105	5.145390697308748e-22
0.778110393	5.512125895063291e-22
0.779316682	6.092210676284063e-22
0.78052297	5.791921049735099e-22
0.781729258	4.966874282406406e-22
0.782935546	4.797868018650078e-22
0.784141834	5.4196328461329835e-22
0.785348123	5.755077964377368e-22
0.786554411	5.653831003208753e-22
0.787760699	5.755476495017791e-22
0.788966987	6.436189028956705e-22
0.790173275	6.146776978417097e-22
0.791379564	6.184843096645364e-22
0.792585852	5.42558761527921e-22
0.79379214	5.948784221025633e-22
0.794998428	5.028258647115684e-22
0.796204717	4.638714763858142e-22
0.797411005	5.680162946908076e-22
0.798617293	5.765291587420059e-22
0.799823581	6.628714157937182e-22
0.801029869	7.323936021274964e-22
0.802236158	7.945716349532355e-22
0.803442446	8.435770552782936e-22
0.804648734	9.392321863735957e-22
0.805855022	1.1110623263986212e-21
0.80706131	1.3239425479110662e-21
0.808267599	1.4296465648754115e-21
0.809473887	1.5382687464926666e-21
0.810680175	1.684465073772989e-21
0.811886463	2.0250835781427958e-21
0.813092751	2.1389582178923246e-21
0.81429904	2.597922008191983e-21
0.815505328	2.7770928534059458e-21
0.816711616	3.18176100915598e-21
0.817917904	3.904378863634537e-21
0.819124193	4.64581180272444e-21
0.820330481	5.536769050512839e-21
0.821536769	5.401562642985993e-21
0.822743057	4.774940463459026e-21
0.823949345	5.31503008498006e-21
0.825155634	5.225127810407161e-21
0.826361922	5.09334402913052e-21
0.82756821	4.848231959917398e-21
0.828774498	5.8822519488625554e-21
0.829980786	5.8124127805188875e-21
0.831187075	6.233369156554108e-21
0.832393363	6.4635506537474194e-21
0.833599651	6.183427895289998e-21
0.834805939	4.589413229722523e-21
0.836012227	2.704727390751723e-21
0.837218516	1.9246030124432043e-21
0.838424804	1.5986851072002978e-21
0.839631092	1.3936242466793516e-21
0.84083738	1.0721002267593418e-21
0.842043669	1.0318039728189525e-21
0.843249957	1.1145245304689263e-21
0.844456245	1.043228579630247e-21
0.845662533	1.253342578012273e-21
0.846868821	1.2498072161613542e-21
0.84807511	1.2788960740857585e-21
0.849281398	1.4751254376810854e-21
0.850487686	1.2652719641279119e-21
0.851693974	9.545199709186183e-22
0.852900262	9.1364031856562e-22
0.854106551	6.981993479794138e-22
0.855312839	5.938896262667149e-22
0.856519127	5.22710386324036e-22
0.857725415	4.943495317264725e-22
0.858931703	4.338519810915917e-22
0.860137992	3.581020510805127e-22
0.86134428	3.8070510945441884e-22
0.862550568	3.6130274824608615e-22
0.863756856	3.5401761384883107e-22
0.864963145	3.458938993400502e-22
0.866169433	3.0721065367698817e-22
0.867375721	3.507561402529085e-22
0.868582009	3.7974897347656454e-22
0.869788297	4.484040070770236e-22
0.870994586	5.320291439984426e-22
0.872200874	5.349690456983327e-22
0.873407162	6.684390028396922e-22
0.87461345	6.060197296883297e-22
0.875819738	6.5848679519175265e-22
0.877026027	7.456642766635308e-22
0.878232315	7.656683227305491e-22
0.879438603	7.353901664649104e-22
0.880644891	5.748401578826239e-22
0.881851179	5.29053021781394e-22
0.883057468	5.446357155824647e-22
0.884263756	5.469038997709154e-22
0.885470044	4.874113636154125e-22
0.886676332	4.247070543738837e-22
0.887882621	5.644338800396667e-22
0.889088909	5.300874157285866e-22
0.890295197	5.586548782398659e-22
0.891501485	6.558011096417611e-22
0.892707773	6.8104447452516715e-22
0.893914062	6.961240994304025e-22
0.89512035	5.965115722556053e-22
0.896326638	5.816224852579492e-22
0.897532926	6.906343340050533e-22
0.898739214	7.226727616875845e-22
0.899945503	8.724360814554418e-22
0.901151791	8.220821565084e-22
0.902358079	9.880236710501388e-22
0.903564367	1.1395790015543619e-21
0.904770655	1.2734552416813161e-21
0.905976944	1.5411387014461325e-21
0.907183232	1.4931674722180262e-21
0.90838952	1.7406838865425454e-21
0.909595808	1.7815217742189065e-21
0.910802097	1.8942161400012536e-21
0.912008385	2.1054447654295718e-21
0.913214673	2.168086795291987e-21
0.914420961	2.1230600514760415e-21
0.915627249	2.0291541194947457e-21
0.916833538	2.749551991188485e-21
0.918039826	2.9370566746066062e-21
0.919246114	3.399846302060771e-21
0.920452402	4.9233471376941265e-21
0.92165869	4.398743780910234e-21
0.922864979	4.6392559228958824e-21
0.924071267	6.045737469256526e-21
0.925277555	6.726473095788168e-21
0.926483843	7.906059703156934e-21
0.927690131	9.759139679621525e-21
0.92889642	1.0025478026913706e-20
0.930102708	1.0168342096850072e-20
0.931308996	9.118301891305473e-21
0.932515284	9.843456411781976e-21
0.933721573	1.1946087969026569e-20
0.934927861	1.3650379500765884e-20
0.936134149	1.2360720323902336e-20
0.937340437	1.2853185513435958e-20
0.938546725	1.4949464587175337e-20
0.939753014	1.7837616582911307e-20
0.940959302	1.8677966861073572e-20
0.94216559	1.6872628489632398e-20
0.943371878	1.5112659229201667e-20
0.944578166	1.531953871106908e-20
0.945784455	1.6074249966209144e-20
0.946990743	1.719009557851996e-20
0.948197031	1.8506641667515962e-20
0.949403319	1.8297977614025906e-20
0.950609607	2.1043625976814143e-20
0.951815896	2.0859147920120475e-20
0.953022184	2.0144125876499987e-20
0.954228472	1.8744407980185795e-20
0.95543476	2.016766156252422e-20
0.956641049	2.2240138658898783e-20
0.957847337	2.4548153617578538e-20
0.959053625	2.3798603763762696e-20
0.960259913	2.4815585290665496e-20
0.961466201	2.5272699645674057e-20
0.96267249	2.5469316411246648e-20
0.963878778	2.567810599191771e-20
0.965085066	2.7204661224353763e-20
0.966291354	2.7231908097312346e-20
0.967497642	2.4695730925599824e-20
0.968703931	2.5055850846887212e-20
0.969910219	2.5313407679233912e-20
0.971116507	0.
0.972322795	0.
0.973529083	0.
0.974735372	0.
0.97594166	0.
0.977147948	0.
0.978354236	0.
0.979560525	0.
0.980766813	0.
0.981973101	0.
0.983179389	0.
0.984385677	0.
0.985591966	0.
0.986798254	0.
0.988004542	0.
0.98921083	0.
0.990417118	0.
0.991623407	0.
0.992829695	0.
0.994035983	0.
0.995242271	0.
0.996448559	0.
0.997654848	8.403876978232901e-22
0.998861136	7.389385752500112e-22
1.000067424	8.19076549832998e-22
1.001273712	6.140960454017788e-22
1.002480001	7.482639635290288e-22
1.003686289	7.73087671635694e-22
1.004892577	7.717877955278822e-22
1.006098865	7.496584427251044e-22
1.007305153	9.227396968881055e-22
1.008511442	8.825068247617694e-22
1.00971773	9.741523208190604e-22
1.010924018	1.0366157791487436e-21
1.012130306	1.0258730200227746e-21
1.013336594	9.574910135313023e-22
1.014542883	9.860080105888215e-22
1.015749171	9.897902440292547e-22
1.016955459	1.007079261564921e-21
1.018161747	9.325190668712027e-22
1.019368036	9.848965272121492e-22
1.020574324	9.295381708753546e-22
1.021780612	9.085449153887704e-22
1.0229869	9.620973154260812e-22
1.024193188	9.68881157072787e-22
1.025399477	9.560216401136343e-22
1.026605765	1.0545550044980657e-21
1.027812053	9.912449128886167e-22
1.029018341	1.1068061742544066e-21
1.030224629	1.0299587031844005e-21
1.031430918	1.1205923016839405e-21
1.032637206	1.086817658323875e-21
1.033843494	1.217916197972942e-21
1.035049782	1.1052118257164088e-21
1.03625607	1.1312747345883087e-21
1.037462359	1.2444119255649866e-21
1.038668647	1.2105385641095646e-21
1.039874935	1.2021322122065384e-21
1.041081223	1.2466488864885078e-21
1.042287512	1.364549749768666e-21
1.0434938	1.3526315441009377e-21
1.044700088	1.4340262570127125e-21
1.045906376	1.8049806778768676e-21
1.047112664	1.718183213267329e-21
1.048318953	2.068241884474768e-21
1.049525241	1.8888850400782825e-21
1.050731529	2.1512488261885826e-21
1.051937817	2.5182913686225365e-21
1.053144105	2.8659869492615233e-21
1.054350394	3.351320611950662e-21
1.055556682	3.3022670184417717e-21
1.05676297	3.442242269840717e-21
1.057969258	3.661911196256296e-21
1.059175546	4.072223378133017e-21
1.060381835	4.675307588122581e-21
1.061588123	4.160912440226802e-21
1.062794411	4.829453781874876e-21
1.064000699	5.2034087069176495e-21
1.065206988	4.814962772824445e-21
1.066413276	5.45777286013841e-21
1.067619564	6.01061698453663e-21
1.068825852	6.820199980089985e-21
1.07003214	6.930329741429313e-21
1.071238429	6.973842648144884e-21
1.072444717	6.772689869664052e-21
1.073651005	7.873257442392813e-21
1.074857293	8.499794382237397e-21
1.076063581	9.249629480299621e-21
1.07726987	8.904353933361262e-21
1.078476158	9.349486479340668e-21
1.079682446	9.148243875987237e-21
1.080888734	1.02232543885574e-20
1.082095022	9.594389218174137e-21
1.083301311	9.848286014167393e-21
1.084507599	1.0310945006813921e-20
1.085713887	1.0142517552517599e-20
1.086920175	9.579742862864473e-21
1.088126464	9.575314419138051e-21
1.089332752	9.089696487577116e-21
1.09053904	8.547485147106988e-21
1.091745328	8.548427287309116e-21
1.092951616	8.03228508245668e-21
1.094157905	7.68959918522941e-21
1.095364193	7.300403977548817e-21
1.096570481	6.6730978722209696e-21
1.097776769	5.831262271717124e-21
1.098983057	5.254267644540591e-21
1.100189346	4.7030895565600816e-21
1.101395634	3.740199595385029e-21
1.102601922	3.3202650967125337e-21
1.10380821	2.6850456507069865e-21
1.105014498	2.34417772067677e-21
1.106220787	1.7118057819157988e-21
1.107427075	1.62513543890952e-21
1.108633363	1.251232194476954e-21
1.109839651	1.2303363784789977e-21
1.11104594	1.0201113141837841e-21
1.112252228	1.0440949386535895e-21
1.113458516	1.1350633870258871e-21
1.114664804	1.0720094196977209e-21
1.115871092	9.751481905839709e-22
1.117077381	1.0271822270759937e-21
1.118283669	9.891113465135793e-22
1.119489957	8.94433361512266e-22
1.120696245	8.481744269474927e-22
1.121902533	7.821896407701897e-22
1.123108822	7.607016190366662e-22
1.12431511	7.190788095831329e-22
1.125521398	6.785341435722242e-22
1.126727686	6.775181353153362e-22
1.127933974	6.130353871084214e-22
1.129140263	5.538860439661767e-22
1.130346551	5.1936945336465015e-22
1.131552839	5.221359721950854e-22
1.132759127	4.818285814134887e-22
1.133965416	4.922203751551643e-22
1.135171704	4.831686053609276e-22
1.136377992	4.529558545233452e-22
1.13758428	4.385372189644205e-22
1.138790568	4.3591375677590745e-22
1.139996857	4.410649969801248e-22
1.141203145	4.715551300057228e-22
1.142409433	4.711371357778298e-22
1.143615721	4.781759960789342e-22
1.144822009	4.786559671087505e-22
1.146028298	4.567300692648289e-22
1.147234586	4.688579493959075e-22
1.148440874	5.148266600064395e-22
1.149647162	5.059333897706145e-22
1.15085345	5.244418595875794e-22
1.152059739	5.013705074020506e-22
1.153266027	5.088419735786084e-22
1.154472315	4.545247471852972e-22
1.155678603	4.260912724506696e-22
1.156884892	4.405377754549506e-22
1.15809118	4.441891155352114e-22
1.159297468	4.0776560701029345e-22
1.160503756	4.07332564567892e-22
1.161710044	3.8933766722918366e-22
1.162916333	3.5651457404025343e-22
1.164122621	3.60960423206462e-22
1.165328909	3.6325543411118086e-22
1.166535197	3.4412755456894587e-22
1.167741485	3.4124493161191743e-22
1.168947774	3.583023742460457e-22
1.170154062	3.588258336063499e-22
1.17136035	3.611773187972968e-22
1.172566638	3.85538027797417e-22
1.173772926	3.888328121974758e-22
1.174979215	4.0435145369000457e-22
1.176185503	4.239899033914281e-22
1.177391791	4.333748933851513e-22
1.178598079	4.348871590582254e-22
1.179804368	4.170462122489748e-22
1.181010656	4.056229933667686e-22
1.182216944	4.363041151417564e-22
1.183423232	4.231717409891302e-22
1.18462952	4.192318470986954e-22
1.185835809	3.822988932171101e-22
1.187042097	3.7172960387781657e-22
1.188248385	4.001121470280864e-22
1.189454673	3.9103200429354124e-22
1.190660961	3.718766962700147e-22
1.19186725	3.6789475610985745e-22
1.193073538	3.787437776925157e-22
1.194279826	4.1078129116358505e-22
1.195486114	4.0386007058797046e-22
1.196692402	4.4082634403506735e-22
1.197898691	4.65092236928044e-22
1.199104979	4.754875809480075e-22
1.200311267	4.727851513638011e-22
1.201517555	4.661879436298501e-22
1.202723844	4.894505851543853e-22
1.203930132	5.38148159905447e-22
1.20513642	5.29240096218858e-22
1.206342708	5.384849923156626e-22
1.207548996	5.71912747022449e-22
1.208755285	6.63180190693488e-22
1.209961573	6.669425432843289e-22
1.211167861	6.553408572968916e-22
1.212374149	6.6624548616312685e-22
1.213580437	7.08240214958319e-22
1.214786726	7.608662373594622e-22
1.215993014	7.807211351322983e-22
1.217199302	7.93537784079392e-22
1.21840559	8.333194150540737e-22
1.219611878	8.582327251169966e-22
1.220818167	8.333837643065969e-22
1.222024455	8.528283305039404e-22
1.223230743	8.580896547319311e-22
1.224437031	8.643371355274255e-22
1.22564332	8.211526378483572e-22
1.226849608	8.023264750919332e-22
1.228055896	7.680847943740881e-22
1.229262184	7.121820702960988e-22
1.230468472	6.986200949979196e-22
1.231674761	6.59438941145886e-22
1.232881049	6.308800511091148e-22
1.234087337	6.1577938322493115e-22
1.235293625	5.938412559713991e-22
1.236499913	6.214310038903817e-22
1.237706202	6.079816144610014e-22
1.23891249	6.540057351349113e-22
1.240118778	6.886971073847582e-22
1.241325066	7.0936314890340105e-22
1.242531355	7.528952097263393e-22
1.243737643	8.037191132163785e-22
1.244943931	8.93645278053123e-22
1.246150219	1.0420292185066874e-21
1.247356507	1.127595142138203e-21
1.248562796	1.2086272805227154e-21
1.249769084	1.4016128240965244e-21
1.250975372	1.5649542291119138e-21
1.25218166	1.698159730445341e-21
1.253387948	1.9355339863820267e-21
1.254594237	2.1329123651743994e-21
1.255800525	2.1206874924516762e-21
1.257006813	2.3113051218588312e-21
1.258213101	2.3736357669051438e-21
1.259419389	2.3635368702128753e-21
1.260625678	2.3317680687815635e-21
1.261831966	2.46808360129802e-21
1.263038254	2.4247302298608474e-21
1.264244542	2.5376214845027704e-21
1.265450831	2.740650211220586e-21
1.266657119	2.930949172160768e-21
1.267863407	3.408646661839702e-21
1.269069695	3.445387812533331e-21
1.270275983	3.577571430432358e-21
1.271482272	3.8095803211254266e-21
1.27268856	4.0604206699094856e-21
1.273894848	4.360125126182399e-21
1.275101136	4.650662826796316e-21
1.276307424	4.592033714688902e-21
1.277513713	4.703545204119095e-21
1.278720001	4.852442621759836e-21
1.279926289	4.9567019063430695e-21
1.281132577	5.043178952604689e-21
1.282338865	5.538809380684884e-21
1.283545154	5.092108382819916e-21
1.284751442	4.5017866960149234e-21
1.28595773	4.581648126763256e-21
1.287164018	4.4455472432236905e-21
1.288370307	4.105233427034319e-21
1.289576595	4.033724877661933e-21
1.290782883	3.794032352982729e-21
1.291989171	3.552028105157616e-21
1.293195459	3.477907394221681e-21
1.294401748	3.1872291622538365e-21
1.295608036	2.9090931082068476e-21
1.296814324	2.58002683519096e-21
1.298020612	2.3008508504934664e-21
1.2992269	1.9744992000338322e-21
1.300433189	1.6292185570512435e-21
1.301639477	1.3998159323869597e-21
1.302845765	1.1747759041358431e-21
1.304052053	9.996706024926839e-22
1.305258341	8.816112540565383e-22
1.30646463	7.936440942961574e-22
1.307670918	7.2153408225765725e-22
1.308877206	6.984522778565787e-22
1.310083494	6.468924639231609e-22
1.311289783	6.217651612093158e-22
1.312496071	5.910837158029818e-22
1.313702359	5.611164501853833e-22
1.314908647	5.242347377214775e-22
1.316114935	5.166700841496458e-22
1.317321224	4.901662762596496e-22
1.318527512	4.591715657394701e-22
1.3197338	4.486556203578227e-22
1.320940088	4.0824397360000307e-22
1.322146376	4.09303303709583e-22
1.323352665	3.764981599515847e-22
1.324558953	3.7449151161238382e-22
1.325765241	3.819875458187575e-22
1.326971529	3.7343853577528425e-22
1.328177817	3.5193394805845494e-22
1.329384106	3.554840300854626e-22
1.330590394	3.1550602374767905e-22
1.331796682	3.1927686140120244e-22
1.33300297	3.0782809962603535e-22
1.334209259	2.866813341102934e-22
1.335415547	2.8684524593099916e-22
1.336621835	2.717412264341239e-22
1.337828123	2.4961430564873275e-22
1.339034411	2.5558872447489895e-22
1.3402407	2.3244516282841397e-22
1.341446988	1.866495566767254e-22
1.342653276	1.9361288528413248e-22
1.343859564	1.6292835079801176e-22
1.345065852	1.475799356460524e-22
1.346272141	1.5819316160187562e-22
1.347478429	1.5174813975107754e-22
1.348684717	1.4844756519930542e-22
1.349891005	1.5571986435263428e-22
1.351097293	1.5452973680158892e-22
1.352303582	1.6478837530148514e-22
1.35350987	2.381668864699544e-22
1.354716158	2.650648068363388e-22
1.355922446	3.160308999076413e-22
1.357128735	4.452609633016847e-22
1.358335023	5.434273292940086e-22
1.359541311	5.836945544040451e-22
1.360747599	6.9597931562920375e-22
1.361953887	8.697749657888102e-22
1.363160176	9.823545653217291e-22
1.364366464	7.760160121442413e-22
1.365572752	6.390212014559497e-22
1.36677904	4.525844308339659e-22
1.367985328	3.9229423641597277e-22
1.369191617	3.2182523943408727e-22
1.370397905	2.5782740876196726e-22
1.371604193	2.0990593133670167e-22
1.372810481	1.779415480057309e-22
1.374016769	1.5783763711052909e-22
1.375223058	1.203049847103785e-22
1.376429346	1.3174798459288432e-22
1.377635634	1.3274301702841763e-22
1.378841922	1.4482513244283258e-22
1.380048211	1.5242837799741017e-22
1.381254499	1.6239831704704714e-22
1.382460787	1.5740840967948104e-22
1.383667075	1.5527261229911168e-22
1.384873363	1.8209284274093414e-22
1.386079652	1.6423280118638202e-22
1.38728594	1.3160079522306015e-22
1.388492228	1.2059986146751681e-22
1.389698516	1.183412786274397e-22
1.390904804	1.0438845961207202e-22
1.392111093	1.0768445769839628e-22
1.393317381	7.908413099459824e-23
1.394523669	5.816171024148565e-23
1.395729957	5.608717939588568e-23
1.396936245	5.41101166096237e-23
1.398142534	4.1850428180263196e-23
1.399348822	4.947198301621165e-23
1.40055511	5.666962461814627e-23
1.401761398	5.457615318909081e-23
1.402967687	6.460172554695828e-23
1.404173975	8.34359356509326e-23
1.405380263	8.602650493209561e-23
1.406586551	9.969263743029054e-23
1.407792839	1.1039687786124792e-22
1.408999128	1.0357524463233492e-22
1.410205416	1.0095371921840265e-22
1.411411704	1.1174988013906821e-22
1.412617992	1.1183877798210953e-22
1.41382428	1.0787152191985403e-22
1.415030569	1.0947457602212202e-22
1.416236857	1.1673180644733713e-22
1.417443145	1.1779745506483427e-22
1.418649433	1.2473637327994816e-22
1.419855721	1.1465423662131386e-22
1.42106201	1.1307156216668617e-22
1.422268298	1.2524845547354999e-22
1.423474586	1.2607099738562984e-22
1.424680874	1.335811140024374e-22
1.425887163	1.248906140443511e-22
1.427093451	1.124271641105724e-22
1.428299739	1.0522329935937166e-22
1.429506027	1.0171079239929243e-22
1.430712315	1.200546034944575e-22
1.431918604	1.1891866891743627e-22
1.433124892	1.2552855284662583e-22
1.43433118	1.13199466767615e-22
1.435537468	1.0480096880034468e-22
1.436743756	1.228136401496392e-22
1.437950045	1.1481867615535468e-22
1.439156333	1.2952411239232916e-22
1.440362621	1.4309600316060497e-22
1.441568909	1.2011233355935184e-22
1.442775197	1.184823296588842e-22
1.443981486	1.2324739423602742e-22
1.445187774	1.3199840803473818e-22
1.446394062	1.4794332400165784e-22
1.44760035	1.3803145783726154e-22
1.448806639	1.5832561819858359e-22
1.450012927	1.511493104580699e-22
1.451219215	1.5255587106121325e-22
1.452425503	1.6607134181168932e-22
1.453631791	1.5733390234326968e-22
1.45483808	1.572597865240318e-22
1.456044368	1.535559413608297e-22
1.457250656	1.660579008514184e-22
1.458456944	1.5586770471538542e-22
1.459663232	1.4631520045064788e-22
1.460869521	1.4488604829451654e-22
1.462075809	1.6208837598406348e-22
1.463282097	1.7262180040458148e-22
1.464488385	1.6707072575499012e-22
1.465694674	1.6301901909870784e-22
1.466900962	1.4955788892547875e-22
1.46810725	1.4475532014800492e-22
1.469313538	1.4940059726613786e-22
1.470519826	1.526088504193086e-22
1.471726115	1.4201543507153678e-22
1.472932403	1.433462468471831e-22
1.474138691	1.4975899081994776e-22
1.475344979	1.4847723586156535e-22
1.476551267	1.518929193808995e-22
1.477757556	1.6863081071371566e-22
1.478963844	1.6343472738453514e-22
1.480170132	1.909039021353742e-22
1.48137642	1.9061906360389758e-22
1.482582708	2.0610287446267054e-22
1.483788997	2.169145542389913e-22
1.484995285	2.262986224892886e-22
1.486201573	2.185117392713042e-22
1.487407861	2.400895953086288e-22
1.48861415	2.805029441702455e-22
1.489820438	2.7381322279863713e-22
1.491026726	2.5840923316955427e-22
1.492233014	2.903196384068458e-22
1.493439302	2.8706457528441854e-22
1.494645591	2.9981862863584e-22
1.495851879	3.1182655725627534e-22
1.497058167	3.115906605649378e-22
1.498264455	2.9113007273434514e-22
1.499470743	2.8756616048135402e-22
1.500677032	2.4905346100598203e-22
1.50188332	2.6174750635357216e-22
1.503089608	2.8439243549397275e-22
1.504295896	3.1624047223513447e-22
1.505502184	3.2227818884463157e-22
1.506708473	3.2121055306379634e-22
1.507914761	3.304724656744371e-22
1.509121049	3.4795703739725996e-22
1.510327337	3.6178664628006075e-22
1.511533626	4.42485960210367e-22
1.512739914	4.521024917246918e-22
1.513946202	4.661332839249118e-22
1.51515249	5.522957733376786e-22
1.516358778	5.526483597656105e-22
1.517565067	5.326098397841867e-22
1.518771355	6.121698148769029e-22
1.519977643	5.945308656001694e-22
1.521183931	6.754789894093679e-22
1.522390219	6.807875623732855e-22
1.523596508	6.781634870675185e-22
1.524802796	7.6827377419264535e-22
1.526009084	8.066802101757e-22
1.527215372	8.52569101186578e-22
1.52842166	9.592479325712475e-22
1.529627949	9.697060596795665e-22
1.530834237	1.0724366190748185e-21
1.532040525	1.0550697999458838e-21
1.533246813	1.0482239576680781e-21
1.534453102	1.078111373975146e-21
1.53565939	1.0477897668720462e-21
1.536865678	9.868708946021699e-22
1.538071966	1.035363128666132e-21
1.539278254	1.0930454420100374e-21
1.540484543	1.0901620881621593e-21
1.541690831	1.1035523500830984e-21
1.542897119	1.1723970403508997e-21
1.544103407	1.151966258707196e-21
1.545309695	1.2203113033642605e-21
1.546515984	1.1724050767526653e-21
1.547722272	1.181042261870921e-21
1.54892856	1.3166893331566094e-21
1.550134848	1.324531262832412e-21
1.551341136	1.2945122898225929e-21
1.552547425	1.2350067130979324e-21
1.553753713	1.1556390834500183e-21
1.554960001	1.2090851252029881e-21
1.556166289	1.1338765972229426e-21
1.557372578	1.1027298268248472e-21
1.558578866	1.1202323165284332e-21
1.559785154	1.1090424782383174e-21
1.560991442	9.983325226847165e-22
1.56219773	9.573365474021261e-22
1.563404019	9.721984364798042e-22
1.564610307	1.0078935886750964e-21
1.565816595	1.135411786662916e-21
1.567022883	1.1697937720221775e-21
1.568229171	1.2364344044469098e-21
1.56943546	1.4090086679031754e-21
1.570641748	1.4593338398826792e-21
1.571848036	1.5470608784916515e-21
1.573054324	1.7165404484393486e-21
1.574260612	1.8724971139213817e-21
1.575466901	2.0319133089776404e-21
1.576673189	1.9732239299561432e-21
1.577879477	2.079753242991702e-21
1.579085765	2.0391621296037594e-21
1.580292054	1.9606993643377083e-21
1.581498342	2.0854072071720832e-21
1.58270463	2.036080130740845e-21
1.583910918	2.0642626850400912e-21
1.585117206	1.8981447399033136e-21
1.586323495	1.8550316085330897e-21
1.587529783	1.9089726122411837e-21
1.588736071	1.950059661022619e-21
1.589942359	2.1075635432008716e-21
1.591148647	2.1011875390633336e-21
1.592354936	1.9543930936119393e-21
1.593561224	1.840916981260987e-21
1.594767512	1.81990098243026e-21
1.5959738	1.876113823620277e-21
1.597180088	1.8051935692309414e-21
1.598386377	1.7188597753380124e-21
1.599592665	1.6254674382284896e-21
1.600798953	1.6016698219452747e-21
1.602005241	1.4836063774759973e-21
1.60321153	1.3913924912640402e-21
1.604417818	1.3338467570640671e-21
1.605624106	1.2510988751650706e-21
1.606830394	1.1516995388056563e-21
1.608036682	1.0624736148444487e-21
1.609242971	1.0034166875157953e-21
1.610449259	9.304005481658698e-22
1.611655547	8.191794395428775e-22
1.612861835	7.766029545832568e-22
1.614068123	6.83579268360377e-22
1.615274412	6.044055784799568e-22
1.6164807	5.571358494559457e-22
1.617686988	4.723187991209826e-22
1.618893276	4.006201560872678e-22
1.620099564	3.5256789043841487e-22
1.621305853	3.1682989994020533e-22
1.622512141	2.781349017449622e-22
1.623718429	2.6248196451383637e-22
1.624924717	2.6168654374648987e-22
1.626131006	2.505435460784566e-22
1.627337294	2.5024984974245957e-22
1.628543582	2.340024963016326e-22
1.62974987	2.30119434955324e-22
1.630956158	2.316072225003789e-22
1.632162447	2.2816337466891027e-22
1.633368735	2.2817295769388813e-22
1.634575023	2.2246314316044646e-22
1.635781311	2.188184275667835e-22
1.636987599	2.165464190617105e-22
1.638193888	2.149631478716899e-22
1.639400176	2.1135462903657606e-22
1.640606464	2.0546985324056757e-22
1.641812752	2.1054024701605773e-22
1.64301904	2.1801768059087013e-22
1.644225329	2.1241663376920582e-22
1.645431617	2.0811132921235297e-22
1.646637905	1.9685747958040868e-22
1.647844193	1.8867714360129047e-22
1.649050482	1.8236277139360623e-22
1.65025677	1.7669478394449034e-22
1.651463058	1.7417083040871987e-22
1.652669346	1.7291236193197005e-22
1.653875634	1.7459659379195454e-22
1.655081923	1.7074508005306438e-22
1.656288211	1.720701683327552e-22
1.657494499	1.7977327805678013e-22
1.658700787	1.8281266098751192e-22
1.659907075	1.844759857120402e-22
1.661113364	1.825648670729779e-22
1.662319652	1.7817788970648185e-22
1.66352594	1.7898935520956704e-22
1.664732228	1.8338278463621339e-22
1.665938516	1.9932068936177503e-22
1.667144805	2.1060702748693518e-22
1.668351093	2.2163482772045767e-22
1.669557381	2.274212681539516e-22
1.670763669	2.313593720722979e-22
1.671969958	2.5167702117237638e-22
1.673176246	2.549579214121823e-22
1.674382534	2.44015394922713e-22
1.675588822	2.419290282552922e-22
1.67679511	2.3664248964406083e-22
1.678001399	2.2177010476549797e-22
1.679207687	2.136620786353309e-22
1.680413975	2.181293625111563e-22
1.681620263	2.1733003809197586e-22
1.682826551	2.207111786687811e-22
1.68403284	2.220193261015018e-22
1.685239128	2.206320150659262e-22
1.686445416	2.281636016017562e-22
1.687651704	2.201770302922038e-22
1.688857993	2.1991049520601144e-22
1.690064281	2.1573363913144223e-22
1.691270569	2.1444281077830486e-22
1.692476857	2.1596176518738457e-22
1.693683145	2.131295932978898e-22
1.694889434	2.0470149799822757e-22
1.696095722	2.1358572461335582e-22
1.69730201	2.120231061582098e-22
1.698508298	2.155520430437708e-22
1.699714586	2.2445473381392067e-22
1.700920875	2.3456265709027083e-22
1.702127163	2.279338447961006e-22
1.703333451	2.2309982387039984e-22
1.704539739	2.1570516106867715e-22
1.705746027	2.0788537950231282e-22
1.706952316	2.0214355090966033e-22
1.708158604	1.9894607495541924e-22
1.709364892	1.694462856316414e-22
1.71057118	1.638720980361218e-22
1.711777469	1.7564412585633928e-22
1.712983757	1.638767266749408e-22
1.714190045	1.6371060859454274e-22
1.715396333	1.4974691247671002e-22
1.716602621	1.429122392123036e-22
1.71780891	1.4071817227852614e-22
1.719015198	1.3784775405138968e-22
1.720221486	1.3904063304532358e-22
1.721427774	1.3558108815656252e-22
1.722634062	1.3941902681664925e-22
1.723840351	1.4429846969123495e-22
1.725046639	1.3908927605696333e-22
1.726252927	1.4817093696049335e-22
1.727459215	1.5604376030470373e-22
1.728665503	1.3115343717295762e-22
1.729871792	1.425365875695698e-22
1.73107808	1.3710448368344579e-22
1.732284368	1.423553968950177e-22
1.733490656	1.3814727215767644e-22
1.734696945	1.624869166689879e-22
1.735903233	1.5807470688930346e-22
1.737109521	1.6911612314972257e-22
1.738315809	1.8869834621679583e-22
1.739522097	1.801895413285751e-22
1.740728386	1.8294384630760706e-22
1.741934674	2.0741899307386337e-22
1.743140962	1.9044765992988332e-22
1.74434725	1.9738908948386231e-22
1.745553538	1.832596980761342e-22
1.746759827	1.6840892468248725e-22
1.747966115	1.57041271777222e-22
1.749172403	1.5278501040953698e-22
1.750378691	1.4854879458358701e-22
1.751584979	1.4785807545722475e-22
1.752791268	1.4552480497608463e-22
1.753997556	1.398340892071889e-22
1.755203844	1.2293163834381736e-22
1.756410132	1.3200482120284294e-22
1.757616421	1.1316147715843246e-22
1.758822709	1.231980859668085e-22
1.760028997	1.0940399880192701e-22
1.761235285	1.2589652535663253e-22
1.762441573	1.2750219628304537e-22
1.763647862	1.385776388964296e-22
1.76485415	1.4519594515858018e-22
1.766060438	1.3727983998562665e-22
1.767266726	1.5300627997127743e-22
1.768473014	1.5816415263881424e-22
1.769679303	1.509710450609924e-22
1.770885591	1.3197745730841687e-22
1.772091879	1.3296285412164426e-22
1.773298167	1.165638279527409e-22
1.774504455	1.140747153914093e-22
1.775710744	1.0466167908383903e-22
1.776917032	8.026486400665716e-23
1.77812332	8.263023174515896e-23
1.779329608	8.308850759826222e-23
1.780535897	7.673943736205689e-23
1.781742185	7.184770172194793e-23
1.782948473	7.085812668405714e-23
1.784154761	8.085787032239818e-23
1.785361049	7.653223540383513e-23
1.786567338	7.248725996960392e-23
1.787773626	7.593097433797769e-23
1.788979914	9.118989846747911e-23
1.790186202	9.309450711714022e-23
1.79139249	9.533404068049862e-23
1.792598779	9.994188341848727e-23
1.793805067	1.2550100425116062e-22
1.795011355	1.3151106364032258e-22
1.796217643	1.5762422735710722e-22
1.797423931	1.616772063846781e-22
1.79863022	1.8800035731223357e-22
1.799836508	2.2990265958658037e-22
1.801042796	2.27035877430872e-22
1.802249084	2.792374930536152e-22
1.803455373	3.2033842007791196e-22
1.804661661	3.6248003718822554e-22
1.805867949	4.2126354349797206e-22
1.807074237	4.742769741773287e-22
1.808280525	5.030769587503156e-22
1.809486814	5.683793191155271e-22
1.810693102	6.726630018031894e-22
1.81189939	7.371166848263331e-22
1.813105678	9.140586165936357e-22
1.814311966	9.43061559315804e-22
1.815518255	1.1528638392917577e-21
1.816724543	1.2813094173572831e-21
1.817930831	1.3536134689087876e-21
1.819137119	1.5474927212420475e-21
1.820343407	1.5771174447721215e-21
1.821549696	1.6398913488617965e-21
1.822755984	1.7296076444312614e-21
1.823962272	1.908015960960887e-21
1.82516856	1.9640978413060778e-21
1.826374849	1.9225794079787203e-21
1.827581137	1.9333881367395015e-21
1.828787425	1.746898522492581e-21
1.829993713	0.
1.831200001	0.
1.83240629	0.
1.833612578	0.
1.834818866	0.
1.836025154	0.
1.837231442	0.
1.838437731	0.
1.839644019	0.
1.840850307	0.
1.842056595	0.
1.843262883	0.
1.844469172	0.
1.84567546	0.
1.846881748	0.
1.848088036	0.
1.849294325	0.
1.850500613	0.
1.851706901	0.
1.852913189	0.
1.854119477	0.
1.855325766	0.
1.856532054	0.
1.857738342	0.
1.85894463	0.
1.860150918	0.
1.861357207	0.
1.862563495	0.
1.863769783	0.
1.864976071	0.
1.866182359	0.
1.867388648	0.
1.868594936	0.
1.869801224	0.
1.871007512	0.
1.872213801	4.204276616920289e-24
1.873420089	4.8533125194703274e-24
1.874626377	7.148997978261236e-24
1.875832665	9.436221902151916e-24
1.877038953	1.1170572559058694e-23
1.878245242	1.4799657759569457e-23
1.87945153	4.148779509931952e-23
1.880657818	-2.2471080074535463e-22
1.881864106	-3.79149794786354e-23
1.883070394	-1.1872541868587058e-23
1.884276683	9.342354866751359e-24
1.885482971	3.957139707465639e-23
1.886689259	8.601197313415506e-23
1.887895547	1.1591417364668516e-22
1.889101836	1.1985698073368607e-22
1.890308124	9.762729595391402e-23
1.891514412	5.1363448703921115e-23
1.8927207	-5.693459122339332e-23
1.893926988	-1.6778032616185466e-22
1.895133277	-1.8129410362089202e-22
1.896339565	-1.680906219415548e-22
1.897545853	-1.302956440714739e-22
1.898752141	-9.993617426085164e-23
1.899958429	-2.6499631802996826e-23
1.901164718	1.008908577091072e-22
1.902371006	4.0078539516495033e-22
1.903577294	-1.9111616529096093e-21
1.904783582	-1.6781353386198785e-22
1.90598987	9.493182073768354e-23
1.907196159	5.79503609313423e-22
1.908402447	-2.1462967592220307e-21
1.909608735	-4.849760239403798e-22
1.910815023	-2.782827728340031e-22
1.912021312	-2.118214031060182e-22
1.9132276	-1.7486943181800262e-22
1.914433888	-7.608302500057215e-23
1.915640176	-1.4866960267459582e-23
1.916846464	1.491733033278507e-23
1.918052753	2.6477815150543715e-23
1.919259041	2.6912312312000036e-23
1.920465329	2.6076536141564788e-23
1.921671617	1.796275816786892e-23
1.922877905	1.1369544788114315e-23
1.924084194	5.747891941262579e-24
1.925290482	-1.374539139954112e-24
1.92649677	-1.4648157421941158e-23
1.927703058	-3.438547309945834e-23
1.928909346	-4.367927995679546e-23
1.930115635	-1.5563792741751698e-23
1.931321923	3.733145391903464e-23
1.932528211	8.840149875192919e-23
1.933734499	1.0031552773741675e-22
1.934940788	8.511143083010327e-23
1.936147076	4.3588460454027695e-23
1.937353364	-1.728950830329306e-24
1.938559652	-2.829645649376795e-23
1.93976594	-3.51218533135352e-23
1.940972229	-2.80555941382771e-23
1.942178517	-2.431549589473808e-23
1.943384805	-2.3682316391296277e-23
1.944591093	-2.5902227431093122e-23
1.945797381	-3.193083501264586e-23
1.94700367	-4.029126343084075e-23
1.948209958	-3.717813924450606e-23
1.949416246	-4.039608801147544e-23
1.950622534	-2.901587072209769e-23
1.951828822	-2.4144325268501546e-23
1.953035111	-2.4309177637006187e-23
1.954241399	-2.4741316855059723e-23
1.955447687	-2.902645841828921e-23
1.956653975	-4.161236322473338e-23
1.957860264	-4.4281325755592507e-23
1.959066552	-1.846487416260691e-23
1.96027284	1.2706681067958548e-23
1.961479128	3.316815853697381e-23
1.962685416	4.4339850590065816e-23
1.963891705	5.1680682018469885e-23
1.965097993	4.0633683455241086e-23
1.966304281	2.393698277031396e-23
1.967510569	1.6568112423237636e-23
1.968716857	1.4840419150482291e-23
1.969923146	2.1141569591326203e-23
1.971129434	3.3173525530504224e-23
1.972335722	4.417161127726753e-23
1.97354201	4.5635500910221383e-23
1.974748298	5.0797969407693733e-23
1.975954587	4.736421375380631e-23
1.977160875	3.581929235211323e-23
1.978367163	3.275410389070889e-23
1.979573451	3.49113393657812e-23
1.98077974	3.6794186924231595e-23
1.981986028	3.8547342998543354e-23
1.983192316	3.4372484377656905e-23
1.984398604	3.226147868384201e-23
1.985604892	3.2119166503718133e-23
1.986811181	2.7389571938948096e-23
1.988017469	2.1503128097516438e-23
1.989223757	1.7900951341606098e-23
1.990430045	1.759962160659294e-23
1.991636333	1.591684914413764e-23
1.992842622	1.5557905446837464e-23
1.99404891	1.8601085719314743e-23
1.995255198	2.674076271911389e-23
1.996461486	3.9012409882109205e-23
1.997667774	5.7469619085641e-23
1.998874063	6.710102787428708e-23
2.000080351	8.485704088998361e-23
2.001286639	8.870634114443908e-23
2.002492927	6.854458938010989e-23
2.003699216	4.4427826512927907e-23
2.004905504	5.4016497132668895e-24
2.006111792	-1.2912358483210983e-23
2.00731808	-1.1806972435777618e-23
2.008524368	1.0678305598537046e-24
2.009730657	1.5742400412795275e-23
2.010936945	2.766755046451823e-23
2.012143233	3.401635552318968e-23
2.013349521	3.17928502092455e-23
2.014555809	2.305651507900583e-23
2.015762098	9.117337497816896e-24
2.016968386	-3.113006992612839e-24
2.018174674	-5.57850575403021e-24
2.019380962	-1.1492693260880621e-24
2.02058725	9.094346429259986e-24
2.021793539	2.327382219155034e-23
2.022999827	3.113121465807097e-23
2.024206115	3.9669175436347185e-23
2.025412403	3.8826212416700604e-23
2.026618692	3.556257607396016e-23
2.02782498	3.1312758302682845e-23
2.029031268	2.769599645347477e-23
2.030237556	2.5476948110994243e-23
2.031443844	2.6105974723100382e-23
2.032650133	2.2306680452212e-23
2.033856421	2.3908466764242803e-23
2.035062709	2.822049088775449e-23
2.036268997	3.404640090610462e-23
2.037475285	4.7722570758294454e-23
2.038681574	5.722862066056965e-23
2.039887862	5.435641505155345e-23
2.04109415	3.544363653818165e-23
2.042300438	8.949146028885243e-24
2.043506726	-1.502357024569879e-23
2.044713015	-1.814115998920177e-23
2.045919303	-1.1027513532240252e-23
2.047125591	2.443266415207097e-24
2.048331879	1.76906100622798e-23
2.049538168	3.381594351018207e-23
2.050744456	4.1393664956287555e-23
2.051950744	5.1941275638486284e-23
2.053157032	5.302979168273744e-23
2.05436332	5.277985491378053e-23
2.055569609	3.5138234348868905e-23
2.056775897	1.5088653314236174e-23
2.057982185	-7.609511445034856e-25
2.059188473	-7.832453493715469e-24
2.060394761	-9.549195548534851e-24
2.06160105	-9.119911387132826e-24
2.062807338	-7.609097653925384e-24
2.064013626	-3.9183448163012054e-24
2.065219914	1.657314738069847e-24
2.066426202	1.2026900011260725e-23
2.067632491	2.649711471567221e-23
2.068838779	4.079485668801824e-23
2.070045067	5.202811571578446e-23
2.071251355	4.568165701075129e-23
2.072457644	3.631273868835026e-23
2.073663932	1.4974259420615638e-23
2.07487022	-2.572505457534634e-24
2.076076508	-1.086552935454081e-23
2.077282796	-8.568969753119063e-24
2.078489085	-2.952329355957249e-24
2.079695373	3.353366457816758e-24
2.080901661	1.0219925203989111e-23
2.082107949	1.4141562240342026e-23
2.083314237	1.5717137382479945e-23
2.084520526	1.4371004844071267e-23
2.085726814	1.2121688318279905e-23
2.086933102	9.436932730984903e-24
2.08813939	8.618315896877921e-24
2.089345678	7.860885093278206e-24
2.090551967	6.2077330012328714e-24
2.091758255	3.897157898878611e-24
2.092964543	1.2785994068676257e-24
2.094170831	-8.858380611167263e-25
2.09537712	-1.8817954743292337e-24
2.096583408	-4.899461615883503e-25
2.097789696	2.2330467827396515e-24
2.098995984	4.5549453962674305e-24
2.100202272	5.446230609284173e-24
2.101408561	5.443740991472218e-24
2.102614849	5.525993595940924e-24
2.103821137	5.835316560179197e-24
2.105027425	5.1199102676422416e-24
2.106233713	3.2925511254459195e-24
2.107440002	8.620304928270799e-25
2.10864629	-1.995004837874589e-24
2.109852578	-4.7081452435674876e-24
2.111058866	-6.774603152740095e-24
2.112265155	-6.190531340553135e-24
2.113471443	-4.20820969902363e-24
2.114677731	-6.673881150391352e-25
2.115884019	2.3462503747959945e-24
2.117090307	2.0504314831751358e-24
2.118296596	2.0085651085250453e-25
2.119502884	1.482542565215146e-24
2.120709172	8.077976813499488e-24
2.12191546	1.4191205634983124e-23
2.123121748	1.3069159021339924e-23
2.124328037	6.5751184071492175e-24
2.125534325	-1.3909310907788094e-24
2.126740613	-8.201826315052766e-24
2.127946901	-1.093947146134891e-23
2.129153189	-9.064616740104745e-24
2.130359478	-4.074051745101843e-24
2.131565766	2.2214481820970364e-25
2.132772054	2.903030818306555e-24
2.133978342	4.5829475126404834e-24
2.135184631	5.841269353998748e-24
2.136390919	5.512359061801925e-24
2.137597207	2.3647948975032846e-24
2.138803495	-1.5554965826147174e-24
2.140009783	-2.8896333620615022e-24
2.141216072	8.498530594573249e-25
2.14242236	4.615739915048894e-24
2.143628648	3.765684947754418e-24
2.144834936	3.1117111528320215e-24
2.146041224	1.2137583392728353e-23
2.147247513	3.246410621438812e-23
2.148453801	4.936150288682933e-23
2.149660089	5.078796741345678e-23
2.150866377	3.727135932132434e-23
2.152072665	1.5048806454536355e-23
2.153278954	-1.0118782598638827e-23
2.154485242	-2.8966712829696894e-23
2.15569153	-3.2887641138587606e-23
2.156897818	-2.608612108230897e-23
2.158104107	-1.8303067144964534e-23
2.159310395	-1.200247379584939e-23
2.160516683	-4.990916483473155e-24
2.161722971	2.2740620675276078e-24
2.162929259	9.6684536963686e-24
2.164135548	1.6816391892427446e-23
2.165341836	2.3469398238790383e-23
2.166548124	2.8872688062631494e-23
2.167754412	2.8737190944684396e-23
2.1689607	2.3714710631663922e-23
2.170166989	1.343708091569861e-23
2.171373277	3.735916356426691e-24
2.172579565	2.0848406324771435e-24
2.173785853	1.0368695896144244e-23
2.174992141	2.5192718419328155e-23
2.17619843	4.315737361488968e-23
2.177404718	5.756163467347126e-23
2.178611006	5.952805167088947e-23
2.179817294	4.25681165168973e-23
2.181023583	2.074309495438648e-23
2.182229871	1.2897450434494286e-24
2.183436159	-8.864672880616809e-24
2.184642447	-2.833984056463704e-24
2.185848735	9.88239964818345e-24
2.187055024	1.1169270624547008e-23
2.188261312	-4.549960795209816e-24
2.1894676	-1.8420489253206438e-23
2.190673888	-1.3237058102914384e-23
2.191880176	6.3965370237135166e-24
2.193086465	3.78074520380281e-23
2.194292753	6.557416006369474e-23
2.195499041	7.028865252331911e-23
2.196705329	4.1789244949598e-23
2.197911617	3.752668860353818e-24
2.199117906	-1.3986025784401728e-23
2.200324194	-7.579373205089166e-24
2.201530482	6.289254955002902e-24
2.20273677	1.5579773817491865e-23
2.203943059	1.8678268061925544e-23
2.205149347	1.305643516727538e-23
2.206355635	3.684326600934757e-24
2.207561923	6.923402209557793e-25
2.208768211	7.295006335995904e-24
2.2099745	1.7744313274795795e-23
2.211180788	2.4469667713039543e-23
2.212387076	2.3772419787128808e-23
2.213593364	1.1358958546951039e-23
2.214799652	-1.1186885403158762e-23
2.216005941	-2.7321375488598743e-23
2.217212229	-2.9337029308477546e-23
2.218418517	-1.8950900794770757e-23
2.219624805	-4.2403873993291314e-24
2.220831093	1.0475034275676663e-23
2.222037382	2.3468100471119945e-23
2.22324367	3.116837524789201e-23
2.224449958	3.207039985912951e-23
2.225656246	2.2061872979247075e-23
2.226862535	9.228076772627469e-24
2.228068823	6.964466274189007e-24
2.229275111	1.7426920346798264e-23
2.230481399	2.938287914575061e-23
2.231687687	3.097871673149418e-23
2.232893976	2.789042972045862e-23
2.234100264	2.1794354059318278e-23
2.235306552	1.7901685356126492e-23
2.23651284	1.887814622883463e-23
2.237719128	2.701069768221242e-23
2.238925417	3.605837791259519e-23
2.240131705	3.856245419857947e-23
2.241337993	3.133369804297622e-23
2.242544281	2.3217912202287842e-23
2.243750569	1.6603456434311258e-23
2.244956858	1.2270112541264004e-23
2.246163146	9.279548378553087e-24
2.247369434	7.806831828629293e-24
2.248575722	4.791009267944784e-24
2.249782011	-2.931470466146483e-25
2.250988299	-6.11334499722426e-24
2.252194587	-1.2488941628927139e-23
2.253400875	-1.7889320893535321e-23
2.254607163	-1.994563897673819e-23
2.255813452	-2.2132735768879273e-23
2.25701974	-2.1491856395966595e-23
2.258226028	-2.066993291779185e-23
2.259432316	-2.09988981848172e-23
2.260638604	-1.9807071888357146e-23
2.261844893	-1.6515964553952852e-23
2.263051181	-6.18276485180659e-24
2.264257469	1.0488799627544022e-23
2.265463757	2.4023561838743944e-23
2.266670045	2.7486396574277493e-23
2.267876334	2.6942103262384154e-23
2.269082622	2.0453472621265985e-23
2.27028891	1.2624101194276932e-23
2.271495198	5.9733621909577545e-24
2.272701487	2.8995012016567307e-24
2.273907775	2.2249297969189103e-24
2.275114063	1.499885901789529e-24
2.276320351	8.135326033725115e-26
2.277526639	-1.748698721865664e-24
2.278732928	-3.933800151833899e-24
2.279939216	-4.603865151011999e-24
2.281145504	-1.2419899727292498e-24
2.282351792	4.790499759016425e-24
2.28355808	8.319788132431838e-24
2.284764369	8.787994898028479e-24
2.285970657	7.497317827485347e-24
2.287176945	6.957531121467874e-24
2.288383233	6.898866892603905e-24
2.289589521	7.847445709654408e-24
2.29079581	9.010273681838945e-24
2.292002098	1.1334555074474618e-23
2.293208386	1.5192308636368646e-23
2.294414674	1.9663487744640014e-23
2.295620963	2.5198477584645335e-23
2.296827251	2.890167570897295e-23
2.298033539	2.796570596516507e-23
2.299239827	2.071893026669488e-23
2.300446115	1.5102448938146527e-23
2.301652404	1.1037401310085872e-23
2.302858692	1.0061005264817636e-23
2.30406498	1.3416473195343437e-23
2.305271268	1.9189231494058895e-23
2.306477556	2.396068208434732e-23
2.307683845	2.8420995960750895e-23
2.308890133	2.6030147917493887e-23
2.310096421	2.3118850827720673e-23
2.311302709	1.4045094494792784e-23
2.312508997	7.372092982784372e-24
2.313715286	9.287617596274114e-24
2.314921574	1.771439892639833e-23
2.316127862	2.7041140359601014e-23
2.31733415	3.2825593598481404e-23
2.318540439	2.772277404786773e-23
2.319746727	3.8966410602951796e-24
2.320953015	-1.6234844383621737e-23
2.322159303	-1.7819746459167235e-23
2.323365591	-5.07995339359045e-24
2.32457188	7.710470449388227e-24
2.325778168	1.594621411709893e-23
2.326984456	1.8045204672556367e-23
2.328190744	1.3581339714464075e-23
2.329397032	7.961367890452694e-24
2.330603321	6.753283550797435e-24
2.331809609	1.0416950298606466e-23
2.333015897	1.4416492150819466e-23
2.334222185	1.2232107362376892e-23
2.335428474	1.0323533107187024e-23
2.336634762	7.408331291808779e-24
2.33784105	9.727799336848899e-24
2.339047338	1.1966454977246633e-23
2.340253626	1.4427026829538634e-23
2.341459915	1.474910240619595e-23
2.342666203	1.2136659411467165e-23
2.343872491	8.503052481250771e-24
2.345078779	8.859369299478562e-24
2.346285067	1.3522353246966646e-23
2.347491356	1.9803776042219067e-23
2.348697644	2.7014381626001175e-23
2.349903932	3.3747465515905643e-23
2.35111022	3.226394430220921e-23
2.352316508	1.7768108152345287e-23
2.353522797	6.345440607919776e-24
2.354729085	7.972553955424056e-24
2.355935373	1.3932434372485697e-23
2.357141661	2.072700366238588e-23
2.35834795	2.3352694185733256e-23
2.359554238	2.0304798852395025e-23
2.360760526	1.2126472809746457e-23
2.361966814	2.0113691486566186e-24
2.363173102	-3.377029040327066e-24
2.364379391	-2.520694906445637e-24
2.365585679	5.3240955774049774e-24
2.366791967	1.9872468004105655e-23
2.367998255	3.982485475122745e-23
2.369204543	5.466185326484498e-23
2.370410832	5.764598320023128e-23
2.37161712	4.4238600073729027e-23
2.372823408	2.0732926785202308e-23
2.374029696	6.291704891567473e-24
2.375235984	3.787312738173183e-24
2.376442273	6.332098951131473e-24
2.377648561	5.267758489192495e-24
2.378854849	4.219327936366411e-25
2.380061137	-7.345503642780881e-25
2.381267426	5.114207870011771e-24
2.382473714	1.419348775407494e-23
2.383680002	2.5949309270252885e-23
2.38488629	3.3291071011758623e-23
2.386092578	3.5766871539689695e-23
2.387298867	3.1078281073345304e-23
2.388505155	1.71281176112311e-23
2.389711443	4.23609300809348e-24
2.390917731	-1.893348971373678e-24
2.392124019	-1.0891489439061426e-24
2.393330308	5.27352955342674e-24
2.394536596	1.2369533688616971e-23
2.395742884	1.729831551253075e-23
2.396949172	1.7795092057761002e-23
2.39815546	1.396872712643264e-23
2.399361749	6.917235584370626e-24
2.400568037	3.329001350364023e-24
2.401774325	5.850053944490894e-24
2.402980613	1.1844105994632059e-23
2.404186902	1.2623251126519064e-23
2.40539319	1.1388064852869552e-23
2.406599478	9.748669236188219e-24
2.407805766	1.0255926266009025e-23
2.409012054	1.1807638972782103e-23
2.410218343	1.3703092337923627e-23
2.411424631	1.811525705028897e-23
2.412630919	2.6772495193735615e-23
2.413837207	4.669865415836243e-23
2.415043495	6.39624879085595e-23
2.416249784	5.617498357533596e-23
2.417456072	4.1728093230789614e-23
2.41866236	1.8882508712368934e-23
2.419868648	-5.7320771404665065e-24
2.421074936	-1.8353446708904398e-23
2.422281225	-1.1332396835217025e-23
2.423487513	-4.0509211562368314e-25
2.424693801	7.96087300825761e-24
2.425900089	1.1822771688535805e-23
2.427106378	1.2402685467334074e-23
2.428312666	1.2043067403931898e-23
2.429518954	2.1908347819716758e-23
2.430725242	5.294444135792011e-23
2.43193153	9.634338337544029e-23
2.433137819	1.2797384477053574e-22
2.434344107	1.1903820823831537e-22
2.435550395	7.07771422414976e-23
2.436756683	-1.2567460114751143e-23
2.437962971	-7.294479443467816e-23
2.43916926	-8.177667690705749e-23
2.440375548	-3.881239165054105e-23
2.441581836	1.7128837404784448e-23
2.442788124	8.750844996096376e-23
2.443994412	1.5620260504494096e-22
2.445200701	1.8024412437289207e-22
2.446406989	2.0581486854800243e-22
2.447613277	1.7919945820727234e-22
2.448819565	1.4309115016205082e-22
2.450025854	9.541924643058648e-23
2.451232142	4.288302217094183e-23
2.45243843	1.3755203166517092e-24
2.453644718	-3.1806438726456954e-23
2.454851006	-5.395024986017385e-23
2.456057295	-5.128142614334906e-23
2.457263583	-2.5047024112410066e-23
2.458469871	1.0334109183263773e-23
2.459676159	5.0972927227487294e-23
2.460882447	8.612171503381344e-23
2.462088736	1.0987769100184044e-22
2.463295024	8.395722633291697e-23
2.464501312	5.241968467498567e-23
2.4657076	2.887424691297437e-23
2.466913888	3.046366913867158e-23
2.468120177	4.8400377840933063e-23
2.469326465	9.007253909872159e-23
2.470532753	1.2080563478839005e-22
2.471739041	1.0633743509063286e-22
2.47294533	6.215679591853006e-23
2.474151618	1.1304878707324722e-23
2.475357906	-9.078689565508076e-24
2.476564194	-2.9728893724252793e-24
2.477770482	3.648866707031634e-23
2.478976771	9.567292868736547e-23
2.480183059	1.5503309580604445e-22
2.481389347	1.6915670601284488e-22
2.482595635	1.5512652597181351e-22
2.483801923	1.1997934571884143e-22
2.485008212	9.230188839932706e-23
2.4862145	8.131907038052922e-23
2.487420788	7.705254895841882e-23
2.488627076	8.356022033330687e-23
2.489833364	8.975879444429504e-23
2.491039653	1.1134958099639352e-22
2.492245941	1.5306697447367023e-22
2.493452229	1.6572120827631141e-22
2.494658517	1.3406084009213036e-22
2.495864806	6.798778097651364e-23
2.497071094	1.2893493364363086e-23