0.45	2.4718301358322863e-14
0.451155239	2.4077383321195195e-14
0.452310479	2.483926574723599e-14
0.453465718	2.4606099843361706e-14
0.454620957	2.40735773466754e-14
0.455776196	2.360323516885321e-14
0.456931436	2.38961025915363e-14
0.458086675	2.3058414918035045e-14
0.459241914	2.3912078010714663e-14
0.460397153	2.4495470867867844e-14
0.461552393	2.3903799006173763e-14
0.462707632	2.2196296977574714e-14
0.463862871	2.2967755777956483e-14
0.46501811	2.3301217705796658e-14
0.46617335	2.370138781723196e-14
0.467328589	2.3545666514103532e-14
0.468483828	2.3428577065417513e-14
0.469639068	2.2976628087830756e-14
0.470794307	2.3400940308641916e-14
0.471949546	2.2039485022969706e-14
0.473104785	2.2848791246232252e-14
0.474260025	2.312668302132317e-14
0.475415264	2.2735188723845316e-14
0.476570503	2.3042786899582587e-14
0.477725742	2.1975917845715122e-14
0.478880982	2.3088099485377612e-14
0.480036221	2.2857246750237764e-14
0.48119146	2.3041767233914695e-14
0.4823467	2.4667603391794038e-14
0.483501939	2.6380716501164066e-14
0.484657178	2.361448604921069e-14
0.485812417	1.510483708122973e-14
0.486967657	1.518301996123024e-14
0.488122896	1.8003890962694707e-14
0.489278135	2.0697280345145806e-14
0.490433374	2.0482129338980697e-14
0.491588614	2.1049566230847792e-14
0.492743853	2.0450956791593906e-14
0.493899092	2.061320382346418e-14
0.495054331	2.0212431040211374e-14
0.496209571	2.0600790607657903e-14
0.49736481	1.9899153537885036e-14
0.498520049	2.0412769290762043e-14
0.499675289	1.8579548308836126e-14
0.500830528	1.8707362452519868e-14
0.501985767	1.8708672993257662e-14
0.503141006	1.8724512214896442e-14
0.504296246	1.906165053765169e-14
0.505451485	1.842747908996988e-14
0.506606724	1.8551650666327592e-14
0.507761963	1.8906758277488347e-14
0.508917203	1.867970869996702e-14
0.510072442	1.83402707384342e-14
0.511227681	1.7909599951792053e-14
0.512382921	1.8000268269083854e-14
0.51353816	1.7976178260888948e-14
0.514693399	1.7525889063461948e-14
0.515848638	1.698126953815864e-14
0.517003878	1.7300939032274314e-14
0.518159117	1.7692521761501327e-14
0.519314356	1.706430748651897e-14
0.520469595	1.7022505491010788e-14
0.521624835	1.6624823027900542e-14
0.522780074	1.6944154711120668e-14
0.523935313	1.6527042487006207e-14
0.525090552	1.6228519878500176e-14
0.526245792	1.6918876607379133e-14
0.527401031	1.6038408228900187e-14
0.52855627	1.61642764647997e-14
0.52971151	1.6411815420145732e-14
0.530866749	1.572073679695394e-14
0.532021988	1.5766470196758564e-14
0.533177227	1.5974223964487732e-14
0.534332467	1.6045380564298292e-14
0.535487706	1.5688258127450844e-14
0.536642945	1.6006624896561098e-14
0.537798184	1.5893854166165017e-14
0.538953424	1.5661155941242162e-14
0.540108663	1.5899419587205396e-14
0.541263902	1.533129946171239e-14
0.542419142	1.5280518813496675e-14
0.543574381	1.5308455338738353e-14
0.54472962	1.5311861362212962e-14
0.545884859	1.5102573005030437e-14
0.547040099	1.5161181498438334e-14
0.548195338	1.506441469195676e-14
0.549350577	1.4724008721154022e-14
0.550505816	1.471524581924023e-14
0.551661056	1.4678030515039152e-14
0.552816295	1.454145689339889e-14
0.553971534	1.441384925919071e-14
0.555126773	1.4460940959756453e-14
0.556282013	1.4570828164250806e-14
0.557437252	1.4241675506909427e-14
0.558592491	1.4500694536812162e-14
0.559747731	1.4185261659447936e-14
0.56090297	1.3956576169287379e-14
0.562058209	1.3995033011531275e-14
0.563213448	1.3653318170577779e-14
0.564368688	1.3498080278318632e-14
0.565523927	1.3674263998754878e-14
0.566679166	1.3346427493028864e-14
0.567834405	1.3161609528249464e-14
0.568989645	1.3452263724585036e-14
0.570144884	1.325451999080176e-14
0.571300123	1.3355287471321208e-14
0.572455362	1.290058757536004e-14
0.573610602	1.2939671698789605e-14
0.574765841	1.2836402420778478e-14
0.57592108	1.2993402601242411e-14
0.57707632	1.264767871217698e-14
0.578231559	1.2462014539478527e-14
0.579386798	1.2417182210344653e-14
0.580542037	1.2354885702728488e-14
0.581697277	1.2407662146618692e-14
0.582852516	1.2206714353254446e-14
0.584007755	1.225822241954568e-14
0.585162994	1.2441768608657435e-14
0.586318234	1.2541585978530199e-14
0.587473473	1.2063703689802935e-14
0.588628712	1.160626350173436e-14
0.589783952	1.2093300471696557e-14
0.590939191	1.1500033782981465e-14
0.59209443	1.1682286518178563e-14
0.593249669	1.1607203842275655e-14
0.594404909	1.1590071404958681e-14
0.595560148	1.1561298278690674e-14
0.596715387	1.1344161374824584e-14
0.597870626	1.1389497517565498e-14
0.599025866	1.1258232142280048e-14
0.600181105	1.1117553640576202e-14
0.601336344	1.1104682488586353e-14
0.602491583	1.1243034547113385e-14
0.603646823	1.0743201200315867e-14
0.604802062	1.0861029946892214e-14
0.605957301	1.0884939889722418e-14
0.607112541	1.0806522054037723e-14
0.60826778	1.0697797435080135e-14
0.609423019	1.0565597638275249e-14
0.610578258	1.0717751668834488e-14
0.611733498	1.041232080672226e-14
0.612888737	1.041922988784241e-14
0.614043976	1.0202474440446542e-14
0.615199215	1.001793949441199e-14
0.616354455	1.0447750183994584e-14
0.617509694	1.0043930865395305e-14
0.618664933	9.926885745420889e-15
0.619820173	9.97675410007229e-15
0.620975412	9.737239080096045e-15
0.622130651	9.561455592229284e-15
0.62328589	9.411827253057693e-15
0.62444113	9.333951275528137e-15
0.625596369	9.567880411764722e-15
0.626751608	9.279121975102322e-15
0.627906847	8.90437167569729e-15
0.629062087	8.795342933571203e-15
0.630217326	8.984622136691613e-15
0.631372565	9.012204667686222e-15
0.632527804	8.888980019696004e-15
0.633683044	8.755855457691615e-15
0.634838283	8.49495471094647e-15
0.635993522	8.632586188622904e-15
0.637148762	8.448028348685928e-15
0.638304001	8.43016403146594e-15
0.63945924	8.312440379191117e-15
0.640614479	8.323924271452215e-15
0.641769719	8.389102352533984e-15
0.642924958	8.347593602680393e-15
0.644080197	8.171990227151112e-15
0.645235436	8.069761750963874e-15
0.646390676	8.316355393342054e-15
0.647545915	8.351270413363527e-15
0.648701154	8.151608131260874e-15
0.649856394	7.970730614884613e-15
0.651011633	7.947166507212534e-15
0.652166872	8.057960131571118e-15
0.653322111	8.19993933690984e-15
0.654477351	8.339342826712175e-15
0.65563259	7.491135671615346e-15
0.656787829	7.086964808694849e-15
0.657943068	7.412994655747067e-15
0.659098308	7.284590272801198e-15
0.660253547	6.8018251601552624e-15
0.661408786	6.451439721965065e-15
0.662564025	6.383905708953576e-15
0.663719265	6.3680605699340815e-15
0.664874504	6.278344037881503e-15
0.666029743	6.220828517525824e-15
0.667184983	6.236115737167746e-15
0.668340222	6.1873013806997574e-15
0.669495461	6.208215159452092e-15
0.6706507	6.198041482059327e-15
0.67180594	6.0939959211046995e-15
0.672961179	6.005222296118892e-15
0.674116418	5.974412749832337e-15
0.675271657	6.031188079011673e-15
0.676426897	6.087380205736729e-15
0.677582136	5.973885817881727e-15
0.678737375	5.933069851149567e-15
0.679892614	5.9173135604312285e-15
0.681047854	5.8972576962600605e-15
0.682203093	5.850653960243672e-15
0.683358332	5.813339325513833e-15
0.684513572	5.91012570181925e-15
0.685668811	6.616888431356087e-15
0.68682405	7.261272513418751e-15
0.687979289	7.237240949299459e-15
0.689134529	7.062794336212228e-15
0.690289768	6.5256829174624706e-15
0.691445007	5.754554111114217e-15
0.692600246	5.4630708568662095e-15
0.693755486	5.56902879055645e-15
0.694910725	5.555171113003883e-15
0.696065964	5.44700097759431e-15
0.697221204	5.45463785177984e-15
0.698376443	5.492343304643454e-15
0.699531682	5.46860042482507e-15
0.700686921	5.414976428565838e-15
0.701842161	5.389368354915573e-15
0.7029974	5.313875828072238e-15
0.704152639	5.2639146623297255e-15
0.705307878	5.233115267897918e-15
0.706463118	5.229241630826206e-15
0.707618357	5.2437147084293615e-15
0.708773596	5.2803870780968915e-15
0.709928835	5.174135697894677e-15
0.711084075	5.093761484260777e-15
0.712239314	5.116681331823701e-15
0.713394553	5.176559254931776e-15
0.714549793	5.1640915590207534e-15
0.715705032	5.2318225289255164e-15
0.716860271	5.585033814880291e-15
0.71801551	6.052781434547432e-15
0.71917075	6.0941005003796094e-15
0.720325989	5.6124762856315564e-15
0.721481228	5.206356110839107e-15
0.722636467	5.038652967888728e-15
0.723791707	5.312110638413715e-15
0.724946946	5.589527220636903e-15
0.726102185	5.4418022907213705e-15
0.727257425	5.449410164522214e-15
0.728412664	5.568302862642964e-15
0.729567903	5.284420687966966e-15
0.730723142	4.782091744253129e-15
0.731878382	4.6490649350494274e-15
0.733033621	4.676018361005597e-15
0.73418886	4.66675360669195e-15
0.735344099	4.63384506032773e-15
0.736499339	4.567300420181521e-15
0.737654578	4.518853428995603e-15
0.738809817	4.568356060055974e-15
0.739965056	4.660878886653217e-15
0.741120296	4.630708699329642e-15
0.742275535	4.487567846160351e-15
0.743430774	4.354001665527067e-15
0.744586014	4.38720188850466e-15
0.745741253	4.444090884542601e-15
0.746896492	4.330825476276841e-15
0.748051731	4.355114205797747e-15
0.749206971	4.3611053291269815e-15
0.75036221	4.350500771628122e-15
0.751517449	4.361195085136902e-15
0.752672688	4.377131005973179e-15
0.753827928	4.331341978890805e-15
0.754983167	4.313731402626121e-15
0.756138406	4.367639404542061e-15
0.757293646	4.609473945198289e-15
0.758448885	5.432553834710676e-15
0.759604124	6.283984058320135e-15
0.760759363	5.687224755780967e-15
0.761914603	4.526650991691721e-15
0.763069842	4.562095692650378e-15
0.764225081	4.603257209179578e-15
0.76538032	4.5759870163530465e-15
0.76653556	4.75957525787845e-15
0.767690799	4.965932687128164e-15
0.768846038	5.0657265085125265e-15
0.770001277	5.0692321478499045e-15
0.771156517	5.03776231192522e-15
0.772311756	4.991212404825262e-15
0.773466995	5.019208570149634e-15
0.774622235	5.072435101589816e-15
0.775777474	5.029919549084103e-15
0.776932713	4.780666739051514e-15
0.778087952	4.861930627583485e-15
0.779243192	5.041796671619941e-15
0.780398431	4.93944584688307e-15
0.78155367	4.874228240051205e-15
0.782708909	4.845317751325111e-15
0.783864149	4.748251315183544e-15
0.785019388	4.619366499162487e-15
0.786174627	4.612760647254298e-15
0.787329866	4.601198149328434e-15
0.788485106	4.57438870217712e-15
0.789640345	4.508040292411769e-15
0.790795584	4.540551300219039e-15
0.791950824	4.549832982625368e-15
0.793106063	4.569146615470027e-15
0.794261302	4.585881437599689e-15
0.795416541	4.629682407106781e-15
0.796571781	4.617464060273203e-15
0.79772702	4.550840626862766e-15
0.798882259	4.507241925509177e-15
0.800037498	4.49777459529853e-15
0.801192738	4.4488098214244176e-15
0.802347977	4.395002525876585e-15
0.803503216	4.350691130307017e-15
0.804658456	4.358904261914796e-15
0.805813695	4.294143912310751e-15
0.806968934	4.2094694287158136e-15
0.808124173	4.194327950712476e-15
0.809279413	4.2432022973325674e-15
0.810434652	4.1838381232467055e-15
0.811589891	4.138493832452264e-15
0.81274513	4.150334901001364e-15
0.81390037	4.135970225758382e-15
0.815055609	4.060705158677341e-15
0.816210848	3.922678787077517e-15
0.817366087	3.883728824932079e-15
0.818521327	3.870798641400221e-15
0.819676566	3.8775493640754544e-15
0.820831805	3.9369521167424855e-15
0.821987045	3.925401504680023e-15
0.823142284	3.828820022745272e-15
0.824297523	3.842093346586757e-15
0.825452762	3.917505429024561e-15
0.826608002	3.993688402364604e-15
0.827763241	3.911986678042738e-15
0.82891848	3.7982031801851696e-15
0.830073719	3.752552300798842e-15
0.831228959	3.7425872792888904e-15
0.832384198	3.708297673752597e-15
0.833539437	3.671457264819011e-15
0.834694677	3.65804068973537e-15
0.835849916	3.600763360590418e-15
0.837005155	3.5256713006972936e-15
0.838160394	3.5432844634028354e-15
0.839315634	3.5290555749541772e-15
0.840470873	3.6392532308734784e-15
0.841626112	3.624916516755926e-15
0.842781351	3.91740203872355e-15
0.843936591	3.741462836238618e-15
0.84509183	3.886575974585828e-15
0.846247069	3.724981934583388e-15
0.847402308	3.7392083625435784e-15
0.848557548	4.166810516404574e-15
0.849712787	4.16880369767537e-15
0.850868026	3.4258741369021746e-15
0.852023266	3.8193195910075694e-15
0.853178505	4.066436515283613e-15
0.854333744	3.879427603577249e-15
0.855488983	3.5138361259568814e-15
0.856644223	3.9823726693586075e-15
0.857799462	4.0370278809665404e-15
0.858954701	3.74213858612125e-15
0.86010994	3.365477576961983e-15
0.86126518	3.724221290313518e-15
0.862420419	4.043375548457668e-15
0.863575658	4.2395171725934706e-15
0.864730898	4.2302254696032536e-15
0.865886137	3.919485386511173e-15
0.867041376	3.2736524100740226e-15
0.868196615	3.4822250747404757e-15
0.869351855	3.962134687099567e-15
0.870507094	4.118259188651355e-15
0.871662333	4.105572545206166e-15
0.872817572	4.117979823927921e-15
0.873972812	3.682994279779259e-15
0.875128051	3.1288786786997134e-15
0.87628329	3.670472030130343e-15
0.877438529	4.0255639807795925e-15
0.878593769	4.0073455186479105e-15
0.879749008	3.9792629007594295e-15
0.880904247	3.9888510073332414e-15
0.882059487	3.990799487289081e-15
0.883214726	3.903378268094883e-15
0.884369965	3.824655109671079e-15
0.885525204	3.455304885391548e-15
0.886680444	2.9938579924439124e-15
0.887835683	3.379628039961219e-15
0.888990922	3.7790568385170804e-15
0.890146161	3.741479237549515e-15
0.891301401	3.6514684838471315e-15
0.89245664	3.63439864942778e-15
0.893611879	3.6735377530926524e-15
0.894767119	3.6923764690067935e-15
0.895922358	3.66287549959856e-15
0.897077597	3.572030344928319e-15
0.898232836	3.4795823792089476e-15
0.899388076	3.1840496251706407e-15
0.900543315	2.8516572618057397e-15
0.901698554	2.660254285950397e-15
0.902853793	3.0967343269925405e-15
0.904009033	3.323339185719421e-15
0.905164272	3.4042359183499876e-15
0.906319511	3.3464852481203335e-15
0.90747475	3.332584475403316e-15
0.90862999	3.2431528840082406e-15
0.909785229	3.1247232898316782e-15
0.910940468	3.041815443970294e-15
0.912095708	3.0243523554965516e-15
0.913250947	3.033645768452053e-15
0.914406186	3.113858012856361e-15
0.915561425	3.0655827179430285e-15
0.916716665	3.0500807764040386e-15
0.917871904	2.890751415497932e-15
0.919027143	2.8442938003863506e-15
0.920182382	2.8814041959632263e-15
0.921337622	2.7338887699498385e-15
0.922492861	2.3340722798264676e-15
0.9236481	2.329152928085357e-15
0.924803339	2.645705536918323e-15
0.925958579	2.6743235470161965e-15
0.927113818	2.582777928499611e-15
0.928269057	2.6045307926928146e-15
0.929424297	2.6529889097098975e-15
0.930579536	2.62363929444613e-15
0.931734775	2.4804066731218743e-15
0.932890014	2.330184100625728e-15
0.934045254	2.1393389345326007e-15
0.935200493	2.0969634686477116e-15
0.936355732	2.1209174211967026e-15
0.937510971	2.14103779104779e-15
0.938666211	2.1734326637173313e-15
0.93982145	2.208673019630226e-15
0.940976689	2.189268280406028e-15
0.942131929	2.1733478212628146e-15
0.943287168	2.069907308547897e-15
0.944442407	2.028144290365639e-15
0.945597646	2.11556193142682e-15
0.946752886	2.151399197241442e-15
0.947908125	2.1639374584322075e-15
0.949063364	2.2304649823690655e-15
0.950218603	2.2508091511981252e-15
0.951373843	2.5127135124677706e-15
0.952529082	2.6096895723902964e-15
0.953684321	2.488427703989388e-15
0.95483956	1.9073507958551706e-15
0.9559948	1.8757652149802116e-15
0.957150039	2.0357337426254606e-15
0.958305278	2.051287412844034e-15
0.959460518	2.019872866243772e-15
0.960615757	1.9654508565887626e-15
0.961770996	1.8847230695309696e-15
0.962926235	1.858567130923932e-15
0.964081475	1.8866598960257186e-15
0.965236714	1.88828998725222e-15
0.966391953	1.83673550184691e-15
0.967547192	1.8329735892089713e-15
0.968702432	1.8376347628999972e-15
0.969857671	1.8300940819017734e-15
0.97101291	0.
0.97216815	0.
0.973323389	0.
0.974478628	0.
0.975633867	0.
0.976789107	0.
0.977944346	0.
0.979099585	0.
0.980254824	0.
0.981410064	0.
0.982565303	0.
0.983720542	0.
0.984875781	0.
0.986031021	0.
0.98718626	0.
0.988341499	0.
0.989496739	0.
0.990651978	0.
0.991807217	0.
0.992962456	0.
0.994117696	0.
0.995272935	0.
0.996428174	0.
0.997583413	3.2157637052317383e-15
0.998738653	3.1854462894130307e-15
0.999893892	3.148126998528028e-15
1.001049131	3.0732145904661186e-15
1.002204371	2.9769567909240448e-15
1.00335961	2.824702906307602e-15
1.004514849	2.651583030545993e-15
1.005670088	2.6104014254255807e-15
1.006825328	2.6544552788570547e-15
1.007980567	2.603788705343418e-15
1.009135806	2.586472845458359e-15
1.010291045	2.5885343483428433e-15
1.011446285	2.651878040394177e-15
1.012601524	2.6462257012404155e-15
1.013756763	2.6608205257116228e-15
1.014912002	2.6598804290533477e-15
1.016067242	2.674369496423366e-15
1.017222481	2.5718444312900084e-15
1.01837772	2.508549231459398e-15
1.01953296	2.5193844003478387e-15
1.020688199	2.5533311567570727e-15
1.021843438	2.568131650349475e-15
1.022998677	2.5324652932643454e-15
1.024153917	2.4799777680135427e-15
1.025309156	2.455257694700403e-15
1.026464395	2.425395595277903e-15
1.027619634	2.3845259782282914e-15
1.028774874	2.3901452985057393e-15
1.029930113	2.4165949981832127e-15
1.031085352	2.371539275288221e-15
1.032240591	2.3290722701377704e-15
1.033395831	2.3341857485702876e-15
1.03455107	2.3410222225639825e-15
1.035706309	2.3137651188664308e-15
1.036861549	2.3074403045885276e-15
1.038016788	2.3243967487821962e-15
1.039172027	2.329564793958348e-15
1.040327266	2.329698213669206e-15
1.041482506	2.3233290509664564e-15
1.042637745	2.292056582560294e-15
1.043792984	2.245996956338593e-15
1.044948223	2.240745858970675e-15
1.046103463	2.2521631375865634e-15
1.047258702	2.2174931981357472e-15
1.048413941	2.2037171769692228e-15
1.049569181	2.223785416827542e-15
1.05072442	2.195618528606803e-15
1.051879659	2.1465359463745656e-15
1.053034898	2.153494981954108e-15
1.054190138	2.1710573145437216e-15
1.055345377	2.137320602587033e-15
1.056500616	2.122869907671063e-15
1.057655855	2.160615609312659e-15
1.058811095	2.1654622916281528e-15
1.059966334	2.1361478624444853e-15
1.061121573	2.12517974317214e-15
1.062276812	2.1252464669505144e-15
1.063432052	2.122388907996065e-15
1.064587291	2.1247498628048932e-15
1.06574253	2.124337332205031e-15
1.06689777	2.122806083459595e-15
1.068053009	2.125238866387946e-15
1.069208248	2.142107471154642e-15
1.070363487	2.152233456122274e-15
1.071518727	2.126936908361473e-15
1.072673966	2.1103533998988103e-15
1.073829205	2.1154144762218215e-15
1.074984444	2.1098670038738394e-15
1.076139684	2.0939297912453946e-15
1.077294923	2.088220176911427e-15
1.078450162	2.0749735715439696e-15
1.079605402	2.035225085186166e-15
1.080760641	2.0328750151827863e-15
1.08191588	2.073073457362461e-15
1.083071119	2.073180235053564e-15
1.084226359	2.0431335770829883e-15
1.085381598	2.016166414716484e-15
1.086536837	2.0345657361335216e-15
1.087692076	2.113510994855469e-15
1.088847316	2.1160713014371388e-15
1.090002555	2.04549342136162e-15
1.091157794	1.9977836098218894e-15
1.092313033	1.984719234479979e-15
1.093468273	2.052843714598875e-15
1.094623512	2.0927333401376177e-15
1.095778751	2.046117315575936e-15
1.096933991	2.0137412139806423e-15
1.09808923	1.994043328776004e-15
1.099244469	1.9453672089622697e-15
1.100399708	1.9105758772949837e-15
1.101554948	1.9239793717588165e-15
1.102710187	1.928012770174537e-15
1.103865426	1.900252909083451e-15
1.105020665	1.8746539683153267e-15
1.106175905	1.854268358898547e-15
1.107331144	1.8313423301823593e-15
1.108486383	1.800661530467626e-15
1.109641623	1.7612092976891266e-15
1.110796862	1.7292004935959927e-15
1.111952101	1.7082028240989139e-15
1.11310734	1.688547946685777e-15
1.11426258	1.6712805817699586e-15
1.115417819	1.6624217214736462e-15
1.116573058	1.660169541916315e-15
1.117728297	1.658953338377167e-15
1.118883537	1.6737503216918899e-15
1.120038776	1.7002200845657163e-15
1.121194015	1.7078357447450573e-15
1.122349254	1.7215970085167265e-15
1.123504494	1.7478788283730871e-15
1.124659733	1.7752840256240028e-15
1.125814972	1.7883523628808454e-15
1.126970212	1.7389321819547017e-15
1.128125451	1.6718695586201543e-15
1.12928069	1.6454832188400182e-15
1.130435929	1.6589872083745204e-15
1.131591169	1.6986399034893037e-15
1.132746408	1.7503432047323825e-15
1.133901647	1.8038912280453786e-15
1.135056886	1.810160375125071e-15
1.136212126	1.774805436769905e-15
1.137367365	1.7518943466601767e-15
1.138522604	1.724190517052324e-15
1.139677843	1.6901197957649637e-15
1.140833083	1.656866268057837e-15
1.141988322	1.6268919957411438e-15
1.143143561	1.6161917154408668e-15
1.144298801	1.6237126974902061e-15
1.14545404	1.630151466573989e-15
1.146609279	1.6473196586052018e-15
1.147764518	1.678389701747031e-15
1.148919758	1.6989855964056794e-15
1.150074997	1.7060493744192328e-15
1.151230236	1.7058220012880014e-15
1.152385475	1.6941900267741017e-15
1.153540715	1.6639455985966414e-15
1.154695954	1.6343237862537305e-15
1.155851193	1.613799958514979e-15
1.157006433	1.5913238884066214e-15
1.158161672	1.5734076908988006e-15
1.159316911	1.5741880313408782e-15
1.16047215	1.5815501259050536e-15
1.16162739	1.5831851562935288e-15
1.162782629	1.5727624348298572e-15
1.163937868	1.551314728735231e-15
1.165093107	1.536654553004558e-15
1.166248347	1.5272151539322234e-15
1.167403586	1.5128095469427876e-15
1.168558825	1.5087584135377995e-15
1.169714064	1.517368182520457e-15
1.170869304	1.5079268046755177e-15
1.172024543	1.4777899896378477e-15
1.173179782	1.4486963459047676e-15
1.174335022	1.427735234283793e-15
1.175490261	1.4284017433949134e-15
1.1766455	1.4324325355223127e-15
1.177800739	1.4288698970002802e-15
1.178955979	1.4168571156154735e-15
1.180111218	1.4021897641762184e-15
1.181266457	1.4116829215549008e-15
1.182421696	1.4358685574645242e-15
1.183576936	1.4646289911047349e-15
1.184732175	1.457697557845102e-15
1.185887414	1.409043152353987e-15
1.187042654	1.393229613632793e-15
1.188197893	1.402149657025091e-15
1.189353132	1.37691378030649e-15
1.190508371	1.3425565494259354e-15
1.191663611	1.3193904508356938e-15
1.19281885	1.2994441732166136e-15
1.193974089	1.2798673749666646e-15
1.195129328	1.2667822864090074e-15
1.196284568	1.2653751980092534e-15
1.197439807	1.2927100978396954e-15
1.198595046	1.317571303792161e-15
1.199750285	1.3029988035858257e-15
1.200905525	1.2819248598920367e-15
1.202060764	1.2649777809135008e-15
1.203216003	1.2698314115431432e-15
1.204371243	1.2766098103877745e-15
1.205526482	1.2344900365821409e-15
1.206681721	1.2211848934760733e-15
1.20783696	1.2647993098305082e-15
1.2089922	1.2860310126951902e-15
1.210147439	1.2766380059306134e-15
1.211302678	1.2669372059452259e-15
1.212457917	1.2522961161663018e-15
1.213613157	1.2374519928131763e-15
1.214768396	1.2211405417216898e-15
1.215923635	1.206321619499692e-15
1.217078875	1.1966409536409923e-15
1.218234114	1.1891679533641978e-15
1.219389353	1.1813005174814645e-15
1.220544592	1.1726424580977045e-15
1.221699832	1.1636902228434004e-15
1.222855071	1.1570500826869592e-15
1.22401031	1.153068935217299e-15
1.225165549	1.150087432226149e-15
1.226320789	1.1486507260410088e-15
1.227476028	1.1550821071663839e-15
1.228631267	1.152529388646255e-15
1.229786506	1.128135648134374e-15
1.230941746	1.1061843924015172e-15
1.232096985	1.0924475694498915e-15
1.233252224	1.0814881430956131e-15
1.234407464	1.082276171908093e-15
1.235562703	1.0898870908697168e-15
1.236717942	1.0981968174902161e-15
1.237873181	1.1025267443202656e-15
1.239028421	1.1039898242590658e-15
1.24018366	1.104725900655965e-15
1.241338899	1.0959957482792522e-15
1.242494138	1.0849685583086416e-15
1.243649378	1.0778686003421151e-15
1.244804617	1.0692072639236279e-15
1.245959856	1.0584350797064763e-15
1.247115095	1.049614204170765e-15
1.248270335	1.0423991590121342e-15
1.249425574	1.0337233873985662e-15
1.250580813	1.0288942748508444e-15
1.251736053	1.031939556833841e-15
1.252891292	1.0292858898823408e-15
1.254046531	1.0184270628317507e-15
1.25520177	1.011367362429142e-15
1.25635701	1.004734312192699e-15
1.257512249	9.950607072131882e-16
1.258667488	9.858727463598882e-16
1.259822727	9.773383523947503e-16
1.260977967	9.758040553190945e-16
1.262133206	9.803125307347751e-16
1.263288445	9.852572353252224e-16
1.264443685	9.910280686667194e-16
1.265598924	9.977647282529835e-16
1.266754163	1.0090431586982461e-15
1.267909402	1.0237854868385737e-15
1.269064642	1.0244313814229293e-15
1.270219881	1.013876770239364e-15
1.27137512	1.0106874027956522e-15
1.272530359	1.0114481589127117e-15
1.273685599	1.0161783211495993e-15
1.274840838	1.0173688777189842e-15
1.275996077	1.013966550878125e-15
1.277151316	1.0133657046334413e-15
1.278306556	1.0092884907833014e-15
1.279461795	1.002540747484618e-15
1.280617034	1.0205623435510488e-15
1.281772274	1.0814954701148054e-15
1.282927513	1.079837582585355e-15
1.284082752	1.0155383640042799e-15
1.285237991	9.88299556813897e-16
1.286393231	9.829666405548494e-16
1.28754847	9.781459160598568e-16
1.288703709	9.699973995950184e-16
1.289858948	9.651893737728053e-16
1.291014188	9.535660462090362e-16
1.292169427	9.353186423691256e-16
1.293324666	9.23958382897235e-16
1.294479906	9.138046405532366e-16
1.295635145	8.976399777209382e-16
1.296790384	8.865769199776629e-16
1.297945623	8.83081936550533e-16
1.299100863	8.757764225437509e-16
1.300256102	8.677747171987212e-16
1.301411341	8.705964453399739e-16
1.30256658	8.770882116492562e-16
1.30372182	8.814334277945242e-16
1.304877059	8.803773747514468e-16
1.306032298	8.728048413101525e-16
1.307187537	8.67473973908704e-16
1.308342777	8.638124700876324e-16
1.309498016	8.577937541939336e-16
1.310653255	8.568086604321023e-16
1.311808495	8.641171048472751e-16
1.312963734	8.594745898833081e-16
1.314118973	8.472855343930405e-16
1.315274212	8.596389472203066e-16
1.316429452	8.777793309799225e-16
1.317584691	8.725718715249047e-16
1.31873993	8.675295418166599e-16
1.319895169	8.696570528572806e-16
1.321050409	8.735389230665959e-16
1.322205648	8.757800891027821e-16
1.323360887	8.684909592761323e-16
1.324516127	8.56379890015584e-16
1.325671366	8.471493300277991e-16
1.326826605	8.366461695681486e-16
1.327981844	8.275163390308239e-16
1.329137084	8.289702398172798e-16
1.330292323	8.358218580962493e-16
1.331447562	8.37788164067403e-16
1.332602801	8.357242107578649e-16
1.333758041	8.29398668992555e-16
1.33491328	8.27958365041426e-16
1.336068519	8.316676579231213e-16
1.337223758	8.3095170211015935e-16
1.338378998	8.26546321697373e-16
1.339534237	8.225431533007442e-16
1.340689476	8.108443708894733e-16
1.341844716	7.871185563278799e-16
1.342999955	7.617815220845418e-16
1.344155194	7.376005935814118e-16
1.345310433	7.147944451162956e-16
1.346465673	6.926422024305952e-16
1.347620912	6.663623019034052e-16
1.348776151	6.422782392361909e-16
1.34993139	6.214254970210658e-16
1.35108663	5.943344406010204e-16
1.352241869	5.631036252945813e-16
1.353397108	5.348580961125952e-16
1.354552347	5.108194451156821e-16
1.355707587	4.935907858827231e-16
1.356862826	4.735465783984865e-16
1.358018065	4.544811468146838e-16
1.359173305	4.471494831125757e-16
1.360328544	4.2692924302463826e-16
1.361483783	3.9363782403775898e-16
1.362639022	3.6239453905062496e-16
1.363794262	3.435878885037305e-16
1.364949501	3.321053202339683e-16
1.36610474	3.434462562157944e-16
1.367259979	4.096046626496511e-16
1.368415219	5.752878862634974e-16
1.369570458	8.134324664130029e-16
1.370725697	9.857616227275962e-16
1.371880937	1.016672367175604e-15
1.373036176	9.423084379137946e-16
1.374191415	8.689744764867078e-16
1.375346654	8.151553617410102e-16
1.376501894	7.67165147136166e-16
1.377657133	7.034177808319772e-16
1.378812372	6.388693982678506e-16
1.379967611	5.845133021837446e-16
1.381122851	5.491192621522094e-16
1.38227809	5.713585542269409e-16
1.383433329	6.533726825339502e-16
1.384588568	7.94329078685782e-16
1.385743808	9.075937019654769e-16
1.386899047	8.632460557714405e-16
1.388054286	7.959314795149693e-16
1.389209526	7.47971076306333e-16
1.390364765	7.165239510556956e-16
1.391520004	6.9123996677620185e-16
1.392675243	6.707745723454353e-16
1.393830483	6.580614383747136e-16
1.394985722	6.513053740185413e-16
1.396140961	6.511053059572625e-16
1.3972962	6.499498644298337e-16
1.39845144	6.502017216723071e-16
1.399606679	6.56675566113688e-16
1.400761918	6.574511361526664e-16
1.401917158	6.532742903191041e-16
1.403072397	6.554156662953745e-16
1.404227636	6.668747192515315e-16
1.405382875	6.843301880665213e-16
1.406538115	7.063296310735011e-16
1.407693354	7.294105443773182e-16
1.408848593	7.501326203224053e-16
1.410003832	7.619394936369829e-16
1.411159072	7.679268433743327e-16
1.412314311	7.645684249358073e-16
1.41346955	7.342356165171099e-16
1.414624789	6.981289032599915e-16
1.415780029	6.697287088000326e-16
1.416935268	6.537794944403049e-16
1.418090507	6.583563239117135e-16
1.419245747	6.715976936827254e-16
1.420400986	6.866631349768928e-16
1.421556225	7.018263068508849e-16
1.422711464	6.989885942248671e-16
1.423866704	6.801621489683719e-16
1.425021943	6.663458039208092e-16
1.426177182	6.59390305768353e-16
1.427332421	6.49773742928386e-16
1.428487661	6.38710714935089e-16
1.4296429	6.281685505162403e-16
1.430798139	6.150145301550023e-16
1.431953379	6.127676394735401e-16
1.433108618	6.172321165482286e-16
1.434263857	6.18464597987635e-16
1.435419096	6.172168639822459e-16
1.436574336	6.126904019527819e-16
1.437729575	6.050196287836688e-16
1.438884814	6.101371587593975e-16
1.440040053	6.30254424132059e-16
1.441195293	6.340849310673831e-16
1.442350532	6.182981774263389e-16
1.443505771	6.13612197317698e-16
1.44466101	6.108470867089321e-16
1.44581625	5.985845062773868e-16
1.446971489	5.902231494734691e-16
1.448126728	5.952196648604048e-16
1.449281968	6.140535748860174e-16
1.450437207	6.408050463019021e-16
1.451592446	6.32715687580197e-16
1.452747685	6.344069332089913e-16
1.453902925	6.521250753380584e-16
1.455058164	6.568042202359727e-16
1.456213403	6.317588852180368e-16
1.457368642	6.119355200576809e-16
1.458523882	6.12687043475044e-16
1.459679121	6.135880131825559e-16
1.46083436	5.978216511968733e-16
1.461989599	5.924697430381297e-16
1.463144839	5.979987220261257e-16
1.464300078	5.857030128045577e-16
1.465455317	5.589108392619828e-16
1.466610557	5.499099806309716e-16
1.467765796	5.579198853480083e-16
1.468921035	5.628558920091864e-16
1.470076274	5.647080909470088e-16
1.471231514	5.728822531183648e-16
1.472386753	5.846387305695101e-16
1.473541992	5.965678126069702e-16
1.474697231	6.098439986599342e-16
1.475852471	6.169066879715578e-16
1.47700771	6.051525233609511e-16
1.478162949	5.823248957887627e-16
1.479318189	5.6582755392695e-16
1.480473428	5.696217094835829e-16
1.481628667	5.865717421026992e-16
1.482783906	5.936184511318858e-16
1.483939146	5.865304676416387e-16
1.485094385	5.543950453476083e-16
1.486249624	5.373384833434316e-16
1.487404863	5.824703907970684e-16
1.488560103	6.349793875075148e-16
1.489715342	6.155645728220583e-16
1.490870581	5.856835237148406e-16
1.49202582	5.820714129033816e-16
1.49318106	5.747607557337573e-16
1.494336299	5.58762170534511e-16
1.495491538	5.585358645860209e-16
1.496646778	5.762582099054715e-16
1.497802017	5.872656331316732e-16
1.498957256	5.767096721736661e-16
1.500112495	5.65076725426651e-16
1.501267735	5.550440371139163e-16
1.502422974	5.393851694305462e-16
1.503578213	5.273913332022027e-16
1.504733452	5.401568674966929e-16
1.505888692	5.649477353054965e-16
1.507043931	5.720697990364256e-16
1.50819917	5.644432373994312e-16
1.50935441	5.550855835364526e-16
1.510509649	5.515826232186271e-16
1.511664888	5.520937735666131e-16
1.512820127	5.467699881702878e-16
1.513975367	5.457929341047843e-16
1.515130606	5.532676188045224e-16
1.516285845	5.523316211257959e-16
1.517441084	5.416439825186988e-16
1.518596324	5.401907651585105e-16
1.519751563	5.5168506220218e-16
1.520906802	5.609892622438984e-16
1.522062041	5.600665028506451e-16
1.523217281	5.548322157766541e-16
1.52437252	5.566499371362602e-16
1.525527759	5.538357659184907e-16
1.526682999	5.3753976733055435e-16
1.527838238	5.249344176984731e-16
1.528993477	5.33461950635296e-16
1.530148716	5.459963247188383e-16
1.531303956	5.295338398943216e-16
1.532459195	5.110351136479114e-16
1.533614434	5.235809115403809e-16
1.534769673	5.372996150456024e-16
1.535924913	5.321559397021342e-16
1.537080152	5.288268319407784e-16
1.538235391	5.354244697823484e-16
1.539390631	5.415349948838663e-16
1.54054587	5.32018280039477e-16
1.541701109	5.147219851930032e-16
1.542856348	5.141321733427389e-16
1.544011588	5.278836434217429e-16
1.545166827	5.308684419592285e-16
1.546322066	5.2053928530432e-16
1.547477305	5.204387787827777e-16
1.548632545	5.335859549552022e-16
1.549787784	5.437079596182126e-16
1.550943023	5.351052263605622e-16
1.552098262	5.164444335516168e-16
1.553253502	5.150761387514754e-16
1.554408741	5.284933079873693e-16
1.55556398	5.273473851086105e-16
1.55671922	5.068669045927804e-16
1.557874459	4.957335101744041e-16
1.559029698	5.040718650269644e-16
1.560184937	5.20216939289006e-16
1.561340177	5.252444029033947e-16
1.562495416	5.202534132204012e-16
1.563650655	5.172147236513984e-16
1.564805894	5.242995508565355e-16
1.565961134	5.303895197900919e-16
1.567116373	5.20441654170374e-16
1.568271612	4.990266240168485e-16
1.569426852	4.797124030596423e-16
1.570582091	4.686752502846273e-16
1.57173733	4.703790315427429e-16
1.572892569	4.747975908815319e-16
1.574047809	4.878415931365818e-16
1.575203048	5.090017017976266e-16
1.576358287	5.2539334951837e-16
1.577513526	5.317023109020437e-16
1.578668766	5.238096846626337e-16
1.579824005	5.055612929881033e-16
1.580979244	5.0645772351566065e-16
1.582134483	5.169607032596874e-16
1.583289723	5.042554824697467e-16
1.584444962	4.848443323639079e-16
1.585600201	4.723314354574036e-16
1.586755441	4.64901714662844e-16
1.58791068	4.630560874155366e-16
1.589065919	4.736354357491559e-16
1.590221158	4.976481539277332e-16
1.591376398	5.09720427027929e-16
1.592531637	5.039316236515783e-16
1.593686876	4.924986747023948e-16
1.594842115	4.942397001528985e-16
1.595997355	5.046034191629121e-16
1.597152594	4.884996961310443e-16
1.598307833	4.612313943405113e-16
1.599463072	4.617780560900684e-16
1.600618312	4.789815062248293e-16
1.601773551	4.891747621057862e-16
1.60292879	4.871976384507002e-16
1.60408403	4.82451184066615e-16
1.605239269	4.870638326810688e-16
1.606394508	4.914844017961176e-16
1.607549747	4.774466058915683e-16
1.608704987	4.611096660356107e-16
1.609860226	4.650781206222073e-16
1.611015465	4.760987273068571e-16
1.612170704	4.805054274783545e-16
1.613325944	4.779380667108802e-16
1.614481183	4.752232199212031e-16
1.615636422	4.853334515437719e-16
1.616791662	4.919752230555478e-16
1.617946901	4.792421818307908e-16
1.61910214	4.714911453215645e-16
1.620257379	4.682365558171888e-16
1.621412619	4.561402131910038e-16
1.622567858	4.52139966749521e-16
1.623723097	4.600042989715735e-16
1.624878336	4.679180841305329e-16
1.626033576	4.67691580653693e-16
1.627188815	4.59508600927333e-16
1.628344054	4.540652516727318e-16
1.629499293	4.601127048053392e-16
1.630654533	4.678375795044631e-16
1.631809772	4.670593851789716e-16
1.632965011	4.615615052053659e-16
1.634120251	4.581009181478361e-16
1.63527549	4.578396085833037e-16
1.636430729	4.554028085480726e-16
1.637585968	4.533235690747896e-16
1.638741208	4.507358604357781e-16
1.639896447	4.484792522163159e-16
1.641051686	4.520370593847268e-16
1.642206925	4.583932127597421e-16
1.643362165	4.62901418629358e-16
1.644517404	4.620567376796168e-16
1.645672643	4.547750780663259e-16
1.646827883	4.4885325159189655e-16
1.647983122	4.490622106983259e-16
1.649138361	4.491688174309406e-16
1.6502936	4.465373981066365e-16
1.65144884	4.4204707400885774e-16
1.652604079	4.3925317417320515e-16
1.653759318	4.3690837250856726e-16
1.654914557	4.344943976605099e-16
1.656069797	4.3272429071905793e-16
1.657225036	4.321875777485349e-16
1.658380275	4.3155522365327755e-16
1.659535514	4.303169538571771e-16
1.660690754	4.2633520588237905e-16
1.661845993	4.222305400224698e-16
1.663001232	4.23576685978937e-16
1.664156472	4.283573386268226e-16
1.665311711	4.327585157846103e-16
1.66646695	4.3564958083968703e-16
1.667622189	4.3949908869085215e-16
1.668777429	4.3986285243725695e-16
1.669932668	4.3333104557942557e-16
1.671087907	4.3598141641040197e-16
1.672243146	4.456410430180244e-16
1.673398386	4.3979297588927767e-16
1.674553625	4.2854677476682284e-16
1.675708864	4.265611999775453e-16
1.676864104	4.2123563161986884e-16
1.678019343	4.1276755451514133e-16
1.679174582	4.153611488359272e-16
1.680329821	4.2817983576635004e-16
1.681485061	4.3918944304111346e-16
1.6826403	4.4348171838715706e-16
1.683795539	4.374485756156204e-16
1.684950778	4.3302626353627884e-16
1.686106018	4.316383073211462e-16
1.687261257	4.2809512383895283e-16
1.688416496	4.225938700766742e-16
1.689571735	4.210242770671289e-16
1.690726975	4.21237737083346e-16
1.691882214	4.1739209213150777e-16
1.693037453	4.123313829152261e-16
1.694192693	4.064615229555655e-16
1.695347932	4.004959301329787e-16
1.696503171	3.9894221171782703e-16
1.69765841	4.0236185179300294e-16
1.69881365	4.0780242602067005e-16
1.699968889	4.1190899176539873e-16
1.701124128	4.111368780018625e-16
1.702279367	4.073084204750584e-16
1.703434607	4.027431813147565e-16
1.704589846	3.988726550529759e-16
1.705745085	3.9630219078856563e-16
1.706900324	3.96803603776876e-16
1.708055564	4.0032355920886477e-16
1.709210803	3.9932229660452314e-16
1.710366042	3.973096868371269e-16
1.711521282	4.0744505709247085e-16
1.712676521	4.1464432357791264e-16
1.71383176	4.073174478994828e-16
1.714986999	4.057680274641238e-16
1.716142239	4.132284151141644e-16
1.717297478	4.194540151491725e-16
1.718452717	4.207026841296844e-16
1.719607956	4.1882754917203614e-16
1.720763196	4.0968269926275277e-16
1.721918435	3.949497404557415e-16
1.723073674	3.9111072426588257e-16
1.724228914	3.9837271959014215e-16
1.725384153	4.0070718247577105e-16
1.726539392	3.9785422608148425e-16
1.727694631	3.9402715392721926e-16
1.728849871	3.854331507282716e-16
1.73000511	3.755064835641801e-16
1.731160349	3.712645474002969e-16
1.732315588	3.718833409598367e-16
1.733470828	3.7788236686609165e-16
1.734626067	3.8487690608967617e-16
1.735781306	3.9248526069195877e-16
1.736936545	3.990730630473222e-16
1.738091785	4.0195985558412345e-16
1.739247024	4.026636612616696e-16
1.740402263	3.9831514998510415e-16
1.741557503	3.9422097659070744e-16
1.742712742	3.861320565644879e-16
1.743867981	3.772157769939305e-16
1.74502322	3.8012598402409653e-16
1.74617846	3.9184100640138205e-16
1.747333699	3.9799246226614385e-16
1.748488938	3.9430327106178106e-16
1.749644177	3.8308276981360637e-16
1.750799417	3.7228150261374312e-16
1.751954656	3.678027610485967e-16
1.753109895	3.661889149683032e-16
1.754265135	3.659649941950851e-16
1.755420374	3.6689616400671374e-16
1.756575613	3.6595248080588877e-16
1.757730852	3.632796980735655e-16
1.758886092	3.6038157551877097e-16
1.760041331	3.583714684545126e-16
1.76119657	3.595434712746913e-16
1.762351809	3.5990398323625124e-16
1.763507049	3.5367571339432726e-16
1.764662288	3.489356932213459e-16
1.765817527	3.514314632013478e-16
1.766972766	3.5800185354764945e-16
1.768128006	3.6190975080786973e-16
1.769283245	3.5906231352311097e-16
1.770438484	3.508976534286526e-16
1.771593724	3.414415336613391e-16
1.772748963	3.363232918641293e-16
1.773904202	3.35742071701618e-16
1.775059441	3.371867011840944e-16
1.776214681	3.3721816158559644e-16
1.77736992	3.3366201432763833e-16
1.778525159	3.304469748303853e-16
1.779680398	3.3131748368865594e-16
1.780835638	3.364462757662512e-16
1.781990877	3.4237291687901564e-16
1.783146116	3.4491077377308175e-16
1.784301356	3.4358778514607774e-16
1.785456595	3.409916805026577e-16
1.786611834	3.368905133904474e-16
1.787767073	3.292223718786655e-16
1.788922313	3.2139675091921563e-16
1.790077552	3.163554401550472e-16
1.791232791	3.1281479507339613e-16
1.79238803	3.1291343158077057e-16
1.79354327	3.172562256719272e-16
1.794698509	3.177826708476006e-16
1.795853748	3.109974924278332e-16
1.797008987	3.0031130258726424e-16
1.798164227	2.9032293522873403e-16
1.799319466	2.884260159114752e-16
1.800474705	2.9405779438309016e-16
1.801629945	3.0511884856869563e-16
1.802785184	3.1433313220574196e-16
1.803940423	3.129633827473458e-16
1.805095662	3.0921161682064724e-16
1.806250902	3.0488702168168017e-16
1.807406141	2.993173288460911e-16
1.80856138	2.949508695748378e-16
1.809716619	2.916064266275344e-16
1.810871859	2.900618413677395e-16
1.812027098	2.907822174724273e-16
1.813182337	2.92741063283123e-16
1.814337576	2.958458926496187e-16
1.815492816	3.009127750359355e-16
1.816648055	3.1045576018057893e-16
1.817803294	3.275354282660034e-16
1.818958534	3.2867481491042385e-16
1.820113773	3.090970724587821e-16
1.821269012	2.9359366415646047e-16
1.822424251	2.7934260095326153e-16
1.823579491	2.5896565132456736e-16
1.82473473	2.411218859013963e-16
1.825889969	2.311493001187852e-16
1.827045208	2.2665138847718177e-16
1.828200448	2.2474619659529383e-16
1.829355687	2.2225249065857486e-16
1.830510926	2.1936934360551566e-16
1.831666166	2.1905300911864743e-16
1.832821405	0.
1.833976644	0.
1.835131883	0.
1.836287123	0.
1.837442362	0.
1.838597601	0.
1.83975284	0.
1.84090808	0.
1.842063319	0.
1.843218558	0.
1.844373797	0.
1.845529037	0.
1.846684276	0.
1.847839515	0.
1.848994755	0.
1.850149994	0.
1.851305233	0.
1.852460472	0.
1.853615712	0.
1.854770951	0.
1.85592619	0.
1.857081429	0.
1.858236669	0.
1.859391908	0.
1.860547147	0.
1.861702387	0.
1.862857626	0.
1.864012865	0.
1.865168104	0.
1.866323344	0.
1.867478583	0.
1.868633822	0.
1.869789061	0.
1.870944301	0.
1.87209954	2.594691453342639e-16
1.873254779	2.396937160712627e-16
1.874410018	1.8767193750469712e-16
1.875565258	1.2747549717755764e-16
1.876720497	5.5188893167482926e-17
1.877875736	-2.314565297984128e-17
1.879030976	-9.891706861980884e-17
1.880186215	-1.1481017497737407e-16
1.881341454	-7.526430287146382e-17
1.882496693	3.1898065558546077e-18
1.883651933	6.057405263243992e-17
1.884807172	1.0610800360744641e-16
1.885962411	1.5095432469888682e-16
1.88711765	1.79010692367279e-16
1.88827289	1.7067982595764711e-16
1.889428129	1.3315011916412403e-16
1.890583368	9.714410688128709e-17
1.891738608	1.2572086021581545e-16
1.892893847	1.7525114505903278e-16
1.894049086	1.794799047940411e-16
1.895204325	1.530394097458933e-16
1.896359565	1.2163474824566675e-16
1.897514804	8.205030400397571e-17
1.898670043	4.362563367142757e-17
1.899825282	1.394506741042162e-17
1.900980522	-4.916950093078547e-18
1.902135761	-8.033671882357664e-18
1.903291	3.8131227389733143e-17
1.904446239	1.3687384852951527e-16
1.905601479	2.281231463749339e-16
1.906756718	2.8093540135759957e-16
1.907911957	2.6656763036847027e-16
1.909067197	1.9571070575256423e-16
1.910222436	1.583482739445096e-16
1.911377675	1.9422821427577412e-16
1.912532914	3.2645418530135526e-16
1.913688154	4.984149196218214e-16
1.914843393	5.702246564994126e-16
1.915998632	5.538045822837798e-16
1.917153871	5.042560126669438e-16
1.918309111	4.472262688638429e-16
1.91946435	4.0531815665487836e-16
1.920619589	3.9765419286202725e-16
1.921774828	3.8644401738992653e-16
1.922930068	3.5097128523992364e-16
1.924085307	2.9867437303295283e-16
1.925240546	2.568951913893838e-16
1.926395786	2.36618023718787e-16
1.927551025	2.409911454368071e-16
1.928706264	2.7342961290032744e-16
1.929861503	3.186318297197049e-16
1.931016743	3.447491454800521e-16
1.932171982	3.4150571074925746e-16
1.933327221	3.2010316425432054e-16
1.93448246	2.9304252795884446e-16
1.9356377	2.673975061293192e-16
1.936792939	2.5929564351505966e-16
1.937948178	3.0124064155918617e-16
1.939103418	3.8519432482255704e-16
1.940258657	4.379193850156826e-16
1.941413896	3.9501990476634993e-16
1.942569135	3.560039236779935e-16
1.943724375	3.804797576433736e-16
1.944879614	4.500871942560004e-16
1.946034853	5.181974561441121e-16
1.947190092	5.046864380066296e-16
1.948345332	4.300380505079381e-16
1.949500571	3.52229919840232e-16
1.95065581	2.9329028215494265e-16
1.951811049	2.620139436147244e-16
1.952966289	2.4294569346191926e-16
1.954121528	2.262312969613044e-16
1.955276767	2.2544684056131415e-16
1.956432007	2.422304656920633e-16
1.957587246	2.6638583072608497e-16
1.958742485	2.820389488232419e-16
1.959897724	2.867352233706762e-16
1.961052964	2.8226905908861324e-16
1.962208203	2.738636243114409e-16
1.963363442	2.716141938409959e-16
1.964518681	2.8038749063452916e-16
1.965673921	2.8726019869585414e-16
1.96682916	2.8774303058627804e-16
1.967984399	2.8159005647653023e-16
1.969139639	2.7561605462920826e-16
1.970294878	2.7443316585690433e-16
1.971450117	2.792285907803371e-16
1.972605356	2.865697097418922e-16
1.973760596	2.8844967787700145e-16
1.974915835	2.86829640878153e-16
1.976071074	2.8124807476616396e-16
1.977226313	2.749878494363592e-16
1.978381553	2.6837754249676117e-16
1.979536792	2.565575021356437e-16
1.980692031	2.4334567143953945e-16
1.98184727	2.313467632960978e-16
1.98300251	2.2086512821547918e-16
1.984157749	2.1299814733995373e-16
1.985312988	2.1144528612822376e-16
1.986468228	2.1578668741599142e-16
1.987623467	2.2234399524739945e-16
1.988778706	2.3245872756267117e-16
1.989933945	2.414088359264707e-16
1.991089185	2.39544997207738e-16
1.992244424	2.3328976612143735e-16
1.993399663	2.291732087677752e-16
1.994554902	2.2702506637222425e-16
1.995710142	2.234474618531583e-16
1.996865381	2.2264877975352155e-16
1.99802062	2.227792457463752e-16
1.99917586	2.1242174703889146e-16
2.000331099	1.9136398162752158e-16
2.001486338	1.71471141596421e-16
2.002641577	1.698383374378725e-16
2.003796817	2.045431078366509e-16
2.004952056	2.683133461897199e-16
2.006107295	3.0996085732121765e-16
2.007262534	3.1059117481184925e-16
2.008417774	2.8124051838191505e-16
2.009573013	2.478185953471641e-16
2.010728252	2.2306166909266477e-16
2.011883491	2.1179396752459344e-16
2.013038731	2.1946942515206978e-16
2.01419397	2.4620106256084755e-16
2.015349209	2.7663228670438886e-16
2.016504449	2.9284514967220714e-16
2.017659688	2.9866898816715615e-16
2.018814927	3.1077556592628176e-16
2.019970166	3.442685661965613e-16
2.021125406	3.7764067754708625e-16
2.022280645	3.753332350317417e-16
2.023435884	3.340924639209701e-16
2.024591123	2.899609929320706e-16
2.025746363	2.593795001588431e-16
2.026901602	2.3646624816254703e-16
2.028056841	2.1889581445782845e-16
2.02921208	2.071246647842096e-16
2.03036732	2.0112214389858507e-16
2.031522559	1.9618311390492045e-16
2.032677798	1.925795234041137e-16
2.033833038	1.9115344291239161e-16
2.034988277	1.8645790426512458e-16
2.036143516	1.7957741589524129e-16
2.037298755	1.760729839609927e-16
2.038453995	1.7636820953738736e-16
2.039609234	1.758977619592898e-16
2.040764473	1.7854226928510072e-16
2.041919712	1.852302659671433e-16
2.043074952	1.9008508395633371e-16
2.044230191	1.9017052031060513e-16
2.04538543	1.856753537478753e-16
2.04654067	1.78021495725204e-16
2.047695909	1.7408949472306027e-16
2.048851148	1.8012249440342808e-16
2.050006387	1.934352712295316e-16
2.051161627	2.0803061340630106e-16
2.052316866	2.169976467143513e-16
2.053472105	2.2070670071510677e-16
2.054627344	2.2372632989784444e-16
2.055782584	2.2640568889078466e-16
2.056937823	2.2566472918559715e-16
2.058093062	2.2062831935667193e-16
2.059248301	2.1597247388628818e-16
2.060403541	2.1300302445728954e-16
2.06155878	2.084204739238046e-16
2.062714019	2.0853113803403714e-16
2.063869259	2.2015912884261054e-16
2.065024498	2.302849416406568e-16
2.066179737	2.3097023457558464e-16
2.067334976	2.3096565102885643e-16
2.068490216	2.3250624373115e-16
2.069645455	2.3508513809050383e-16
2.070800694	2.334264514008674e-16
2.071955933	2.240855074920112e-16
2.073111173	2.1113417521128397e-16
2.074266412	1.9778124298512543e-16
2.075421651	1.8530666874214438e-16
2.076576891	1.7578824392309505e-16
2.07773213	1.7059659950167094e-16
2.078887369	1.7014806064330435e-16
2.080042608	1.714254736418529e-16
2.081197848	1.685598164735093e-16
2.082353087	1.6393548167370297e-16
2.083508326	1.6402229051371323e-16
2.084663565	1.675573192061718e-16
2.085818805	1.7039651771515496e-16
2.086974044	1.7423825023524191e-16
2.088129283	1.779742187600263e-16
2.089284522	1.7771304567731415e-16
2.090439762	1.74139943104853e-16
2.091595001	1.7232038279602976e-16
2.09275024	1.714724060315575e-16
2.09390548	1.6917464711564165e-16
2.095060719	1.6872421660103503e-16
2.096215958	1.6981071125085992e-16
2.097371197	1.6946306392801715e-16
2.098526437	1.672456607179912e-16
2.099681676	1.6414771890638604e-16
2.100836915	1.608732914926086e-16
2.101992154	1.5838605647226885e-16
2.103147394	1.5649969567136957e-16
2.104302633	1.5516129077627614e-16
2.105457872	1.557128961029959e-16
2.106613112	1.5972219325938232e-16
2.107768351	1.672063497808512e-16
2.10892359	1.744067693524929e-16
2.110078829	1.7804943624567308e-16
2.111234069	1.7537867836326007e-16
2.112389308	1.6830770311953175e-16
2.113544547	1.6061137888941338e-16
2.114699786	1.5414056173572397e-16
2.115855026	1.5191320047373807e-16
2.117010265	1.5117239668113274e-16
2.118165504	1.4941306325516482e-16
2.119320743	1.4856213409603103e-16
2.120475983	1.4928506216311797e-16
2.121631222	1.4957652284227998e-16
2.122786461	1.510548790276183e-16
2.123941701	1.5463540119964072e-16
2.12509694	1.5739822413843354e-16
2.126252179	1.5753388563314544e-16
2.127407418	1.557213012683891e-16
2.128562658	1.5285173302777757e-16
2.129717897	1.5057085440694176e-16
2.130873136	1.4863283747384033e-16
2.132028375	1.4702103323591358e-16
2.133183615	1.464983387543054e-16
2.134338854	1.4680981323463406e-16
2.135494093	1.4799726803615963e-16
2.136649332	1.4793783732125076e-16
2.137804572	1.4434686151010558e-16
2.138959811	1.4119326963324063e-16
2.14011505	1.4029660967181195e-16
2.14127029	1.404184451895568e-16
2.142425529	1.4167524492856343e-16
2.143580768	1.4523763752051216e-16
2.144736007	1.5165837603879963e-16
2.145891247	1.6048080941085277e-16
2.147046486	1.6858681789450103e-16
2.148201725	1.7380960510875622e-16
2.149356964	1.7769874384576686e-16
2.150512204	1.8059670557679551e-16
2.151667443	1.8228458386522853e-16
2.152822682	1.8235168654114296e-16
2.153977922	1.8073673129330405e-16
2.155133161	1.7803900993669067e-16
2.1562884	1.7477147673276935e-16
2.157443639	1.7159263839966385e-16
2.158598879	1.688252040369427e-16
2.159754118	1.669968974743125e-16
2.160909357	1.665056571600304e-16
2.162064596	1.6800929887857897e-16
2.163219836	1.7156535344590504e-16
2.164375075	1.7726145760137603e-16
2.165530314	1.9101604167976772e-16
2.166685553	2.0242354571858843e-16
2.167840793	1.9262110496070054e-16
2.168996032	1.8146533402140017e-16
2.170151271	1.7624154540778562e-16
2.171306511	1.7358712073026499e-16
2.17246175	1.7265015213515605e-16
2.173616989	1.7195031860726867e-16
2.174772228	1.7119254559093475e-16
2.175927468	1.7060233093189256e-16
2.177082707	1.707115628347556e-16
2.178237946	1.7071762828724993e-16
2.179393185	1.67009454048986e-16
2.180548425	1.619634287882915e-16
2.181703664	1.6235495110382172e-16
2.182858903	1.6509861957576758e-16
2.184014143	1.6718447969524054e-16
2.185169382	1.7002997285315753e-16
2.186324621	1.7311439557570474e-16
2.18747986	1.7742192909080463e-16
2.1886351	1.801176303989262e-16
2.189790339	1.7661030135703493e-16
2.190945578	1.7237803812788924e-16
2.192100817	1.7007291808818003e-16
2.193256057	1.6912181126378682e-16
2.194411296	1.6898116933406857e-16
2.195566535	1.6822965782896127e-16
2.196721774	1.6586861345106676e-16
2.197877014	1.6186315511430602e-16
2.199032253	1.5821325656425065e-16
2.200187492	1.567695649891298e-16
2.201342732	1.5811493670377487e-16
2.202497971	1.6150164500361627e-16
2.20365321	1.6481366477190771e-16
2.204808449	1.6958741385840875e-16
2.205963689	1.7689766239157405e-16
2.207118928	1.784106222676246e-16
2.208274167	1.7319447670925359e-16
2.209429406	1.6822811741428318e-16
2.210584646	1.6447065530943433e-16
2.211739885	1.6161289449031122e-16
2.212895124	1.5896697276695073e-16
2.214050364	1.578013139040786e-16
2.215205603	1.5957464992449137e-16
2.216360842	1.62226472463602e-16
2.217516081	1.626006133807177e-16
2.218671321	1.6008896782036314e-16
2.21982656	1.566160795140416e-16
2.220981799	1.5502292931230106e-16
2.222137038	1.557235301850754e-16
2.223292278	1.572499765459921e-16
2.224447517	1.5916133480154822e-16
2.225602756	1.628215711271994e-16
2.226757995	1.6598301229979426e-16
2.227913235	1.6563069385274745e-16
2.229068474	1.6421642269648384e-16
2.230223713	1.6283014805009586e-16
2.231378953	1.609901236346907e-16
2.232534192	1.5895125263203939e-16
2.233689431	1.5736066278646408e-16
2.23484467	1.567601480430368e-16
2.23599991	1.5722698910723482e-16
2.237155149	1.5847187903475896e-16
2.238310388	1.5928735040898575e-16
2.239465627	1.575572804206722e-16
2.240620867	1.5500743632599772e-16
2.241776106	1.5418700303653008e-16
2.242931345	1.5452313496130918e-16
2.244086585	1.5583533148429094e-16
2.245241824	1.5760817044907938e-16
2.246397063	1.5901540179202917e-16
2.247552302	1.6028737299532953e-16
2.248707542	1.6047856670913466e-16
2.249862781	1.5859340639958233e-16
2.25101802	1.5728784008664908e-16
2.252173259	1.569584855653905e-16
2.253328499	1.5693882633610644e-16
2.254483738	1.5659660664432508e-16
2.255638977	1.540774371767623e-16
2.256794216	1.5084209930777798e-16
2.257949456	1.481584299247622e-16
2.259104695	1.46029209619028e-16
2.260259934	1.4495830664334673e-16
2.261415174	1.4641374255768342e-16
2.262570413	1.4901470461310948e-16
2.263725652	1.4885695987968562e-16
2.264880891	1.4797842554253978e-16
2.266036131	1.4774955752387151e-16
2.26719137	1.4608882931188754e-16
2.268346609	1.4330176948579735e-16
2.269501848	1.415552900481538e-16
2.270657088	1.419709843535673e-16
2.271812327	1.4382631502235993e-16
2.272967566	1.458923791836908e-16
2.274122805	1.4724674382567744e-16
2.275278045	1.4729888432976092e-16
2.276433284	1.4626028832732104e-16
2.277588523	1.4494235600913613e-16
2.278743763	1.4310769922566076e-16
2.279899002	1.4085632458061973e-16
2.281054241	1.414104333466014e-16
2.28220948	1.4590318834098702e-16
2.28336472	1.4726563131429332e-16
2.284519959	1.4548145335060474e-16
2.285675198	1.4539066312306447e-16
2.286830437	1.4510345427307266e-16
2.287985677	1.437509342886723e-16
2.289140916	1.4212581906282752e-16
2.290296155	1.3984657103125648e-16
2.291451395	1.3627686748882043e-16
2.292606634	1.3374051988038878e-16
2.293761873	1.3578410781979283e-16
2.294917112	1.388829888013429e-16
2.296072352	1.3969369653978555e-16
2.297227591	1.4005389590837544e-16
2.29838283	1.399528983786361e-16
2.299538069	1.3798253976670936e-16
2.300693309	1.3534133145110917e-16
2.301848548	1.3369419911261593e-16
2.303003787	1.3369180724104759e-16
2.304159026	1.352735257275798e-16
2.305314266	1.3764133186490037e-16
2.306469505	1.398378367224951e-16
2.307624744	1.4079855939951164e-16
2.308779984	1.4001220621928294e-16
2.309935223	1.3774829978589734e-16
2.311090462	1.3396594418636147e-16
2.312245701	1.2945793947202754e-16
2.313400941	1.2546557469864565e-16
2.31455618	1.2310564583811803e-16
2.315711419	1.2285530981486403e-16
2.316866658	1.2379247412495112e-16
2.318021898	1.254211320546141e-16
2.319177137	1.2721293439900293e-16
2.320332376	1.2961283869985202e-16
2.321487616	1.334819986716193e-16
2.322642855	1.3646914932822556e-16
2.323798094	1.3669835399946435e-16
2.324953333	1.3462411293002132e-16
2.326108573	1.3059192738944387e-16
2.327263812	1.2578655809312573e-16
2.328419051	1.2196149719569904e-16
2.32957429	1.2079750723401495e-16
2.33072953	1.2150442392829015e-16
2.331884769	1.2336479214837146e-16
2.333040008	1.250975215408359e-16
2.334195247	1.2554699638755891e-16
2.335350487	1.2612853581245601e-16
2.336505726	1.272040501022556e-16
2.337660965	1.2817940209806455e-16
2.338816205	1.2834434960100509e-16
2.339971444	1.2701320684418234e-16
2.341126683	1.254088499531451e-16
2.342281922	1.2423921505743806e-16
2.343437162	1.2311886533592941e-16
2.344592401	1.2280358952397245e-16
2.34574764	1.2408073242783464e-16
2.346902879	1.266912320426017e-16
2.348058119	1.2986885545603096e-16
2.349213358	1.331863107155756e-16
2.350368597	1.353905155903541e-16
2.351523837	1.3648301500333205e-16
2.352679076	1.340702242454701e-16
2.353834315	1.2799140816607473e-16
2.354989554	1.2200302533573019e-16
2.356144794	1.1758645674323444e-16
2.357300033	1.1686400931106436e-16
2.358455272	1.1912400535687103e-16
2.359610511	1.20499327728001e-16
2.360765751	1.205730997208345e-16
2.36192099	1.1987681474602344e-16
2.363076229	1.1793292239526273e-16
2.364231468	1.1512583135122327e-16
2.365386708	1.1148963912269056e-16
2.366541947	1.0755974721375632e-16
2.367697186	1.0442798994912539e-16
2.368852426	1.0383847117686105e-16
2.370007665	1.072808957426657e-16
2.371162904	1.1211588826262971e-16
2.372318143	1.1605354154490772e-16
2.373473383	1.205810456703505e-16
2.374628622	1.2372433113032354e-16
2.375783861	1.2075914621184282e-16
2.3769391	1.1635172243767582e-16
2.37809434	1.1320822545261315e-16
2.379249579	1.1056514266232927e-16
2.380404818	1.0812593338489128e-16
2.381560057	1.0544623841920834e-16
2.382715297	1.0431868733800124e-16
2.383870536	1.074624992256949e-16
2.385025775	1.1192155988390797e-16
2.386181015	1.1407992799672657e-16
2.387336254	1.1295763489084233e-16
2.388491493	1.1069950624792621e-16
2.389646732	1.1078159801681609e-16
2.390801972	1.129604669214471e-16
2.391957211	1.1602959083862786e-16
2.39311245	1.1942566566088086e-16
2.394267689	1.2145223844344951e-16
2.395422929	1.206038498604284e-16
2.396578168	1.1672465329275366e-16
2.397733407	1.1219169827018758e-16
2.398888647	1.1013603699313318e-16
2.400043886	1.1034298595334612e-16
2.401199125	1.0982016011938298e-16
2.402354364	1.0778483084619032e-16
2.403509604	1.0635548855178004e-16
2.404664843	1.0605704780957708e-16
2.405820082	1.0614541712247554e-16
2.406975321	1.0590068355434882e-16
2.408130561	1.0478066546752385e-16
2.4092858	1.0305080716697215e-16
2.410441039	1.0077222905579874e-16
2.411596278	9.804516713608311e-17
2.412751518	9.620965353931941e-17
2.413906757	9.69647490088324e-17
2.415061996	9.95095522377991e-17
2.416217236	1.0401192054245165e-16
2.417372475	1.0739002397476485e-16
2.418527714	1.0933265983416213e-16
2.419682953	1.130848438124244e-16
2.420838193	1.1526085558659644e-16
2.421993432	1.1291826973579587e-16
2.423148671	1.0912424687737931e-16
2.42430391	1.0683135770173598e-16
2.42545915	1.0712193430709827e-16
2.426614389	1.0731713865853044e-16
2.427769628	1.0544197032736243e-16
2.428924868	1.0131434291692112e-16
2.430080107	9.596620227125144e-17
2.431235346	9.027599106216697e-17
2.432390585	8.68839207455281e-17
2.433545825	9.064933250389081e-17
2.434701064	1.0294802429716774e-16
2.435856303	1.1584025384471173e-16
2.437011542	1.1851589392052875e-16
2.438166782	1.156714409172635e-16
2.439322021	1.109934329364547e-16
2.44047726	1.0946507162259025e-16
2.441632499	1.2251804939950941e-16
2.442787739	2.1911498876943128e-16
2.443942978	-7.59655194683192e-16
2.445098217	-1.9887638310924065e-16
2.446253457	-6.253881220969111e-16
2.447408696	2.545011081387994e-16
2.448563935	1.370242865010662e-16
2.449719174	1.1105774390765662e-16
2.450874414	1.041285837009408e-16
2.452029653	1.0426652104235177e-16
2.453184892	1.0532890102335529e-16
2.454340131	1.035585216371251e-16
2.455495371	1.0110878820985401e-16
2.45665061	9.85048199801014e-17
2.457805849	9.558917955083601e-17
2.458961089	9.266905952297561e-17
2.460116328	9.048964376192619e-17
2.461271567	9.077166530039271e-17
2.462426806	9.278556628141641e-17
2.463582046	9.404212797856543e-17
2.464737285	9.392308277093692e-17
2.465892524	9.232288993417619e-17
2.467047763	8.961421860266825e-17
2.468203003	8.673737323402314e-17
2.469358242	8.556351548571504e-17
2.470513481	8.513936419519203e-17
2.47166872	8.299677224873473e-17
2.47282396	8.086491969980519e-17
2.473979199	7.953241241385328e-17
2.475134438	7.587395232264445e-17
2.476289678	7.288126419844602e-17
2.477444917	7.6272145176671e-17
2.478600156	9.077206975000159e-17
2.479755395	1.2769066832647556e-16
2.480910635	1.7557522863675962e-16
2.482065874	1.761819905159867e-16
2.483221113	1.2513007301806168e-16
2.484376352	9.020327476632667e-17
2.485531592	7.816134158875213e-17
2.486686831	8.001620235513441e-17
2.48784207	8.601304058241317e-17
2.488997309	9.454231530991047e-17
2.490152549	1.0375379522317714e-16
2.491307788	1.13329446575083e-16
2.492463027	1.2459656110588204e-16
2.493618267	1.301771635304422e-16
2.494773506	1.2012981508793225e-16
2.495928745	1.0790590746438909e-16
2.497083984	1.012119097057996e-16