0.45	1.3758505905255499e-14
0.451206289	1.8424610128471352e-14
0.452412577	9.586767278634916e-15
0.453618866	4.6257723888189346e-15
0.454825154	5.3393806510625336e-15
0.456031443	5.121661643875327e-15
0.457237731	4.679493277552488e-15
0.45844402	5.1442345196146836e-15
0.459650308	5.206427281701963e-15
0.460856597	4.767840683938298e-15
0.462062886	3.879721914085986e-15
0.463269174	3.7769509193859694e-15
0.464475463	4.485282623669639e-15
0.465681751	4.2194697589993796e-15
0.46688804	4.2769025567830845e-15
0.468094328	4.091365988681412e-15
0.469300617	4.038631345396947e-15
0.470506905	4.0804396673822895e-15
0.471713194	3.672637505429331e-15
0.472919483	3.710908288459781e-15
0.474125771	3.813257085000018e-15
0.47533206	3.804135704892058e-15
0.476538348	3.863455110447746e-15
0.477744637	3.6595408139301825e-15
0.478950925	3.803001722566184e-15
0.480157214	3.714766053630978e-15
0.481363502	3.5314858117141136e-15
0.482569791	3.516602310790145e-15
0.48377608	3.2288276546290355e-15
0.484982368	2.5315845872590034e-15
0.486188657	2.0243915834191518e-15
0.487394945	2.3694813026021265e-15
0.488601234	3.083660561325068e-15
0.489807522	3.2906256297670572e-15
0.491013811	3.3068243404987648e-15
0.492220099	3.3898307785765356e-15
0.493426388	3.4478147454045494e-15
0.494632677	3.249219094020431e-15
0.495838965	3.4590979874293126e-15
0.497045254	3.2734946276716406e-15
0.498251542	3.3119306350379533e-15
0.499457831	3.154101260296057e-15
0.500664119	3.2071940220774364e-15
0.501870408	3.204881383542103e-15
0.503076696	3.1340834697079523e-15
0.504282985	3.217238420954288e-15
0.505489274	3.056396181740303e-15
0.506695562	3.0712418284762432e-15
0.507901851	3.1324487747309957e-15
0.509108139	3.1142320732025786e-15
0.510314428	3.0622041999072524e-15
0.511520716	2.9392953528536683e-15
0.512727005	3.0401968919316554e-15
0.513933293	2.9353303827616946e-15
0.515139582	2.7791722906298732e-15
0.516345871	2.9291430772935503e-15
0.517552159	2.9612981014818446e-15
0.518758448	3.1224358267652e-15
0.519964736	2.8967461520916034e-15
0.521171025	2.8118819207095038e-15
0.522377313	2.7986355762583764e-15
0.523583602	2.761435748418756e-15
0.52478989	2.6819679790242647e-15
0.525996179	2.7113607515441714e-15
0.527202468	2.7432982635400186e-15
0.528408756	2.659319837183161e-15
0.529615045	2.6716651539218855e-15
0.530821333	2.508247778448537e-15
0.532027622	2.508109774777291e-15
0.53323391	2.5467844265387532e-15
0.534440199	2.6106320212116422e-15
0.535646487	2.4726780318320744e-15
0.536852776	2.579772671301116e-15
0.538059065	2.51335381941043e-15
0.539265353	2.494560376873647e-15
0.540471642	2.5449588665353506e-15
0.54167793	2.3758513242204673e-15
0.542884219	2.413847241285262e-15
0.544090507	2.3786137390311032e-15
0.545296796	2.3807258841900515e-15
0.546503084	2.3759247418388767e-15
0.547709373	2.3931497517179303e-15
0.548915662	2.3226129647847234e-15
0.55012195	2.2991864455106494e-15
0.551328239	2.284813881007497e-15
0.552534527	2.251462303321381e-15
0.553740816	2.196222171080025e-15
0.554947104	2.216164558535113e-15
0.556153393	2.2675799045214254e-15
0.557359681	2.2397181424189015e-15
0.55856597	2.2527682968979418e-15
0.559772259	2.1976438569966914e-15
0.560978547	2.1611259623051218e-15
0.562184836	2.154504887025976e-15
0.563391124	2.1284655392514977e-15
0.564597413	2.110384510008907e-15
0.565803701	2.116806825607167e-15
0.56700999	2.0410904782706596e-15
0.568216278	2.0527696104713966e-15
0.569422567	2.0168420883351093e-15
0.570628856	2.075286289262953e-15
0.571835144	2.0178288214100815e-15
0.573041433	1.957413548806558e-15
0.574247721	1.9466357109951078e-15
0.57545401	1.96005689474864e-15
0.576660298	1.9414856794511973e-15
0.577866587	1.8932996127829178e-15
0.579072876	1.914886353194677e-15
0.580279164	1.8457506685934787e-15
0.581485453	1.8281251014879554e-15
0.582691741	1.8007364804341413e-15
0.58389803	1.7988451916279187e-15
0.585104318	1.817032432410557e-15
0.586310607	1.840164350269285e-15
0.587516895	1.7622168763658401e-15
0.588723184	1.7478455995222984e-15
0.589929473	1.8191208698654173e-15
0.591135761	1.6974288728237638e-15
0.59234205	1.697067506365053e-15
0.593548338	1.687596890968701e-15
0.594754627	1.6873752560546963e-15
0.595960915	1.6608697057386163e-15
0.597167204	1.646725845021987e-15
0.598373492	1.654952572825577e-15
0.599579781	1.61657589922801e-15
0.60078607	1.6286572010894331e-15
0.601992358	1.6330702420290265e-15
0.603198647	1.5949789525546806e-15
0.604404935	1.5469952161384688e-15
0.605611224	1.5693447029192901e-15
0.606817512	1.5692355662255992e-15
0.608023801	1.5443992678414625e-15
0.609230089	1.5247165827211969e-15
0.610436378	1.5327462746111941e-15
0.611642667	1.485852723402073e-15
0.612848955	1.5012865144954913e-15
0.614055244	1.4678753392425134e-15
0.615261532	1.4124487676781494e-15
0.616467821	1.4941539815527464e-15
0.617674109	1.4175550412903096e-15
0.618880398	1.402010572664118e-15
0.620086686	1.3977191519227622e-15
0.621292975	1.3934361937576456e-15
0.622499264	1.3736399740890772e-15
0.623705552	1.3722366170728837e-15
0.624911841	1.3537906251806031e-15
0.626118129	1.3677025553238065e-15
0.627324418	1.3285615387269425e-15
0.628530706	1.3100532446336974e-15
0.629736995	1.3243112153532e-15
0.630943283	1.3274085774497538e-15
0.632149572	1.3249143410624443e-15
0.633355861	1.3062161403987136e-15
0.634562149	1.2771951400075332e-15
0.635768438	1.275688154556109e-15
0.636974726	1.2540110500298801e-15
0.638181015	1.2551479260411178e-15
0.639387303	1.2596463600207491e-15
0.640593592	1.2542049400197091e-15
0.64179988	1.2493816217311926e-15
0.643006169	1.2473509860249337e-15
0.644212458	1.2166369014774994e-15
0.645418746	1.1842878721476891e-15
0.646625035	1.188901349801813e-15
0.647831323	1.1760052075779026e-15
0.649037612	1.1589393767379069e-15
0.6502439	1.1503124615007407e-15
0.651450189	1.1345666698549094e-15
0.652656477	1.123072244843738e-15
0.653862766	1.084069472604721e-15
0.655069055	9.391751030410463e-16
0.656275343	7.264896458253132e-16
0.657481632	8.653523932047135e-16
0.65868792	1.0701805599131528e-15
0.659894209	1.1090582864229546e-15
0.661100497	1.0957809574798742e-15
0.662306786	1.1020335866629849e-15
0.663513074	1.0912362028204969e-15
0.664719363	1.0759960318215542e-15
0.665925652	1.0668097580897405e-15
0.66713194	1.0611210182924492e-15
0.668338229	1.0468446392728056e-15
0.669544517	1.042878758982044e-15
0.670750806	1.0459621303496008e-15
0.671957094	1.035413363511351e-15
0.673163383	1.0239084220834183e-15
0.674369671	1.0194819077813674e-15
0.67557596	1.0211986633481416e-15
0.676782249	1.016953463624451e-15
0.677988537	1.0000622277364144e-15
0.679194826	9.957362971909434e-16
0.680401114	9.903191073645558e-16
0.681607403	9.820016558859816e-16
0.682813691	9.725975790468609e-16
0.68401998	9.75115948578068e-16
0.685226268	9.825097152781122e-16
0.686432557	9.758196482240761e-16
0.687638846	9.638728278290545e-16
0.688845134	9.504223335308234e-16
0.690051423	9.494370067711143e-16
0.691257711	9.418963464892554e-16
0.692464	9.273467067034185e-16
0.693670288	9.24081600681199e-16
0.694876577	9.246841981838737e-16
0.696082865	9.232548576364657e-16
0.697289154	9.166256859224234e-16
0.698495443	8.95410222634147e-16
0.699701731	8.79760172909578e-16
0.70090802	8.836310378463135e-16
0.702114308	8.88941995020228e-16
0.703320597	8.77633262489616e-16
0.704526885	8.614808921984034e-16
0.705733174	8.576923140703431e-16
0.706939462	8.653632055027844e-16
0.708145751	8.67174482886176e-16
0.70935204	8.533811777737699e-16
0.710558328	8.3170064401004905e-16
0.711764617	8.244545977872318e-16
0.712970905	8.359948910681493e-16
0.714177194	8.42764116693396e-16
0.715383482	8.38816889597407e-16
0.716589771	8.221495531253571e-16
0.717796059	7.882326633435362e-16
0.719002348	7.661317672448716e-16
0.720208637	7.706095563856499e-16
0.721414925	7.893210361600037e-16
0.722621214	7.75518808865534e-16
0.723827502	7.499131510204961e-16
0.725033791	7.385902802166889e-16
0.726240079	7.365139855310798e-16
0.727446368	7.303492232542088e-16
0.728652656	7.302078773870575e-16
0.729858945	7.244565835599013e-16
0.731065234	7.194956268348527e-16
0.732271522	7.236992495632084e-16
0.733477811	7.286091673312639e-16
0.734684099	7.267766484449453e-16
0.735890388	7.213048468074357e-16
0.737096676	7.182778846114324e-16
0.738302965	7.228976016827925e-16
0.739509253	7.234574849919734e-16
0.740715542	7.238238024347884e-16
0.741921831	7.178473469364666e-16
0.743128119	7.069690525867798e-16
0.744334408	7.044355341221726e-16
0.745540696	7.031300806634893e-16
0.746746985	6.857939672069167e-16
0.747953273	6.862261692734479e-16
0.749159562	6.856151260388345e-16
0.75036585	6.797745133141373e-16
0.751572139	6.777043357457263e-16
0.752778428	6.773572665156267e-16
0.753984716	6.767352173689993e-16
0.755191005	6.749284382570028e-16
0.756397293	6.683028742429777e-16
0.757603582	6.712077820794391e-16
0.75880987	6.873702860042986e-16
0.760016159	6.876239276086597e-16
0.761222447	6.50664857248715e-16
0.762428736	6.256619579182317e-16
0.763635025	6.211048299304535e-16
0.764841313	6.126551313734218e-16
0.766047602	6.218594368746351e-16
0.76725389	6.380924845120802e-16
0.768460179	6.351578977655184e-16
0.769666467	6.222500549200347e-16
0.770872756	6.151985641779757e-16
0.772079044	6.160383848742316e-16
0.773285333	6.111015697394388e-16
0.774491622	6.131183537263181e-16
0.77569791	6.065375005348815e-16
0.776904199	5.729249582294154e-16
0.778110487	5.785834842535324e-16
0.779316776	5.976198424472485e-16
0.780523064	5.880328325156316e-16
0.781729353	5.797180075974898e-16
0.782935641	5.754342034898185e-16
0.78414193	5.674314129182717e-16
0.785348219	5.640188078307449e-16
0.786554507	5.600736674019162e-16
0.787760796	5.549864212082038e-16
0.788967084	5.516778289732103e-16
0.790173373	5.482597112934665e-16
0.791379661	5.498527130719957e-16
0.79258595	5.484387776804514e-16
0.793792238	5.449227459544068e-16
0.794998527	5.366462588357024e-16
0.796204816	5.319158303121455e-16
0.797411104	5.299933750330864e-16
0.798617393	5.292935946708921e-16
0.799823681	5.266646020798704e-16
0.80102997	5.218296503773587e-16
0.802236258	5.156327249108743e-16
0.803442547	5.1929109358775715e-16
0.804648835	5.248437518485338e-16
0.805855124	5.1978348732775735e-16
0.807061413	5.132184611060225e-16
0.808267701	5.166714094480692e-16
0.80947399	5.1569461913307555e-16
0.810680278	5.087900697023272e-16
0.811886567	5.041043177376058e-16
0.813092855	4.96911945615627e-16
0.814299144	4.917646811651158e-16
0.815505432	4.847040402158583e-16
0.816711721	4.750675183179532e-16
0.81791801	4.793791254168436e-16
0.819124298	4.844043754963209e-16
0.820330587	4.857093360112005e-16
0.821536875	4.803831336376669e-16
0.822743164	4.575938296056789e-16
0.823949452	4.63865223414366e-16
0.825155741	4.746494578217109e-16
0.82636203	4.777165168065747e-16
0.827568318	4.695671795846961e-16
0.828774607	4.608510291867751e-16
0.829980895	4.560758266287774e-16
0.831187184	4.557427563350556e-16
0.832393472	4.564718888361215e-16
0.833599761	4.575402936358844e-16
0.834806049	4.54530205792094e-16
0.836012338	4.4561516533854825e-16
0.837218627	4.391841661224493e-16
0.838424915	4.4247331231758924e-16
0.839631204	4.381862878552135e-16
0.840837492	4.3779547240401847e-16
0.842043781	4.528740688830422e-16
0.843250069	4.573805406006382e-16
0.844456358	4.4066190000116007e-16
0.845662646	4.4368326985950885e-16
0.846868935	4.259740862416222e-16
0.848075224	4.812347623539398e-16
0.849281512	4.9074692405831445e-16
0.850487801	4.178470640398607e-16
0.851694089	4.568657778432821e-16
0.852900378	5.062019808621385e-16
0.854106666	4.2896791350077377e-16
0.855312955	4.304740553328508e-16
0.856519243	5.023710970754262e-16
0.857725532	5.050479191204786e-16
0.858931821	4.514725073673564e-16
0.860138109	4.124789877293004e-16
0.861344398	4.672626608857839e-16
0.862550686	5.247899235867946e-16
0.863756975	5.446193487173256e-16
0.864963263	5.087707534423291e-16
0.866169552	3.9441171841462207e-16
0.86737584	3.9494856521440007e-16
0.868582129	4.797597424112581e-16
0.869788418	5.450884738045435e-16
0.870994706	5.565503669613457e-16
0.872200995	5.522621141839768e-16
0.873407283	4.88514727463891e-16
0.874613572	3.765893192829976e-16
0.87581986	3.9319434415033753e-16
0.877026149	4.937729644828266e-16
0.878232437	5.308168221233288e-16
0.879438726	5.292510177391278e-16
0.880645015	5.185238719781378e-16
0.881851303	5.012183417294609e-16
0.883057592	4.818412982873454e-16
0.88426388	4.562078217265419e-16
0.885470169	3.9100007701255075e-16
0.886676457	3.3636680212697713e-16
0.887882746	4.017406119756981e-16
0.889089034	4.775283074992402e-16
0.890295323	4.928393461495126e-16
0.891501612	4.970303726967878e-16
0.8927079	4.97171159286564e-16
0.893914189	4.92574269192038e-16
0.895120477	4.741570065288512e-16
0.896326766	4.592355608790546e-16
0.897533054	4.577331982016158e-16
0.898739343	4.365020141739126e-16
0.899945631	3.8188137363795996e-16
0.90115192	3.1509212691357487e-16
0.902358209	3.489558734964161e-16
0.903564497	4.3308258349026124e-16
0.904770786	4.740472997396573e-16
0.905977074	4.648652044463212e-16
0.907183363	4.456703367440931e-16
0.908389651	4.4232825605372105e-16
0.90959594	4.466981458829459e-16
0.910802228	4.54668977525275e-16
0.912008517	4.522551990730408e-16
0.913214806	4.4238703716638527e-16
0.914421094	4.452857968723337e-16
0.915627383	4.307321768348209e-16
0.916833671	4.2775197548862245e-16
0.91803996	4.157796705955717e-16
0.919246248	4.217704266084386e-16
0.920452537	4.200921683529237e-16
0.921658825	3.5990224547089526e-16
0.922865114	2.918406517077939e-16
0.924071403	3.306946261408501e-16
0.925277691	3.910464646806344e-16
0.92648398	4.059271961545697e-16
0.927690268	4.1978233113116975e-16
0.928896557	4.1803075848138406e-16
0.930102845	3.974800239496129e-16
0.931309134	3.6611611834070295e-16
0.932515422	3.360573039449251e-16
0.933721711	3.255247583525594e-16
0.934928	3.3872021538681254e-16
0.936134288	3.5582728573002983e-16
0.937340577	3.5007040145678067e-16
0.938546865	3.488680959797004e-16
0.939753154	3.669919387741376e-16
0.940959442	3.6595011805544957e-16
0.942165731	3.4858114806045715e-16
0.943372019	3.1687311715737813e-16
0.944578308	3.0997617930972566e-16
0.945784597	3.1798412062107743e-16
0.946990885	3.3251270354323764e-16
0.948197174	3.236490216301283e-16
0.949403462	3.113069170169932e-16
0.950609751	3.0724818033155897e-16
0.951816039	3.0173392836246075e-16
0.953022328	2.8511165358308607e-16
0.954228616	2.377353509592619e-16
0.955434905	2.295582859404167e-16
0.956641194	2.7113101990167252e-16
0.957847482	2.987927669221697e-16
0.959053771	2.7850977506526607e-16
0.960260059	2.7776855357721613e-16
0.961466348	2.898249474493721e-16
0.962672636	2.9876975337254136e-16
0.963878925	3.0406104956711343e-16
0.965085213	3.013340928353719e-16
0.966291502	2.9956070829455007e-16
0.967497791	3.061239587492555e-16
0.968704079	2.9636939094476495e-16
0.969910368	3.273898874791761e-16
0.971116656	0.
0.972322945	0.
0.973529233	0.
0.974735522	0.
0.97594181	0.
0.977148099	0.
0.978354388	0.
0.979560676	0.
0.980766965	0.
0.981973253	0.
0.983179542	0.
0.98438583	0.
0.985592119	0.
0.986798407	0.
0.988004696	0.
0.989210985	0.
0.990417273	0.
0.991623562	0.
0.99282985	0.
0.994036139	0.
0.995242427	0.
0.996448716	0.
0.997655004	3.7729168942456626e-16
0.998861293	3.3096396908032523e-16
1.000067582	3.3123976654342256e-16
1.00127387	3.1386025134766447e-16
1.002480159	3.004084747945254e-16
1.003686447	2.8734325192204205e-16
1.004892736	2.812234330839273e-16
1.006099024	2.9586957190910274e-16
1.007305313	3.092508565669003e-16
1.008511601	3.193771701233285e-16
1.00971789	3.339168650203505e-16
1.010924179	3.4286778139080757e-16
1.012130467	3.4412360087622986e-16
1.013336756	3.4844486937948e-16
1.014543044	3.5079539547849664e-16
1.015749333	3.5106758109240343e-16
1.016955621	3.484867014237035e-16
1.01816191	3.419631576578659e-16
1.019368198	3.3708329216416056e-16
1.020574487	3.382148645771727e-16
1.021780776	3.357800305726911e-16
1.022987064	3.3345448915200924e-16
1.024193353	3.3168841630479587e-16
1.025399641	3.309180389864996e-16
1.02660593	3.2828713366643846e-16
1.027812218	3.2441539026680656e-16
1.029018507	3.2414588185667186e-16
1.030224795	3.256109375521518e-16
1.031431084	3.231967566190992e-16
1.032637373	3.240011026698269e-16
1.033843661	3.2972943205438124e-16
1.03504995	3.2813970388552694e-16
1.036256238	3.238800273675833e-16
1.037462527	3.273399267826133e-16
1.038668815	3.286730598817273e-16
1.039875104	3.253582812175422e-16
1.041081392	3.2313935827803056e-16
1.042287681	3.2190266939544636e-16
1.04349397	3.1844927978532483e-16
1.044700258	3.162023806633743e-16
1.045906547	3.166779829625965e-16
1.047112835	3.1398069442913114e-16
1.048319124	3.0984744484416044e-16
1.049525412	3.0777872798079177e-16
1.050731701	3.078360296257674e-16
1.051937989	3.0859381565791394e-16
1.053144278	3.1095873169753086e-16
1.054350567	3.124543578339989e-16
1.055556855	3.099318496361856e-16
1.056763144	3.10242838692705e-16
1.057969432	3.1368662548204405e-16
1.059175721	3.116443026442198e-16
1.060382009	3.0595187488055007e-16
1.061588298	3.012841966794927e-16
1.062794586	3.044559577188227e-16
1.064000875	3.042879838916739e-16
1.065207164	3.027311404695717e-16
1.066413452	3.012887042647078e-16
1.067619741	3.0005775110824776e-16
1.068826029	3.012496849674761e-16
1.070032318	3.0308283588633213e-16
1.071238606	3.0039823646562333e-16
1.072444895	2.973043772221265e-16
1.073651183	2.9843106579042216e-16
1.074857472	2.987567867120427e-16
1.076063761	2.972644080875327e-16
1.077270049	2.969758837445787e-16
1.078476338	2.955155885748788e-16
1.079682626	2.902659575821108e-16
1.080888915	2.915596673403082e-16
1.082095203	2.9859991335934684e-16
1.083301492	2.974288731775425e-16
1.084507781	2.9152656267580007e-16
1.085714069	2.8510513597461236e-16
1.086920358	2.856392165044359e-16
1.088126646	2.885610513500797e-16
1.089332935	2.763856733717911e-16
1.090539223	2.6278313886927964e-16
1.091745512	2.5711492538459326e-16
1.0929518	2.6139749837177554e-16
1.094158089	2.733002927564877e-16
1.095364378	2.742540846338232e-16
1.096570666	2.7319974442116146e-16
1.097776955	2.7631465033794293e-16
1.098983243	2.738475022860271e-16
1.100189532	2.6911853364949546e-16
1.10139582	2.7038832005030063e-16
1.102602109	2.7084396201016215e-16
1.103808397	2.6623748981204316e-16
1.105014686	2.6208706150862654e-16
1.106220975	2.5912747567313244e-16
1.107427263	2.5634390404093316e-16
1.108633552	2.5336172256129383e-16
1.10983984	2.500612513157446e-16
1.111046129	2.483486244814666e-16
1.112252417	2.473582589794244e-16
1.113458706	2.4428053079796204e-16
1.114664994	2.40477351005075e-16
1.115871283	2.367591355581234e-16
1.117077572	2.3319472962872516e-16
1.11828386	2.3033086758813487e-16
1.119490149	2.294891495486943e-16
1.120696437	2.264090170277113e-16
1.121902726	2.196554599803053e-16
1.123109014	2.142973094277112e-16
1.124315303	2.110743232157161e-16
1.125521591	2.104047006874161e-16
1.12672788	2.079881940621351e-16
1.127934169	2.028067245431013e-16
1.129140457	2.0110622965400173e-16
1.130346746	2.010849067926669e-16
1.131553034	1.9886893722326161e-16
1.132759323	1.974695670150687e-16
1.133965611	1.97335840591653e-16
1.1351719	1.959142061623767e-16
1.136378188	1.9473268239228782e-16
1.137584477	1.9676758711561954e-16
1.138790766	1.9862468931842628e-16
1.139997054	1.9911832054191155e-16
1.141203343	1.9830198072153705e-16
1.142409631	1.968415454408143e-16
1.14361592	1.9625349941802886e-16
1.144822208	1.9444455045662134e-16
1.146028497	1.915614906658581e-16
1.147234785	1.9049853923856715e-16
1.148441074	1.8993941392197921e-16
1.149647363	1.8864753908802157e-16
1.150853651	1.8758773944295644e-16
1.15205994	1.867103853585581e-16
1.153266228	1.8520273528577619e-16
1.154472517	1.8394725730713082e-16
1.155678805	1.8401400670125836e-16
1.156885094	1.836100541500879e-16
1.158091382	1.826343203076233e-16
1.159297671	1.8327555331538678e-16
1.16050396	1.8439496175654977e-16
1.161710248	1.8458003436757714e-16
1.162916537	1.831289402807298e-16
1.164122825	1.8049201059406976e-16
1.165329114	1.7895916002083757e-16
1.166535402	1.7770828869398444e-16
1.167741691	1.7610660827537857e-16
1.168947979	1.7648606140031624e-16
1.170154268	1.7779942641821584e-16
1.171360557	1.762955979639481e-16
1.172566845	1.7414955231730887e-16
1.173773134	1.7247724316170308e-16
1.174979422	1.7263233377804574e-16
1.176185711	1.7385759483722113e-16
1.177391999	1.73449561138212e-16
1.178598288	1.7177801283760048e-16
1.179804576	1.6820504434244579e-16
1.181010865	1.6663603949387624e-16
1.182217154	1.6738802205622108e-16
1.183423442	1.6939052578083627e-16
1.184629731	1.6872324401300203e-16
1.185836019	1.632433437905462e-16
1.187042308	1.6218834401581453e-16
1.188248596	1.6487867977078122e-16
1.189454885	1.6323449815233994e-16
1.190661173	1.6083623708360912e-16
1.191867462	1.5966516675427386e-16
1.193073751	1.5858007875632712e-16
1.194280039	1.5760097412748681e-16
1.195486328	1.5717171110054215e-16
1.196692616	1.5863375224423445e-16
1.197898905	1.6222612718034043e-16
1.199105193	1.6170487104612573e-16
1.200311482	1.578586051915562e-16
1.20151777	1.5488945352893392e-16
1.202724059	1.5503506751038797e-16
1.203930348	1.5864593195811295e-16
1.205136636	1.573014137235226e-16
1.206342925	1.5410126176812002e-16
1.207549213	1.5829735888797205e-16
1.208755502	1.6096820272700124e-16
1.20996179	1.5859785845195602e-16
1.211168079	1.5676600395719014e-16
1.212374367	1.55796214754199e-16
1.213580656	1.5530883595676624e-16
1.214786945	1.5485053343718137e-16
1.215993233	1.542554558851751e-16
1.217199522	1.5386603406318236e-16
1.21840581	1.5343398475179658e-16
1.219612099	1.5268943038608453e-16
1.220818387	1.5173092730504588e-16
1.222024676	1.5065943371673334e-16
1.223230964	1.497835567911313e-16
1.224437253	1.4890558290026836e-16
1.225643542	1.4765504035388004e-16
1.22684983	1.4717136330829352e-16
1.228056119	1.4736698165713234e-16
1.229262407	1.4583027076638776e-16
1.230468696	1.4388322123663183e-16
1.231674984	1.4339001695542592e-16
1.232881273	1.4284472877851614e-16
1.234087561	1.4191855052658937e-16
1.23529385	1.411209065281016e-16
1.236500139	1.4036648992959568e-16
1.237706427	1.3951754157676396e-16
1.238912716	1.395702508377575e-16
1.240119004	1.4038720640347563e-16
1.241325293	1.4044525110261715e-16
1.242531581	1.4024136787146892e-16
1.24373787	1.4020509093904492e-16
1.244944158	1.3977806442090643e-16
1.246150447	1.3896861875013615e-16
1.247356736	1.383798490637848e-16
1.248563024	1.3787165668922388e-16
1.249769313	1.371172467614184e-16
1.250975601	1.3714797741703647e-16
1.25218189	1.3767264576834344e-16
1.253388178	1.3659066337802513e-16
1.254594467	1.3520527194503677e-16
1.255800755	1.345673760828769e-16
1.257007044	1.3383330849352167e-16
1.258213333	1.3299260838293616e-16
1.259419621	1.3197191219634883e-16
1.26062591	1.3118011547823265e-16
1.261832198	1.3086754288821218e-16
1.263038487	1.304302209799455e-16
1.264244775	1.298597444220019e-16
1.265451064	1.2937001301132072e-16
1.266657352	1.2969543431989168e-16
1.267863641	1.3081073173085726e-16
1.26906993	1.302804104722536e-16
1.270276218	1.2855331157972129e-16
1.271482507	1.2781297139192592e-16
1.272688795	1.2745574566598153e-16
1.273895084	1.273131106568742e-16
1.275101372	1.2624799705763054e-16
1.276307661	1.2453232988825186e-16
1.277513949	1.2307481720976428e-16
1.278720238	1.2014569090238292e-16
1.279926527	1.1771462396996597e-16
1.281132815	1.211174817316557e-16
1.282339104	1.2631544845798246e-16
1.283545392	1.206885888738399e-16
1.284751681	1.163771169954012e-16
1.285957969	1.173618201344687e-16
1.287164258	1.1876797557833215e-16
1.288370546	1.1898636700106983e-16
1.289576835	1.1912749688956396e-16
1.290783124	1.1847359573397302e-16
1.291989412	1.1681466679986447e-16
1.293195701	1.1601816620991344e-16
1.294401989	1.1561341430947898e-16
1.295608278	1.1425367711784404e-16
1.296814566	1.1335234791074925e-16
1.298020855	1.1316134779728056e-16
1.299227143	1.120256513644155e-16
1.300433432	1.105725054012075e-16
1.301639721	1.1005786251823234e-16
1.302846009	1.0949948462079863e-16
1.304052298	1.0847060748538086e-16
1.305258586	1.0665172450520311e-16
1.306464875	1.046766136647756e-16
1.307671163	1.0339259739746645e-16
1.308877452	1.0215222755486418e-16
1.31008374	1.0099486724696774e-16
1.311290029	1.0105828338603582e-16
1.312496318	1.008736550019609e-16
1.313702606	9.836941290051535e-17
1.314908895	9.743526054505047e-17
1.316115183	9.83093920833912e-17
1.317321472	9.674018582508902e-17
1.31852776	9.442909721481845e-17
1.319734049	9.321321856710406e-17
1.320940337	9.231148284121624e-17
1.322146626	9.159967703351552e-17
1.323352915	9.042871462245294e-17
1.324559203	8.938893275242073e-17
1.325765492	8.915247798363991e-17
1.32697178	8.891489043242798e-17
1.328178069	8.866602771518417e-17
1.329384357	8.923994967163586e-17
1.330590646	8.967760742066067e-17
1.331796935	8.907155810938604e-17
1.333003223	8.762491319452602e-17
1.334209512	8.584661476075628e-17
1.3354158	8.49384729844298e-17
1.336622089	8.423959006462257e-17
1.337828377	8.323464968427991e-17
1.339034666	8.245323326462537e-17
1.340240954	8.15959276198239e-17
1.341447243	7.971889619308517e-17
1.342653532	7.76153117043051e-17
1.34385982	7.580427175483981e-17
1.345066109	7.421150200188747e-17
1.346272397	7.264373317018089e-17
1.347478686	7.053691306480753e-17
1.348684974	6.852972568525655e-17
1.349891263	6.715678867565191e-17
1.351097551	6.542449326309939e-17
1.35230384	6.353897933295758e-17
1.353510129	6.261258739603952e-17
1.354716417	6.250238642369091e-17
1.355922706	6.258105386677835e-17
1.357128994	6.138549873655225e-17
1.358335283	5.97256153428023e-17
1.359541571	5.905421668441183e-17
1.36074786	5.719766500812502e-17
1.361954148	5.635705392155004e-17
1.363160437	5.797461408855827e-17
1.364366726	6.262830532260187e-17
1.365573014	6.790559205599187e-17
1.366779303	7.050955388774905e-17
1.367985591	7.141127555525665e-17
1.36919188	6.977794422544155e-17
1.370398168	6.605939653245572e-17
1.371604457	6.214673381243038e-17
1.372810745	5.911089253582104e-17
1.374017034	5.749954974092122e-17
1.375223323	5.698386765818072e-17
1.376429611	5.741567038771335e-17
1.3776359	5.811185467514966e-17
1.378842188	5.96960908086401e-17
1.380048477	6.266847328895443e-17
1.381254765	6.508302521763357e-17
1.382461054	6.648338342389556e-17
1.383667342	6.633425222105474e-17
1.384873631	6.54564822300118e-17
1.38607992	6.492624781219755e-17
1.387286208	6.396520122998796e-17
1.388492497	6.324858677789848e-17
1.389698785	6.388455706130516e-17
1.390905074	6.472742081704182e-17
1.392111362	6.531258188758698e-17
1.393317651	6.599944082183073e-17
1.394523939	6.624904861489325e-17
1.395730228	6.60043133475721e-17
1.396936517	6.535886052977755e-17
1.398142805	6.470954091933956e-17
1.399349094	6.515340943634023e-17
1.400555382	6.59210013698181e-17
1.401761671	6.591668301863883e-17
1.402967959	6.600062773310826e-17
1.404174248	6.641311473945721e-17
1.405380536	6.64920833988254e-17
1.406586825	6.621212669545653e-17
1.407793114	6.571149307511773e-17
1.408999402	6.486368322334988e-17
1.410205691	6.402360910380767e-17
1.411411979	6.405982950940238e-17
1.412618268	6.410569137695073e-17
1.413824556	6.348407698043463e-17
1.415030845	6.282997629116882e-17
1.416237133	6.222634578435268e-17
1.417443422	6.183216943346216e-17
1.418649711	6.151622004026465e-17
1.419855999	6.126764257309352e-17
1.421062288	6.143489426032869e-17
1.422268576	6.170869968101926e-17
1.423474865	6.080834532337335e-17
1.424681153	6.003530489378599e-17
1.425887442	6.025634545665273e-17
1.42709373	6.027840013613356e-17
1.428300019	5.996668897378921e-17
1.429506308	5.95772205519656e-17
1.430712596	5.918121046762291e-17
1.431918885	5.889168871719988e-17
1.433125173	5.878622763253601e-17
1.434331462	5.874468183212017e-17
1.43553775	5.831598557246801e-17
1.436744039	5.767619666149469e-17
1.437950327	5.70853607472281e-17
1.439156616	5.738670890474168e-17
1.440362905	5.79582647193639e-17
1.441569193	5.645644592747688e-17
1.442775482	5.538839017059436e-17
1.44398177	5.580560547254203e-17
1.445188059	5.570133961716169e-17
1.446394347	5.5164095419889405e-17
1.447600636	5.539153631639541e-17
1.448806924	5.5483125274940984e-17
1.450013213	5.5248972402628715e-17
1.451219502	5.5377743392358685e-17
1.45242579	5.546855706777451e-17
1.453632079	5.49562994528447e-17
1.454838367	5.435820914236311e-17
1.456044656	5.4068059964918974e-17
1.457250944	5.323182013724511e-17
1.458457233	5.1796338907269065e-17
1.459663521	5.078695266507565e-17
1.46086981	5.0250555830273085e-17
1.462076099	5.0103509741633256e-17
1.463282387	4.9971978447467186e-17
1.464488676	4.9832029657383064e-17
1.465694964	4.9879374289880964e-17
1.466901253	4.949437678283089e-17
1.468107541	4.85335053064396e-17
1.46931383	4.7700070834050805e-17
1.470520118	4.714252472226786e-17
1.471726407	4.6751469779349733e-17
1.472932696	4.679059983463745e-17
1.474138984	4.634678995428819e-17
1.475345273	4.5166120090170276e-17
1.476551561	4.576832456126149e-17
1.47775785	4.655176148615802e-17
1.478964138	4.5766303372770396e-17
1.480170427	4.5003530289591556e-17
1.481376715	4.495561079064353e-17
1.482583004	4.575058146559657e-17
1.483789293	4.5383148797690583e-17
1.484995581	4.5055942602569854e-17
1.48620187	4.433651426173918e-17
1.487408158	4.666860576881523e-17
1.488614447	4.7750597083517356e-17
1.489820735	4.4047743806888693e-17
1.491027024	4.187272917291471e-17
1.492233312	4.205682007095231e-17
1.493439601	4.1631867298308334e-17
1.49464589	4.133738833448544e-17
1.495852178	4.219019308628395e-17
1.497058467	4.2643177742156905e-17
1.498264755	4.220302538454075e-17
1.499471044	4.1844924555654534e-17
1.500677332	4.241381680247975e-17
1.501883621	4.3129211701775184e-17
1.503089909	4.3176041523556036e-17
1.504296198	4.353427366066158e-17
1.505502487	4.4042370708223255e-17
1.506708775	4.363748063165878e-17
1.507915064	4.2322661333109576e-17
1.509121352	4.1269570770731317e-17
1.510327641	4.0158527888796496e-17
1.511533929	4.0043717471106517e-17
1.512740218	4.0180582969215644e-17
1.513946506	4.0153158922413274e-17
1.515152795	3.982735646183408e-17
1.516359084	3.916995370525909e-17
1.517565372	3.865708522265557e-17
1.518771661	3.8303643749460066e-17
1.519977949	3.8069745473988984e-17
1.521184238	3.826627645561379e-17
1.522390526	3.8921864775913105e-17
1.523596815	3.876041614685288e-17
1.524803103	3.8083072499152075e-17
1.526009392	3.726289308054671e-17
1.527215681	3.6849538478677455e-17
1.528421969	3.7110704401228624e-17
1.529628258	3.8168209813526065e-17
1.530834546	3.829029395151989e-17
1.532040835	3.734114972459924e-17
1.533247123	3.754987084307634e-17
1.534453412	3.8316623882068964e-17
1.5356597	3.830851086611864e-17
1.536865989	3.8504010775484335e-17
1.538072278	3.895446894421933e-17
1.539278566	3.9161539736924815e-17
1.540484855	3.873047407177268e-17
1.541691143	3.775868391857226e-17
1.542897432	3.7096729757060724e-17
1.54410372	3.7103037251616134e-17
1.545310009	3.746808927976335e-17
1.546516297	3.8104067727052516e-17
1.547722586	3.921845205010849e-17
1.548928875	3.9824235549478476e-17
1.550135163	3.973225287140683e-17
1.551341452	3.911471854544071e-17
1.55254774	3.8481993424826965e-17
1.553754029	3.8200373191889714e-17
1.554960317	3.740440781746104e-17
1.556166606	3.6346030231428285e-17
1.557372894	3.5845341582574815e-17
1.558579183	3.620666305437783e-17
1.559785472	3.677250076547833e-17
1.56099176	3.7132055014135086e-17
1.562198049	3.7077697943221874e-17
1.563404337	3.7058797026437825e-17
1.564610626	3.688316153726302e-17
1.565816914	3.6639079491115994e-17
1.567023203	3.6384126430620954e-17
1.568229491	3.5820772684833295e-17
1.56943578	3.492374604998417e-17
1.570642069	3.427473172491591e-17
1.571848357	3.426584605219366e-17
1.573054646	3.4996980910206303e-17
1.574260934	3.609465816981508e-17
1.575467223	3.728508531766222e-17
1.576673511	3.8774240970866826e-17
1.5778798	3.9845050176348814e-17
1.579086089	3.9788237715040844e-17
1.580292377	3.9046166934961417e-17
1.581498666	4.02036190908199e-17
1.582704954	4.1065216708403663e-17
1.583911243	3.979402210155016e-17
1.585117531	3.817645037737214e-17
1.58632382	3.686470114452038e-17
1.587530108	3.661104034922161e-17
1.588736397	3.8134387690146794e-17
1.589942686	4.00988590022957e-17
1.591148974	4.0379277781604605e-17
1.592355263	3.9155584417896196e-17
1.593561551	3.8291570564446275e-17
1.59476784	3.8359520137360217e-17
1.595974128	3.9060027987063654e-17
1.597180417	3.816661258073501e-17
1.598386705	3.669849477848849e-17
1.599592994	3.6998049074696465e-17
1.600799283	3.7652246451242566e-17
1.602005571	3.7710738264102034e-17
1.60321186	3.7996178106035296e-17
1.604418148	3.8389362305794886e-17
1.605624437	3.8803591886608486e-17
1.606830725	3.8593741147935623e-17
1.608037014	3.773538829797147e-17
1.609243302	3.7587880030996154e-17
1.610449591	3.77582089714487e-17
1.61165588	3.7215358366541593e-17
1.612862168	3.676487834033121e-17
1.614068457	3.6453696750747886e-17
1.615274745	3.7300942534328084e-17
1.616481034	3.847480984406996e-17
1.617687322	3.755877095616083e-17
1.618893611	3.744857116276621e-17
1.620099899	3.8448503129699293e-17
1.621306188	3.860358795569855e-17
1.622512477	3.810736399336881e-17
1.623718765	3.780906067724864e-17
1.624925054	3.7634694455737744e-17
1.626131342	3.734986428915425e-17
1.627337631	3.652281188236828e-17
1.628543919	3.577972665442887e-17
1.629750208	3.556298492863176e-17
1.630956496	3.5372133783115006e-17
1.632162785	3.4865890278853154e-17
1.633369074	3.460103157569711e-17
1.634575362	3.4506015433292436e-17
1.635781651	3.424241917319645e-17
1.636987939	3.408493666992233e-17
1.638194228	3.364118530310905e-17
1.639400516	3.2668018204348587e-17
1.640606805	3.170350076536298e-17
1.641813093	3.1567059226791186e-17
1.643019382	3.204700775398813e-17
1.644225671	3.227841062623645e-17
1.645431959	3.1761963863934196e-17
1.646638248	3.131354808004809e-17
1.647844536	3.1359888423409904e-17
1.649050825	3.190156761474312e-17
1.650257113	3.250800196512981e-17
1.651463402	3.264995104368419e-17
1.65266969	3.25107488233297e-17
1.653875979	3.232404632919179e-17
1.655082268	3.2151961597048256e-17
1.656288556	3.183270535914544e-17
1.657494845	3.15890259152804e-17
1.658701133	3.1565442824171544e-17
1.659907422	3.165554455589214e-17
1.66111371	3.1482623791551064e-17
1.662319999	3.10902605849875e-17
1.663526287	3.084784823750602e-17
1.664732576	3.069529960310495e-17
1.665938865	3.090702903587535e-17
1.667145153	3.123921270842644e-17
1.668351442	3.141710231808301e-17
1.66955773	3.115116614549515e-17
1.670764019	3.14337292127182e-17
1.671970307	3.261855786182299e-17
1.673176596	3.2984588384488844e-17
1.674382884	3.275354867056649e-17
1.675589173	3.335292562122424e-17
1.676795462	3.34583548786216e-17
1.67800175	3.2440704217713825e-17
1.679208039	3.202375051089956e-17
1.680414327	3.242212168170909e-17
1.681620616	3.318676311886933e-17
1.682826904	3.356021993293586e-17
1.684033193	3.296441412927335e-17
1.685239481	3.2529895539830265e-17
1.68644577	3.25309325485215e-17
1.687652059	3.23798019012589e-17
1.688858347	3.2346180150060913e-17
1.690064636	3.2718092386815645e-17
1.691270924	3.292910247052331e-17
1.692477213	3.3016909796359594e-17
1.693683501	3.351957790328969e-17
1.69488979	3.36846985015742e-17
1.696096078	3.361504444471062e-17
1.697302367	3.332128000133184e-17
1.698508656	3.302413477618797e-17
1.699714944	3.30231177386044e-17
1.700921233	3.283298088705519e-17
1.702127521	3.252311985667948e-17
1.70333381	3.229381603649602e-17
1.704540098	3.212190131955781e-17
1.705746387	3.214497659127196e-17
1.706952675	3.2426765655833745e-17
1.708158964	3.294463502000004e-17
1.709365253	3.310580697462478e-17
1.710571541	3.332467030163002e-17
1.71177783	3.433930171599982e-17
1.712984118	3.4616893331059393e-17
1.714190407	3.3653857184920195e-17
1.715396695	3.338817612164233e-17
1.716602984	3.360703690200419e-17
1.717809272	3.357972512732811e-17
1.719015561	3.3596274709534135e-17
1.72022185	3.382109847833488e-17
1.721428138	3.36957536858106e-17
1.722634427	3.3716383240255364e-17
1.723840715	3.4271492641920763e-17
1.725047004	3.428080250398071e-17
1.726253292	3.337794051003422e-17
1.727459581	3.293351549217689e-17
1.728665869	3.2746131998197685e-17
1.729872158	3.2330580685567e-17
1.731078447	3.2021692587442733e-17
1.732284735	3.193273139468631e-17
1.733491024	3.202718784530779e-17
1.734697312	3.221001436637413e-17
1.735903601	3.2136317641024276e-17
1.737109889	3.1795284740791916e-17
1.738316178	3.170877059217327e-17
1.739522466	3.168657034097161e-17
1.740728755	3.164201275229574e-17
1.741935044	3.169390260614068e-17
1.743141332	3.150470300209812e-17
1.744347621	3.122548512299991e-17
1.745553909	3.150105654291168e-17
1.746760198	3.190260218911714e-17
1.747966486	3.1838839390902317e-17
1.749172775	3.1711968001987297e-17
1.750379063	3.159881511664318e-17
1.751585352	3.145371477506498e-17
1.752791641	3.1465946380278054e-17
1.753997929	3.1216065576669276e-17
1.755204218	3.103412838441297e-17
1.756410506	3.09716766351027e-17
1.757616795	3.076371811807403e-17
1.758823083	3.0372676212107344e-17
1.760029372	2.9990430187536215e-17
1.76123566	2.993693696051148e-17
1.762441949	3.001836087878335e-17
1.763648238	2.949678259406428e-17
1.764854526	2.898116546974684e-17
1.766060815	2.877400908071564e-17
1.767267103	2.8855800784586586e-17
1.768473392	2.913838468988807e-17
1.76967968	2.937199049645318e-17
1.770885969	2.9445392272593366e-17
1.772092257	2.935115278330926e-17
1.773298546	2.9247645219890114e-17
1.774504835	2.9275798795557e-17
1.775711123	2.9560058576951067e-17
1.776917412	2.9698847941711994e-17
1.7781237	2.9522755508781684e-17
1.779329989	2.9224993481586285e-17
1.780536277	2.904344321481444e-17
1.781742566	2.908050802147539e-17
1.782948854	2.9305265826479837e-17
1.784155143	2.9609560667671145e-17
1.785361432	2.9987075185393275e-17
1.78656772	3.0293915005016865e-17
1.787774009	3.018878181218012e-17
1.788980297	3.004416939612721e-17
1.790186586	2.996262790504185e-17
1.791392874	2.965206680610448e-17
1.792599163	2.913599849896389e-17
1.793805451	2.8539517007565066e-17
1.79501174	2.7848016352496265e-17
1.796218029	2.7071763692131532e-17
1.797424317	2.6385635190676012e-17
1.798630606	2.588355969653772e-17
1.799836894	2.5594613605819142e-17
1.801043183	2.5719307778090353e-17
1.802249471	2.621671455563841e-17
1.80345576	2.6547433300350348e-17
1.804662048	2.685270515121151e-17
1.805868337	2.740429036719062e-17
1.807074626	2.783232929253805e-17
1.808280914	2.802161538307715e-17
1.809487203	2.8146643834662345e-17
1.810693491	2.827549667689986e-17
1.81189978	2.854056662280328e-17
1.813106068	2.8862129958220516e-17
1.814312357	2.922834661735723e-17
1.815518645	2.976396559340617e-17
1.816724934	3.077098004637896e-17
1.817931223	3.2504736370160485e-17
1.819137511	3.249796919234138e-17
1.8203438	3.103634619851823e-17
1.821550088	3.0901227249045573e-17
1.822756377	3.0817670445119013e-17
1.823962665	3.004466951562481e-17
1.825168954	2.954135785804308e-17
1.826375243	2.947641098481197e-17
1.827581531	2.895484576309536e-17
1.82878782	3.2334095139296266e-17
1.829994108	0.
1.831200397	0.
1.832406685	0.
1.833612974	0.
1.834819262	0.
1.836025551	0.
1.83723184	0.
1.838438128	0.
1.839644417	0.
1.840850705	0.
1.842056994	0.
1.843263282	0.
1.844469571	0.
1.845675859	0.
1.846882148	0.
1.848088437	0.
1.849294725	0.
1.850501014	0.
1.851707302	0.
1.852913591	0.
1.854119879	0.
1.855326168	0.
1.856532456	0.
1.857738745	0.
1.858945034	0.
1.860151322	0.
1.861357611	0.
1.862563899	0.
1.863770188	0.
1.864976476	0.
1.866182765	0.
1.867389053	0.
1.868595342	0.
1.869801631	0.
1.871007919	0.
1.872214208	8.986914990577699e-17
1.873420496	9.354379787201692e-17
1.874626785	1.3314535743974947e-16
1.875833073	-2.981463054052398e-16
1.877039362	-1.62679263049802e-17
1.87824565	9.304388790355442e-18
1.879451939	1.6562194281168164e-17
1.880658228	1.9918183982302128e-17
1.881864516	2.175009686610321e-17
1.883070805	2.0546502957471003e-17
1.884277093	1.704163795231521e-17
1.885483382	1.538494287571521e-17
1.88668967	1.744152687903491e-17
1.887895959	1.959142843622787e-17
1.889102247	2.0362959002686347e-17
1.890308536	2.1290852620079804e-17
1.891514825	2.170058250118194e-17
1.892721113	1.9067936186602577e-17
1.893927402	1.5114125086820004e-17
1.89513369	1.5887309314210898e-17
1.896339979	1.895767580989838e-17
1.897546267	2.0842990073906573e-17
1.898752556	2.187343295010772e-17
1.899958844	2.5820414062553155e-17
1.901165133	4.373229261330871e-17
1.902371422	1.0847353899017948e-16
1.90357771	1.146224718145022e-16
1.904783999	7.095929296179372e-17
1.905990287	4.826821889684755e-17
1.907196576	3.4579907645806977e-17
1.908402864	2.538019843932132e-17
1.909609153	1.81817483473549e-17
1.910815441	1.394836450157613e-17
1.91202173	1.2725189227235046e-17
1.913228019	1.547511637107145e-17
1.914434307	2.0878457847344812e-17
1.915640596	2.7479421701356798e-17
1.916846884	2.9710817317360274e-17
1.918053173	2.6145020629443915e-17
1.919259461	2.1008003474101485e-17
1.92046575	1.7546426943655812e-17
1.921672038	1.614602896930043e-17
1.922878327	1.5499113686235062e-17
1.924084616	1.587703213443009e-17
1.925290904	1.6863409621826893e-17
1.926497193	1.7635043247401588e-17
1.927703481	1.730004702984461e-17
1.92890977	1.6020965551886813e-17
1.930116058	1.48306545637465e-17
1.931322347	1.3805138661094522e-17
1.932528635	1.367338533891301e-17
1.933734924	1.429822655435713e-17
1.934941213	1.518660395559279e-17
1.936147501	1.5541040012864216e-17
1.93735379	1.588296517924194e-17
1.938560078	1.6257901742034308e-17
1.939766367	1.6018463512312717e-17
1.940972655	1.494079172426374e-17
1.942178944	1.4504921738584188e-17
1.943385232	1.5497790131488928e-17
1.944591521	1.6256975343029574e-17
1.94579781	1.586126543992928e-17
1.947004098	1.505213399470057e-17
1.948210387	1.432141822138241e-17
1.949416675	1.3826071159082597e-17
1.950622964	1.3516143824091616e-17
1.951829252	1.3823795610693542e-17
1.953035541	1.435298750438974e-17
1.954241829	1.495949711134332e-17
1.955448118	1.6384106619560615e-17
1.956654407	1.784660989291656e-17
1.957860695	1.7403366766370514e-17
1.959066984	1.5781581389941505e-17
1.960273272	1.4337781233076285e-17
1.961479561	1.338369605194343e-17
1.962685849	1.289047995702313e-17
1.963892138	1.309151882537044e-17
1.965098426	1.3534704603876769e-17
1.966304715	1.3566660676847957e-17
1.967511004	1.3274794254773103e-17
1.968717292	1.3025245010092422e-17
1.969923581	1.2997794499916833e-17
1.971129869	1.2887841156628365e-17
1.972336158	1.2775687581228144e-17
1.973542446	1.2707531513390058e-17
1.974748735	1.2801585650661762e-17
1.975955023	1.2890195336616732e-17
1.977161312	1.3021159526763368e-17
1.978367601	1.3317158786045002e-17
1.979573889	1.325035228089497e-17
1.980780178	1.2889252422447843e-17
1.981986466	1.252237880098855e-17
1.983192755	1.2280176236767057e-17
1.984399043	1.2126253641503236e-17
1.985605332	1.2108606970894314e-17
1.98681162	1.2016300862043984e-17
1.988017909	1.1715509020891367e-17
1.989224198	1.1640518766365793e-17
1.990430486	1.167062949430071e-17
1.991636775	1.1719980363780283e-17
1.992843063	1.1695680478261754e-17
1.994049352	1.1414109967358208e-17
1.99525564	1.079695447262032e-17
1.996461929	1.017999094792265e-17
1.997668217	9.927999796955581e-18
1.998874506	9.859840646298108e-18
2.000080795	1.0057400011462459e-17
2.001287083	1.0811966621056461e-17
2.002493372	1.1874631099398049e-17
2.00369966	1.2345525005890493e-17
2.004905949	1.2015133790025248e-17
2.006112237	1.1867971712441634e-17
2.007318526	1.167289611207925e-17
2.008524814	1.1220682440961453e-17
2.009731103	1.0794468109706072e-17
2.010937392	1.0593014291917254e-17
2.01214368	1.0272830301820998e-17
2.013349969	9.880836308169072e-18
2.014556257	9.791342074326594e-18
2.015762546	1.0036714072013495e-17
2.016968834	1.039613432612274e-17
2.018175123	1.0757288430103863e-17
2.019381411	1.1024220064242095e-17
2.0205877	1.1141212289226501e-17
2.021793989	1.1178789273934059e-17
2.023000277	1.1054556458754876e-17
2.024206566	1.0782433727965633e-17
2.025412854	1.0617325256825869e-17
2.026619143	1.0574250546741715e-17
2.027825431	1.0575353986184113e-17
2.02903172	1.0624892999831925e-17
2.030238008	1.0677697088194125e-17
2.031444297	1.0493094740394633e-17
2.032650586	1.02902134312001e-17
2.033856874	1.0287370106198301e-17
2.035063163	1.0188365639863886e-17
2.036269451	1.0025561513982323e-17
2.03747574	1.012010489198308e-17
2.038682028	1.0332649521573082e-17
2.039888317	1.03152894454491e-17
2.041094605	1.0378894977789933e-17
2.042300894	1.0484664580880452e-17
2.043507183	1.0360546911450815e-17
2.044713471	1.009279901414396e-17
2.04591976	9.852822485642326e-18
2.047126048	9.713228552103128e-18
2.048332337	9.655388236101516e-18
2.049538625	9.52021609636827e-18
2.050744914	9.300656657036872e-18
2.051951202	9.175446686010352e-18
2.053157491	9.192234627791962e-18
2.05436378	9.32431371589497e-18
2.055570068	9.589627163082538e-18
2.056776357	9.787271151183514e-18
2.057982645	9.788707360626612e-18
2.059188934	9.703463489629657e-18
2.060395222	9.617211632978008e-18
2.061601511	9.304344724799889e-18
2.062807799	9.166638144332258e-18
2.064014088	9.490987353974371e-18
2.065220377	9.687525560428626e-18
2.066426665	9.545729047825016e-18
2.067632954	9.4642197177783e-18
2.068839242	9.464740380493854e-18
2.070045531	9.598776998561884e-18
2.071251819	9.77109879793378e-18
2.072458108	9.882660479944566e-18
2.073664396	9.949662917855404e-18
2.074870685	9.975966263226224e-18
2.076076974	9.974645431891572e-18
2.077283262	9.907159093167985e-18
2.078489551	9.835844234345713e-18
2.079695839	9.914679254309439e-18
2.080902128	9.939135849701004e-18
2.082108416	9.763546265147411e-18
2.083314705	9.716279503283491e-18
2.084520994	9.794822107245057e-18
2.085727282	9.754752637674243e-18
2.086933571	9.821253233317832e-18
2.088139859	1.0179995301819668e-17
2.089346148	1.0546119685069788e-17
2.090552436	1.0692330498194811e-17
2.091758725	1.071904539568177e-17
2.092965013	1.0548970601607565e-17
2.094171302	1.0253411417519843e-17
2.095377591	1.0083844994203525e-17
2.096583879	1.0025525889557825e-17
2.097790168	9.98270631314511e-18
2.098996456	1.0005131852150754e-17
2.100202745	1.0072762411531767e-17
2.101409033	1.0145055977473964e-17
2.102615322	1.020842383974512e-17
2.10382161	1.023357710911329e-17
2.105027899	1.0237816954887108e-17
2.106234188	1.0244276052715782e-17
2.107440476	1.0310907943629467e-17
2.108646765	1.0490331425016521e-17
2.109853053	1.0744429821543131e-17
2.111059342	1.0807429778482407e-17
2.11226563	1.064185275416902e-17
2.113471919	1.0546161179467128e-17
2.114678207	1.0602655126718532e-17
2.115884496	1.078765937705803e-17
2.117090785	1.087748440411141e-17
2.118297073	1.082056686422397e-17
2.119503362	1.086317244469626e-17
2.12070965	1.0928885459901175e-17
2.121915939	1.0893918083894135e-17
2.123122227	1.0947271600697689e-17
2.124328516	1.109837197514608e-17
2.125534804	1.1134120059362323e-17
2.126741093	1.1091652155375863e-17
2.127947382	1.1054598018519743e-17
2.12915367	1.1064702399314859e-17
2.130359959	1.1113935962685619e-17
2.131566247	1.1131783067669042e-17
2.132772536	1.1160911225749613e-17
2.133978824	1.1214687825238082e-17
2.135185113	1.1317676176070633e-17
2.136391401	1.1425052154755604e-17
2.13759769	1.1285210267905723e-17
2.138803979	1.1111777483927736e-17
2.140010267	1.1110296034490355e-17
2.141216556	1.1151272062713457e-17
2.142422844	1.1174579548512564e-17
2.143629133	1.1186799672063115e-17
2.144835421	1.1185568371343475e-17
2.14604171	1.1189236558501805e-17
2.147247998	1.114784045004787e-17
2.148454287	1.11153001428711e-17
2.149660576	1.1224774077683997e-17
2.150866864	1.1387770983694e-17
2.152073153	1.150927959393595e-17
2.153279441	1.1536673533304132e-17
2.15448573	1.1519438414009133e-17
2.155692018	1.1494020743271945e-17
2.156898307	1.1441995260151393e-17
2.158104595	1.13629788064151e-17
2.159310884	1.1279232116563632e-17
2.160517173	1.1194824873808576e-17
2.161723461	1.1126718392141332e-17
2.16292975	1.1111582060120246e-17
2.164136038	1.1185370765800635e-17
2.165342327	1.1812255028841031e-17
2.166548615	1.2664619073772393e-17
2.167754904	1.2213120516981724e-17
2.168961192	1.1664927273866886e-17
2.170167481	1.1579224848656519e-17
2.17137377	1.1610322946166873e-17
2.172580058	1.1638536261829125e-17
2.173786347	1.1599212433633864e-17
2.174992635	1.1553281447880105e-17
2.176198924	1.1468469867283508e-17
2.177405212	1.1450370615928171e-17
2.178611501	1.1530731472719474e-17
2.179817789	1.1442547800126487e-17
2.181024078	1.1438430742383906e-17
2.182230367	1.1548748564646602e-17
2.183436655	1.1470791220466318e-17
2.184642944	1.1340148125449633e-17
2.185849232	1.1315932754564572e-17
2.187055521	1.1435790731498483e-17
2.188261809	1.1658737524033734e-17
2.189468098	1.1568221913788385e-17
2.190674386	1.1261651949685118e-17
2.191880675	1.1063403480915265e-17
2.193086964	1.1009647055673033e-17
2.194293252	1.1077335940445157e-17
2.195499541	1.1155409343976082e-17
2.196705829	1.1222408622137195e-17
2.197912118	1.1328458133119118e-17
2.199118406	1.1387403008616118e-17
2.200324695	1.1308656410631326e-17
2.201530983	1.1217146292763216e-17
2.202737272	1.1255166686309762e-17
2.203943561	1.131228128657417e-17
2.205149849	1.1537009871651558e-17
2.206356138	1.1877387934677218e-17
2.207562426	1.1732450981827064e-17
2.208768715	1.136021302228135e-17
2.209975003	1.1126043319287364e-17
2.211181292	1.1099924630741127e-17
2.21238758	1.1210788477176144e-17
2.213593869	1.1272325787360738e-17
2.214800158	1.1255354271067214e-17
2.216006446	1.1215414872788817e-17
2.217212735	1.1099977931014483e-17
2.218419023	1.0905448475821061e-17
2.219625312	1.0706048452454255e-17
2.2208316	1.0569248095817135e-17
2.222037889	1.0488202827064584e-17
2.223244177	1.0367740279720262e-17
2.224450466	1.027296933478277e-17
2.225656755	1.036756725535497e-17
2.226863043	1.046479689127926e-17
2.228069332	1.0391422454535933e-17
2.22927562	1.0337986090748404e-17
2.230481909	1.036107652113481e-17
2.231688197	1.0400310638121655e-17
2.232894486	1.0445290971825154e-17
2.234100774	1.0507812254078412e-17
2.235307063	1.0580706265458158e-17
2.236513352	1.0638776106638684e-17
2.23771964	1.0712091985390451e-17
2.238925929	1.069650462596523e-17
2.240132217	1.0542980588910546e-17
2.241338506	1.0418980202768684e-17
2.242544794	1.0341827052195294e-17
2.243751083	1.0275867786653902e-17
2.244957371	1.0235756306881762e-17
2.24616366	1.021429909380662e-17
2.247369949	1.0271628713965018e-17
2.248576237	1.0360355099685392e-17
2.249782526	1.029534509663248e-17
2.250988814	1.0222106612707991e-17
2.252195103	1.0202387339043095e-17
2.253401391	1.0267487162099997e-17
2.25460768	1.0376808841932147e-17
2.255813968	1.0351884891755902e-17
2.257020257	1.028215914704891e-17
2.258226546	1.02246439424032e-17
2.259432834	1.0154566726434731e-17
2.260639123	1.0047041493850551e-17
2.261845411	1.0004234829581466e-17
2.2630517	9.894730848992077e-18
2.264257988	9.713893539949991e-18
2.265464277	9.65947698267122e-18
2.266670565	9.671678234625066e-18
2.267876854	9.655984874550593e-18
2.269083143	9.697246259727178e-18
2.270289431	9.814132811241384e-18
2.27149572	9.945846198998427e-18
2.272702008	1.0022878789708358e-17
2.273908297	1.000949527095351e-17
2.275114585	9.873230189619873e-18
2.276320874	9.63095268611251e-18
2.277527162	9.411485465324408e-18
2.278733451	9.27759226189039e-18
2.27993974	9.193703855299218e-18
2.281146028	9.239748376812988e-18
2.282352317	9.372028128198817e-18
2.283558605	9.182066789389646e-18
2.284764894	8.921477124767115e-18
2.285971182	8.861458018666169e-18
2.287177471	8.79683979499001e-18
2.288383759	8.714122082253945e-18
2.289590048	8.638198889269386e-18
2.290796337	8.543767553429223e-18
2.292002625	8.465314856503457e-18
2.293208914	8.55832831322472e-18
2.294415202	8.744302665525158e-18
2.295621491	8.732316610328217e-18
2.296827779	8.658700973360275e-18
2.298034068	8.651159193620377e-18
2.299240356	8.598910176363654e-18
2.300446645	8.507225364328647e-18
2.301652934	8.476586974390452e-18
2.302859222	8.512494077303671e-18
2.304065511	8.542411404025104e-18
2.305271799	8.511771861182474e-18
2.306478088	8.451385267710685e-18
2.307684376	8.385153045350984e-18
2.308890665	8.292352431555698e-18
2.310096953	8.187072088148525e-18
2.311303242	8.044971746440872e-18
2.312509531	7.88278422905282e-18
2.313715819	7.73669733550595e-18
2.314922108	7.687997831475881e-18
2.316128396	7.702867339449293e-18
2.317334685	7.695190577607715e-18
2.318540973	7.712661696076936e-18
2.319747262	7.755972052082659e-18
2.32095355	7.824978536837809e-18
2.322159839	7.902585352131062e-18
2.323366128	7.922576671965759e-18
2.324572416	7.893575526555933e-18
2.325778705	7.807079269604827e-18
2.326984993	7.671440077329638e-18
2.328191282	7.50412598400778e-18
2.32939757	7.390940577699701e-18
2.330603859	7.343844675961978e-18
2.331810148	7.348872417156978e-18
2.333016436	7.289617733682719e-18
2.334222725	7.102305478562051e-18
2.335429013	6.930764227614142e-18
2.336635302	6.809245175831089e-18
2.33784159	6.731117160721419e-18
2.339047879	6.7070572157241354e-18
2.340254167	6.7334681889508605e-18
2.341460456	6.811688817330116e-18
2.342666745	6.874003077156403e-18
2.343873033	6.848506125708163e-18
2.345079322	6.7511029388053066e-18
2.34628561	6.603982027255807e-18
2.347491899	6.4345776777833934e-18
2.348698187	6.286574728815021e-18
2.349904476	6.221370758915735e-18
2.351110764	6.380036128289982e-18
2.352317053	6.722700779350676e-18
2.353523342	6.893667827676281e-18
2.35472963	6.77884360825284e-18
2.355935919	6.519428418967366e-18
2.357142207	6.325501338826778e-18
2.358348496	6.252000389210282e-18
2.359554784	6.156405704600134e-18
2.360761073	6.087850985768897e-18
2.361967361	6.0589864583310815e-18
2.36317365	6.010062274945794e-18
2.364379939	5.932173927073827e-18
2.365586227	5.8293521530348274e-18
2.366792516	5.7459623999456405e-18
2.367998804	5.743437095935235e-18
2.369205093	5.889157864962424e-18
2.370411381	6.1270944225928364e-18
2.37161767	6.2818518515491265e-18
2.372823958	6.317779669647111e-18
2.374030247	6.316304562529992e-18
2.375236536	6.033998697583515e-18
2.376442824	5.587385810437288e-18
2.377649113	5.255609694648524e-18
2.378855401	5.0531479980511686e-18
2.38006169	5.0086610522952464e-18
2.381267978	5.149210430315575e-18
2.382474267	5.3775321821147675e-18
2.383680555	5.6582541080156764e-18
2.384886844	5.894485557477855e-18
2.386093133	6.0138924582408674e-18
2.387299421	6.083850034167418e-18
2.38850571	6.0883948232063665e-18
2.389711998	6.1264346074997366e-18
2.390918287	6.08828880889498e-18
2.392124575	5.897195896564071e-18
2.393330864	5.56665440899113e-18
2.394537152	5.19018236578081e-18
2.395743441	4.8610496203204336e-18
2.39694973	4.65401416322808e-18
2.398156018	4.667883950706669e-18
2.399362307	4.9123715577768485e-18
2.400568595	5.22789922363225e-18
2.401774884	5.4085054425184605e-18
2.402981172	5.451629926561222e-18
2.404187461	5.322665022661823e-18
2.405393749	4.947977751289127e-18
2.406600038	4.2817830801642135e-18
2.407806327	3.422308606844495e-18
2.409012615	2.795169871422621e-18
2.410218904	2.7842569538176e-18
2.411425192	3.2009411898884057e-18
2.412631481	3.766387906519187e-18
2.413837769	4.4112900188943935e-18
2.415044058	5.085508846135564e-18
2.416250346	5.6452441258776995e-18
2.417456635	5.8056678263170554e-18
2.418662924	5.589362756051674e-18
2.419869212	5.325225836342376e-18
2.421075501	5.035389573259654e-18
2.422281789	4.810238420903059e-18
2.423488078	4.775911704602028e-18
2.424694366	4.9848397074901795e-18
2.425900655	5.189910898790562e-18
2.427106943	5.102952370684333e-18
2.428313232	4.632133928985402e-18
2.429519521	4.094382274762369e-18
2.430725809	3.742525077399286e-18
2.431932098	3.693435692803435e-18
2.433138386	4.074138276179447e-18
2.434344675	5.0957397055206595e-18
2.435550963	6.56058693527731e-18
2.436757252	7.381600047248686e-18
2.43796354	7.040087627015661e-18
2.439169829	6.015921520046224e-18
2.440376118	4.8991185428832706e-18
2.441582406	4.129687175311295e-18
2.442788695	3.880266217216102e-18
2.443994983	3.9686248658080485e-18
2.445201272	4.333880299822109e-18
2.44640756	4.927435556571605e-18
2.447613849	5.542458976866336e-18
2.448820137	5.924860340534802e-18
2.450026426	6.132835097072921e-18
2.451232715	6.3551765246261064e-18
2.452439003	6.274375546168599e-18
2.453645292	5.638963977762779e-18
2.45485158	4.7425864205898895e-18
2.456057869	4.011741642720863e-18
2.457264157	3.5018099168860386e-18
2.458470446	3.3239721075567814e-18
2.459676734	3.617513135749348e-18
2.460883023	4.3923576443664566e-18
2.462089312	5.417770457134151e-18
2.4632956	6.209359312159122e-18
2.464501889	6.409174621613623e-18
2.465708177	5.7693465950085e-18
2.466914466	4.86416179639591e-18
2.468120754	4.5641057456637095e-18
2.469327043	5.528823308692616e-18
2.470533331	7.390886458351778e-18
2.47173962	8.917629346569483e-18
2.472945909	9.333002845028793e-18
2.474152197	8.451892788051705e-18
2.475358486	6.733531436852623e-18
2.476564774	5.835498032276606e-18
2.477771063	7.101568274586953e-18
2.478977351	1.1005153758515613e-17
2.48018364	1.8914733053905218e-17
2.481389928	3.241794698556037e-17
2.482596217	4.850552324928047e-17
2.483802506	5.3568786505311557e-17
2.485008794	4.888516168637258e-17
2.486215083	4.370994789301796e-17
2.487421371	4.058320135511363e-17
2.48862766	4.2314534140061015e-17
2.489833948	5.504872615609894e-17
2.491040237	8.544807981411493e-17
2.492246525	1.1109089644914055e-16
2.493452814	9.520241421748922e-17
2.494659103	7.127268654161045e-17
2.495865391	5.725406101809235e-17
2.49707168	5.1144390321650665e-17