0.45	5.580969062753793e-10
0.451155427	5.416621995059401e-10
0.452310855	5.34175429151752e-10
0.453466282	5.291621868399635e-10
0.454621709	5.042714580955393e-10
0.455777137	4.993552476009303e-10
0.456932564	5.128225885131876e-10
0.458087992	4.952535075869057e-10
0.459243419	5.020142352563244e-10
0.460398846	5.151824364948411e-10
0.461554274	5.115157983978553e-10
0.462709701	4.744307869181154e-10
0.463865128	4.902419831746968e-10
0.465020556	4.983178315639543e-10
0.466175983	4.943572507924124e-10
0.46733141	4.811098281341448e-10
0.468486838	4.932627181279185e-10
0.469642265	4.773728699800268e-10
0.470797693	4.824336561910971e-10
0.47195312	4.650971511496522e-10
0.473108547	4.704133134516878e-10
0.474263975	4.860262066880696e-10
0.475419402	4.788813790123722e-10
0.476574829	4.794565839927398e-10
0.477730257	4.63960110179545e-10
0.478885684	4.715602127376075e-10
0.480041111	4.614505154868272e-10
0.481196539	4.453221734988242e-10
0.482351966	4.5381605563567227e-10
0.483507394	4.530991995323958e-10
0.484662821	4.300188402878803e-10
0.485818248	3.2086165923142164e-10
0.486973676	3.535537192622151e-10
0.488129103	3.8560105388580104e-10
0.48928453	4.2442964437720695e-10
0.490439958	4.2535129456062147e-10
0.491595385	4.1734397482563173e-10
0.492750812	4.2088482768803526e-10
0.49390624	4.1897532934655695e-10
0.495061667	4.091093234780599e-10
0.496217095	4.175899695210802e-10
0.497372522	3.987423485961442e-10
0.498527949	4.096449577673878e-10
0.499683377	3.8078001089214665e-10
0.500838804	3.751885200753839e-10
0.501994231	3.829055923877048e-10
0.503149659	3.9037526071037183e-10
0.504305086	3.821732040268839e-10
0.505460514	3.7667128892938997e-10
0.506615941	3.784263274255921e-10
0.507771368	3.7269425016367877e-10
0.508926796	3.7748616142086733e-10
0.510082223	3.690377963532273e-10
0.51123765	3.605308628174031e-10
0.512393078	3.6049624287421445e-10
0.513548505	3.5283060395762527e-10
0.514703932	3.4141647661836626e-10
0.51585936	3.351133374726282e-10
0.517014787	3.3818466537037504e-10
0.518170215	3.593180010682868e-10
0.519325642	3.330187636666044e-10
0.520481069	3.3873131996241205e-10
0.521636497	3.3909775579846015e-10
0.522791924	3.3307377126836407e-10
0.523947351	3.326348918261558e-10
0.525102779	3.281914663088225e-10
0.526258206	3.377889415670449e-10
0.527413633	3.233115788146546e-10
0.528569061	3.37855100496917e-10
0.529724488	3.410758581136511e-10
0.530879916	3.2521926813732253e-10
0.532035343	3.2340249051555404e-10
0.53319077	3.2103619858662667e-10
0.534346198	3.320764059379451e-10
0.535501625	3.233950903972968e-10
0.536657052	3.241756754760398e-10
0.53781248	3.182928460117363e-10
0.538967907	3.1277438147125303e-10
0.540123334	3.075940972752555e-10
0.541278762	2.950798770314415e-10
0.542434189	2.958436786078955e-10
0.543589617	2.996589446107518e-10
0.544745044	3.0054410212626005e-10
0.545900471	2.9806291819838117e-10
0.547055899	3.073449911155507e-10
0.548211326	3.0289322871742347e-10
0.549366753	3.0042199258657713e-10
0.550522181	2.9673883728906925e-10
0.551677608	2.9471327512473317e-10
0.552833035	2.9214782251777077e-10
0.553988463	2.938570146088716e-10
0.55514389	2.949224868896146e-10
0.556299318	2.9872474629299256e-10
0.557454745	2.955287574476047e-10
0.558610172	2.972773601564394e-10
0.5597656	2.881813742612908e-10
0.560921027	2.972537702258836e-10
0.562076454	2.9357196606280846e-10
0.563231882	2.9126872663852736e-10
0.564387309	2.87755440031635e-10
0.565542736	2.8664224482661775e-10
0.566698164	2.8131139072934094e-10
0.567853591	2.782490946791719e-10
0.569009019	2.8358531738537327e-10
0.570164446	2.823805868365038e-10
0.571319873	2.783620272577588e-10
0.572475301	2.7909728904037606e-10
0.573630728	2.758786081494716e-10
0.574786155	2.7243917164069203e-10
0.575941583	2.7659699375774813e-10
0.57709701	2.689220617424452e-10
0.578252437	2.697178170855869e-10
0.579407865	2.724159331038919e-10
0.580563292	2.70654404237555e-10
0.58171872	2.6811363724173957e-10
0.582874147	2.6818940474077283e-10
0.584029574	2.685907222371298e-10
0.585185002	2.6477458226309656e-10
0.586340429	2.6319614028098395e-10
0.587495856	2.559057868054842e-10
0.588651284	2.4985271601279903e-10
0.589806711	2.680942731207273e-10
0.590962138	2.506582460813787e-10
0.592117566	2.535097745937e-10
0.593272993	2.5169469238543027e-10
0.594428421	2.5402398247243325e-10
0.595583848	2.5037878233724433e-10
0.596739275	2.4766596631311153e-10
0.597894703	2.477417331849814e-10
0.59905013	2.4715952387460905e-10
0.600205557	2.4186214869699924e-10
0.601360985	2.379996433205292e-10
0.602516412	2.420776625684971e-10
0.60367184	2.3538663372695e-10
0.604827267	2.3507267122440546e-10
0.605982694	2.343692596832904e-10
0.607138122	2.338876614183974e-10
0.608293549	2.3019764173357346e-10
0.609448976	2.2653205697785305e-10
0.610604404	2.2842943351073565e-10
0.611759831	2.1923210451282797e-10
0.612915258	2.1785736465412356e-10
0.614070686	2.020782391054848e-10
0.615226113	1.9401238348366473e-10
0.616381541	1.9758609564634891e-10
0.617536968	1.884754198096302e-10
0.618692395	1.8071435618465887e-10
0.619847823	1.810431902821716e-10
0.62100325	1.8259030910655573e-10
0.622158677	1.8529415256672287e-10
0.623314105	1.8832492986017504e-10
0.624469532	1.901015014279358e-10
0.625624959	2.0070026530868192e-10
0.626780387	2.0561460411678107e-10
0.627935814	2.03158981399752e-10
0.629091242	2.0781407734971353e-10
0.630246669	2.0615180014870403e-10
0.631402096	2.081234192639468e-10
0.632557524	2.0736554136619835e-10
0.633712951	2.0537853677223126e-10
0.634868378	2.0163360812769895e-10
0.636023806	2.0115065114103835e-10
0.637179233	1.9884812340201164e-10
0.63833466	2.003030766435505e-10
0.639490088	1.9798479750468855e-10
0.640645515	1.946463208865404e-10
0.641800943	1.8984193213944623e-10
0.64295637	1.8835826102023517e-10
0.644111797	1.8188764435362668e-10
0.645267225	1.7655393563977256e-10
0.646422652	1.764819182525302e-10
0.647578079	1.8063013720021296e-10
0.648733507	1.7818703732672396e-10
0.649888934	1.727546786385499e-10
0.651044361	1.7945482283524373e-10
0.652199789	1.7883273194646672e-10
0.653355216	1.7984556341422295e-10
0.654510644	1.743597523690935e-10
0.655666071	1.383644785367365e-10
0.656821498	1.266759323195124e-10
0.657976926	1.65400189537793e-10
0.659132353	1.7839986597298357e-10
0.66028778	1.7809524104570734e-10
0.661443208	1.7814347042798906e-10
0.662598635	1.770987390053401e-10
0.663754062	1.7251960939377428e-10
0.66490949	1.7004230714182912e-10
0.666064917	1.692786619338327e-10
0.667220345	1.695285424748405e-10
0.668375772	1.6798171640647752e-10
0.669531199	1.694364634493339e-10
0.670686627	1.6987019588028408e-10
0.671842054	1.691430161899868e-10
0.672997481	1.7070891821797195e-10
0.674152909	1.7053731485730278e-10
0.675308336	1.704586903059807e-10
0.676463763	1.7210273888389066e-10
0.677619191	1.71385350965307e-10
0.678774618	1.6949842467167878e-10
0.679930046	1.6814181734805212e-10
0.681085473	1.685718906633452e-10
0.6822409	1.6725468922075577e-10
0.683396328	1.648547075558645e-10
0.684551755	1.6463278133273387e-10
0.685707182	1.6390780652650932e-10
0.68686261	1.65183276120946e-10
0.688018037	1.6733710172194286e-10
0.689173464	1.6735558069823188e-10
0.690328892	1.6735752241356527e-10
0.691484319	1.6570988324688674e-10
0.692639747	1.6218409914659638e-10
0.693795174	1.591343618905053e-10
0.694950601	1.5676897791629494e-10
0.696106029	1.5532669783420185e-10
0.697261456	1.5271809544192032e-10
0.698416883	1.4595421916732314e-10
0.699572311	1.4108376890151563e-10
0.700727738	1.3780501045588394e-10
0.701883166	1.3495535957107687e-10
0.703038593	1.344466212608476e-10
0.70419402	1.3325682899473863e-10
0.705349448	1.3284355571364808e-10
0.706504875	1.3296002573820388e-10
0.707660302	1.3532726388977085e-10
0.70881573	1.358958391645198e-10
0.709971157	1.3609365876400234e-10
0.711126584	1.3474734600016867e-10
0.712282012	1.3539683481123543e-10
0.713437439	1.3608865489407983e-10
0.714592867	1.3354126519660466e-10
0.715748294	1.3342115534926912e-10
0.716903721	1.2634149717808413e-10
0.718059149	1.1722766552286245e-10
0.719214576	1.0547053795770795e-10
0.720370003	9.87258395828496e-11
0.721525431	9.418790839732595e-11
0.722680858	8.693344520585962e-11
0.723836285	7.882492935443124e-11
0.724991713	7.093253091378457e-11
0.72614714	6.409058908998826e-11
0.727302568	6.071437298705402e-11
0.728457995	6.116391623882153e-11
0.729613422	6.592003136992683e-11
0.73076885	7.213452325552568e-11
0.731924277	7.985290478912569e-11
0.733079704	8.708697499435293e-11
0.734235132	9.29554352357079e-11
0.735390559	9.581548917419094e-11
0.736545986	1.0129000217175526e-10
0.737701414	1.0632452842959668e-10
0.738856841	1.0937006577609843e-10
0.740012269	1.1511587127939017e-10
0.741167696	1.1565318432885743e-10
0.742323123	1.17100482825282e-10
0.743478551	1.214944727183312e-10
0.744633978	1.2000021357386514e-10
0.745789405	1.187679730136012e-10
0.746944833	1.1971026783424497e-10
0.74810026	1.1796881187274022e-10
0.749255687	1.1752495986944e-10
0.750411115	1.1746853683821804e-10
0.751566542	1.154214976177072e-10
0.75272197	1.1723484737369035e-10
0.753877397	1.194085414086455e-10
0.755032824	1.186104179728451e-10
0.756188252	1.1640916803263813e-10
0.757343679	1.1577482296334484e-10
0.758499106	1.1936168362392366e-10
0.759654534	1.264671338667498e-10
0.760809961	1.2686691976496775e-10
0.761965388	1.1905826734207345e-10
0.763120816	1.165978866303577e-10
0.764276243	1.1272381759310264e-10
0.765431671	1.0743565050043758e-10
0.766587098	1.0585648885672755e-10
0.767742525	1.0753448635974716e-10
0.768897953	1.0789927131306034e-10
0.77005338	1.0669395963732603e-10
0.771208807	1.0509595347018969e-10
0.772364235	1.0309441746558099e-10
0.773519662	1.0299904904622922e-10
0.774675089	1.0117427265314886e-10
0.775830517	1.0004509027849904e-10
0.776985944	9.575056431543591e-11
0.778141372	9.406273759179828e-11
0.779296799	9.489984998015898e-11
0.780452226	8.89634369270374e-11
0.781607654	8.538834440642178e-11
0.782763081	8.125711362594354e-11
0.783918508	7.721867273244668e-11
0.785073936	7.389232970396833e-11
0.786229363	7.263306456053245e-11
0.78738479	7.165436778355751e-11
0.788540218	7.162049125727248e-11
0.789695645	7.087453000046013e-11
0.790851073	7.116506245764052e-11
0.7920065	7.019122215094551e-11
0.793161927	6.966333639571626e-11
0.794317355	7.045108337817105e-11
0.795472782	7.138537880173211e-11
0.796628209	7.189783262897581e-11
0.797783637	7.197031666138383e-11
0.798939064	7.237825429570106e-11
0.800094492	7.213993096988414e-11
0.801249919	7.416426762583206e-11
0.802405346	7.571061203862677e-11
0.803560774	7.725812504648772e-11
0.804716201	7.882642918059646e-11
0.805871628	8.178472637057412e-11
0.807027056	8.350047791623488e-11
0.808182483	8.444023205994093e-11
0.80933791	8.410982864575613e-11
0.810493338	8.410643777085929e-11
0.811648765	8.49705721102412e-11
0.812804193	8.557522247035891e-11
0.81395962	8.518578677037255e-11
0.815115047	8.403175515803732e-11
0.816270475	8.30924910559318e-11
0.817425902	8.342476635456429e-11
0.818581329	8.311280781300823e-11
0.819736757	8.318316953492653e-11
0.820892184	8.851029210765e-11
0.822047611	8.5737516446718e-11
0.823203039	8.040312411496304e-11
0.824358466	8.69005502515324e-11
0.825513894	8.573809454492392e-11
0.826669321	8.795632513161849e-11
0.827824748	8.52697624881506e-11
0.828980176	8.409352819304233e-11
0.830135603	8.443881366667002e-11
0.83129103	8.374948424225376e-11
0.832446458	8.280376744124736e-11
0.833601885	8.061125116850394e-11
0.834757312	7.962566864050498e-11
0.83591274	7.593009101153937e-11
0.837068167	7.213729938486289e-11
0.838223595	6.930625308168661e-11
0.839379022	6.823040292506517e-11
0.840534449	6.831223419904725e-11
0.841689877	6.861575921072383e-11
0.842845304	7.304903749802975e-11
0.844000731	7.1376903499802e-11
0.845156159	7.299246356518046e-11
0.846311586	7.327030948623994e-11
0.847467013	7.424792679675631e-11
0.848622441	8.604390959997193e-11
0.849777868	7.32126039044392e-11
0.850933296	6.729505929006781e-11
0.852088723	7.454940327179444e-11
0.85324415	7.458467457488892e-11
0.854399578	5.4329842127045546e-11
0.855555005	5.6391642470541455e-11
0.856710432	6.177288626494156e-11
0.85786586	5.6417783854952856e-11
0.859021287	4.794824855711287e-11
0.860176714	4.009419108883366e-11
0.861332142	4.151108820973133e-11
0.862487569	4.125798829382738e-11
0.863642997	4.228900077440467e-11
0.864798424	4.2560338972523633e-11
0.865953851	3.7776023977545494e-11
0.867109279	3.5347448070588265e-11
0.868264706	4.7040847038786955e-11
0.869420133	5.356871480569282e-11
0.870575561	5.961065599211546e-11
0.871730988	6.210267190187456e-11
0.872886415	6.333299516549163e-11
0.874041843	5.683701824326935e-11
0.87519727	4.912329186091982e-11
0.876352698	5.5018238128026173e-11
0.877508125	5.8028822625580397e-11
0.878663552	5.11798259502395e-11
0.87981898	4.257983923945187e-11
0.880974407	3.2614400962470775e-11
0.882129834	2.417266962497552e-11
0.883285262	1.8768633962485456e-11
0.884440689	1.6789893771027945e-11
0.885596116	1.4818072249387108e-11
0.886751544	1.2419743112478287e-11
0.887906971	1.384233219804813e-11
0.889062399	1.5640137733483534e-11
0.890217826	1.6597278273191657e-11
0.891373253	1.6929800174916085e-11
0.892528681	1.7098297200660598e-11
0.893684108	1.763456443292586e-11
0.894839535	1.8339197296279413e-11
0.895994963	1.993064050605763e-11
0.89715039	2.2227755611772706e-11
0.898305817	2.4296926308905186e-11
0.899461245	2.4535901153125005e-11
0.900616672	2.3986110564011782e-11
0.9017721	2.494452600813999e-11
0.902927527	3.421518205922442e-11
0.904082954	4.281684824000515e-11
0.905238382	4.8320162127129935e-11
0.906393809	5.011646623618077e-11
0.907549236	5.4749502443923816e-11
0.908704664	5.791474654755313e-11
0.909860091	6.040343862010618e-11
0.911015519	6.28108876529415e-11
0.912170946	6.336621874934587e-11
0.913326373	6.284961461946552e-11
0.914481801	6.62343842436558e-11
0.915637228	6.532970680259932e-11
0.916792655	6.82813246800662e-11
0.917948083	6.824672403269812e-11
0.91910351	7.046737150794029e-11
0.920258937	7.208247242736625e-11
0.921414365	6.542538488014708e-11
0.922569792	5.637203684309268e-11
0.92372522	5.858196993284217e-11
0.924880647	6.819724868822853e-11
0.926036074	6.965966843262766e-11
0.927191502	7.318277262111198e-11
0.928346929	7.506691143411696e-11
0.929502356	7.489554646607874e-11
0.930657784	7.076245132750334e-11
0.931813211	6.43583426600812e-11
0.932968638	6.34016766581157e-11
0.934124066	6.008614423358759e-11
0.935279493	6.502789746539057e-11
0.936434921	6.801857744639296e-11
0.937590348	6.830337588697383e-11
0.938745775	7.479683486566616e-11
0.939901203	7.869161917810814e-11
0.94105663	7.239303296809015e-11
0.942212057	7.072750700226349e-11
0.943367485	6.578952252382768e-11
0.944522912	6.237929787922323e-11
0.945678339	6.501440055761115e-11
0.946833767	6.832614660712777e-11
0.947989194	6.661518729723147e-11
0.949144622	6.732856022865775e-11
0.950300049	6.566913539579641e-11
0.951455476	7.08981822827293e-11
0.952610904	6.606639816479133e-11
0.953766331	6.416083211676428e-11
0.954921758	5.391141567323485e-11
0.956077186	6.007860080850775e-11
0.957232613	6.716267412958769e-11
0.95838804	6.567704660147534e-11
0.959543468	6.346648597853337e-11
0.960698895	6.40553182205579e-11
0.961854323	6.078349294166882e-11
0.96300975	5.858594457697152e-11
0.964165177	5.84818420922301e-11
0.965320605	5.750579119598203e-11
0.966476032	5.586663533488079e-11
0.967631459	5.80993314036429e-11
0.968786887	5.795549781178407e-11
0.969942314	5.830858647010152e-11
0.971097741	0.
0.972253169	0.
0.973408596	0.
0.974564024	0.
0.975719451	0.
0.976874878	0.
0.978030306	0.
0.979185733	0.
0.98034116	0.
0.981496588	0.
0.982652015	0.
0.983807442	0.
0.98496287	0.
0.986118297	0.
0.987273725	0.
0.988429152	0.
0.989584579	0.
0.990740007	0.
0.991895434	0.
0.993050861	0.
0.994206289	0.
0.995361716	0.
0.996517143	0.
0.997672571	1.4606573783910233e-11
0.998827998	1.4721428161022418e-11
0.999983426	1.4115882061521802e-11
1.001138853	1.3449067770681122e-11
1.00229428	1.2305369675292005e-11
1.003449708	1.1534597273271338e-11
1.004605135	1.0761163078146376e-11
1.005760562	1.0556643400124214e-11
1.00691599	1.0434246344687654e-11
1.008071417	1.0589727227210174e-11
1.009226845	1.118026932275936e-11
1.010382272	1.1829564456259274e-11
1.011537699	1.2544337014878658e-11
1.012693127	1.3645613941652125e-11
1.013848554	1.4738573086078886e-11
1.015003981	1.55535004378625e-11
1.016159409	1.6207929190194932e-11
1.017314836	1.6935440921448192e-11
1.018470263	1.7606719898608687e-11
1.019625691	1.8217738710989853e-11
1.020781118	1.8775439374514074e-11
1.021936546	1.927432189796567e-11
1.023091973	1.9650551653831845e-11
1.0242474	1.9998055226358744e-11
1.025402828	2.0500802653126962e-11
1.026558255	2.105240267588792e-11
1.027713682	2.1587433323318113e-11
1.02886911	2.2277505137317436e-11
1.030024537	2.314271735678153e-11
1.031179964	2.3910790439136027e-11
1.032335392	2.489613212099445e-11
1.033490819	2.650324100422596e-11
1.034646247	2.8020288441164164e-11
1.035801674	2.908601540034973e-11
1.036957101	3.04114584963376e-11
1.038112529	3.205538182737706e-11
1.039267956	3.352305316367217e-11
1.040423383	3.492774634039955e-11
1.041578811	3.643627187582391e-11
1.042734238	3.782856538313555e-11
1.043889665	3.9036683962754946e-11
1.045045093	4.0491460933524177e-11
1.04620052	4.1858132860637974e-11
1.047355948	4.241868327269134e-11
1.048511375	4.2738544034609074e-11
1.049666802	4.312638497017853e-11
1.05082223	4.3551889153429446e-11
1.051977657	4.4005262736129944e-11
1.053133084	4.4504091186828194e-11
1.054288512	4.492686210914135e-11
1.055443939	4.4942302869100756e-11
1.056599366	4.523119144687044e-11
1.057754794	4.611096532977491e-11
1.058910221	4.664542279669258e-11
1.060065649	4.665461685977193e-11
1.061221076	4.642938900663188e-11
1.062376503	4.590829955402776e-11
1.063531931	4.5652536599349897e-11
1.064687358	4.546892346588424e-11
1.065842785	4.510362777560395e-11
1.066998213	4.4605556743844727e-11
1.06815364	4.4118929939380606e-11
1.069309067	4.38855018985758e-11
1.070464495	4.3439773734792453e-11
1.071619922	4.2397680050747507e-11
1.07277535	4.173654174049313e-11
1.073930777	4.1559450886231404e-11
1.075086204	4.120381630307361e-11
1.076241632	4.072693523998452e-11
1.077397059	4.046654798485304e-11
1.078552486	3.9990466721471305e-11
1.079707914	3.90766141281345e-11
1.080863341	3.898578838500205e-11
1.082018768	3.95900547500813e-11
1.083174196	3.923489873320672e-11
1.084329623	3.825346849451498e-11
1.085485051	3.717622528904858e-11
1.086640478	3.676010224866027e-11
1.087795905	3.7068918509202934e-11
1.088951333	3.579757220214872e-11
1.09010676	3.3506347060779e-11
1.091262187	3.186029562941219e-11
1.092417615	3.097367760641485e-11
1.093573042	3.152648337904014e-11
1.094728469	3.175827303329069e-11
1.095883897	3.1106645866739593e-11
1.097039324	3.0879766253081707e-11
1.098194752	3.0736098919972633e-11
1.099350179	2.992565404207519e-11
1.100505606	2.9147750252345615e-11
1.101661034	2.8799167593196266e-11
1.102816461	2.7972308344454902e-11
1.103971888	2.6442212753513205e-11
1.105127316	2.4786752516490956e-11
1.106282743	2.3064050497161104e-11
1.107438171	2.1222702969344543e-11
1.108593598	1.9209903993503534e-11
1.109749025	1.7079788447345483e-11
1.110904453	1.5033795011581048e-11
1.11205988	1.3126719851216384e-11
1.113215307	1.148989365389431e-11
1.114370735	1.0057501276265837e-11
1.115526162	8.826036504553227e-12
1.116681589	7.752419535406689e-12
1.117837017	6.754231373488596e-12
1.118992444	5.939902076233694e-12
1.120147872	5.25682017394811e-12
1.121303299	4.5293420576255714e-12
1.122458726	3.718239025118999e-12
1.123614154	2.967473627312688e-12
1.124769581	2.315270766996348e-12
1.125925008	1.806922837052456e-12
1.127080436	1.4539411930472986e-12
1.128235863	1.2499352749566067e-12
1.12939129	1.1902565483098877e-12
1.130546718	1.2357720647154208e-12
1.131702145	1.3512318857640867e-12
1.132857573	1.5064578689358263e-12
1.134013	1.66933177307839e-12
1.135168427	1.7591251926632941e-12
1.136323855	1.7864278398067921e-12
1.137479282	1.8167357422389221e-12
1.138634709	1.834679563071851e-12
1.139790137	1.8595935911967786e-12
1.140945564	1.884249361507779e-12
1.142100991	1.892394818208199e-12
1.143256419	1.883798344124166e-12
1.144411846	1.820551636488048e-12
1.145567274	1.68384685812228e-12
1.146722701	1.5000987338146021e-12
1.147878128	1.2825321037738199e-12
1.149033556	1.0269705131803644e-12
1.150188983	7.757429402056622e-13
1.15134441	5.604067126390784e-13
1.152499838	3.9469808449345826e-13
1.153655265	2.886295294320436e-13
1.154810692	2.228938742309865e-13
1.15596612	1.835454875738719e-13
1.157121547	1.5841529403489325e-13
1.158276975	1.4011968175773047e-13
1.159432402	1.295628016053894e-13
1.160587829	1.2432166611713452e-13
1.161743257	1.2192355781373682e-13
1.162898684	1.221643504123143e-13
1.164054111	1.3376010109044113e-13
1.165209539	1.6239399668747445e-13
1.166364966	2.110163319969618e-13
1.167520393	2.816523968257927e-13
1.168675821	3.8176827142299145e-13
1.169831248	5.150101636711849e-13
1.170986676	6.811384335453203e-13
1.172142103	8.65663986199734e-13
1.17329753	1.0474164786775616e-12
1.174452958	1.214604054329587e-12
1.175608385	1.3518567187273632e-12
1.176763812	1.4400693387633832e-12
1.17791924	1.4786394905419872e-12
1.179074667	1.469131344782281e-12
1.180230094	1.4276279098074264e-12
1.181385522	1.3960340903861897e-12
1.182540949	1.3772414785035448e-12
1.183696377	1.3746552233290398e-12
1.184851804	1.368354741039747e-12
1.186007231	1.3668383265623692e-12
1.187162659	1.4422812532779957e-12
1.188318086	1.5826550484268358e-12
1.189473513	1.7249740775375837e-12
1.190628941	1.8882445941071345e-12
1.191784368	2.0825652005631175e-12
1.192939795	2.289267407432665e-12
1.194095223	2.4982352786720577e-12
1.19525065	2.727661655352272e-12
1.196406078	3.001757249083813e-12
1.197561505	3.3736951104070025e-12
1.198716932	3.770543880255397e-12
1.19987236	4.111317683089827e-12
1.201027787	4.47948212651504e-12
1.202183214	4.9026381971756435e-12
1.203338642	5.45911840180417e-12
1.204494069	5.98765750631965e-12
1.205649497	6.257548161022931e-12
1.206804924	6.605167684663833e-12
1.207960351	7.130923184455603e-12
1.209115779	7.48110311610218e-12
1.210271206	7.698035509563977e-12
1.211426633	8.039543255347133e-12
1.212582061	8.464689059005278e-12
1.213737488	8.912832761575574e-12
1.214892915	9.314450898046975e-12
1.216048343	9.546098752317874e-12
1.21720377	9.664877446763737e-12
1.218359198	9.73058375888555e-12
1.219514625	9.773927152219396e-12
1.220670052	9.901001397324453e-12
1.22182548	1.0056556991438821e-11
1.222980907	1.0206528778164056e-11
1.224136334	1.0310691033974212e-11
1.225291762	1.0265988890604123e-11
1.226447189	1.0173513531187856e-11
1.227602616	1.0134291557003803e-11
1.228758044	1.0046486173415264e-11
1.229913471	9.92122125360372e-12
1.231068899	9.919859632996515e-12
1.232224326	1.004248199675248e-11
1.233379753	1.0211425768292384e-11
1.234535181	1.0451849630158717e-11
1.235690608	1.0793781631795153e-11
1.236846035	1.1224352697391096e-11
1.238001463	1.1776363733932191e-11
1.23915689	1.2548728943225023e-11
1.240312317	1.3430724817997132e-11
1.241467745	1.4245017891179368e-11
1.242623172	1.4965396801142068e-11
1.2437786	1.5558947537942454e-11
1.244934027	1.600480064904583e-11
1.246089454	1.6310067099020052e-11
1.247244882	1.657754889475781e-11
1.248400309	1.680066628819418e-11
1.249555736	1.6899802051920237e-11
1.250711164	1.6970544450564925e-11
1.251866591	1.7014096124977372e-11
1.253022018	1.6821410347898103e-11
1.254177446	1.64531837764579e-11
1.255332873	1.6132357809473914e-11
1.256488301	1.5842438917185817e-11
1.257643728	1.5537564603631877e-11
1.258799155	1.524070940837202e-11
1.259954583	1.4953789516530074e-11
1.26111001	1.4736124084374733e-11
1.262265437	1.4596573139914407e-11
1.263420865	1.4492384765949572e-11
1.264576292	1.4471658625506044e-11
1.265731719	1.4591820056518397e-11
1.266887147	1.48655091065658e-11
1.268042574	1.5213403785781423e-11
1.269198002	1.5320470514028665e-11
1.270353429	1.52207145256595e-11
1.271508856	1.5229118411900302e-11
1.272664284	1.5284975086116168e-11
1.273819711	1.541445723881048e-11
1.274975138	1.5520415434540438e-11
1.276130566	1.5552134658413962e-11
1.277285993	1.559192674602201e-11
1.27844142	1.547660845661622e-11
1.279596848	1.5260563050470302e-11
1.280752275	1.5448551597508613e-11
1.281907703	1.610394315881072e-11
1.28306313	1.5622939058776808e-11
1.284218557	1.4422767882278182e-11
1.285373985	1.385341753761374e-11
1.286529412	1.3489471526973598e-11
1.287684839	1.3097813317602311e-11
1.288840267	1.26410695429565e-11
1.289995694	1.2199217058271524e-11
1.291151121	1.1654528211785336e-11
1.292306549	1.1060965407254933e-11
1.293461976	1.0598510770386484e-11
1.294617404	1.0160181742641815e-11
1.295772831	9.700642216530699e-12
1.296928258	9.345055336304271e-12
1.298083686	9.07182350771854e-12
1.299239113	8.747229822888476e-12
1.30039454	8.414801655499513e-12
1.301549968	8.142409725572053e-12
1.302705395	7.865484680101164e-12
1.303860823	7.558401328902093e-12
1.30501625	7.215606250635784e-12
1.306171677	6.881435784051686e-12
1.307327105	6.588502188375073e-12
1.308482532	6.2961807679431105e-12
1.309637959	5.959284148233821e-12
1.310793387	5.609237777655568e-12
1.311948814	5.266872485564074e-12
1.313104241	4.819369257241586e-12
1.314259669	4.355501696417917e-12
1.315415096	4.045297686948677e-12
1.316570524	3.7664677390766795e-12
1.317725951	3.4543601613161268e-12
1.318881378	3.2401679884162095e-12
1.320036806	3.138261923415366e-12
1.321192233	3.0968240765278192e-12
1.32234766	3.0842126540921644e-12
1.323503088	3.0420034949269677e-12
1.324658515	2.983429225893108e-12
1.325813942	2.926619468634481e-12
1.32696937	2.848148507333675e-12
1.328124797	2.7485020081207833e-12
1.329280225	2.6511169881717082e-12
1.330435652	2.534606449479572e-12
1.331591079	2.3793003674008185e-12
1.332746507	2.229046630888968e-12
1.333901934	2.082024835790402e-12
1.335057361	1.9500371026867186e-12
1.336212789	1.8161191149853246e-12
1.337368216	1.6316459801968952e-12
1.338523643	1.4315554021106234e-12
1.339679071	1.2369222824016717e-12
1.340834498	1.044220480687301e-12
1.341989926	8.63813963481085e-13
1.343145353	7.056061812978685e-13
1.34430078	5.696058524701046e-13
1.345456208	4.605793177693492e-13
1.346611635	3.900236321287275e-13
1.347767062	3.451327768884517e-13
1.34892249	3.2971930259129567e-13
1.350077917	3.381437340341334e-13
1.351233344	3.4732350726093515e-13
1.352388772	3.81608952501084e-13
1.353544199	4.67900278890161e-13
1.354699627	6.656035519274971e-13
1.355855054	1.1422164811865952e-12
1.357010481	2.3959566375298826e-12
1.358165909	5.89276066185095e-12
1.359321336	-1.2294709971552004e-9
1.360476763	-5.382073859091925e-12
1.361632191	-2.9351130407893246e-12
1.362787618	-2.052016435830738e-12
1.363943045	-1.8945413553597556e-12
1.365098473	-2.033045290070988e-12
1.3662539	-1.9507122495806327e-12
1.367409328	-1.3998879427184743e-12
1.368564755	-4.1632884680193345e-13
1.369720182	1.77107641853914e-13
1.37087561	4.016718879529416e-13
1.372031037	4.060952958063023e-13
1.373186464	1.4934431656767219e-13
1.374341892	-2.0777425800671124e-13
1.375497319	-5.828129358045064e-13
1.376652746	-8.721879051336305e-13
1.377808174	-7.618332077368953e-13
1.378963601	-3.1359786908342374e-13
1.380119029	4.833188392022188e-13
1.381274456	1.4849392163969568e-12
1.382429883	2.030053097957879e-12
1.383585311	2.190492282624522e-12
1.384740738	2.1543464077563183e-12
1.385896165	2.1147548471808134e-12
1.387051593	2.5167631655392535e-12
1.38820702	6.985855266146159e-13
1.389362447	1.3489470663686108e-12
1.390517875	1.3089545720822175e-12
1.391673302	1.0548488125932697e-12
1.39282873	7.603932919649649e-13
1.393984157	4.550361600154347e-13
1.395139584	5.692925992161899e-13
1.396295012	1.812009152557789e-12
1.397450439	3.5664892059985523e-12
1.398605866	3.704202199131592e-12
1.399761294	2.2121038534829712e-12
1.400916721	1.3181208356336914e-12
1.402072149	8.688748231076177e-13
1.403227576	5.887273705982365e-13
1.404383003	3.713703750782003e-13
1.405538431	1.2748261504597291e-13
1.406693858	-1.510027247905525e-13
1.407849285	-3.781631919498969e-13
1.409004713	-3.507275476438052e-13
1.41016014	-1.895150912080174e-13
1.411315567	-3.5265991162598445e-14
1.412470995	7.332895222145412e-14
1.413626422	1.2572028331918834e-13
1.41478185	1.6436828917487093e-13
1.415937277	2.0662079460698513e-13
1.417092704	2.632824613941642e-13
1.418248132	3.527736713357689e-13
1.419403559	4.612233406526495e-13
1.420558986	5.736075101873e-13
1.421714414	6.650293184237205e-13
1.422869841	7.007309778332044e-13
1.424025268	7.090716766688405e-13
1.425180696	7.216039135770641e-13
1.426336123	7.441324766165344e-13
1.427491551	7.70426861022388e-13
1.428646978	8.047575678034467e-13
1.429802405	8.510773183170201e-13
1.430957833	9.14434705195336e-13
1.43211326	1.000729268204966e-12
1.433268687	1.1157842994559617e-12
1.434424115	1.259859388331031e-12
1.435579542	1.4297953587224622e-12
1.436734969	1.6185868250362954e-12
1.437890397	1.810107848588538e-12
1.439045824	2.019273394586999e-12
1.440201252	2.219302786068911e-12
1.441356679	2.3026037089391155e-12
1.442512106	2.3071866047735006e-12
1.443667534	2.3084678939301795e-12
1.444822961	2.23396688086548e-12
1.445978388	2.1201782595957618e-12
1.447133816	2.045398880753743e-12
1.448289243	2.014215402613058e-12
1.44944467	2.0308388546056306e-12
1.450600098	2.0795837778560928e-12
1.451755525	2.1475136200078354e-12
1.452910953	2.2095932619575807e-12
1.45406638	2.2506771393923653e-12
1.455221807	2.287412003565024e-12
1.456377235	2.3139908057302783e-12
1.457532662	2.304631206091169e-12
1.458688089	2.2921714266795898e-12
1.459843517	2.3097741851284814e-12
1.460998944	2.3463885729315768e-12
1.462154371	2.405114328499905e-12
1.463309799	2.486196455355287e-12
1.464465226	2.5751308398796595e-12
1.465620654	2.6772567999767897e-12
1.466776081	2.7647807897286196e-12
1.467931508	2.82017021442187e-12
1.469086936	2.861849526940516e-12
1.470242363	2.8769167985776314e-12
1.47139779	2.8378450283459803e-12
1.472553218	2.7507862597520552e-12
1.473708645	2.6361217555925064e-12
1.474864072	2.4878846998109375e-12
1.4760195	2.30766997891558e-12
1.477174927	2.1507294627702758e-12
1.478330355	2.0343586775112443e-12
1.479485782	1.9373726668569143e-12
1.480641209	1.9055116069654688e-12
1.481796637	1.947021934368915e-12
1.482952064	2.0333873416270555e-12
1.484107491	2.1468904221218115e-12
1.485262919	2.250069556350631e-12
1.486418346	2.3655865151801284e-12
1.487573773	2.5982886998577846e-12
1.488729201	2.7331724593189687e-12
1.489884628	2.628913952414244e-12
1.491040056	2.5642858539047632e-12
1.492195483	2.5647677782706363e-12
1.49335091	2.5289626261950143e-12
1.494506338	2.4991818406879748e-12
1.495661765	2.512058102445158e-12
1.496817192	2.4939652443368616e-12
1.49797262	2.418228868072025e-12
1.499128047	2.3363982849869044e-12
1.500283475	2.2825247937189747e-12
1.501438902	2.2841012416608354e-12
1.502594329	2.3155476211574427e-12
1.503749757	2.3503740576609717e-12
1.504905184	2.3958319717824656e-12
1.506060611	2.4431189379928405e-12
1.507216039	2.4408738461697164e-12
1.508371466	2.3981621054407905e-12
1.509526893	2.3513592585596962e-12
1.510682321	2.324259131499504e-12
1.511837748	2.332138533954795e-12
1.512993176	2.334006546131186e-12
1.514148603	2.323847955631871e-12
1.51530403	2.3113566472913232e-12
1.516459458	2.314032103820313e-12
1.517614885	2.3379841176619084e-12
1.518770312	2.3813278640583795e-12
1.51992574	2.4353109728762895e-12
1.521081167	2.5072456414785907e-12
1.522236594	2.5862384955957144e-12
1.523392022	2.6136197284692017e-12
1.524547449	2.6162845682225413e-12
1.525702877	2.623573432656699e-12
1.526858304	2.639797619792805e-12
1.528013731	2.6789238801204393e-12
1.529169159	2.7815473657947477e-12
1.530324586	2.9003547052158016e-12
1.531480013	2.908794171246944e-12
1.532635441	2.9168404721790926e-12
1.533790868	3.0118479842027668e-12
1.534946295	3.0850433690384624e-12
1.536101723	3.119927022066236e-12
1.53725715	3.1847211194957447e-12
1.538412578	3.253559082285322e-12
1.539568005	3.33420993581174e-12
1.540723432	3.4071834217509484e-12
1.54187886	3.456655985249474e-12
1.543034287	3.539650967141619e-12
1.544189714	3.677323730405137e-12
1.545345142	3.850005144651844e-12
1.546500569	4.055737175433111e-12
1.547655996	4.2899411604898445e-12
1.548811424	4.469986667896185e-12
1.549966851	4.58760408406399e-12
1.551122279	4.660275265015531e-12
1.552277706	4.750119801567314e-12
1.553433133	4.9335398187388695e-12
1.554588561	5.1149944407279095e-12
1.555743988	5.186308403858501e-12
1.556899415	5.230115071681339e-12
1.558054843	5.3182905005698025e-12
1.55921027	5.45455517876849e-12
1.560365697	5.577760248039712e-12
1.561521125	5.629464378855711e-12
1.562676552	5.656758153508759e-12
1.56383198	5.670075528621535e-12
1.564987407	5.697387808986293e-12
1.566142834	5.750026715988948e-12
1.567298262	5.808466772181787e-12
1.568453689	5.861720708784176e-12
1.569609116	5.924652277873181e-12
1.570764544	6.027517124588523e-12
1.571919971	6.1522043212863295e-12
1.573075398	6.3541374429115646e-12
1.574230826	6.5902640066546984e-12
1.575386253	6.748534343608221e-12
1.576541681	6.835561008862403e-12
1.577697108	6.824771681864344e-12
1.578852535	6.6287776844537675e-12
1.580007963	6.335169575468453e-12
1.58116339	6.3047401932169394e-12
1.582318817	6.4538481660877196e-12
1.583474245	6.394825147957846e-12
1.584629672	6.301706806462955e-12
1.585785099	6.287269541300245e-12
1.586940527	6.415801308047229e-12
1.588095954	6.7829766564996225e-12
1.589251382	7.350991234965913e-12
1.590406809	7.887969168849128e-12
1.591562236	7.990397125993446e-12
1.592717664	7.93824396541109e-12
1.593873091	7.890804113968924e-12
1.595028518	8.016463126872803e-12
1.596183946	8.250923641234235e-12
1.597339373	8.159071168638907e-12
1.5984948	8.007000357414838e-12
1.599650228	8.158535985160662e-12
1.600805655	8.290329319816676e-12
1.601961083	8.267454956459051e-12
1.60311651	8.219512888855362e-12
1.604271937	8.163211288176825e-12
1.605427365	8.09006874320226e-12
1.606582792	7.945633219137715e-12
1.607738219	7.70111025504532e-12
1.608893647	7.572259850771506e-12
1.610049074	7.582969842642519e-12
1.611204502	7.388022839105578e-12
1.612359929	7.004924237270043e-12
1.613515356	6.603289875561939e-12
1.614670784	6.2210558018780305e-12
1.615826211	5.909018703894931e-12
1.616981638	5.369362528762381e-12
1.618137066	4.667626775665833e-12
1.619292493	4.183141136622027e-12
1.62044792	3.787288972686964e-12
1.621603348	3.2872689717892005e-12
1.622758775	2.815392820760049e-12
1.623914203	2.413345123119792e-12
1.62506963	2.0727576326365726e-12
1.626225057	1.7722566897138549e-12
1.627380485	1.4950001209295822e-12
1.628535912	1.2527468854739587e-12
1.629691339	1.05667262290268e-12
1.630846767	8.885076710033678e-13
1.632002194	7.44010618555348e-13
1.633157621	6.259825050969932e-13
1.634313049	5.342572543553744e-13
1.635468476	4.668128684911415e-13
1.636623904	4.2551762114760974e-13
1.637779331	4.161175880424944e-13
1.638934758	4.221431590280559e-13
1.640090186	4.320455941109523e-13
1.641245613	4.399009041544444e-13
1.64240104	4.3329696327739225e-13
1.643556468	4.14060910003593e-13
1.644711895	3.790477875127088e-13
1.645867322	3.2918701279407283e-13
1.64702275	2.721364261454365e-13
1.648178177	2.171389157354699e-13
1.649333605	1.6929810453073492e-13
1.650489032	1.3358882576760214e-13
1.651644459	1.1459261746755611e-13
1.652799887	1.1039985417653291e-13
1.653955314	1.2034064797822795e-13
1.655110741	1.4464812196772137e-13
1.656266169	1.8001505231010534e-13
1.657421596	2.167058566090252e-13
1.658577023	2.4895923232592635e-13
1.659732451	2.6799993304640044e-13
1.660887878	2.695321597552491e-13
1.662043306	2.600266762830365e-13
1.663198733	2.449970330990703e-13
1.66435416	2.301751982102641e-13
1.665509588	2.177711217276931e-13
1.666665015	2.082665630383824e-13
1.667820442	2.0336428964709923e-13
1.66897587	2.0331395430681398e-13
1.670131297	2.0783505378916534e-13
1.671286724	2.2323424552495026e-13
1.672442152	2.445945565607994e-13
1.673597579	2.572002415503786e-13
1.674753007	2.717085113826172e-13
1.675908434	2.938696341772113e-13
1.677063861	3.1225479596521215e-13
1.678219289	3.283308413242283e-13
1.679374716	3.5174601624407377e-13
1.680530143	3.7405448598818993e-13
1.681685571	3.814918878898887e-13
1.682840998	3.653100483604425e-13
1.683996425	3.325180501377858e-13
1.685151853	2.9997100465271874e-13
1.68630728	2.716395324066282e-13
1.687462708	2.453318192409587e-13
1.688618135	2.2087224716098586e-13
1.689773562	1.9910099615837879e-13
1.69092899	1.7838253573284855e-13
1.692084417	1.5921227229728215e-13
1.693239844	1.436665795435505e-13
1.694395272	1.3046823731157533e-13
1.695550699	1.1738231902872783e-13
1.696706126	1.0416454518022182e-13
1.697861554	9.09612551581e-14
1.699016981	7.790229635120319e-14
1.700172409	6.419986584870633e-14
1.701327836	5.0033560945579293e-14
1.702483263	3.688072103737241e-14
1.703638691	2.5690872208674993e-14
1.704794118	1.7873194994351497e-14
1.705949545	1.3325431111999115e-14
1.707104973	1.160417007980427e-14
1.7082604	1.2402710711805598e-14
1.709415828	1.506642536493983e-14
1.710571255	1.9283953655977932e-14
1.711726682	2.5091216730265474e-14
1.71288211	3.092589294078818e-14
1.714037537	3.5668993825832076e-14
1.715192964	3.99775430318092e-14
1.716348392	4.329027827835133e-14
1.717503819	4.393247296800686e-14
1.718659246	4.1106441283572585e-14
1.719814674	3.635276864130439e-14
1.720970101	3.0211316084698924e-14
1.722125529	2.3865845087611574e-14
1.723280956	1.905342035093203e-14
1.724436383	1.5511675424279744e-14
1.725591811	1.3309319705313604e-14
1.726747238	1.3429717583744893e-14
1.727902665	1.630390190755728e-14
1.729058093	2.1280803332151622e-14
1.73021352	2.8081461549262414e-14
1.731368947	3.682719009084356e-14
1.732524375	4.7915062056879634e-14
1.733679802	6.230267184800738e-14
1.73483523	7.959926425065676e-14
1.735990657	9.876839917321664e-14
1.737146084	1.1733600725870798e-13
1.738301512	1.3464197012266798e-13
1.739456939	1.5222877486002131e-13
1.740612366	1.71274406563873e-13
1.741767794	1.9285325842917205e-13
1.742923221	2.1218436809456699e-13
1.744078648	2.2720873829789037e-13
1.745234076	2.4259167078383526e-13
1.746389503	2.569323572138111e-13
1.747544931	2.6591742947281515e-13
1.748700358	2.701831777580591e-13
1.749855785	2.696049677837858e-13
1.751011213	2.6664230821615614e-13
1.75216664	2.6231900926770994e-13
1.753322067	2.5521488473376144e-13
1.754477495	2.4819662938928197e-13
1.755632922	2.4272938790533427e-13
1.756788349	2.362521901486761e-13
1.757943777	2.27313110499124e-13
1.759099204	2.1546724405890724e-13
1.760254632	2.0225305295989254e-13
1.761410059	1.9006082162275706e-13
1.762565486	1.7618668673580236e-13
1.763720914	1.575991983754583e-13
1.764876341	1.3813301871187024e-13
1.766031768	1.193204691918706e-13
1.767187196	1.0127460853066343e-13
1.768342623	8.441335627273749e-14
1.76949805	6.960792439351113e-14
1.770653478	5.763579659210979e-14
1.771808905	4.9248856207779313e-14
1.772964333	4.507038319830368e-14
1.77411976	4.513590410015554e-14
1.775275187	4.9798057190525524e-14
1.776430615	5.968041499005152e-14
1.777586042	7.350141259306215e-14
1.778741469	8.938650785507594e-14
1.779896897	1.0564849732439122e-13
1.781052324	1.1954334396780798e-13
1.782207751	1.3136104134556433e-13
1.783363179	1.418849705764013e-13
1.784518606	1.5206517925907406e-13
1.785674034	1.633454162102789e-13
1.786829461	1.7632434018103146e-13
1.787984888	1.9247521438032014e-13
1.789140316	2.1704820182884672e-13
1.790295743	2.568277910264322e-13
1.79145117	3.107022114049313e-13
1.792606598	3.7992851108471647e-13
1.793762025	4.639822106159491e-13
1.794917452	5.516607221360606e-13
1.79607288	6.492141873535548e-13
1.797228307	7.652240251413612e-13
1.798383735	9.144536061066026e-13
1.799539162	1.1251917133370835e-12
1.800694589	1.406986175144372e-12
1.801850017	1.7722586269859984e-12
1.803005444	2.1665372177506265e-12
1.804160871	2.5105937364599535e-12
1.805316299	2.8427756075288057e-12
1.806471726	3.1549635341418104e-12
1.807627154	3.4523928381989507e-12
1.808782581	3.7660151114955185e-12
1.809938008	4.083188574588928e-12
1.811093436	4.4139950853164245e-12
1.812248863	4.756184680408432e-12
1.81340429	5.083422512723261e-12
1.814559718	5.392453252920774e-12
1.815715145	5.694624724932962e-12
1.816870572	6.037101536391557e-12
1.818026	6.423090519219656e-12
1.819181427	6.419216025305367e-12
1.820336855	6.141779298257212e-12
1.821492282	6.094974456670126e-12
1.822647709	6.0867440776660285e-12
1.823803137	5.942963444988716e-12
1.824958564	5.84658587397501e-12
1.826113991	5.847187003243051e-12
1.827269419	5.905536365195347e-12
1.828424846	5.977800319812602e-12
1.829580273	5.977522439719733e-12
1.831203559	0.
1.832409851	0.
1.833616142	0.
1.834822433	0.
1.836028725	0.
1.837235016	0.
1.838441307	0.
1.839647599	0.
1.84085389	0.
1.842060181	0.
1.843266473	0.
1.844472764	0.
1.845679055	0.
1.846885347	0.
1.848091638	0.
1.849297929	0.
1.850504221	0.
1.851710512	0.
1.852916803	0.
1.854123095	0.
1.855329386	0.
1.856535677	0.
1.857741968	0.
1.85894826	0.
1.860154551	0.
1.861360842	0.
1.862567134	0.
1.863773425	0.
1.864979716	0.
1.866186008	0.
1.867392299	0.
1.86859859	0.
1.869804882	0.
1.871011173	-2.5740576202007564e-11
1.872217464	-1.3667139005544202e-11
1.873423756	-6.320660421770994e-12
1.874630047	-4.627373731913276e-12
1.875836338	-5.155872250618126e-12
1.87704263	-7.252855453383556e-12
1.878248921	-1.3039294378998242e-11
1.879455212	-6.739786981146178e-11
1.880661504	8.096208061023628e-12
1.881867795	1.823920367392042e-12
1.883074086	7.727917543150992e-13
1.884280377	6.248169185892696e-13
1.885486669	7.921211845954405e-13
1.88669296	1.1055036822739728e-12
1.887899251	1.4081880077499183e-12
1.889105543	1.5868686226946897e-12
1.890311834	1.448208807552044e-12
1.891518125	1.2355758642269965e-12
1.892724417	1.2830175861996086e-12
1.893930708	1.7847755286019796e-12
1.895136999	3.2326545835889012e-12
1.896343291	1.152088669770582e-11
1.897549582	-9.460434116098034e-12
1.898755873	-4.722801278587905e-12
1.899962165	-7.375833606418747e-12
1.901168456	9.893639100446214e-12
1.902374747	2.468824439152102e-12
1.903581039	1.5931336342540891e-12
1.90478733	1.3997830609061347e-12
1.905993621	1.4349672520935222e-12
1.907199913	1.5419287880185146e-12
1.908406204	1.6297407836775278e-12
1.909612495	1.5793104638387827e-12
1.910818786	1.3474546143172458e-12
1.912025078	1.1477515997860265e-12
1.913231369	1.0676243069746812e-12
1.91443766	1.0999283312974255e-12
1.915643952	1.1558332421007267e-12
1.916850243	1.1440826371345399e-12
1.918056534	1.0324626196294525e-12
1.919262826	8.549398137090915e-13
1.920469117	7.058454046635749e-13
1.921675408	6.578398802717637e-13
1.9228817	7.278342906199454e-13
1.924087991	8.684503574151751e-13
1.925294282	1.0122435868706795e-12
1.926500574	1.1092236446700699e-12
1.927706865	1.0309333350043673e-12
1.928913156	8.101727637976113e-13
1.930119448	7.118808519714985e-13
1.931325739	7.415147158898067e-13
1.93253203	8.046296671370432e-13
1.933738322	8.395206727735824e-13
1.934944613	8.769698961205261e-13
1.936150904	8.011895090005498e-13
1.937357195	5.910594174139016e-13
1.938563487	4.777519122201223e-13
1.939769778	4.890022516032073e-13
1.940976069	5.508865112707092e-13
1.942182361	5.945409582362606e-13
1.943388652	6.407696546007686e-13
1.944594943	6.75482861577444e-13
1.945801235	6.451824017302746e-13
1.947007526	5.8687895276401e-13
1.948213817	5.715803319101516e-13
1.949420109	6.246126896627517e-13
1.9506264	7.044355516382689e-13
1.951832691	7.967804411095109e-13
1.953038983	8.665325142125734e-13
1.954245274	8.193623539858652e-13
1.955451565	6.820274735583284e-13
1.956657857	6.029830410113981e-13
1.957864148	5.939076700929961e-13
1.959070439	5.971941363372843e-13
1.960276731	5.904413063740216e-13
1.961483022	5.900749248132368e-13
1.962689313	5.942011531600731e-13
1.963895604	5.956742471055138e-13
1.965101896	5.978363801670428e-13
1.966308187	6.105268466433816e-13
1.967514478	6.243818546129344e-13
1.96872077	6.19206852515974e-13
1.969927061	6.090048926980189e-13
1.971133352	6.160921771912533e-13
1.972339644	6.457285559921833e-13
1.973545935	6.774225517439897e-13
1.974752226	7.212023550474259e-13
1.975958518	7.6411836266674e-13
1.977164809	7.781712945722186e-13
1.9783711	7.546594303327249e-13
1.979577392	7.129302944156859e-13
1.980783683	6.956669404090234e-13
1.981989974	7.082466696448049e-13
1.983196266	7.434085718410683e-13
1.984402557	7.991996570138486e-13
1.985608848	8.596745028397093e-13
1.98681514	8.643936944480974e-13
1.988021431	8.125410009654709e-13
1.989227722	7.774727557542674e-13
1.990434013	7.711453366619926e-13
1.991640305	7.836366312107869e-13
1.992846596	8.21723960550515e-13
1.994052887	8.762054458331265e-13
1.995259179	9.10185312869437e-13
1.99646547	9.226343214547826e-13
1.997671761	9.53937688470661e-13
1.998878053	1.0002187298911788e-12
2.000084344	1.0247227878652948e-12
2.001290635	9.819460878597761e-13
2.002496927	8.390516802160756e-13
2.003703218	6.701564985515446e-13
2.004909509	5.537284542356324e-13
2.006115801	5.136937315579478e-13
2.007322092	5.327110593520178e-13
2.008528383	5.779381824965903e-13
2.009734675	6.207014834131088e-13
2.010940966	6.489766325410704e-13
2.012147257	6.504821044596059e-13
2.013353549	6.098408861267439e-13
2.01455984	5.523528587843306e-13
2.015766131	5.109728427915714e-13
2.016972422	4.881553634603819e-13
2.018178714	4.733798417011456e-13
2.019385005	4.643569625581023e-13
2.020591296	4.686849775322469e-13
2.021797588	4.901317231642131e-13
2.023003879	5.17617728967429e-13
2.02421017	5.424748012337272e-13
2.025416462	5.671858997474132e-13
2.026622753	5.852419239806912e-13
2.027829044	5.907838936594947e-13
2.029035336	5.922998777775901e-13
2.030241627	5.933166787964546e-13
2.031447918	5.802883477528689e-13
2.03265421	5.668294664281904e-13
2.033860501	5.70324579446755e-13
2.035066792	5.731738397305582e-13
2.036273084	5.694490834535304e-13
2.037479375	5.716375189563311e-13
2.038685666	5.691682844415942e-13
2.039891958	5.452661927692812e-13
2.041098249	5.229870394570062e-13
2.04230454	5.068350414283385e-13
2.043510831	4.888609527725239e-13
2.044717123	4.754529097441136e-13
2.045923414	4.721729830313566e-13
2.047129705	4.743587850378567e-13
2.048335997	4.767948903156887e-13
2.049542288	4.734567967218632e-13
2.050748579	4.626616220149043e-13
2.051954871	4.4491139676003605e-13
2.053161162	4.175771443780548e-13
2.054367453	3.837366522876374e-13
2.055573745	3.5620670382345817e-13
2.056780036	3.403649882395714e-13
2.057986327	3.3403300396857005e-13
2.059192619	3.334495344257955e-13
2.06039891	3.3505431457560117e-13
2.061605201	3.260830439934478e-13
2.062811493	3.107076612174856e-13
2.064017784	2.9982404821094227e-13
2.065224075	2.8430582124456785e-13
2.066430367	2.6899999427819184e-13
2.067636658	2.6335684528361057e-13
2.068842949	2.609201006390783e-13
2.070049241	2.58773001669177e-13
2.071255532	2.5368537272921035e-13
2.072461823	2.440030960551597e-13
2.073668114	2.295093031510127e-13
2.074874406	2.114689300891373e-13
2.076080697	1.9520242480847131e-13
2.077286988	1.8326622553768118e-13
2.07849328	1.753345683544898e-13
2.079699571	1.726151624721001e-13
2.080905862	1.713149114933349e-13
2.082112154	1.6771380245331177e-13
2.083318445	1.6459746772717987e-13
2.084524736	1.616326865810744e-13
2.085731028	1.5578514309092018e-13
2.086937319	1.5054357617265385e-13
2.08814361	1.4688078992871593e-13
2.089349902	1.4258980776758495e-13
2.090556193	1.3746886864988656e-13
2.091762484	1.328802324088413e-13
2.092968776	1.262460244196386e-13
2.094175067	1.1820099897899643e-13
2.095381358	1.1277252672805351e-13
2.09658765	1.0922006801702271e-13
2.097793941	1.0598818842396516e-13
2.099000232	1.0371299714036629e-13
2.100206523	1.0250252881612504e-13
2.101412815	1.0183680942608446e-13
2.102619106	1.015375971737191e-13
2.103825397	1.0144566860115423e-13
2.105031689	1.018137691692005e-13
2.10623798	1.0268794740997686e-13
2.107444271	1.0384087874926366e-13
2.108650563	1.0494253412427403e-13
2.109856854	1.0602887829751564e-13
2.111063145	1.0579817498499578e-13
2.112269437	1.0450915272510374e-13
2.113475728	1.0480795618677996e-13
2.114682019	1.074202551604037e-13
2.115888311	1.1208291371536636e-13
2.117094602	1.1545880491194992e-13
2.118300893	1.1589357216407187e-13
2.119507185	1.1710552747514581e-13
2.120713476	1.1973493562788397e-13
2.121919767	1.2243632591203408e-13
2.123126059	1.2614289586184268e-13
2.12433235	1.3024740147332112e-13
2.125538641	1.31878464993706e-13
2.126744932	1.3090200067088805e-13
2.127951224	1.2947110011906317e-13
2.129157515	1.3020254196466358e-13
2.130363806	1.3386591369398006e-13
2.131570098	1.378265459617462e-13
2.132776389	1.4108515414848913e-13
2.13398268	1.44138974265646e-13
2.135188972	1.4776777910272525e-13
2.136395263	1.5130647743886974e-13
2.137601554	1.518779426932245e-13
2.138807846	1.5266225066776572e-13
2.140014137	1.5529251840194167e-13
2.141220428	1.5683372870491614e-13
2.14242672	1.576260384985718e-13
2.143633011	1.5947042727471338e-13
2.144839302	1.631626851335123e-13
2.146045594	1.7005723869443263e-13
2.147251885	1.804114159346265e-13
2.148458176	1.9162954533910655e-13
2.149664468	2.0105460209065047e-13
2.150870759	2.049609467488616e-13
2.15207705	2.0234835816355027e-13
2.153283341	1.926587025507945e-13
2.154489633	1.7996841638921995e-13
2.155695924	1.690300090413997e-13
2.156902215	1.6139308291133957e-13
2.158108507	1.560851352340834e-13
2.159314798	1.5233074753195127e-13
2.160521089	1.4895221761063866e-13
2.161727381	1.439849707572253e-13
2.162933672	1.373064086063517e-13
2.164139963	1.3101824666432726e-13
2.165346255	1.3137702160388013e-13
2.166552546	1.3464877948369165e-13
2.167758837	1.2599056149613133e-13
2.168965129	1.1833096206552064e-13
2.17017142	1.1571682314350825e-13
2.171377711	1.1435480791732955e-13
2.172584003	1.1369227016640452e-13
2.173790294	1.1327799435943157e-13
2.174996585	1.1553172048320316e-13
2.176202877	1.2259720215348046e-13
2.177409168	1.3360746754042683e-13
2.178615459	1.4437670931225214e-13
2.17982175	1.4976432838284532e-13
2.181028042	1.5421157930818633e-13
2.182234333	1.5804223486474227e-13
2.183440624	1.5628548301569873e-13
2.184646916	1.5225556120586416e-13
2.185853207	1.4966857714066218e-13
2.187059498	1.4838821934153788e-13
2.18826579	1.4731902462419632e-13
2.189472081	1.43975176201658e-13
2.190678372	1.4264778271754133e-13
2.191884664	1.4632762756990747e-13
2.193090955	1.5173257099630316e-13
2.194297246	1.5634223467312482e-13
2.195503538	1.5708511672363017e-13
2.196709829	1.5102305457220925e-13
2.19791612	1.4004769891733276e-13
2.199122412	1.2942266837211583e-13
2.200328703	1.22799482963119e-13
2.201534994	1.1993549670267738e-13
2.202741286	1.2052782246775402e-13
2.203947577	1.224671075193732e-13
2.205153868	1.26631366114888e-13
2.206360159	1.32236944570425e-13
2.207566451	1.3419876655735174e-13
2.208772742	1.3601267414846037e-13
2.209979033	1.3896311154240016e-13
2.211185325	1.4104743706094057e-13
2.212391616	1.411547688416999e-13
2.213597907	1.3851001920519412e-13
2.214804199	1.3385102314162495e-13
2.21601049	1.2891192145379225e-13
2.217216781	1.2435252426350274e-13
2.218423073	1.2057753824120345e-13
2.219629364	1.1856004977615296e-13
2.220835655	1.1899887103394412e-13
2.222041947	1.2120759045843564e-13
2.223248238	1.2334412544897882e-13
2.224454529	1.2552873708465504e-13
2.225660821	1.290161388776143e-13
2.226867112	1.319116417988045e-13
2.228073403	1.330343652480906e-13
2.229279695	1.352468620365689e-13
2.230485986	1.3771564665203467e-13
2.231692277	1.3822918733982887e-13
2.232898568	1.3670831035130338e-13
2.23410486	1.3379705816770507e-13
2.235311151	1.302288865203552e-13
2.236517442	1.2744289844590142e-13
2.237723734	1.2750076479452364e-13
2.238930025	1.2895442399087045e-13
2.240136316	1.3038588646095251e-13
2.241342608	1.331801477486824e-13
2.242548899	1.3634752656707144e-13
2.24375519	1.3791463726501703e-13
2.244961482	1.3827562257006624e-13
2.246167773	1.385473730907835e-13
2.247374064	1.4065350612035468e-13
2.248580356	1.4407127194615852e-13
2.249786647	1.463951781384233e-13
2.250992938	1.4901265548363368e-13
2.25219923	1.5199002043197133e-13
2.253405521	1.5492310964151547e-13
2.254611812	1.573829623187297e-13
2.255818104	1.5761169655309486e-13
2.257024395	1.5709537514507065e-13
2.258230686	1.5637622513545146e-13
2.259436977	1.5520539302176576e-13
2.260643269	1.5433697474451188e-13
2.26184956	1.5535301038295187e-13
2.263055851	1.5578994253556184e-13
2.264262143	1.555523709257499e-13
2.265468434	1.5772515465247519e-13
2.266674725	1.6032364979049498e-13
2.267881017	1.6057835008190713e-13
2.269087308	1.6044113114177118e-13
2.270293599	1.6099825046656619e-13
2.271499891	1.6192622344951122e-13
2.272706182	1.6279718373070927e-13
2.273912473	1.6323652030432092e-13
2.275118765	1.6258225713881414e-13
2.276325056	1.6083243076351137e-13
2.277531347	1.599584179094017e-13
2.278737639	1.609823409410866e-13
2.27994393	1.6303323953313862e-13
2.281150221	1.6695457924702098e-13
2.282356513	1.7077476476612138e-13
2.283562804	1.6771323031562164e-13
2.284769095	1.636967322638667e-13
2.285975386	1.6496860875708387e-13
2.287181678	1.680498497473724e-13
2.288387969	1.7209482534638692e-13
2.28959426	1.7692996412047193e-13
2.290800552	1.8081849089211125e-13
2.292006843	1.8374547409249794e-13
2.293213134	1.8892566934672358e-13
2.294419426	1.9590906987926023e-13
2.295625717	1.9821016360783416e-13
2.296832008	1.9798855089594535e-13
2.2980383	1.9838657759481266e-13
2.299244591	1.977591438516698e-13
2.300450882	1.9620550428610426e-13
2.301657174	1.9476928130964228e-13
2.302863465	1.93553573831652e-13
2.304069756	1.9249324284599824e-13
2.305276048	1.9155785074842618e-13
2.306482339	1.9009073840574548e-13
2.30768863	1.8724939521986288e-13
2.308894922	1.8387377452164438e-13
2.310101213	1.8323547679186861e-13
2.311307504	1.8729275008128067e-13
2.312513795	1.9580520244231044e-13
2.313720087	2.08497568289558e-13
2.314926378	2.2405151998762386e-13
2.316132669	2.3841215460313997e-13
2.317338961	2.4503372720785986e-13
2.318545252	2.451236109237803e-13
2.319751543	2.404112740516425e-13
2.320957835	2.361292537675761e-13
2.322164126	2.3459139424593906e-13
2.323370417	2.3311368918463744e-13
2.324576709	2.310790658722722e-13
2.325783	2.2773996171965175e-13
2.326989291	2.2411785008913593e-13
2.328195583	2.2164241749136729e-13
2.329401874	2.224381431030884e-13
2.330608165	2.2513264950216385e-13
2.331814457	2.2846831100679654e-13
2.333020748	2.317057689696077e-13
2.334227039	2.3573089704970486e-13
2.335433331	2.448666456905434e-13
2.336639622	2.58344590735898e-13
2.337845913	2.725383044506544e-13
2.339052204	2.8315898603767897e-13
2.340258496	2.8624007625470207e-13
2.341464787	2.85521105880697e-13
2.342671078	2.828666539801186e-13
2.34387737	2.803836662999281e-13
2.345083661	2.841617443898108e-13
2.346289952	2.9964628340942427e-13
2.347496244	3.2216431899826756e-13
2.348702535	3.4430097225328444e-13
2.349908826	3.5775216663528273e-13
2.351115118	3.6326720691545017e-13
2.352321409	3.597131207996234e-13
2.3535277	3.4390448756242855e-13
2.354733992	3.2410266845904596e-13
2.355940283	3.0492230591301225e-13
2.357146574	2.9188151779977484e-13
2.358352866	2.852694862068469e-13
2.359559157	2.781939873577282e-13
2.360765448	2.7267396181653617e-13
2.36197174	2.735142820997925e-13
2.363178031	2.817987418922779e-13
2.364384322	2.9910360302781336e-13
2.365590613	3.2708151479928404e-13
2.366796905	3.700176357844288e-13
2.368003196	4.193208869626233e-13
2.369209487	4.554668947119509e-13
2.370415779	4.641739111128995e-13
2.37162207	4.4573771418571454e-13
2.372828361	4.193400367371133e-13
2.374034653	4.078106527223992e-13
2.375240944	4.070295837192292e-13
2.376447235	4.110514590403101e-13
2.377653527	4.2146765143674156e-13
2.378859818	4.286635256560112e-13
2.380066109	4.411186848528686e-13
2.381272401	4.689815494935213e-13
2.382478692	5.052072058487458e-13
2.383684983	5.400112050899304e-13
2.384891275	5.494973872859397e-13
2.386097566	5.295964585013213e-13
2.387303857	4.961783962927438e-13
2.388510149	4.627863642624747e-13
2.38971644	4.45096031501035e-13
2.390922731	4.3805329734460975e-13
2.392129022	4.355779910865444e-13
2.393335314	4.336458922754857e-13
2.394541605	4.3019107477917693e-13
2.395747896	4.249213779174604e-13
2.396954188	4.1708449428185623e-13
2.398160479	4.077060223526273e-13
2.39936677	4.0582433680557295e-13
2.400573062	4.178619745578006e-13
2.401779353	4.451206809007603e-13
2.402985644	4.87052469750369e-13
2.404191936	5.354142022105405e-13
2.405398227	5.737841049075736e-13
2.406604518	5.924407708775597e-13
2.40781081	5.876377251463379e-13
2.409017101	5.812656214375674e-13
2.410223392	5.954774110207336e-13
2.411429684	6.367905416709383e-13
2.412635975	7.126401802833296e-13
2.413842266	8.374511654829183e-13
2.415048558	9.6832721815639e-13
2.416254849	1.0298643387626588e-12
2.41746114	9.730851658280464e-13
2.418667431	8.466462095544007e-13
2.419873723	7.368730913224569e-13
2.421080014	6.574932061197643e-13
2.422286305	6.199374912223576e-13
2.423492597	5.994261435288521e-13
2.424698888	5.650599669273637e-13
2.425905179	5.186731935149668e-13
2.427111471	4.854355555050327e-13
2.428317762	4.769250431883249e-13
2.429524053	5.070773376632325e-13
2.430730345	6.13366159018032e-13
2.431936636	8.110859557271999e-13
2.433142927	1.0240947830384813e-12
2.434349219	1.0714065051123936e-12
2.43555551	9.560333193136277e-13
2.436761801	7.706928492947232e-13
2.437968093	6.219932961646113e-13
2.439174384	5.459918360668912e-13
2.440380675	5.424440376489653e-13
2.441586967	6.1363940870028e-13
2.442793258	7.912143427914085e-13
2.443999549	1.0994342529081165e-12
2.44520584	1.4855323784386076e-12
2.446412132	1.8027109182512953e-12
2.447618423	1.9648585666083243e-12
2.448824714	1.9912183159019058e-12
2.450031006	1.844718984793627e-12
2.451237297	1.5829277670718338e-12
2.452443588	1.2943980860254257e-12
2.45364988	1.0243768709712131e-12
2.454856171	8.209559149507964e-13
2.456062462	7.167789448837054e-13
2.457268754	7.030328879833628e-13
2.458475045	7.500758249435711e-13
2.459681336	8.309855035445059e-13
2.460887628	9.334148197388574e-13
2.462093919	1.0293871139924015e-12
2.46330021	1.053614473740848e-12
2.464506502	1.0497759609828895e-12
2.465712793	1.0818412994289214e-12
2.466919084	1.1747996675024166e-12
2.468125376	1.3497607435719711e-12
2.469331667	1.6524070272446278e-12
2.470537958	1.9525436559803104e-12
2.47174425	1.9116434962211568e-12
2.472950541	1.7266314083474585e-12
2.474156832	1.6462645370065483e-12
2.475363123	1.6850413922253792e-12
2.476569415	1.8609960712762308e-12
2.477775706	2.3195382775624083e-12
2.478981997	3.1887482515911242e-12
2.480188289	4.394842815333466e-12
2.48139458	5.414385863673205e-12
2.482600871	6.070752183419088e-12
2.483807163	6.5344621291904716e-12
2.485013454	6.953275812235774e-12
2.486219745	7.40794179642583e-12
2.487426037	7.660218397387117e-12
2.488632328	7.99941382043091e-12
2.489838619	8.801873777760332e-12
2.491044911	9.189122741780778e-12
2.492251202	8.318239823664788e-12
2.493457493	6.723058354923709e-12
2.494663785	5.101060642299162e-12
2.495870076	3.8988921439584224e-12
2.497076367	3.268532601474512e-12