0.45	5.4708179936942474e-14
0.451155239	5.3102642330076694e-14
0.452310478	5.53724132905768e-14
0.453465717	5.506703707800603e-14
0.454620957	5.243518392279257e-14
0.455776196	4.9544845084803767e-14
0.456931435	4.945732068596482e-14
0.458086674	4.989920053401004e-14
0.459241913	5.215306259614802e-14
0.460397152	5.465208817740409e-14
0.461552392	5.4668780673657976e-14
0.462707631	5.070472911511121e-14
0.46386287	5.2283145777018236e-14
0.465018109	5.304853338098848e-14
0.466173348	5.354654871178558e-14
0.467328587	5.3304740451946764e-14
0.468483827	5.288644563316504e-14
0.469639066	5.195467650684009e-14
0.470794305	5.341084137651656e-14
0.471949544	4.9851258960592767e-14
0.473104783	5.09174336033992e-14
0.474260022	5.0652440570840754e-14
0.475415261	4.976366596686931e-14
0.476570501	4.9721244498238254e-14
0.47772574	4.56148568704246e-14
0.478880979	4.511165463916604e-14
0.480036218	4.2615099206088054e-14
0.481191457	4.069562289220517e-14
0.482346696	4.004048359485397e-14
0.483501936	3.970678056053965e-14
0.484657175	3.704347387473601e-14
0.485812414	2.8441979104745835e-14
0.486967653	3.152518293359358e-14
0.488122892	3.8611104360715183e-14
0.489278131	4.4868319823172406e-14
0.490433371	4.4408801967579816e-14
0.49158861	4.5353720522309415e-14
0.492743849	4.434669712795975e-14
0.493899088	4.4305447728003564e-14
0.495054327	4.361223590001214e-14
0.496209566	4.427914549933112e-14
0.497364806	4.2001794173803624e-14
0.498520045	4.267557697026958e-14
0.499675284	3.873418645305223e-14
0.500830523	3.8921744114670034e-14
0.501985762	3.829431695396937e-14
0.503141001	3.6928648988978613e-14
0.50429624	3.6667525626920964e-14
0.50545148	3.3850276863599414e-14
0.506606719	3.2717498395282063e-14
0.507761958	3.152341466069832e-14
0.508917197	3.046487548975568e-14
0.510072436	3.064181522238922e-14
0.511227675	3.14520476788902e-14
0.512382915	3.4758699560841187e-14
0.513538154	3.630540827070529e-14
0.514693393	3.546437583789191e-14
0.515848632	3.430125337250582e-14
0.517003871	3.529108358750568e-14
0.51815911	3.4752139621867745e-14
0.51931435	3.281448707956919e-14
0.520469589	3.172734748779448e-14
0.521624828	3.054910152894805e-14
0.522780067	3.14619007218004e-14
0.523935306	3.107856522034135e-14
0.525090545	3.0774053572331007e-14
0.526245784	3.278083821183194e-14
0.527401024	3.195326066751578e-14
0.528556263	3.167209947031969e-14
0.529711502	3.146304813615801e-14
0.530866741	2.8967359001938443e-14
0.53202198	2.7795830682559243e-14
0.533177219	2.6452118096317412e-14
0.534332459	2.4995894594439596e-14
0.535487698	2.2367041938607704e-14
0.536642937	2.0933035619812395e-14
0.537798176	1.869752879324951e-14
0.538953415	1.6650624440735494e-14
0.540108654	1.545086565885458e-14
0.541263894	1.3682949132471909e-14
0.542419133	1.2908636195344184e-14
0.543574372	1.3108452980323846e-14
0.544729611	1.4974583291284204e-14
0.54588485	1.7841120526095752e-14
0.547040089	2.175695190141554e-14
0.548195328	2.5005819218322314e-14
0.549350568	2.6619758725820323e-14
0.550505807	2.7689165969512614e-14
0.551661046	2.7621773764214214e-14
0.552816285	2.7035780808457482e-14
0.553971524	2.5961929952675225e-14
0.555126763	2.528357486440127e-14
0.556282003	2.5316757570452328e-14
0.557437242	2.4660459609158282e-14
0.558592481	2.5092843808583652e-14
0.55974772	2.4794339827915767e-14
0.560902959	2.4663658862141817e-14
0.562058198	2.4659257863704848e-14
0.563213438	2.392961603344938e-14
0.564368677	2.3131971776187505e-14
0.565523916	2.2238022362827004e-14
0.566679155	2.063221971349911e-14
0.567834394	1.912560651304679e-14
0.568989633	1.8562608232172492e-14
0.570144872	1.75834203497391e-14
0.571300112	1.698259595954739e-14
0.572455351	1.5536271173046742e-14
0.57361059	1.46641649584652e-14
0.574765829	1.3663264771489923e-14
0.575921068	1.332091930648215e-14
0.577076307	1.305723093922972e-14
0.578231547	1.3581592696307944e-14
0.579386786	1.478269434516949e-14
0.580542025	1.619677880481868e-14
0.581697264	1.7629620292351882e-14
0.582852503	1.873821522517119e-14
0.584007742	1.970904888226772e-14
0.585162982	2.0601833875637968e-14
0.586318221	2.1051524349765047e-14
0.58747346	2.0211607830148532e-14
0.588628699	1.956122551106741e-14
0.589783938	2.000841451400057e-14
0.590939177	1.7552932448410328e-14
0.592094417	1.653306871731444e-14
0.593249656	1.509149618984699e-14
0.594404895	1.3879034476360751e-14
0.595560134	1.2813385942740456e-14
0.596715373	1.2137180962620203e-14
0.597870612	1.2216184343052306e-14
0.599025851	1.245649691243349e-14
0.600181091	1.2893840111098123e-14
0.60133633	1.3609681040697426e-14
0.602491569	1.4613472614222742e-14
0.603646808	1.4514688419385945e-14
0.604802047	1.4584138282609283e-14
0.605957286	1.3974462086674073e-14
0.607112526	1.2806458433352217e-14
0.608267765	1.1420437330195761e-14
0.609423004	1.0240483775991852e-14
0.610578243	9.403903567597503e-15
0.611733482	8.129069466613415e-15
0.612888721	7.09683001289551e-15
0.614043961	5.9488159431821105e-15
0.6151992	5.0410635990245515e-15
0.616354439	4.8739440419326174e-15
0.617509678	4.431107687702481e-15
0.618664917	4.111377973708734e-15
0.619820156	4.016621210427015e-15
0.620975395	4.016572300922573e-15
0.622130635	4.304546551117223e-15
0.623285874	4.811364636315492e-15
0.624441113	5.654747743555488e-15
0.625596352	6.984039993213982e-15
0.626751591	8.169279694375638e-15
0.62790683	9.350567747765225e-15
0.62906207	1.0783789768395476e-14
0.630217309	1.179875233011107e-14
0.631372548	1.2517839577901358e-14
0.632527787	1.2915296664847829e-14
0.633683026	1.292889290808342e-14
0.634838265	1.2564742321997727e-14
0.635993505	1.2381814260185508e-14
0.637148744	1.1838897166330736e-14
0.638303983	1.1436234343103864e-14
0.639459222	1.0854660902015086e-14
0.640614461	1.028175204189383e-14
0.6417697	9.726773450764173e-15
0.642924939	9.40390250302693e-15
0.644080179	9.140267415876713e-15
0.645235418	8.994301445097056e-15
0.646390657	9.116185144120683e-15
0.647545896	8.932064317532618e-15
0.648701135	8.481212288487722e-15
0.649856374	8.078274970334084e-15
0.651011614	7.80115834662109e-15
0.652166853	7.657364160895663e-15
0.653322092	7.44025880627377e-15
0.654477331	6.9066274158593185e-15
0.65563257	5.366987934054644e-15
0.656787809	4.6013217143597306e-15
0.657943049	5.663563323859025e-15
0.659098288	5.866764661808575e-15
0.660253527	5.4803222146626865e-15
0.661408766	5.1594909682397385e-15
0.662564005	4.915422491148872e-15
0.663719244	4.6306703640251e-15
0.664874484	4.385292980712219e-15
0.666029723	4.1877681323839315e-15
0.667184962	4.075593459655134e-15
0.668340201	4.051207337751353e-15
0.66949544	4.203512347699537e-15
0.670650679	4.5221817374936e-15
0.671805918	4.9951678841751835e-15
0.672961158	5.5860248134526445e-15
0.674116397	6.2484073159548165e-15
0.675271636	7.0016885185888815e-15
0.676426875	7.693838275954698e-15
0.677582114	8.046915067570638e-15
0.678737353	7.887228270857199e-15
0.679892593	7.295886690046799e-15
0.681047832	6.440515822480087e-15
0.682203071	5.709557322438196e-15
0.68335831	5.2951422292152316e-15
0.684513549	5.270000247120199e-15
0.685668788	5.461940081181807e-15
0.686824028	5.657525205760211e-15
0.687979267	5.880617189786448e-15
0.689134506	6.125021586327991e-15
0.690289745	6.290429600330294e-15
0.691444984	6.374898087924244e-15
0.692600223	6.298109890256703e-15
0.693755462	6.0058733503932015e-15
0.694910702	5.509921469171443e-15
0.696065941	4.870638275112493e-15
0.69722118	4.2208300036051515e-15
0.698376419	3.612107922396295e-15
0.699531658	3.132467343753384e-15
0.700686897	2.766012312707227e-15
0.701842137	2.5298753384182365e-15
0.702997376	2.422819797760211e-15
0.704152615	2.4237620762586128e-15
0.705307854	2.5467811303478424e-15
0.706463093	2.7531644793615433e-15
0.707618332	2.9920584214756016e-15
0.708773572	3.2231396658215132e-15
0.709928811	3.3911861895635963e-15
0.71108405	3.516596705715886e-15
0.712239289	3.663755499347174e-15
0.713394528	3.673526724834722e-15
0.714549767	3.4484858462245923e-15
0.715705006	3.0236938405077035e-15
0.716860246	2.423558799723564e-15
0.718015485	1.8812799597863237e-15
0.719170724	1.5621258949085708e-15
0.720325963	1.4312722679847995e-15
0.721481202	1.4245545878935235e-15
0.722636441	1.3639448863205634e-15
0.723791681	1.269654659974845e-15
0.72494692	1.184342674107492e-15
0.726102159	1.1157016392038037e-15
0.727257398	1.0787634416107873e-15
0.728412637	1.0955942573598698e-15
0.729567876	1.1262940785251784e-15
0.730723116	1.1664621205121632e-15
0.731878355	1.216163514738437e-15
0.733033594	1.2790312466510038e-15
0.734188833	1.3526270060575248e-15
0.735344072	1.43651947688474e-15
0.736499311	1.5446559818579669e-15
0.73765455	1.7203723690906912e-15
0.73880979	1.9969408264026127e-15
0.739965029	2.379117646796757e-15
0.741120268	2.828349291939666e-15
0.742275507	3.2991001445512327e-15
0.743430746	3.717088324161253e-15
0.744585985	4.0218635003525195e-15
0.745741225	4.1847537103924545e-15
0.746896464	4.1654734802904605e-15
0.748051703	4.214010350501264e-15
0.749206942	4.2117326515652245e-15
0.750362181	4.204696925015301e-15
0.75151742	4.237086937246411e-15
0.75267266	4.308244149352103e-15
0.753827899	4.3020122960255226e-15
0.754983138	4.213195498336446e-15
0.756138377	3.961373723277349e-15
0.757293616	3.700346309401718e-15
0.758448855	3.564717829123395e-15
0.759604095	3.3592502842937674e-15
0.760759334	2.8892652202137527e-15
0.761914573	2.408073551833984e-15
0.763069812	2.1863494740288115e-15
0.764225051	2.039606911647829e-15
0.76538029	1.965418701784925e-15
0.766535529	1.9882600660794123e-15
0.767690769	2.0101262405453057e-15
0.768846008	1.9974981574690456e-15
0.770001247	1.946700289958589e-15
0.771156486	1.8756544065196912e-15
0.772311725	1.7750803741225715e-15
0.773466964	1.6554775827796201e-15
0.774622204	1.564585734602817e-15
0.775777443	1.4808178712582764e-15
0.776932682	1.3265519433092779e-15
0.778087921	1.2646295595563865e-15
0.77924316	1.2185794871821185e-15
0.780398399	1.12459136140286e-15
0.781553639	1.0516320735348016e-15
0.782708878	1.0173395952236038e-15
0.783864117	1.0143868786419386e-15
0.785019356	1.026842809345186e-15
0.786174595	1.0472727129382719e-15
0.787329834	1.0610241714995921e-15
0.788485073	1.0678489053840486e-15
0.789640313	1.0536591806464352e-15
0.790795552	1.0450435884922455e-15
0.791950791	1.004797109827805e-15
0.79310603	9.585689299798727e-16
0.794261269	9.202248480664957e-16
0.795416508	8.839358088485355e-16
0.796571748	8.652074743025341e-16
0.797726987	8.599179871727643e-16
0.798882226	8.643922844174346e-16
0.800037465	8.707061873880126e-16
0.801192704	8.777973099757855e-16
0.802347943	8.95215810706879e-16
0.803503183	9.293351126641544e-16
0.804658422	9.715046780778738e-16
0.805813661	1.0116941758551172e-15
0.8069689	1.0475679365317355e-15
0.808124139	1.0913838055235677e-15
0.809279378	1.1312733301208552e-15
0.810434617	1.1612165856377897e-15
0.811589857	1.2058336709704398e-15
0.812745096	1.2773825888462347e-15
0.813900335	1.3441367013145073e-15
0.815055574	1.4088519193176945e-15
0.816210813	1.4835714849214992e-15
0.817366052	1.6356790481749144e-15
0.818521292	1.789084901662242e-15
0.819676531	1.958434622913243e-15
0.82083177	2.124187264509458e-15
0.821987009	2.1584408062809372e-15
0.823142248	2.0803020476275986e-15
0.824297487	2.1413072327028656e-15
0.825452727	2.1250445103081802e-15
0.826607966	2.157202797059412e-15
0.827763205	2.2277576096162004e-15
0.828918444	2.397430523242747e-15
0.830073683	2.5619939096167143e-15
0.831228922	2.6018029408713754e-15
0.832384162	2.432179226012166e-15
0.833539401	2.0772308342882758e-15
0.83469464	1.6422735597182953e-15
0.835849879	1.2574015129617866e-15
0.837005118	1.012403457078623e-15
0.838160357	9.066777645819244e-16
0.839315596	8.574192613532315e-16
0.840470836	8.675384892778114e-16
0.841626075	8.92696743043859e-16
0.842781314	9.826814948033464e-16
0.843936553	9.726640451227306e-16
0.845091792	1.0503834497012492e-15
0.846247031	1.0614984844191267e-15
0.847402271	1.1123999141752823e-15
0.84855751	1.2895024767372491e-15
0.849712749	1.1594289529039246e-15
0.850867988	1.009696598479241e-15
0.852023227	1.0901664069197044e-15
0.853178466	1.0424527595528422e-15
0.854333706	7.907530308492567e-16
0.855488945	8.245969038434597e-16
0.856644184	9.347718253493398e-16
0.857799423	9.165395271109549e-16
0.858954662	8.12643678992197e-16
0.860109901	7.184335379334988e-16
0.86126514	8.200940764970769e-16
0.86242038	9.10912162309376e-16
0.863575619	9.688409993627376e-16
0.864730858	9.75329411009192e-16
0.865886097	8.089894931692708e-16
0.867041336	7.37039615219307e-16
0.868196575	9.273753427342102e-16
0.869351815	1.073978401830455e-15
0.870507054	1.1277096377419904e-15
0.871662293	1.1683587645742521e-15
0.872817532	1.1843082814880323e-15
0.873972771	1.0251224345847148e-15
0.87512801	8.337954598204623e-16
0.87628325	1.038127087345188e-15
0.877438489	1.1648978149990252e-15
0.878593728	1.1281905689128777e-15
0.879748967	1.0786513318282487e-15
0.880904206	1.0485330343628056e-15
0.882059445	1.0055068586014697e-15
0.883214684	9.487460106033281e-16
0.884369924	8.928566908799036e-16
0.885525163	7.697348853016467e-16
0.886680402	6.738498275987543e-16
0.887835641	8.327402253549283e-16
0.88899088	9.72196186725261e-16
0.890146119	9.80184305005481e-16
0.891301359	9.746996521383163e-16
0.892456598	9.729774085433028e-16
0.893611837	9.870058116339913e-16
0.894767076	1.0152913580184103e-15
0.895922315	1.0389475862365283e-15
0.897077554	1.0588743655074022e-15
0.898232794	1.0881189136273037e-15
0.899388033	1.038194748664052e-15
0.900543272	9.456899947637095e-16
0.901698511	9.000434799320719e-16
0.90285375	1.1720720194595766e-15
0.904008989	1.349308225232708e-15
0.905164228	1.366660694839165e-15
0.906319468	1.3255114827380495e-15
0.907474707	1.3438254370668529e-15
0.908629946	1.380054065723515e-15
0.909785185	1.4197616809381178e-15
0.910940424	1.4608225792810987e-15
0.912095663	1.4614505530781067e-15
0.913250903	1.4276956081301077e-15
0.914406142	1.4892972619524501e-15
0.915561381	1.507234108899191e-15
0.91671662	1.629671701451779e-15
0.917871859	1.6654637001150222e-15
0.919027098	1.7184119305909894e-15
0.920182338	1.7457614868038162e-15
0.921337577	1.652147026232098e-15
0.922492816	1.4120030911149234e-15
0.923648055	1.5400024747956504e-15
0.924803294	1.9854476103806352e-15
0.925958533	2.173449792066472e-15
0.927113773	2.3052573946632195e-15
0.928269012	2.4329487889127935e-15
0.929424251	2.5645033872535204e-15
0.93057949	2.67936399303417e-15
0.931734729	2.737152889678473e-15
0.932889968	2.888450571504787e-15
0.934045207	2.9020410671082563e-15
0.935200447	3.074375875949927e-15
0.936355686	3.1947214431772033e-15
0.937510925	3.204544576333345e-15
0.938666164	3.3228055647709567e-15
0.939821403	3.4113280901696423e-15
0.940976642	3.1934832723172073e-15
0.942131882	3.0530025170152636e-15
0.943287121	2.8361629634877976e-15
0.94444236	2.7498470104954177e-15
0.945597599	2.871762565967124e-15
0.946752838	2.946296578689639e-15
0.947908077	2.9081384510231493e-15
0.949063317	2.8941794362335415e-15
0.950218556	2.6908926609860266e-15
0.951373795	2.776511438498231e-15
0.952529034	2.5862560782537517e-15
0.953684273	2.5877793156612017e-15
0.954839512	2.3611157510347587e-15
0.955994751	2.724295551661178e-15
0.957149991	3.199261349715656e-15
0.95830523	3.299107818800952e-15
0.959460469	3.2298540451040846e-15
0.960615708	3.376048443298915e-15
0.961770947	3.4014169345543335e-15
0.962926186	3.390037359185047e-15
0.964081426	3.3305310196527828e-15
0.965236665	3.3101427241300664e-15
0.966391904	3.22287846297896e-15
0.967547143	3.2983271993228613e-15
0.968702382	3.328194961525198e-15
0.969857621	3.3081102048193023e-15
0.971012861	0.
0.9721681	0.
0.973323339	0.
0.974478578	0.
0.975633817	0.
0.976789056	0.
0.977944295	0.
0.979099535	0.
0.980254774	0.
0.981410013	0.
0.982565252	0.
0.983720491	0.
0.98487573	0.
0.98603097	0.
0.987186209	0.
0.988341448	0.
0.989496687	0.
0.990651926	0.
0.991807165	0.
0.992962405	0.
0.994117644	0.
0.995272883	0.
0.996428122	0.
0.997583361	2.5502315536371425e-16
0.9987386	2.4924201710602375e-16
0.999893839	2.425173349993809e-16
1.001049079	2.2524109729511324e-16
1.002204318	2.0797826527799929e-16
1.003359557	1.914625205798444e-16
1.004514796	1.7748204640541278e-16
1.005670035	1.7472777365359566e-16
1.006825274	1.831590460871235e-16
1.007980514	1.8351293052505412e-16
1.009135753	1.9178664914570934e-16
1.010290992	2.0101108068822532e-16
1.011446231	2.082025622741866e-16
1.01260147	2.145097321822644e-16
1.013756709	2.231444268948334e-16
1.014911949	2.2856948144983906e-16
1.016067188	2.3300979441392304e-16
1.017222427	2.349132684050766e-16
1.018377666	2.336904858197547e-16
1.019532905	2.340242797675942e-16
1.020688144	2.38109935541487e-16
1.021843384	2.3876980365597623e-16
1.022998623	2.404572557682002e-16
1.024153862	2.427145651243623e-16
1.025309101	2.457210219298321e-16
1.02646434	2.476468097640813e-16
1.027619579	2.4823725358691486e-16
1.028774818	2.512042770623193e-16
1.029930058	2.5671072276394566e-16
1.031085297	2.598771115815081e-16
1.032240536	2.6399356476510096e-16
1.033395775	2.7466559717259417e-16
1.034551014	2.840077292216827e-16
1.035706253	2.884024657397444e-16
1.036861493	2.988340927486362e-16
1.038016732	3.1435755732066844e-16
1.039171971	3.2633117257973516e-16
1.04032721	3.377312466856386e-16
1.041482449	3.5237342636467845e-16
1.042637688	3.672320751513371e-16
1.043792928	3.7991959661465297e-16
1.044948167	3.945109164991932e-16
1.046103406	4.0993496329414197e-16
1.047258645	4.1952550107979617e-16
1.048413884	4.2715360714853647e-16
1.049569123	4.360295116412806e-16
1.050724362	4.475601512215841e-16
1.051879602	4.595142135662968e-16
1.053034841	4.750100095136318e-16
1.05419008	4.91514762945544e-16
1.055345319	5.037277896646219e-16
1.056500558	5.195416371298282e-16
1.057655797	5.443802310800292e-16
1.058811037	5.63583318682757e-16
1.059966276	5.741171160396647e-16
1.061121515	5.835213036222696e-16
1.062276754	6.036918803756883e-16
1.063431993	6.290823151493842e-16
1.064587232	6.47570082434973e-16
1.065742472	6.644816637237208e-16
1.066897711	6.799292461438281e-16
1.06805295	6.955675297846395e-16
1.069208189	7.14210512174479e-16
1.070363428	7.279060835555669e-16
1.071518667	7.258752646192795e-16
1.072673906	7.214543765234749e-16
1.073829146	7.198891484532235e-16
1.074984385	7.110526512140683e-16
1.076139624	6.958224205359683e-16
1.077294863	6.822822521769121e-16
1.078450102	6.641573778050119e-16
1.079605341	6.354434298312971e-16
1.080760581	6.161693683628197e-16
1.08191582	6.069476955063772e-16
1.083071059	5.822013932435131e-16
1.084226298	5.455190202887195e-16
1.085381537	5.060700035408466e-16
1.086536776	4.73029478751373e-16
1.087692016	4.496450246773215e-16
1.088847255	4.0768764594379743e-16
1.090002494	3.544124427222956e-16
1.091157733	3.1079011457541933e-16
1.092312972	2.7757644775303933e-16
1.093468211	2.5965888294298885e-16
1.094623451	2.4251713669532807e-16
1.09577869	2.2114665563508102e-16
1.096933929	2.061452699695114e-16
1.098089168	1.960717823933332e-16
1.099244407	1.8530405864242428e-16
1.100399646	1.7730905143092529e-16
1.101554885	1.7512321827452285e-16
1.102710125	1.7296058820055147e-16
1.103865364	1.685005364362948e-16
1.105020603	1.6457189095067842e-16
1.106175842	1.6127695408808208e-16
1.107331081	1.5779997687137015e-16
1.10848632	1.5369431930502772e-16
1.10964156	1.486597226914375e-16
1.110796799	1.4382574483577954e-16
1.111952038	1.392494890239034e-16
1.113107277	1.3378122776695384e-16
1.114262516	1.2762718579354142e-16
1.115417755	1.2142082786426193e-16
1.116572995	1.1533329409416314e-16
1.117728234	1.0985707480945917e-16
1.118883473	1.0550928815613554e-16
1.120038712	1.0167943923134616e-16
1.121193951	9.621762592539035e-17
1.12234919	9.003419480499442e-17
1.123504429	8.502121602159577e-17
1.124659669	8.120594208006428e-17
1.125814908	7.855015015177225e-17
1.126970147	7.551697312236139e-17
1.128125386	7.249340369066946e-17
1.129280625	7.127672656824897e-17
1.130435864	7.07839573724619e-17
1.131591104	6.993368323866825e-17
1.132746343	6.96592096266506e-17
1.133901582	7.011337419990677e-17
1.135056821	7.028767960814147e-17
1.13621206	7.043684426206754e-17
1.137367299	7.165202627682086e-17
1.138522539	7.288452874749338e-17
1.139677778	7.367760391473735e-17
1.140833017	7.405958675980909e-17
1.141988256	7.381724214989982e-17
1.143143495	7.327674935510624e-17
1.144298734	7.177481602766304e-17
1.145453973	6.858295365700345e-17
1.146609213	6.469257346239923e-17
1.147764452	6.06228463855453e-17
1.148919691	5.592263143299937e-17
1.15007493	5.1020510388084765e-17
1.151230169	4.649527505054012e-17
1.152385408	4.246230538566345e-17
1.153540648	3.896069439731692e-17
1.154695887	3.627628600690142e-17
1.155851126	3.443647949355078e-17
1.157006365	3.3071574580219416e-17
1.158161604	3.2148590895527093e-17
1.159316843	3.216934637736773e-17
1.160472083	3.299024213779959e-17
1.161627322	3.44386167664782e-17
1.162782561	3.641294582660736e-17
1.1639378	3.8746016646056687e-17
1.165093039	4.1750252404851904e-17
1.166248278	4.534955300191813e-17
1.167403517	4.9160359227499173e-17
1.168558757	5.3407141679734343e-17
1.169713996	5.806326383209193e-17
1.170869235	6.181757815172813e-17
1.172024474	6.420579060184287e-17
1.173179713	6.572959586712588e-17
1.174334952	6.651726627894991e-17
1.175490192	6.689693419607415e-17
1.176645431	6.6039871417162e-17
1.17780067	6.385903169330826e-17
1.178955909	6.0654726856613e-17
1.180111148	5.705962638005736e-17
1.181266387	5.4494270854398804e-17
1.182421627	5.280287172603295e-17
1.183576866	5.1850466099461276e-17
1.184732105	5.060134122403118e-17
1.185887344	4.890557188392e-17
1.187042583	4.9233144626093664e-17
1.188197822	5.126770290326261e-17
1.189353062	5.2764708610993436e-17
1.190508301	5.4364855096695456e-17
1.19166354	5.666767062612213e-17
1.192818779	5.922456964226194e-17
1.193974018	6.193861394484764e-17
1.195129257	6.450428166905904e-17
1.196284496	6.68313800776101e-17
1.197439736	6.939073805232659e-17
1.198594975	6.968614311735295e-17
1.199750214	6.737564390613611e-17
1.200905453	6.527097214437362e-17
1.202060692	6.514903423374973e-17
1.203215931	6.910727821447042e-17
1.204371171	7.460180689565347e-17
1.20552641	7.768237883620691e-17
1.206681649	8.183229407386843e-17
1.207836888	8.858481785261133e-17
1.208992127	9.331547085331214e-17
1.210147366	9.53888359287259e-17
1.211302606	9.731900247274126e-17
1.212457845	9.891030911039811e-17
1.213613084	1.0018997084032524e-16
1.214768323	1.009464131418423e-16
1.215923562	1.0115529557241598e-16
1.217078801	1.0111276554132741e-16
1.21823404	1.0077601791916384e-16
1.21938928	1.0001090214956492e-16
1.220544519	9.900403837808803e-17
1.221699758	9.773259312713912e-17
1.222854997	9.629783259876026e-17
1.224010236	9.468840267613714e-17
1.225165475	9.256648537693751e-17
1.226320715	9.02890390320902e-17
1.227475954	8.862725046500275e-17
1.228631193	8.650284774968359e-17
1.229786432	8.340336971572576e-17
1.230941671	8.089655261882796e-17
1.23209691	7.923194724081512e-17
1.23325215	7.78697280943054e-17
1.234407389	7.718304018183858e-17
1.235562628	7.721571217163933e-17
1.236717867	7.777167212018873e-17
1.237873106	7.878503547515883e-17
1.239028345	8.066548136068321e-17
1.240183584	8.328537063701068e-17
1.241338824	8.583391553571641e-17
1.242494063	8.858426191592921e-17
1.243649302	9.178139419492983e-17
1.244804541	9.512567851886604e-17
1.24595978	9.855545875269112e-17
1.247115019	1.0250255966413325e-16
1.248270259	1.0698800143432913e-16
1.249425498	1.1154720458229676e-16
1.250580737	1.166380952578437e-16
1.251735976	1.2269956621791802e-16
1.252891215	1.2795526786229152e-16
1.254046454	1.3171676472509355e-16
1.255201694	1.3529634366127932e-16
1.256356933	1.3802457752776274e-16
1.257512172	1.3945120426830948e-16
1.258667411	1.4019638364749985e-16
1.25982265	1.4038333322211335e-16
1.260977889	1.4105678751412e-16
1.262133129	1.4227177086863764e-16
1.263288368	1.4343527565644686e-16
1.264443607	1.4483843575503952e-16
1.265598846	1.4673515894556153e-16
1.266754085	1.4992283528784424e-16
1.267909324	1.5447322932396103e-16
1.269064563	1.5786666732780128e-16
1.270219803	1.6053538330597927e-16
1.271375042	1.6489865837049962e-16
1.272530281	1.7015321035493093e-16
1.27368552	1.7612456983184466e-16
1.274840759	1.814079791914965e-16
1.275995998	1.8533241750053083e-16
1.277151238	1.8890359700085962e-16
1.278306477	1.905404098359955e-16
1.279461716	1.8999821296315358e-16
1.280616955	1.9339787253398764e-16
1.281772194	2.0461546203966923e-16
1.282927433	2.0434372255133227e-16
1.284082673	1.9296968110409292e-16
1.285237912	1.8851455829016814e-16
1.286393151	1.8782385133971317e-16
1.28754839	1.862077511199155e-16
1.288703629	1.8277627811671628e-16
1.289858868	1.7942120204769092e-16
1.291014107	1.7447764959597168e-16
1.292169347	1.6858627553147834e-16
1.293324586	1.64083562403638e-16
1.294479825	1.5937082802586655e-16
1.295635064	1.5294167429725965e-16
1.296790303	1.462483621886386e-16
1.297945542	1.3976761299198902e-16
1.299100782	1.3196064363719993e-16
1.300256021	1.235833723624224e-16
1.30141126	1.163509331755975e-16
1.302566499	1.0943125477783002e-16
1.303721738	1.024232961159793e-16
1.304876977	9.541068357933033e-17
1.306032217	8.897501205908243e-17
1.307187456	8.388817729757816e-17
1.308342695	7.988458660805052e-17
1.309497934	7.641265952069791e-17
1.310653173	7.390001016989384e-17
1.311808412	7.23822078735611e-17
1.312963651	6.995390699131994e-17
1.314118891	6.682074118058533e-17
1.31527413	6.524941534525715e-17
1.316429369	6.391043747473679e-17
1.317584608	6.084558452994925e-17
1.318739847	5.79660948582213e-17
1.319895086	5.583622501424618e-17
1.321050326	5.405345103248585e-17
1.322205565	5.24351057769844e-17
1.323360804	5.0596278906285366e-17
1.324516043	4.885976345861899e-17
1.325671282	4.7567807463507574e-17
1.326826521	4.6420335475496677e-17
1.327981761	4.5470404540110317e-17
1.329137	4.516609395396628e-17
1.330292239	4.521049673427359e-17
1.331447478	4.503044627842492e-17
1.332602717	4.466692932428492e-17
1.333757956	4.4108198587069064e-17
1.334913195	4.3847311762791085e-17
1.336068435	4.389431263987512e-17
1.337223674	4.371644685547465e-17
1.338378913	4.3390296071612477e-17
1.339534152	4.317154710121687e-17
1.340689391	4.266859799071929e-17
1.34184463	4.1747663350781016e-17
1.34299987	4.087655729115846e-17
1.344155109	4.014090357694406e-17
1.345310348	3.950262030213705e-17
1.346465587	3.880338906230579e-17
1.347620826	3.783054999392528e-17
1.348776065	3.69677270434136e-17
1.349931305	3.630920315852718e-17
1.351086544	3.53633413160789e-17
1.352241783	3.4222465992850904e-17
1.353397022	3.3314830602785145e-17
1.354552261	3.2697535694805685e-17
1.3557075	3.241374254772634e-17
1.35686274	3.171863622129015e-17
1.358017979	3.0485195479794724e-17
1.359173218	2.8392621144920486e-17
1.360328457	1.98425308764681e-17
1.361483696	-2.8501247603736387e-19
1.362638935	-2.0948599053017232e-17
1.363794174	-2.403039934861382e-17
1.364949414	-1.3669902221833648e-17
1.366104653	9.073146674146556e-18
1.367259892	5.1072405087716915e-17
1.368415131	1.8954325610845217e-16
1.36957037	-8.741350336887637e-16
1.370725609	-2.6454013695276865e-16
1.371880849	-3.8350795304635137e-16
1.373036088	1.3610930082739813e-16
1.374191327	4.0369585802687613e-17
1.375346566	2.1500331480388282e-17
1.376501805	1.4312112719268453e-17
1.377657044	1.226584708541596e-17
1.378812284	1.1811524107262368e-17
1.379967523	1.1585083255624568e-17
1.381122762	1.0686446111156829e-17
1.382278001	5.898540204338102e-18
1.38343324	2.0896850795472652e-19
1.384588479	-1.947387119076578e-18
1.385743718	3.745972119378934e-18
1.386898958	1.7385922992926098e-17
1.388054197	2.7473362940018226e-17
1.389209436	3.376297518815607e-17
1.390364675	3.7275150525501334e-17
1.391519914	3.82522949354925e-17
1.392675153	3.7562217170500407e-17
1.393830393	3.5333195043531296e-17
1.394985632	3.136909714130483e-17
1.396140871	2.6380905495649553e-17
1.39729611	2.165540081652514e-17
1.398451349	1.7927634931746898e-17
1.399606588	1.561502694220749e-17
1.400761828	1.4350604377088886e-17
1.401917067	1.373014353648032e-17
1.403072306	1.3804652771821959e-17
1.404227545	1.4519414944852565e-17
1.405382784	1.5751355777385318e-17
1.406538023	1.7335819126585562e-17
1.407693262	1.8992790889989593e-17
1.408848502	2.010163076886986e-17
1.410003741	2.0873119145341208e-17
1.41115898	2.190709047573079e-17
1.412314219	2.3186768279024664e-17
1.413469458	2.4463799782991946e-17
1.414624697	2.5745186491583303e-17
1.415779937	2.7046310421748372e-17
1.416935176	2.842646527720687e-17
1.418090415	2.999488698356489e-17
1.419245654	3.1581491577989163e-17
1.420400893	3.307026436104088e-17
1.421556132	3.4488948823333094e-17
1.422711372	3.508294394337172e-17
1.423866611	3.4832485166047843e-17
1.42502185	3.4775126555807363e-17
1.426177089	3.5036061126210584e-17
1.427332328	3.514085670465867e-17
1.428487567	3.510166291330479e-17
1.429642807	3.5004480843078356e-17
1.430798046	3.487945072968535e-17
1.431953285	3.4789146905046066e-17
1.433108524	3.485333484933526e-17
1.434263763	3.503270592696359e-17
1.435419002	3.5199344636934606e-17
1.436574241	3.5437701352146206e-17
1.437729481	3.5743524157293276e-17
1.43888472	3.6466039732781475e-17
1.440039959	3.742034139870985e-17
1.441195198	3.707669082082539e-17
1.442350437	3.612064695926525e-17
1.443505676	3.6067761803025165e-17
1.444660916	3.603409577191825e-17
1.445816155	3.5462122473353136e-17
1.446971394	3.508118841531337e-17
1.448126633	3.4982671907689265e-17
1.449281872	3.469166009218654e-17
1.450437111	3.436431078233456e-17
1.451592351	3.4574679927618174e-17
1.45274759	3.480142689671432e-17
1.453902829	3.502383927923667e-17
1.455058068	3.54359763551636e-17
1.456213307	3.607774053245888e-17
1.457368546	3.6276618501893575e-17
1.458523785	3.6095620565683345e-17
1.459679025	3.6116934308686903e-17
1.460834264	3.640514615060868e-17
1.461989503	3.690597563502579e-17
1.463144742	3.7269917638893546e-17
1.464299981	3.749678279746598e-17
1.46545522	3.787475222568375e-17
1.46661046	3.810448341232886e-17
1.467765699	3.801535058016752e-17
1.468920938	3.7956801481398e-17
1.470076177	3.803836263697933e-17
1.471231416	3.7882152284982136e-17
1.472386655	3.8006430509190543e-17
1.473541895	3.692414465614667e-17
1.474697134	3.582475349598232e-17
1.475852373	3.528357713091642e-17
1.477007612	3.5096577204442224e-17
1.478162851	3.604185342769919e-17
1.47931809	3.474136864428122e-17
1.480473329	3.527405445789607e-17
1.481628569	3.5825337341725545e-17
1.482783808	3.718977860768747e-17
1.483939047	3.7627719744012915e-17
1.485094286	3.832279615857295e-17
1.486249525	3.8659197167514485e-17
1.487404764	4.2030621377192445e-17
1.488560004	4.464898245371521e-17
1.489715243	4.25844295639538e-17
1.490870482	4.146867560969067e-17
1.492025721	4.286550283300387e-17
1.49318096	4.3457301507143264e-17
1.494336199	4.373581187722516e-17
1.495491439	4.48713688129504e-17
1.496646678	4.601411050101318e-17
1.497801917	4.529523846683528e-17
1.498957156	4.3936428621337416e-17
1.500112395	4.318379936363609e-17
1.501267634	4.2980336682930925e-17
1.502422873	4.251732709188769e-17
1.503578113	4.1905831597134406e-17
1.504733352	4.208559646896611e-17
1.505888591	4.238654338578347e-17
1.50704383	4.1942570878445395e-17
1.508199069	4.1318327490733286e-17
1.509354308	4.13247294047214e-17
1.510509548	4.1255326270188375e-17
1.511664787	4.225197008624904e-17
1.512820026	4.324297752046377e-17
1.513975265	4.414642373104489e-17
1.515130504	4.4805777811457314e-17
1.516285743	4.5188074036716805e-17
1.517440983	4.6011223288927443e-17
1.518596222	4.7028598931800037e-17
1.519751461	4.81848875999013e-17
1.5209067	4.9505526106639365e-17
1.522061939	5.132214252370663e-17
1.523217178	5.218433471495456e-17
1.524372418	5.214438422227175e-17
1.525527657	5.137053338429251e-17
1.526682896	5.104508584070604e-17
1.527838135	5.1681276499246606e-17
1.528993374	5.371804395940436e-17
1.530148613	5.645485884481816e-17
1.531303852	5.740780665642117e-17
1.532459092	5.791822090749185e-17
1.533614331	6.045786980852238e-17
1.53476957	6.222291836437196e-17
1.535924809	6.260644286265248e-17
1.537080048	6.334974330802216e-17
1.538235287	6.398741824791283e-17
1.539390527	6.417476143009105e-17
1.540545766	6.313423400962361e-17
1.541701005	6.135912626196721e-17
1.542856244	6.007650872391802e-17
1.544011483	5.992881416257839e-17
1.545166722	6.053115064377966e-17
1.546321962	6.16610147889931e-17
1.547477201	6.399503090897282e-17
1.54863244	6.615584659331426e-17
1.549787679	6.72899804551387e-17
1.550942918	6.750581545531931e-17
1.552098157	6.707820547571303e-17
1.553253396	6.677806015850893e-17
1.554408636	6.619556234464983e-17
1.555563875	6.411033736104751e-17
1.556719114	6.267512418180801e-17
1.557874353	6.234912797163632e-17
1.559029592	6.281051247249169e-17
1.560184831	6.313976949340406e-17
1.561340071	6.225145780306886e-17
1.56249531	6.058735276657408e-17
1.563650549	5.909867102851896e-17
1.564805788	5.73988175814407e-17
1.565961027	5.629043425886998e-17
1.567116266	5.570274510833435e-17
1.568271506	5.5276587216722526e-17
1.569426745	5.50098665731823e-17
1.570581984	5.589861538201718e-17
1.571737223	5.857241363984659e-17
1.572892462	6.281900793276066e-17
1.574047701	6.79855148786033e-17
1.57520294	7.254714526528224e-17
1.57635818	7.716498147718926e-17
1.577513419	8.028251133570928e-17
1.578668658	8.154296268301122e-17
1.579823897	7.939267867761843e-17
1.580979136	7.926356779020024e-17
1.582134375	8.12132104420437e-17
1.583289615	7.95879846259512e-17
1.584444854	7.638454382741617e-17
1.585600093	7.331192859799369e-17
1.586755332	7.14579902812218e-17
1.587910571	7.227148855392378e-17
1.58906581	7.560514130350012e-17
1.59022105	7.897837948729119e-17
1.591376289	7.814508444041012e-17
1.592531528	7.544587930729808e-17
1.593686767	7.360572182577042e-17
1.594842006	7.350101897639159e-17
1.595997245	7.419367233795928e-17
1.597152485	7.185726278303111e-17
1.598307724	6.828836725817523e-17
1.599462963	6.735681041508121e-17
1.600618202	6.719628724833946e-17
1.601773441	6.527741839837105e-17
1.60292868	6.359168015136579e-17
1.604083919	6.198953804727331e-17
1.605239159	6.031817040097343e-17
1.606394398	5.836580216699983e-17
1.607549637	5.524308178628674e-17
1.608704876	5.2524267874826646e-17
1.609860115	5.1111486540845205e-17
1.611015354	4.951380247330498e-17
1.612170594	4.7768395834835266e-17
1.613325833	4.5975423918910295e-17
1.614481072	4.430026454001488e-17
1.615636311	4.3795332805001896e-17
1.61679155	4.1986597466921603e-17
1.617946789	3.8674015312352945e-17
1.619102029	3.6791395359363537e-17
1.620257268	3.574836333778874e-17
1.621412507	3.4318855979354653e-17
1.622567746	3.2712214880771447e-17
1.623722985	3.1636441735126975e-17
1.624878224	3.094548989501805e-17
1.626033463	3.0449922392050415e-17
1.627188703	2.959324664213694e-17
1.628343942	2.874585955348822e-17
1.629499181	2.811701897236619e-17
1.63065442	2.7498373907259434e-17
1.631809659	2.6511663326838633e-17
1.632964898	2.549464890226067e-17
1.634120138	2.472457968753752e-17
1.635275377	2.3909830524533463e-17
1.636430616	2.3234984647453263e-17
1.637585855	2.275102679807862e-17
1.638741094	2.218943741506846e-17
1.639896333	2.1541589007201203e-17
1.641051573	2.1112815576425034e-17
1.642206812	2.1280735045493542e-17
1.643362051	2.1552459716654895e-17
1.64451729	2.1211805173640505e-17
1.645672529	2.0172404457744133e-17
1.646827768	1.8854534287977667e-17
1.647983007	1.7597261310457272e-17
1.649138247	1.658795353272854e-17
1.650293486	1.573260259771748e-17
1.651448725	1.509697861040665e-17
1.652603964	1.4662682114045597e-17
1.653759203	1.4449157739912628e-17
1.654914442	1.4413030076526243e-17
1.656069682	1.4363551381007298e-17
1.657224921	1.4380971036933785e-17
1.65838016	1.453250575436817e-17
1.659535399	1.4752784713388338e-17
1.660690638	1.493432863506725e-17
1.661845877	1.4869187832946538e-17
1.663001117	1.478703138663394e-17
1.664156356	1.4632176277369837e-17
1.665311595	1.44650253764268e-17
1.666466834	1.4367089158535193e-17
1.667622073	1.4226665112143013e-17
1.668777312	1.3924535076366746e-17
1.669932551	1.362255274128673e-17
1.671087791	1.3795781226236327e-17
1.67224303	1.441956667679989e-17
1.673398269	1.4914323046968147e-17
1.674553508	1.5616172544007697e-17
1.675708747	1.6846922554890012e-17
1.676863986	1.787066244073947e-17
1.678019226	1.8294737428992798e-17
1.679174465	1.8944525077847245e-17
1.680329704	1.9914978504085302e-17
1.681484943	2.107189847497264e-17
1.682640182	2.1990380517474438e-17
1.683795421	2.204761492526408e-17
1.684950661	2.1848189969865115e-17
1.6861059	2.174048447882071e-17
1.687261139	2.1222572508728366e-17
1.688416378	2.0285485329384216e-17
1.689571617	1.9428895176312884e-17
1.690726856	1.8589104627680488e-17
1.691882096	1.7733316670987703e-17
1.693037335	1.7224691591349345e-17
1.694192574	1.693591785418866e-17
1.695347813	1.6743452733130843e-17
1.696503052	1.6659776033294103e-17
1.697658291	1.6516038572084376e-17
1.69881353	1.6425998315958754e-17
1.69996877	1.6272380966744008e-17
1.701124009	1.574948628056694e-17
1.702279248	1.4976657064977985e-17
1.703434487	1.4023785592671044e-17
1.704589726	1.2840912278969122e-17
1.705744965	1.1555741963478403e-17
1.706900205	1.0262135118494556e-17
1.708055444	9.067859806923203e-18
1.709210683	7.88680037260524e-18
1.710365922	6.989583756962457e-18
1.711521161	6.8224092647291745e-18
1.7126764	7.385791190816706e-18
1.71383164	8.827829690453772e-18
1.714986879	1.0934716685163974e-17
1.716142118	1.3070907361178522e-17
1.717297357	1.4604872086757412e-17
1.718452596	1.4640072113341326e-17
1.719607835	1.3710445792416531e-17
1.720763074	1.225225821012322e-17
1.721918314	1.0517533574780094e-17
1.723073553	9.639091766500733e-18
1.724228792	9.38171672520259e-18
1.725384031	9.34746930535904e-18
1.72653927	9.537603338016958e-18
1.727694509	1.008467294367256e-17
1.728849749	1.0871727547827082e-17
1.730004988	1.1724710739464106e-17
1.731160227	1.271688210819297e-17
1.732315466	1.3859182665071002e-17
1.733470705	1.5080431376480604e-17
1.734625944	1.6369167491134082e-17
1.735781184	1.7481930013183795e-17
1.736936423	1.8254174581107822e-17
1.738091662	1.9098158279030503e-17
1.739246901	1.9771312317131044e-17
1.74040214	2.0180826930197733e-17
1.741557379	2.034762555732919e-17
1.742712618	2.0327953195153974e-17
1.743867858	1.9878402015276235e-17
1.745023097	1.957501541488809e-17
1.746178336	1.9464762367384287e-17
1.747333575	1.9144566332738633e-17
1.748488814	1.8695274311397875e-17
1.749644053	1.8248205295460743e-17
1.750799293	1.7851692539372365e-17
1.751954532	1.754608303831723e-17
1.753109771	1.7325219660502647e-17
1.75426501	1.7072081589372544e-17
1.755420249	1.6911423726034106e-17
1.756575488	1.6849349757201225e-17
1.757730728	1.6682470296102595e-17
1.758885967	1.639896270369003e-17
1.760041206	1.6100902267997995e-17
1.761196445	1.5931368347205376e-17
1.762351684	1.5809307504182633e-17
1.763506923	1.5379341042242496e-17
1.764662163	1.4871676662946154e-17
1.765817402	1.4462288646630893e-17
1.766972641	1.4123375551598432e-17
1.76812788	1.3834074095313658e-17
1.769283119	1.348027349725114e-17
1.770438358	1.3016576110362921e-17
1.771593597	1.238917555761943e-17
1.772748837	1.1641841885266243e-17
1.773904076	1.0956526650838373e-17
1.775059315	1.0440159607784549e-17
1.776214554	1.0152728940462937e-17
1.777369793	1.008553006342273e-17
1.778525032	1.0084288006784328e-17
1.779680272	1.0110026243052817e-17
1.780835511	1.0089444455853185e-17
1.78199075	9.911946027311738e-18
1.783145989	9.684939069432928e-18
1.784301228	9.458246550524348e-18
1.785456467	9.38134389586549e-18
1.786611707	9.467133822944022e-18
1.787766946	9.598561391364965e-18
1.788922185	9.870783376342002e-18
1.790077424	1.027357883947983e-17
1.791232663	1.0712841990783197e-17
1.792387902	1.1201173917225383e-17
1.793543141	1.1782308102869054e-17
1.794698381	1.2469045200386721e-17
1.79585362	1.3174123848006147e-17
1.797008859	1.3865610457753711e-17
1.798164098	1.452294113445813e-17
1.799319337	1.5064001124669455e-17
1.800474576	1.5636561656661725e-17
1.801629816	1.6463706932090124e-17
1.802785055	1.739610551315239e-17
1.803940294	1.8370545254712297e-17
1.805095533	1.9651769110321723e-17
1.806250772	2.123164025506116e-17
1.807406011	2.2953830578472185e-17
1.808561251	2.4857523812934307e-17
1.80971649	2.705233311189289e-17
1.810871729	2.9658374580290796e-17
1.812026968	3.284680159766266e-17
1.813182207	3.664427250011894e-17
1.814337446	4.088834185896117e-17
1.815492685	4.5561657861849e-17
1.816647925	5.075840514517887e-17
1.817803164	5.682166121725275e-17
1.818958403	6.030573391109796e-17
1.820113642	6.02092981816009e-17
1.821268881	6.159845233061653e-17
1.82242412	6.415894395609386e-17
1.82357936	6.539455468330936e-17
1.824734599	6.696457156793241e-17
1.825889838	7.026538774348818e-17
1.827045077	7.482402087699415e-17
1.828200316	7.966937345486098e-17
1.829355555	8.327062954802987e-17
1.830510795	8.484949361321776e-17
1.831666034	8.56103795635207e-17
1.832821273	0.
1.833976512	0.
1.835131751	0.
1.83628699	0.
1.837442229	0.
1.838597469	0.
1.839752708	0.
1.840907947	0.
1.842063186	0.
1.843218425	0.
1.844373664	0.
1.845528904	0.
1.846684143	0.
1.847839382	0.
1.848994621	0.
1.85014986	0.
1.851305099	0.
1.852460339	0.
1.853615578	0.
1.854770817	0.
1.855926056	0.
1.857081295	0.
1.858236534	0.
1.859391774	0.
1.860547013	0.
1.861702252	0.
1.862857491	0.
1.86401273	0.
1.865167969	0.
1.866323208	0.
1.867478448	0.
1.868633687	0.
1.869788926	0.
1.870944165	0.
1.872099404	1.1972966848810152e-16
1.873254643	1.1504175045662587e-16
1.874409883	9.921576744025552e-17
1.875565122	6.708041812895856e-17
1.876720361	2.5876186605688594e-17
1.8778756	1.2431318913815984e-17
1.879030839	1.5264126533215443e-17
1.880186078	2.2157567106872175e-17
1.881341318	3.15359924904542e-17
1.882496557	3.7918559907138094e-17
1.883651796	4.0083679413138916e-17
1.884807035	4.232983954784453e-17
1.885962274	5.2343937906069236e-17
1.887117513	9.887576142869323e-17
1.888272752	-6.5453976409642094e-18
1.889427992	5.882937833778807e-17
1.890583231	9.655979808389172e-17
1.89173847	1.3100004249324102e-16
1.892893709	7.428937945329774e-17
1.894048948	5.151032452832933e-17
1.895204187	3.1601384907873485e-17
1.896359427	1.97343509156625e-17
1.897514666	1.4230016238635463e-17
1.898669905	1.3694193889356196e-17
1.899825144	2.1923483971089062e-17
1.900980383	2.979381499742372e-17
1.902135622	3.270857822765438e-17
1.903290862	3.360986580408632e-17
1.904446101	3.5000492984648e-17
1.90560134	3.782353318423329e-17
1.906756579	4.1429869528872436e-17
1.907911818	4.150131683744633e-17
1.909067057	3.193404172536085e-17
1.910222296	1.8502436950732774e-17
1.911377536	1.01887463441099e-17
1.912532775	1.7208647382573552e-17
1.913688014	5.325781462427435e-17
1.914843253	1.2186106619629415e-16
1.915998492	1.3794252014958202e-16
1.917153731	9.266371434589527e-17
1.918308971	5.184546104165114e-17
1.91946421	3.0351115930642265e-17
1.920619449	2.172950046811895e-17
1.921774688	1.878432705091344e-17
1.922929927	1.8924718440641946e-17
1.924085166	2.0815984989975427e-17
1.925240406	2.3462031559926607e-17
1.926395645	2.7286347927788724e-17
1.927550884	3.342932431107026e-17
1.928706123	3.889091373787334e-17
1.929861362	3.795270090418432e-17
1.931016601	3.389823528257479e-17
1.932171841	2.848034290298184e-17
1.93332708	2.2209435531149056e-17
1.934482319	1.600069331825272e-17
1.935637558	1.0435984798168269e-17
1.936792797	6.94313381186274e-18
1.937948036	9.635700505840764e-18
1.939103275	1.522272404490676e-17
1.940258515	1.9161143887722363e-17
1.941413754	1.9902280418846785e-17
1.942568993	1.884376791647257e-17
1.943724232	1.6215456265809296e-17
1.944879471	8.18752943069095e-18
1.94603471	-3.995512100334532e-18
1.94718995	5.376809548069904e-19
1.948345189	7.27596596614919e-18
1.949500428	1.0641940938274836e-17
1.950655667	1.235271582440682e-17
1.951810906	1.3283453960032713e-17
1.952966145	1.3078779455888946e-17
1.954121385	1.2462600889731207e-17
1.955276624	1.3618011754945016e-17
1.956431863	1.6461991298706083e-17
1.957587102	1.83063792655168e-17
1.958742341	1.77518642066986e-17
1.95989758	1.6213473943273553e-17
1.961052819	1.462106675210682e-17
1.962208059	1.3164507475680466e-17
1.963363298	1.1749914718801449e-17
1.964518537	1.0104007856495537e-17
1.965673776	8.757146714109677e-18
1.966829015	8.785594018893432e-18
1.967984254	9.699834089219372e-18
1.969139494	1.0416968986270109e-17
1.970294733	1.062298631424237e-17
1.971449972	1.0761453426229758e-17
1.972605211	1.102108852665628e-17
1.97376045	1.1217128980921069e-17
1.974915689	1.1342610619110329e-17
1.976070929	1.142159007656928e-17
1.977226168	1.1509051806204e-17
1.978381407	1.1449227751012279e-17
1.979536646	1.0943894773491501e-17
1.980691885	1.0366395463304347e-17
1.981847124	1.0075049636695499e-17
1.983002363	1.0018381487469221e-17
1.984157603	1.0159701765121492e-17
1.985312842	1.055401180420076e-17
1.986468081	1.0803243796463817e-17
1.98762332	1.0216901779532127e-17
1.988778559	9.2911259103332e-18
1.989933798	8.541784189955625e-18
1.991089038	8.151076612062763e-18
1.992244277	8.094724419432953e-18
1.993399516	8.441730244009752e-18
1.994554755	8.704115889141309e-18
1.995709994	8.037427496315388e-18
1.996865233	5.6035551428344816e-18
1.998020473	1.2079000639579213e-18
1.999175712	-3.3701211555156922e-18
2.000330951	-4.210688220736742e-18
2.00148619	3.6622580959804895e-19
2.002641429	7.348928055042692e-18
2.003796668	1.2519765396318823e-17
2.004951907	1.388950864076691e-17
2.006107147	1.2822999487144943e-17
2.007262386	1.104600734864888e-17
2.008417625	9.796762347269447e-18
2.009572864	8.904715532191211e-18
2.010728103	7.981050775028386e-18
2.011883342	7.00285982282803e-18
2.013038582	6.589654341085321e-18
2.014193821	7.39898518466581e-18
2.01534906	8.536259210211087e-18
2.016504299	9.29136636869592e-18
2.017659538	9.332595211225832e-18
2.018814777	8.490472557058898e-18
2.019970017	6.3554036398612906e-18
2.021125256	3.949034679790063e-18
2.022280495	3.5312010250821765e-18
2.023435734	4.99183480996312e-18
2.024590973	6.400690241231407e-18
2.025746212	7.3594672065544e-18
2.026901452	7.931629937220065e-18
2.028056691	8.135706332223884e-18
2.02921193	8.102205697213787e-18
2.030367169	7.958656174793623e-18
2.031522408	7.673503470503792e-18
2.032677647	7.289583773325939e-18
2.033832886	6.774707444484682e-18
2.034988126	5.94616907986708e-18
2.036143365	5.3135088256257e-18
2.037298604	5.632779183852533e-18
2.038453843	6.5131442186537075e-18
2.039609082	7.248383790454187e-18
2.040764321	7.70165308459574e-18
2.041919561	7.765798072445115e-18
2.0430748	6.9015055890576086e-18
2.044230039	5.552230151165474e-18
2.045385278	4.611051090732816e-18
2.046540517	4.6785229661378634e-18
2.047695756	5.1847308732036235e-18
2.048850996	5.545968781805353e-18
2.050006235	5.626710667716761e-18
2.051161474	5.440245078572677e-18
2.052316713	4.982951105688697e-18
2.053471952	4.714926899794384e-18
2.054627191	5.443714077405348e-18
2.05578243	6.677811968818194e-18
2.05693767	7.487477373953654e-18
2.058092909	7.517209623677105e-18
2.059248148	7.223513103452063e-18
2.060403387	6.813915928966998e-18
2.061558626	6.268270011045941e-18
2.062713865	5.867260072854678e-18
2.063869105	5.871671403586806e-18
2.065024344	5.816830066430841e-18
2.066179583	5.4167681838301724e-18
2.067334822	4.996688664370853e-18
2.068490061	4.8019889422668444e-18
2.0696453	4.953916659210498e-18
2.07080054	5.243181547102458e-18
2.071955779	5.467046972932624e-18
2.073111018	5.58321345657137e-18
2.074266257	5.5598758877920606e-18
2.075421496	5.36795830176339e-18
2.076576735	5.0456688457779624e-18
2.077731974	4.612151276883468e-18
2.078887214	4.196959940248562e-18
2.080042453	3.933866894574077e-18
2.081197692	3.839871273129471e-18
2.082352931	3.7515663670040036e-18
2.08350817	3.5843723273971934e-18
2.084663409	3.1587615617745265e-18
2.085818649	2.3716776751017554e-18
2.086973888	1.2569998899710485e-18
2.088129127	4.2400255848541113e-19
2.089284366	6.344107754426792e-19
2.090439605	1.804409306070159e-18
2.091594844	3.046624568462133e-18
2.092750084	3.859540875207776e-18
2.093905323	4.12001885512875e-18
2.095060562	3.824572321533633e-18
2.096215801	3.049468225204383e-18
2.09737104	2.1820021445568463e-18
2.098526279	1.7047354308117905e-18
2.099681518	1.6820260654512462e-18
2.100836758	2.0369640988830006e-18
2.101991997	2.6033037129097824e-18
2.103147236	3.082259447674538e-18
2.104302475	3.21981387632582e-18
2.105457714	2.9313523680665266e-18
2.106612953	2.1529181419873443e-18
2.107768193	9.056641754889845e-19
2.108923432	-3.6457831183873433e-19
2.110078671	-1.065655039554154e-18
2.11123391	-9.791308934186281e-19
2.112389149	-1.8695260818863252e-19
2.113544388	1.0421468065122303e-18
2.114699628	2.2328655030247448e-18
2.115854867	3.004907644710713e-18
2.117010106	3.3186366381632688e-18
2.118165345	3.2827562914380827e-18
2.119320584	3.089945693079109e-18
2.120475823	2.8636041179760757e-18
2.121631063	2.716412726811642e-18
2.122786302	2.732938079519752e-18
2.123941541	2.927366485270526e-18
2.12509678	3.2268936088950337e-18
2.126252019	3.436551231621043e-18
2.127407258	3.3795552125004064e-18
2.128562497	3.096608676664978e-18
2.129717737	2.779695246324687e-18
2.130872976	2.561568086627337e-18
2.132028215	2.494234742551812e-18
2.133183454	2.66650466963e-18
2.134338693	3.0330078469203703e-18
2.135493932	3.4575699566507582e-18
2.136649172	3.760198937912765e-18
2.137804411	3.864633211276543e-18
2.13895965	3.865185949284093e-18
2.140114889	3.8208631583893266e-18
2.141270128	3.72230878450664e-18
2.142425367	3.616278294896163e-18
2.143580607	3.477171081653298e-18
2.144735846	3.2384859461482027e-18
2.145891085	2.9313637449404946e-18
2.147046324	2.7107281740542285e-18
2.148201563	2.737517636384995e-18
2.149356802	3.0105311602935625e-18
2.150512041	3.470548164320178e-18
2.151667281	3.964696525381453e-18
2.15282252	4.248100919070315e-18
2.153977759	4.108799819341638e-18
2.155132998	3.697086048456264e-18
2.156288237	3.2207713292638844e-18
2.157443476	2.8393485803865357e-18
2.158598716	2.5525502400108537e-18
2.159753955	2.3713252532978883e-18
2.160909194	2.3012147010738774e-18
2.162064433	2.352491629251808e-18
2.163219672	2.4992788890899455e-18
2.164374911	2.6624433486242122e-18
2.165530151	2.832814269439147e-18
2.16668539	2.9014825634273003e-18
2.167840629	2.7228672431693607e-18
2.168995868	2.6356295107714923e-18
2.170151107	2.61202934717961e-18
2.171306346	2.524883881362661e-18
2.172461585	2.298300098502056e-18
2.173616825	1.836958117306047e-18
2.174772064	1.1218770383047063e-18
2.175927303	5.676680998799233e-19
2.177082542	7.037668644465872e-19
2.178237781	1.4480633873655867e-18
2.17939302	2.3762050544312407e-18
2.18054826	3.1998483205001205e-18
2.181703499	3.750521019546488e-18
2.182858738	3.612648814207795e-18
2.184013977	2.941044049947807e-18
2.185169216	2.3808047781336773e-18
2.186324455	2.475583737422001e-18
2.187479695	2.6825922144158075e-18
2.188634934	2.1636462937953572e-18
2.189790173	9.838717657954668e-19
2.190945412	6.524840132372538e-20
2.192100651	-2.734648376810582e-20
2.19325589	2.5488303705655845e-19
2.19441113	4.506171975659818e-19
2.195566369	5.809209726570391e-19
2.196721608	1.056722712227822e-18
2.197876847	2.1586517074383214e-18
2.199032086	3.251599101188441e-18
2.200187325	3.6913530361432394e-18
2.201342564	3.438223011519298e-18
2.202497804	3.0533952223673048e-18
2.203653043	3.0255237273406994e-18
2.204808282	3.0983662905624642e-18
2.205963521	2.9218687502168632e-18
2.20711876	2.3445908800403604e-18
2.208273999	1.925236600084344e-18
2.209429239	2.2097907199013907e-18
2.210584478	2.7823467015067454e-18
2.211739717	3.173975351854802e-18
2.212894956	3.1807386838503996e-18
2.214050195	2.9737939601441773e-18
2.215205434	2.685981637522238e-18
2.216360674	2.3510165349255298e-18
2.217515913	1.9939966683189306e-18
2.218671152	1.680839734250656e-18
2.219826391	1.504169202062897e-18
2.22098163	1.5600483112577145e-18
2.222136869	1.7454675460480672e-18
2.223292108	1.893271258152437e-18
2.224447348	1.9256465249563693e-18
2.225602587	1.9987900366562127e-18
2.226757826	2.3277990316565715e-18
2.227913065	2.3163888736875247e-18
2.229068304	1.3470659223998924e-18
2.230223543	-7.406632713968445e-19
2.231378783	-2.5426251902864025e-18
2.232534022	-2.4217433654168925e-18
2.233689261	-7.696784006717065e-19
2.2348445	1.1732561977409053e-18
2.235999739	2.5328331674072883e-18
2.237154978	3.475713168475502e-18
2.238310218	4.129775798774686e-18
2.239465457	4.027112016401779e-18
2.240620696	2.6475837075554552e-18
2.241775935	-2.6673543048881466e-19
2.242931174	-3.1680058361572483e-18
2.244086413	-3.870481716926051e-18
2.245241652	-2.46193460129978e-18
2.246396892	-6.087407180666758e-19
2.247552131	4.744895486767104e-19
2.24870737	1.0923251241073866e-18
2.249862609	1.4463865470756078e-18
2.251017848	1.5986937151159837e-18
2.252173087	1.5101527680628043e-18
2.253328327	1.184500590140428e-18
2.254483566	8.151842536334897e-19
2.255638805	7.049230933411732e-19
2.256794044	8.569936280478488e-19
2.257949283	9.61727626154017e-19
2.259104522	7.713531779565875e-19
2.260259762	5.582860532255785e-19
2.261415001	6.667823224274251e-19
2.26257024	1.1357584346086404e-18
2.263725479	1.6268719922374486e-18
2.264880718	1.954639104678642e-18
2.266035957	1.9636053185438335e-18
2.267191196	1.310957612813136e-18
2.268346436	-5.524165034754766e-19
2.269501675	-3.5566991617119e-18
2.270656914	-3.516470689960972e-18
2.271812153	-1.2014749379326882e-18
2.272967392	2.957486665179261e-19
2.274122631	8.166729822779514e-19
2.275277871	9.889192249447598e-19
2.27643311	1.0314605340599101e-18
2.277588349	1.0038877282147989e-18
2.278743588	9.394999670891295e-19
2.279898827	8.62791404047204e-19
2.281054066	7.720449651081662e-19
2.282209306	6.507015261969765e-19
2.283364545	4.796072844838649e-19
2.284519784	2.8578356669133074e-19
2.285675023	1.1753465577349362e-19
2.286830262	7.383051403472557e-20
2.287985501	2.956099105910552e-19
2.289140741	4.75929440163701e-19
2.29029598	1.450991832182916e-19
2.291451219	-1.1467692172659076e-18
2.292606458	-2.8348661675803374e-18
2.293761697	-3.279074210984822e-18
2.294916936	-2.2952845730973967e-18
2.296072175	-1.084442101259907e-18
2.297227415	-2.964307002072661e-19
2.298382654	2.2766493431979453e-19
2.299537893	5.1887108161556215e-19
2.300693132	6.596642505898874e-19
2.301848371	7.600648900156443e-19
2.30300361	8.961083344465413e-19
2.30415885	9.799346413823812e-19
2.305314089	9.552316878243004e-19
2.306469328	7.284434861664049e-19
2.307624567	1.7996940136534645e-19
2.308779806	-7.50181813007215e-19
2.309935045	-1.5111365012725849e-18
2.311090285	-1.4626360202683908e-18
2.312245524	-8.03883766964111e-19
2.313400763	-1.7361804179285432e-19
2.314556002	5.601467052907698e-20
2.315711241	-2.6894170886770282e-20
2.31686648	-3.849357727847305e-19
2.318021719	-9.724867557269395e-19
2.319176959	-1.7719196744441145e-18
2.320332198	-2.814075284714818e-18
2.321487437	-3.648209905712867e-18
2.322642676	-3.2991174263986886e-18
2.323797915	-1.9033453758747405e-18
2.324953154	-5.805481784341418e-19
2.326108394	2.7845145261239544e-19
2.327263633	7.79583557435351e-19
2.328418872	1.0488103496841974e-18
2.329574111	1.0807762841172216e-18
2.33072935	6.39369532866648e-19
2.331884589	-5.255692098807464e-19
2.333039829	-1.8060961240226157e-18
2.334195068	-2.448939748690869e-18
2.335350307	-2.1846140909437547e-18
2.336505546	-1.380244409020927e-18
2.337660785	-3.6788889855054563e-19
2.338816024	6.163335490147563e-19
2.339971263	1.304566647939925e-18
2.341126503	1.5719085202557775e-18
2.342281742	1.5930884962380098e-18
2.343436981	1.5384985289176077e-18
2.34459222	1.3755144200393266e-18
2.345747459	9.798555994387953e-19
2.346902698	1.7545004900781312e-19
2.348057938	-9.00804984890745e-19
2.349213177	-1.5055219984601241e-18
2.350368416	-1.021442551656684e-18
2.351523655	1.9916430071467515e-19
2.352678894	1.3603363987660723e-18
2.353834133	1.9608928133611297e-18
2.354989373	1.98883083782342e-18
2.356144612	1.6393897079799431e-18
2.357299851	1.0916044854008848e-18
2.35845509	4.860851338660982e-19
2.359610329	-3.962891025110919e-20
2.360765568	-1.805129997613607e-19
2.361920808	-3.765412151847648e-21
2.363076047	2.3752635356152143e-19
2.364231286	4.0868864393051167e-19
2.365386525	5.314260009930045e-19
2.366541764	5.977433919497378e-19
2.367697003	5.945080535075377e-19
2.368852242	5.092353986264596e-19
2.370007482	3.64055890656872e-19
2.371162721	1.8451969900684755e-19
2.37231796	-1.6460523836890776e-20
2.373473199	-2.5178811709515656e-19
2.374628438	-5.445354918698727e-19
2.375783677	-9.035671675302403e-19
2.376938917	-1.2988802270131817e-18
2.378094156	-1.5820849433558004e-18
2.379249395	-1.6319115653974751e-18
2.380404634	-1.547030123509319e-18
2.381559873	-1.421662554712034e-18
2.382715112	-1.2077177748517516e-18
2.383870352	-8.711768556599255e-19
2.385025591	-3.9614247090795917e-19
2.38618083	1.0161446098298715e-19
2.387336069	4.956188712532721e-19
2.388491308	5.887529880571502e-19
2.389646547	2.088479150228953e-19
2.390801786	-1.0621020790662292e-18
2.391957026	-4.254941403800385e-18
2.393112265	-1.2511318301933115e-17
2.394267504	-2.3231528736307904e-17
2.395422743	-1.2138990261507204e-17
2.396577982	-3.576814379991326e-18
2.397733221	-7.617462094607269e-19
2.398888461	1.0672497565514538e-19
2.4000437	3.8920519637370897e-19
2.401198939	4.682243303180579e-19
2.402354178	5.007280323576392e-19
2.403509417	4.678189654786133e-19
2.404664656	4.0445601123109856e-19
2.405819896	2.8224767734775473e-19
2.406975135	4.173112363990372e-20
2.408130374	-3.4904468764238504e-19
2.409285613	-7.926373222742209e-19
2.410440852	-1.2331759709658e-18
2.411596091	-1.4235164110896698e-18
2.41275133	-8.446024246853865e-19
2.41390657	5.749844466357728e-19
2.415061809	1.6756286814334304e-18
2.416217048	1.781276137872838e-18
2.417372287	1.0359181830930735e-18
2.418527526	-5.4149895364666483e-20
2.419682765	-1.023150664854847e-18
2.420838005	-1.7280855502231487e-18
2.421993244	-2.1498591320119074e-18
2.423148483	-2.2613243830880544e-18
2.424303722	-1.86808551083982e-18
2.425458961	-1.01225473579837e-18
2.4266142	-3.6241259814083553e-19
2.42776944	-2.135721028654184e-19
2.428924679	-5.213544066429963e-19
2.430079918	-1.3002793567217492e-18
2.431235157	-3.0904450338097565e-18
2.432390396	-6.170951434541883e-18
2.433545635	-7.985107298259958e-18
2.434700874	-4.4895816911425644e-18
2.435856114	-2.4300028084280245e-19
2.437011353	1.4100458674529355e-18
2.438166592	1.6502415394358448e-18
2.439321831	1.381176961850302e-18
2.44047707	9.118689059038227e-19
2.441632309	-2.979440330367761e-19
2.442787549	4.820783368607977e-17
2.443942788	5.0635617918645035e-18
2.445098027	4.206709642333857e-18
2.446253266	4.567629751370737e-18
2.447408505	7.648316652911511e-18
2.448563744	4.319295254562994e-17
2.449718984	-7.779583871310883e-17
2.450874223	-1.8926595840322687e-17
2.452029462	-2.0602517781535646e-18
2.453184701	3.3732390075742315e-18
2.45433994	1.138851254667036e-17
2.455495179	-3.849445124219666e-17
2.456650419	3.299292321099033e-17
2.457805658	1.6617970288578855e-18
2.458960897	-8.745079973558696e-19
2.460116136	-4.238004425122826e-18
2.461271375	-8.872432934537441e-18
2.462426614	-1.228137797919634e-17
2.463581853	-1.0168290974462295e-17
2.464737093	-5.820819676588815e-18
2.465892332	-1.9490079276710062e-18
2.467047571	6.360735971689108e-19
2.46820281	1.9232591147264623e-18
2.469358049	2.1517742325746764e-18
2.470513288	2.0025709682805477e-18
2.471668528	2.2715725080597632e-18
2.472823767	-4.1614052833429365e-17
2.473979006	-3.7474577349049634e-19
2.475134245	1.8084280500937532e-19
2.476289484	2.2988311354422998e-18
2.477444723	5.366478020570409e-18
2.478599963	6.682108599543806e-18
2.479755202	7.567875228173946e-18
2.480910441	9.089940596963877e-18
2.48206568	2.691327347772361e-17
2.483220919	3.781289225386223e-18
2.484376158	5.2226199390217405e-18
2.485531397	5.358376435247884e-18
2.486686637	5.025548906155945e-18
2.487841876	4.582837388593965e-18
2.488997115	4.502229520598968e-18
2.490152354	4.785685742733537e-18
2.491307593	5.248917646117362e-18
2.492462832	5.937634247885093e-18
2.493618072	6.864115207727476e-18
2.494773311	7.840920436421874e-18
2.49592855	8.752602493544334e-18
2.497083789	9.73072378893934e-18