0.45	3.8822712725061946e-14
0.451155239	3.672057329861722e-14
0.452310478	3.8101950796919604e-14
0.453465717	3.803391060698832e-14
0.454620956	3.735027376601741e-14
0.455776195	3.614708534867506e-14
0.456931434	3.5549169965450867e-14
0.458086673	3.5480792126801584e-14
0.459241912	3.707580268467601e-14
0.46039715	3.890438520129941e-14
0.461552389	3.9131112435318894e-14
0.462707628	3.727138403074782e-14
0.463862867	3.887315537566329e-14
0.465018106	3.9175953813373066e-14
0.466173345	3.970214709008199e-14
0.467328584	3.964625112987467e-14
0.468483823	3.940569281213106e-14
0.469639062	3.872313950953292e-14
0.470794301	3.992529813843123e-14
0.47194954	3.841559653464099e-14
0.473104779	3.982840357947319e-14
0.474260018	3.962860184351422e-14
0.475415257	3.8759937909903927e-14
0.476570496	3.8776367375119615e-14
0.477725735	3.5690493657749834e-14
0.478880973	3.561100535423051e-14
0.480036212	3.3757597785634234e-14
0.481191451	3.231694862757516e-14
0.48234669	3.131872418731107e-14
0.483501929	3.034977057367255e-14
0.484657168	2.646473029521687e-14
0.485812407	2.1566081009573558e-14
0.486967646	2.360384695860286e-14
0.488122885	3.063489176543405e-14
0.489278124	3.687406512187699e-14
0.490433363	3.646881441613118e-14
0.491588602	3.710040396607579e-14
0.492743841	3.658803708607395e-14
0.49389908	3.6892618361813317e-14
0.495054319	3.677866822942341e-14
0.496209558	3.792162386502445e-14
0.497364796	3.6111378395313536e-14
0.498520035	3.7195603392066355e-14
0.499675274	3.393390638201971e-14
0.500830513	3.4344332247019226e-14
0.501985752	3.4133972605483094e-14
0.503140991	3.300794769091907e-14
0.50429623	3.2485422354598505e-14
0.505451469	3.016337717648639e-14
0.506606708	2.960624142689117e-14
0.507761947	2.887404674426684e-14
0.508917186	2.722463849172269e-14
0.510072425	2.706244005086271e-14
0.511227664	2.7200546811942738e-14
0.512382903	3.0114032005225084e-14
0.513538142	3.2086661922396377e-14
0.514693381	3.2310707319858487e-14
0.515848619	3.187430234038795e-14
0.517003858	3.353719188207285e-14
0.518159097	3.2132118367929675e-14
0.519314336	2.998885278727848e-14
0.520469575	2.896340681688857e-14
0.521624814	2.7973734734219744e-14
0.522780053	2.913156997078585e-14
0.523935292	2.8336088506205987e-14
0.525090531	2.863716996454902e-14
0.52624577	3.1100057341506144e-14
0.527401009	3.039105723377872e-14
0.528556248	3.010806839321338e-14
0.529711487	2.997941466276042e-14
0.530866726	2.8228118909340632e-14
0.532021965	2.7554967729752648e-14
0.533177204	2.6385767046346153e-14
0.534332442	2.4904699928216267e-14
0.535487681	2.2446008127722066e-14
0.53664292	2.147794369772737e-14
0.537798159	1.9022998979963318e-14
0.538953398	1.6837652003462715e-14
0.540108637	1.5827328966496934e-14
0.541263876	1.3758702985617142e-14
0.542419115	1.2530953299683607e-14
0.543574354	1.227209562151561e-14
0.544729593	1.3650778940698529e-14
0.545884832	1.62779418277114e-14
0.547040071	2.03529247835995e-14
0.54819531	2.416928890672919e-14
0.549350549	2.631166195287916e-14
0.550505788	2.805377005497217e-14
0.551661027	2.8460603630591784e-14
0.552816265	2.851966411349784e-14
0.553971504	2.7303671891886275e-14
0.555126743	2.6536120779622865e-14
0.556281982	2.633211247871485e-14
0.557437221	2.5750910253808667e-14
0.55859246	2.6137782711322534e-14
0.559747699	2.602803040196462e-14
0.560902938	2.6117477170472043e-14
0.562058177	2.6470651414238427e-14
0.563213416	2.5692289914554537e-14
0.564368655	2.4872530490907183e-14
0.565523894	2.445950643795562e-14
0.566679133	2.2687400151671365e-14
0.567834372	2.0926055239443e-14
0.568989611	2.0489227043691576e-14
0.57014485	1.956318536496394e-14
0.571300089	1.8889453105899584e-14
0.572455327	1.7190825654360077e-14
0.573610566	1.628571862766324e-14
0.574765805	1.529948519579055e-14
0.575921044	1.458889046239485e-14
0.577076283	1.4003955630745926e-14
0.578231522	1.4629000097479242e-14
0.579386761	1.5538992259293223e-14
0.580542	1.7076923123647775e-14
0.581697239	1.9084570659847283e-14
0.582852478	2.0617396670967606e-14
0.584007717	2.1991850899371935e-14
0.585162956	2.355969946577403e-14
0.586318195	2.401771428286108e-14
0.587473434	2.2866054908239288e-14
0.588628673	2.3033115974186355e-14
0.589783912	2.3551257366649838e-14
0.59093915	2.0021909971008686e-14
0.592094389	1.9166706775052272e-14
0.593249628	1.7712372675483686e-14
0.594404867	1.6258867491667865e-14
0.595560106	1.4957386107113664e-14
0.596715345	1.4108392945439945e-14
0.597870584	1.4068558098514234e-14
0.599025823	1.4184876353138846e-14
0.600181062	1.467392084674223e-14
0.601336301	1.554168957651921e-14
0.60249154	1.6768564105737742e-14
0.603646779	1.698277475542987e-14
0.604802018	1.7378119896741242e-14
0.605957257	1.6984622491676525e-14
0.607112496	1.5690157097607894e-14
0.608267735	1.4058178294060777e-14
0.609422973	1.2536242779025388e-14
0.610578212	1.1582081997908007e-14
0.611733451	1.0169809993327046e-14
0.61288869	8.930784328688674e-15
0.614043929	7.336800473653412e-15
0.615199168	6.093301929921006e-15
0.616354407	5.850639199777943e-15
0.617509646	5.229623883785427e-15
0.618664885	4.7465760056566634e-15
0.619820124	4.570186659280773e-15
0.620975363	4.5349429363469695e-15
0.622130602	4.824556513760477e-15
0.623285841	5.346801285170831e-15
0.62444108	6.219870678887547e-15
0.625596319	7.638448960498003e-15
0.626751558	9.06812715269615e-15
0.627906796	1.0764690660837486e-14
0.629062035	1.2464543143991159e-14
0.630217274	1.3956446216247283e-14
0.631372513	1.5107383116240244e-14
0.632527752	1.5696976090501506e-14
0.633682991	1.587180548173901e-14
0.63483823	1.5614575708219346e-14
0.635993469	1.5401069403186575e-14
0.637148708	1.503504718302761e-14
0.638303947	1.4631487031160836e-14
0.639459186	1.4012326561561166e-14
0.640614425	1.3102647973161635e-14
0.641769664	1.2259550318115014e-14
0.642924903	1.1763197862790148e-14
0.644080142	1.1343604602557746e-14
0.645235381	1.1148780000829884e-14
0.646390619	1.1320912591510885e-14
0.647545858	1.1286403228604935e-14
0.648701097	1.081940938021421e-14
0.649856336	1.0196274531790273e-14
0.651011575	9.700091692591506e-15
0.652166814	9.382183628196088e-15
0.653322053	8.923014640511871e-15
0.654477292	8.283925453584607e-15
0.655632531	6.9865536942674875e-15
0.65678777	6.0131348717419065e-15
0.657943009	6.7732302305341785e-15
0.659098248	7.082272865285984e-15
0.660253487	6.674438370124661e-15
0.661408726	6.423774585489157e-15
0.662563965	6.184029376190753e-15
0.663719204	5.8305717371477386e-15
0.664874442	5.510608385233666e-15
0.666029681	5.259352361756962e-15
0.66718492	5.082125600701799e-15
0.668340159	5.027971878104361e-15
0.669495398	5.218665814871618e-15
0.670650637	5.620221700768019e-15
0.671805876	6.149644948812418e-15
0.672961115	6.890711691681553e-15
0.674116354	7.793271959967889e-15
0.675271593	8.719792273905833e-15
0.676426832	9.706530806771404e-15
0.677582071	1.0376423238998346e-14
0.67873731	1.0550375326837783e-14
0.679892549	9.980167636420695e-15
0.681047788	8.81092781304981e-15
0.682203027	7.72404385125656e-15
0.683358266	7.011647698664963e-15
0.684513504	6.771857831219933e-15
0.685668743	6.957074375119513e-15
0.686823982	7.194071493738104e-15
0.687979221	7.31447613620902e-15
0.68913446	7.545905391545978e-15
0.690289699	7.901946050262682e-15
0.691444938	8.1537255065939e-15
0.692600177	8.122180102524159e-15
0.693755416	7.833826076050985e-15
0.694910655	7.336232835210592e-15
0.696065894	6.519075091283216e-15
0.697221133	5.6350058607585355e-15
0.698376372	4.8508222904170556e-15
0.699531611	4.1558748946569655e-15
0.70068685	3.60028103951541e-15
0.701842089	3.198830667276624e-15
0.702997327	2.996243593182171e-15
0.704152566	2.976416685588191e-15
0.705307805	3.0933540306227664e-15
0.706463044	3.3519815967780785e-15
0.707618283	3.693378534077437e-15
0.708773522	4.040573087391246e-15
0.709928761	4.2852497029859734e-15
0.711084	4.487411050288365e-15
0.712239239	4.74372203029316e-15
0.713394478	4.8226725864353934e-15
0.714549717	4.5655720133997485e-15
0.715704956	4.024967517209416e-15
0.716860195	3.2704793409810593e-15
0.718015434	2.520917214624786e-15
0.719170673	2.018293985419083e-15
0.720325912	1.7660438361718585e-15
0.72148115	1.6500642127408505e-15
0.722636389	1.5756077091933166e-15
0.723791628	1.5058833273993689e-15
0.724946867	1.3952180744848158e-15
0.726102106	1.2736291712176964e-15
0.727257345	1.214824264100612e-15
0.728412584	1.2300004221506316e-15
0.729567823	1.2713258501267122e-15
0.730723062	1.3232584811640891e-15
0.731878301	1.3853799214531321e-15
0.73303354	1.4750220416436119e-15
0.734188779	1.588787972353521e-15
0.735344018	1.7250086591675485e-15
0.736499257	1.860360095478248e-15
0.737654496	2.0587194400741468e-15
0.738809735	2.3870176797252393e-15
0.739964973	2.8833090966704217e-15
0.741120212	3.49983035595983e-15
0.742275451	4.116880255199476e-15
0.74343069	4.73673491541862e-15
0.744585929	5.3113623099442054e-15
0.745741168	5.614098079950627e-15
0.746896407	5.641285799172565e-15
0.748051646	5.6059123034360714e-15
0.749206885	5.599486922763857e-15
0.750362124	5.6243082002143726e-15
0.751517363	5.689695122877383e-15
0.752672602	5.782686775347772e-15
0.753827841	5.83852272028904e-15
0.75498308	5.8115739724288364e-15
0.756138319	5.460557579097778e-15
0.757293558	4.992217234569326e-15
0.758448796	4.894386659394425e-15
0.759604035	4.894443525680628e-15
0.760759274	4.069544056596743e-15
0.761914513	2.841695612099914e-15
0.763069752	2.524314973669545e-15
0.764224991	2.390000551487544e-15
0.76538023	2.261055659510327e-15
0.766535469	2.306067036784921e-15
0.767690708	2.4275620623449064e-15
0.768845947	2.506880270415032e-15
0.770001186	2.4710380728726405e-15
0.771156425	2.403687428028691e-15
0.772311664	2.300644137718501e-15
0.773466903	2.0990102403676677e-15
0.774622142	1.938621794335517e-15
0.775777381	1.8173889680328408e-15
0.77693262	1.6728421242089825e-15
0.778087858	1.6058918827727082e-15
0.779243097	1.5405036900553e-15
0.780398336	1.3876897485507686e-15
0.781553575	1.2765014370463603e-15
0.782708814	1.2365214642768865e-15
0.783864053	1.1937745978825459e-15
0.785019292	1.1845440880999693e-15
0.786174531	1.217050844408512e-15
0.78732977	1.22063494925529e-15
0.788485009	1.2287438131955633e-15
0.789640248	1.2221558636962138e-15
0.790795487	1.205467838252983e-15
0.791950726	1.1930004505083163e-15
0.793105965	1.1365982545654052e-15
0.794261204	1.0682924231629118e-15
0.795416443	1.0282979546492604e-15
0.796571681	9.895946010674236e-16
0.79772692	9.880121869009379e-16
0.798882159	1.0120680425662612e-15
0.800037398	1.0214911458924407e-15
0.801192637	1.0326825321342586e-15
0.802347876	1.0606647745686064e-15
0.803503115	1.1031204804165035e-15
0.804658354	1.1564415139813368e-15
0.805813593	1.1975421970651179e-15
0.806968832	1.235930610956111e-15
0.808124071	1.2828997885435758e-15
0.80927931	1.3233695196730098e-15
0.810434549	1.355734628652692e-15
0.811589788	1.4017875902780519e-15
0.812745027	1.4775503862891556e-15
0.813900266	1.598131189969183e-15
0.815055504	1.7165622933186382e-15
0.816210743	1.8027219894152204e-15
0.817365982	1.9597039965740133e-15
0.818521221	2.1828583675021607e-15
0.81967646	2.434191969844921e-15
0.820831699	2.6565595074597413e-15
0.821986938	2.7674418169210174e-15
0.823142177	2.8045378403689526e-15
0.824297416	2.8718960862336983e-15
0.825452655	2.869559605757437e-15
0.826607894	2.8833834923899193e-15
0.827763133	2.9546960774327886e-15
0.828918372	3.161853609365619e-15
0.830073611	3.4253126554514252e-15
0.83122885	3.5292547969192846e-15
0.832384089	3.3313632701530126e-15
0.833539327	2.8993219822975846e-15
0.834694566	2.2625391387839406e-15
0.835849805	1.6625235240414886e-15
0.837005044	1.2835911944088365e-15
0.838160283	1.098565897608589e-15
0.839315522	1.0028736020121398e-15
0.840470761	9.662404266466217e-16
0.841626	1.0001513505592297e-15
0.842781239	1.089552245088607e-15
0.843936478	1.161797799083518e-15
0.845091717	1.216600501039368e-15
0.846246956	1.2666508138795456e-15
0.847402195	1.3432769810288067e-15
0.848557434	1.4757878433580598e-15
0.849712673	1.4257021919551691e-15
0.850867912	1.2552617764791928e-15
0.85202315	1.267964806865098e-15
0.853178389	1.2191579438138161e-15
0.854333628	1.0034706481207446e-15
0.855488867	9.560779147112753e-16
0.856644106	1.014155384816774e-15
0.857799345	9.963114365305175e-16
0.858954584	9.445708747793656e-16
0.860109823	8.882829372059542e-16
0.861265062	8.867947359527408e-16
0.862420301	9.363243433275593e-16
0.86357554	9.83388730354851e-16
0.864730779	1.011169158451373e-15
0.865886018	9.52528409012501e-16
0.867041257	9.035891719722961e-16
0.868196496	1.0536601270015589e-15
0.869351735	1.177122606713317e-15
0.870506973	1.2321850795163102e-15
0.871662212	1.2527956692670385e-15
0.872817451	1.2597532734454804e-15
0.87397269	1.1680203610235939e-15
0.875127929	1.103814297374647e-15
0.876283168	1.236326933953331e-15
0.877438407	1.3175798698794982e-15
0.878593646	1.2862574837613724e-15
0.879748885	1.2448764950017253e-15
0.880904124	1.1966922103386755e-15
0.882059363	1.1272850619108044e-15
0.883214602	1.0264803308642699e-15
0.884369841	9.552260072528989e-16
0.88552508	8.779668892074477e-16
0.886680319	8.187408723966414e-16
0.887835558	9.266186028463702e-16
0.888990797	1.0712217482048547e-15
0.890146035	1.0858405307137935e-15
0.891301274	1.0760576831894502e-15
0.892456513	1.0922264601615489e-15
0.893611752	1.1217641185467643e-15
0.894766991	1.1508989640656028e-15
0.89592223	1.1733480068609377e-15
0.897077469	1.1630131817319064e-15
0.898232708	1.139725625501922e-15
0.899387947	1.0600754416371172e-15
0.900543186	9.937907461767781e-16
0.901698425	1.046389060649617e-15
0.902853664	1.2633845836750744e-15
0.904008903	1.4238567797796867e-15
0.905164142	1.4457735590992577e-15
0.906319381	1.4165019594412663e-15
0.90747462	1.480579682344089e-15
0.908629858	1.5705609680160113e-15
0.909785097	1.5997455956281175e-15
0.910940336	1.6021139936889317e-15
0.912095575	1.5826576295679965e-15
0.913250814	1.5664550745699688e-15
0.914406053	1.6200780948526235e-15
0.915561292	1.6554090846176783e-15
0.916716531	1.72225488791149e-15
0.91787177	1.7434534874282021e-15
0.919027009	1.7362145214221528e-15
0.920182248	1.7402637018566026e-15
0.921337487	1.6687149854915841e-15
0.922492726	1.4936715343303957e-15
0.923647965	1.5889924304958432e-15
0.924803204	1.9508486298259966e-15
0.925958443	2.1015421442447058e-15
0.927113681	2.1611755055600283e-15
0.92826892	2.2679741133707858e-15
0.929424159	2.3905117673308883e-15
0.930579398	2.4518343114785796e-15
0.931734637	2.4440087398603873e-15
0.932889876	2.4248238758074377e-15
0.934045115	2.4062419890693227e-15
0.935200354	2.5191505461041254e-15
0.936355593	2.6049797552847267e-15
0.937510832	2.6473910385369506e-15
0.938666071	2.6702224551715553e-15
0.93982131	2.667949489754203e-15
0.940976549	2.5414651167511394e-15
0.942131788	2.4704503968724506e-15
0.943287027	2.276525667246572e-15
0.944442266	2.2168135784773722e-15
0.945597504	2.2420095786650146e-15
0.946752743	2.224767153889138e-15
0.947907982	2.144516642267664e-15
0.949063221	2.1005054818810387e-15
0.95021846	1.9460792413014556e-15
0.951373699	1.9391969222484916e-15
0.952528938	1.830796129538762e-15
0.953684177	1.7564991266273773e-15
0.954839416	1.5580575034211032e-15
0.955994655	1.8280702334389532e-15
0.957149894	2.1550035487833022e-15
0.958305133	2.3249226076249428e-15
0.959460372	2.3702683428087744e-15
0.960615611	2.457436349108659e-15
0.96177085	2.527396653222446e-15
0.962926089	2.6023858275179403e-15
0.964081327	2.611162812518102e-15
0.965236566	2.620311780351922e-15
0.966391805	2.6015730611217677e-15
0.967547044	2.6403927426437697e-15
0.968702283	2.6156396657462594e-15
0.969857522	2.553768485317629e-15
0.971012761	0.
0.972168	0.
0.973323239	0.
0.974478478	0.
0.975633717	0.
0.976788956	0.
0.977944195	0.
0.979099434	0.
0.980254673	0.
0.981409912	0.
0.98256515	0.
0.983720389	0.
0.984875628	0.
0.986030867	0.
0.987186106	0.
0.988341345	0.
0.989496584	0.
0.990651823	0.
0.991807062	0.
0.992962301	0.
0.99411754	0.
0.995272779	0.
0.996428018	0.
0.997583257	7.368440400001706e-16
0.998738496	7.200280330948672e-16
0.999893735	6.816033268079078e-16
1.001048974	6.263671648215046e-16
1.002204212	5.628858572019386e-16
1.003359451	5.039027324428815e-16
1.00451469	4.895203484093131e-16
1.005669929	5.134699104846022e-16
1.006825168	5.102117900015746e-16
1.007980407	4.870620441475715e-16
1.009135646	4.94579115577429e-16
1.010290885	5.353727778880677e-16
1.011446124	5.834165498117505e-16
1.012601363	5.947666379151777e-16
1.013756602	5.767750095589508e-16
1.014911841	5.998219224986831e-16
1.01606708	6.59235720212582e-16
1.017222319	7.053198933299286e-16
1.018377558	7.113074731213654e-16
1.019532797	6.824738354262899e-16
1.020688035	6.588089156696559e-16
1.021843274	6.587781685637511e-16
1.022998513	6.749667582042836e-16
1.024153752	6.874853969472474e-16
1.025308991	6.868141014005043e-16
1.02646423	6.886331325281191e-16
1.027619469	6.990111580288594e-16
1.028774708	7.10940194599327e-16
1.029929947	7.240642546328739e-16
1.031085186	7.307926593257859e-16
1.032240425	7.4639077168520435e-16
1.033395664	7.727896181668352e-16
1.034550903	7.996170403123053e-16
1.035706142	8.250988718992554e-16
1.036861381	8.79061965027177e-16
1.03801662	9.461681608431534e-16
1.039171858	9.875959515048382e-16
1.040327097	1.0256059264457492e-15
1.041482336	1.0878473130741677e-15
1.042637575	1.1650920777379628e-15
1.043792814	1.2380989902077297e-15
1.044948053	1.304905218131237e-15
1.046103292	1.3719242063196722e-15
1.047258531	1.428531987536754e-15
1.04841377	1.4754217613994378e-15
1.049569009	1.5212561910155441e-15
1.050724248	1.583776351058392e-15
1.051879487	1.6454284843110066e-15
1.053034726	1.6704625665527286e-15
1.054189965	1.7235735298695913e-15
1.055345204	1.8389057015891356e-15
1.056500443	1.9236949241580024e-15
1.057655681	1.9619088074269193e-15
1.05881092	2.0159659250379973e-15
1.059966159	2.0939562978556975e-15
1.061121398	2.1669369505399254e-15
1.062276637	2.2573983435805973e-15
1.063431876	2.358972051981835e-15
1.064587115	2.4445522110921943e-15
1.065742354	2.5249498071308543e-15
1.066897593	2.600367611481311e-15
1.068052832	2.6779559093012086e-15
1.069208071	2.766815729371453e-15
1.07036331	2.8339956817678518e-15
1.071518549	2.835660078788109e-15
1.072673788	2.8201739410571256e-15
1.073829027	2.8111371472630304e-15
1.074984266	2.7716639137080847e-15
1.076139504	2.7076466906094624e-15
1.077294743	2.6563257429545834e-15
1.078449982	2.5863523774220442e-15
1.079605221	2.469895378799386e-15
1.08076046	2.380945567640299e-15
1.081915699	2.31520152211767e-15
1.083070938	2.1849765169930374e-15
1.084226177	2.0111461135879428e-15
1.085381416	1.832663773797428e-15
1.086536655	1.6844790659941981e-15
1.087691894	1.5724251378677185e-15
1.088847133	1.3962564564606653e-15
1.090002372	1.184295396874711e-15
1.091157611	1.0093704091728214e-15
1.09231285	8.721497628151878e-16
1.093468089	7.86383943589493e-16
1.094623327	7.077621130272924e-16
1.095778566	6.245220163347856e-16
1.096933805	5.666690591230099e-16
1.098089044	5.282191242738382e-16
1.099244283	4.907488278400556e-16
1.100399522	4.624426436675636e-16
1.101554761	4.515339219004161e-16
1.10271	4.4234896465667444e-16
1.103865239	4.293480472485773e-16
1.105020478	4.1888727775485047e-16
1.106175717	4.0997176159520865e-16
1.107330956	3.9977646892878256e-16
1.108486195	3.8568571844324985e-16
1.109641434	3.6745869115801684e-16
1.110796673	3.486213444396427e-16
1.111951912	3.297826106925395e-16
1.113107151	3.0953196746562358e-16
1.114262389	2.881779930087738e-16
1.115417628	2.672381735337056e-16
1.116572867	2.475002531021048e-16
1.117728106	2.307610213267694e-16
1.118883345	2.1836539228386032e-16
1.120038584	2.0895636731340317e-16
1.121193823	1.9774802917593738e-16
1.122349062	1.8593934836399995e-16
1.123504301	1.7574757181426884e-16
1.12465954	1.6628026824863286e-16
1.125814779	1.5627573351113393e-16
1.126970018	1.4246811746041e-16
1.128125257	1.2993076141959874e-16
1.129280496	1.2312755554918533e-16
1.130435735	1.2165871332147222e-16
1.131590974	1.2422622835610332e-16
1.132746212	1.2941791561304883e-16
1.133901451	1.3610485969100202e-16
1.13505669	1.3954551976028135e-16
1.136211929	1.3960951028817188e-16
1.137367168	1.4073281241997722e-16
1.138522407	1.4157989302087474e-16
1.139677646	1.42407920735078e-16
1.140832885	1.4334811398168664e-16
1.141988124	1.4361341025050148e-16
1.143143363	1.4376206783817024e-16
1.144298602	1.42217575179948e-16
1.145453841	1.3720597796156064e-16
1.14660908	1.3036405527144132e-16
1.147764319	1.2245695052024628e-16
1.148919558	1.121146770496596e-16
1.150074797	1.0072237629934492e-16
1.151230035	8.997491570245027e-17
1.152385274	8.053311164557385e-17
1.153540513	7.307919851170549e-17
1.154695752	6.754909225843754e-17
1.155850991	6.36475133450212e-17
1.15700623	6.042282822963518e-17
1.158161469	5.750743980573206e-17
1.159316708	5.625275170658181e-17
1.160471947	5.65844635463705e-17
1.161627186	5.83804901322809e-17
1.162782425	6.164975606103315e-17
1.163937664	6.61797109371802e-17
1.165092903	7.254223122740368e-17
1.166248142	8.064004768372427e-17
1.167403381	8.970255438841616e-17
1.16855862	9.994454231658918e-17
1.169713858	1.1125012488898352e-16
1.170869097	1.2116292849019746e-16
1.172024336	1.2855464324752163e-16
1.173179575	1.3384452719496644e-16
1.174334814	1.3699824523428987e-16
1.175490053	1.381786266684172e-16
1.176645292	1.3572475444258957e-16
1.177800531	1.2986208717102797e-16
1.17895577	1.21475838693989e-16
1.180111009	1.12229912719355e-16
1.181266248	1.0505107027124098e-16
1.182421487	9.966308155622435e-17
1.183576726	9.593255395016132e-17
1.184731965	9.219147204292011e-17
1.185887204	8.826035485034233e-17
1.187042443	8.857037254714873e-17
1.188197681	9.246526324883089e-17
1.18935292	9.568161780446829e-17
1.190508159	9.944143709445794e-17
1.191663398	1.0488836070616929e-16
1.192818637	1.1138353320739145e-16
1.193973876	1.194170018116472e-16
1.195129115	1.270890761631886e-16
1.196284354	1.3331168032344481e-16
1.197439593	1.3766453305511466e-16
1.198594832	1.3350357830265248e-16
1.199750071	1.2386209010278877e-16
1.20090531	1.1606528030488827e-16
1.202060549	1.154074231910064e-16
1.203215788	1.2735147413176213e-16
1.204371027	1.4495133995293407e-16
1.205526266	1.5927894281528908e-16
1.206681505	1.7478536043005792e-16
1.207836743	1.9347953616432312e-16
1.208991982	2.0666980020807631e-16
1.210147221	2.1298933668798224e-16
1.21130246	2.186665578939584e-16
1.212457699	2.236898736525248e-16
1.213612938	2.280247060285251e-16
1.214768177	2.313775513295907e-16
1.215923416	2.34146696876922e-16
1.217078655	2.367398097627697e-16
1.218233894	2.383773028771357e-16
1.219389133	2.382553746981592e-16
1.220544372	2.35952682203457e-16
1.221699611	2.3163895738395333e-16
1.22285485	2.260427114071153e-16
1.224010089	2.1944880614419368e-16
1.225165328	2.1132320588371713e-16
1.226320566	2.0300498105053e-16
1.227475805	1.9658655798485133e-16
1.228631044	1.899985959482256e-16
1.229786283	1.8286403020367845e-16
1.230941522	1.7773352127951522e-16
1.232096761	1.7457836948935273e-16
1.233252	1.716593638960753e-16
1.234407239	1.6893202434449161e-16
1.235562478	1.6751433772163125e-16
1.236717717	1.67537385614812e-16
1.237872956	1.6943180500703119e-16
1.239028195	1.7473014250145967e-16
1.240183434	1.8287875502693714e-16
1.241338673	1.9208963056895614e-16
1.242493912	2.0289768718954155e-16
1.243649151	2.1576852391771156e-16
1.244804389	2.298849541306551e-16
1.245959628	2.449365820530286e-16
1.247114867	2.6157192387879986e-16
1.248270106	2.798167648885631e-16
1.249425345	2.990787478723586e-16
1.250580584	3.207566246921525e-16
1.251735823	3.471656557885893e-16
1.252891062	3.7250581062413972e-16
1.254046301	3.9260694357947533e-16
1.25520154	4.101076535502534e-16
1.256356779	4.2063417413777403e-16
1.257512018	4.237269175877721e-16
1.258667257	4.2295979567120493e-16
1.259822496	4.1989183776484597e-16
1.260977735	4.19970439292328e-16
1.262132974	4.23071349405796e-16
1.263288212	4.2710765683658526e-16
1.264443451	4.3290991306002762e-16
1.26559869	4.4076308261220676e-16
1.266753929	4.537603100068742e-16
1.267909168	4.726226359117083e-16
1.269064407	4.89769395675938e-16
1.270219646	5.061895269294041e-16
1.271374885	5.285878636087666e-16
1.272530124	5.538919048423324e-16
1.273685363	5.811370292283531e-16
1.274840602	6.052763381564977e-16
1.275995841	6.239376297089926e-16
1.27715108	6.405107631551596e-16
1.278306319	6.498965565790533e-16
1.279461558	6.515185369082823e-16
1.280616797	6.655374137232019e-16
1.281772035	7.049844645679141e-16
1.282927274	7.024083560334033e-16
1.284082513	6.593782812126428e-16
1.285237752	6.393621280775995e-16
1.286392991	6.320937643366696e-16
1.28754823	6.228250805563533e-16
1.288703469	6.08875301158896e-16
1.289858708	5.960536701821478e-16
1.291013947	5.785997343185117e-16
1.292169186	5.582751329894099e-16
1.293324425	5.421448585919669e-16
1.294479664	5.243407935312601e-16
1.295634903	4.994138542069745e-16
1.296790142	4.714725418865327e-16
1.297945381	4.4248180910285153e-16
1.29910062	4.080506787149165e-16
1.300255858	3.711228589428832e-16
1.301411097	3.370457908171378e-16
1.302566336	3.0399439814547225e-16
1.303721575	2.717708286531519e-16
1.304876814	2.4178032728954803e-16
1.306032053	2.17242063349059e-16
1.307187292	1.9903626570798216e-16
1.308342531	1.8569823396990404e-16
1.30949777	1.7511124215714207e-16
1.310653009	1.6716865503432793e-16
1.311808248	1.618811921679759e-16
1.312963487	1.5470163138096832e-16
1.314118726	1.4578917463451041e-16
1.315273965	1.398377039300648e-16
1.316429204	1.3422993171828147e-16
1.317584443	1.250659862075204e-16
1.318739682	1.1666753172218803e-16
1.31989492	1.1026211459330167e-16
1.321050159	1.0484482991557385e-16
1.322205398	1.0007927977792937e-16
1.323360637	9.535365869226886e-17
1.324515876	9.134817522462082e-17
1.325671115	8.849878067043908e-17
1.326826354	8.608518847733595e-17
1.327981593	8.388048153749153e-17
1.329136832	8.262491046670986e-17
1.330292071	8.196596672610736e-17
1.33144731	8.098384419009181e-17
1.332602549	8.01215805726114e-17
1.333757788	7.92646871531599e-17
1.334913027	7.904630764247868e-17
1.336068266	7.932443131752332e-17
1.337223505	7.89254910952844e-17
1.338378743	7.798338885807421e-17
1.339533982	7.694895825014912e-17
1.340689221	7.509971962719066e-17
1.34184446	7.211963818471715e-17
1.342999699	6.90149497892326e-17
1.344154938	6.604030441700512e-17
1.345310177	6.320558655892046e-17
1.346465416	6.03764459438134e-17
1.347620655	5.710547417306127e-17
1.348775894	5.392570354426501e-17
1.349931133	5.095276676635222e-17
1.351086372	4.7625586252811565e-17
1.352241611	4.411869476700495e-17
1.35339685	4.11620844125654e-17
1.354552089	3.935688054379035e-17
1.355707328	4.023863118673723e-17
1.356862566	4.506109140374653e-17
1.358017805	5.760007969964536e-17
1.359173044	8.074993108912383e-17
1.360328283	1.070930610341077e-16
1.361483522	1.1262856453544968e-16
1.362638761	4.9425510685573865e-17
1.363794	-8.286259973056348e-18
1.364949239	-2.577713841804029e-17
1.366104478	-1.6839522584220022e-17
1.367259717	3.140716190417e-19
1.368414956	1.4538218801930947e-18
1.369570195	-2.9610436525808005e-18
1.370725434	-6.316990453217409e-18
1.371880673	-8.569730678627269e-18
1.373035912	-1.0065749071636078e-17
1.374191151	-1.0556905470804784e-17
1.375346389	-9.8528259351793e-18
1.376501628	-7.704045566317198e-18
1.377656867	-2.8973907759708914e-18
1.378812106	2.3338471286383118e-18
1.379967345	7.038174314209366e-18
1.381122584	1.0663598962271933e-17
1.382277823	1.1232280121718742e-17
1.383433062	1.0824256901938739e-17
1.384588301	1.1465758636761783e-17
1.38574354	1.6896035995118576e-17
1.386898779	3.0956985261624797e-17
1.388054018	4.4358391932407505e-17
1.389209257	5.325566062305728e-17
1.390364496	5.651972087201823e-17
1.391519735	5.4086828823046664e-17
1.392674974	4.990324279518143e-17
1.393830212	4.560498205743176e-17
1.394985451	4.2350064970226005e-17
1.39614069	4.069715225572405e-17
1.397295929	3.9259120608627944e-17
1.398451168	3.798969087821641e-17
1.399606407	3.710332994127395e-17
1.400761646	3.5713997180801425e-17
1.401916885	3.3397898994243706e-17
1.403072124	3.0574870588719684e-17
1.404227363	2.6586005602758966e-17
1.405382602	2.1622852736013786e-17
1.406537841	1.7051471632232532e-17
1.40769308	1.402072228833323e-17
1.408848319	1.3805991883562298e-17
1.410003558	1.6140208672626468e-17
1.411158797	2.0188600371698317e-17
1.412314035	2.4973674715658414e-17
1.413469274	2.9495387108014144e-17
1.414624513	3.3021316622558213e-17
1.415779752	3.5694300315853826e-17
1.416934991	3.784341711597323e-17
1.41809023	3.967359955124918e-17
1.419245469	4.1590210034213354e-17
1.420400708	4.375774580709133e-17
1.421555947	4.6357356857918855e-17
1.422711186	4.846737398957691e-17
1.423866425	4.9482372264114075e-17
1.425021664	5.0629979361206595e-17
1.426176903	5.204797965414354e-17
1.427332142	5.2993816478406444e-17
1.428487381	5.353033562682378e-17
1.42964262	5.3815544807148086e-17
1.430797859	5.3864522862239154e-17
1.431953097	5.3744215027953093e-17
1.433108336	5.3928561716701084e-17
1.434263575	5.447638767681785e-17
1.435418814	5.540176547893809e-17
1.436574053	5.67627716815503e-17
1.437729292	5.794707862155411e-17
1.438884531	5.951318100598837e-17
1.44003977	6.104497514437109e-17
1.441195009	6.016847720349845e-17
1.442350248	5.81478591070578e-17
1.443505487	5.743545735754766e-17
1.444660726	5.701186541158694e-17
1.445815965	5.607371895803151e-17
1.446971204	5.55000381831329e-17
1.448126443	5.5172241264348667e-17
1.449281682	5.409218144162983e-17
1.45043692	5.304505832141416e-17
1.451592159	5.281104043249586e-17
1.452747398	5.342054673223187e-17
1.453902637	5.5286004351308035e-17
1.455057876	5.773550178494597e-17
1.456213115	6.009170827368688e-17
1.457368354	6.134223884920299e-17
1.458523593	6.178486056322698e-17
1.459678832	6.253971616013561e-17
1.460834071	6.328815451076278e-17
1.46198931	6.394369756424927e-17
1.463144549	6.44624854535169e-17
1.464299788	6.472499709665541e-17
1.465455027	6.504504220087973e-17
1.466610266	6.501682020253559e-17
1.467765505	6.426844551588272e-17
1.468920743	6.346241653954094e-17
1.470075982	6.285927540444421e-17
1.471231221	6.256811175760468e-17
1.47238646	6.291831499026711e-17
1.473541699	6.346915635416237e-17
1.474696938	6.33093389706205e-17
1.475852177	6.143831579751311e-17
1.477007416	5.888532220428119e-17
1.478162655	5.689084129228987e-17
1.479317894	5.507416000148703e-17
1.480473133	5.48944396486035e-17
1.481628372	5.691674657767834e-17
1.482783611	5.99484651275605e-17
1.48393885	6.339882225375689e-17
1.485094089	6.56184177765898e-17
1.486249328	6.775081166415282e-17
1.487404566	7.385455841924099e-17
1.488559805	8.018544830904651e-17
1.489715044	8.119527810291418e-17
1.490870283	8.330154001911965e-17
1.492025522	8.800062484642074e-17
1.493180761	9.123144646387457e-17
1.494336	9.307467833354407e-17
1.495491239	9.568142583362484e-17
1.496646478	9.672484890288063e-17
1.497801717	9.441517292527267e-17
1.498956956	9.073386422131478e-17
1.500112195	8.718838942693426e-17
1.501267434	8.48631161460651e-17
1.502422673	8.313162214464693e-17
1.503577912	8.073346270886987e-17
1.504733151	7.909766210403912e-17
1.505888389	7.892819792141853e-17
1.507043628	7.97686996955325e-17
1.508198867	8.200902302789388e-17
1.509354106	8.511617014071551e-17
1.510509345	8.90585410778827e-17
1.511664584	9.392674445709584e-17
1.512819823	9.7718884127541e-17
1.513975062	1.0045788632722431e-16
1.515130301	1.0267449767625368e-16
1.51628554	1.0518488395427061e-16
1.517440779	1.085388747707054e-16
1.518596018	1.1277878130710518e-16
1.519751257	1.1752605348699933e-16
1.520906496	1.2346758770171733e-16
1.522061735	1.300910835545387e-16
1.523216974	1.3399441315111532e-16
1.524372212	1.3530773053363094e-16
1.525527451	1.347471677732605e-16
1.52668269	1.3392360177503168e-16
1.527837929	1.3467168688587072e-16
1.528993168	1.3995134704787553e-16
1.530148407	1.5051914516830343e-16
1.531303646	1.5806701259373886e-16
1.532458885	1.641850707767051e-16
1.533614124	1.7482489283800149e-16
1.534769363	1.823016754310026e-16
1.535924602	1.8477910520333063e-16
1.537079841	1.8653968798721364e-16
1.53823508	1.8717284221677386e-16
1.539390319	1.867499753766361e-16
1.540545558	1.8492206610599946e-16
1.541700797	1.8063832925447506e-16
1.542856036	1.7695668775850748e-16
1.544011274	1.758472986343639e-16
1.545166513	1.767527407724592e-16
1.546321752	1.8001524116846926e-16
1.547476991	1.8679521774886264e-16
1.54863223	1.9389976766958877e-16
1.549787469	1.9862669891133955e-16
1.550942708	2.0090596201217552e-16
1.552097947	2.0091542106781374e-16
1.553253186	2.0190633797750725e-16
1.554408425	2.0236228527116983e-16
1.555563664	1.973695793470541e-16
1.556718903	1.9146252545355513e-16
1.557874142	1.8720790365643424e-16
1.559029381	1.8473363836951457e-16
1.56018462	1.8152805844294888e-16
1.561339859	1.7511533298556225e-16
1.562495097	1.673410005331699e-16
1.563650336	1.595774689398587e-16
1.564805575	1.535331946209504e-16
1.565960814	1.506561195177168e-16
1.567116053	1.5053908449827425e-16
1.568271292	1.5272999728352054e-16
1.569426531	1.5734342399095025e-16
1.57058177	1.6496906349202372e-16
1.571737009	1.7519046915829679e-16
1.572892248	1.8932448619233853e-16
1.574047487	2.078918799044792e-16
1.575202726	2.2762937760472447e-16
1.576357965	2.461654654200063e-16
1.577513204	2.6032134002551454e-16
1.578668443	2.6355952008118757e-16
1.579823682	2.535068516222443e-16
1.58097892	2.4756924776592534e-16
1.582134159	2.4768578924009937e-16
1.583289398	2.406981497881057e-16
1.584444637	2.317458607893403e-16
1.585599876	2.253903268068748e-16
1.586755115	2.233812840877466e-16
1.587910354	2.283889544408191e-16
1.589065593	2.395973126264106e-16
1.590220832	2.501606216202475e-16
1.591376071	2.481299269506678e-16
1.59253131	2.4046773713141263e-16
1.593686549	2.3325248147064917e-16
1.594841788	2.3028848560710707e-16
1.595997027	2.3131982412650483e-16
1.597152266	2.233780852957422e-16
1.598307505	2.106456515605733e-16
1.599462743	2.0523283330348532e-16
1.600617982	2.00738825391144e-16
1.601773221	1.927448667372134e-16
1.60292846	1.845526493029235e-16
1.604083699	1.7679529659147604e-16
1.605238938	1.6925467930953893e-16
1.606394177	1.6108323573222876e-16
1.607549416	1.512793601946777e-16
1.608704655	1.436669650230503e-16
1.609859894	1.4000817754289763e-16
1.611015133	1.3396393889563358e-16
1.612170372	1.2463894966191007e-16
1.613325611	1.1560996621298882e-16
1.61448085	1.0752885886094487e-16
1.615636089	1.0195522043664592e-16
1.616791328	9.396792680916513e-17
1.617946566	8.261127166933112e-17
1.619101805	7.483559829826323e-17
1.620257044	7.001778544030696e-17
1.621412283	6.432003433009386e-17
1.622567522	5.928039033714281e-17
1.623722761	5.625349484459426e-17
1.624878	5.503613574623773e-17
1.626033239	5.4540741409118443e-17
1.627188478	5.372123916852118e-17
1.628343717	5.190069943290432e-17
1.629498956	4.9592985267059277e-17
1.630654195	4.6878314016347044e-17
1.631809434	4.367021606672317e-17
1.632964673	4.088658348947164e-17
1.634119912	3.872126096309177e-17
1.635275151	3.695290556413144e-17
1.63643039	3.571037106526515e-17
1.637585628	3.541622176393e-17
1.638740867	3.544426195842842e-17
1.639896106	3.529973125110704e-17
1.641051345	3.5131581985564164e-17
1.642206584	3.475312463088809e-17
1.643361823	3.408696874754463e-17
1.644517062	3.286025428685438e-17
1.645672301	3.0788408964788e-17
1.64682754	2.8249062942123497e-17
1.647982779	2.5878351127701392e-17
1.649138018	2.3940900772814552e-17
1.650293257	2.263113470143262e-17
1.651448496	2.2110818309181652e-17
1.652603735	2.2032333887484847e-17
1.653758974	2.2231761287331533e-17
1.654914213	2.2502320665342578e-17
1.656069451	2.250271437178133e-17
1.65722469	2.237649100087961e-17
1.658379929	2.217930116225678e-17
1.659535168	2.2111491181645193e-17
1.660690407	2.2067442411650847e-17
1.661845646	2.1705541132404503e-17
1.663000885	2.1130331250913045e-17
1.664156124	2.0160403236692392e-17
1.665311363	1.8799116387634048e-17
1.666466602	1.750818609409351e-17
1.667621841	1.6567985460747308e-17
1.66877708	1.627584656373169e-17
1.669932319	1.6666151792781666e-17
1.671087558	1.816331945090116e-17
1.672242797	2.064775127515079e-17
1.673398036	2.3034712048526393e-17
1.674553274	2.544846091478624e-17
1.675708513	2.8477599303804875e-17
1.676863752	3.083834353481167e-17
1.678018991	3.1645139990163287e-17
1.67917423	3.248303059156208e-17
1.680329469	3.346685526300561e-17
1.681484708	3.383937283266929e-17
1.682639947	3.381265078673086e-17
1.683795186	3.280051882179779e-17
1.684950425	3.1762316810631945e-17
1.686105664	3.092713320591756e-17
1.687260903	2.9326506259747425e-17
1.688416142	2.7473707049099464e-17
1.689571381	2.5807971110498487e-17
1.69072662	2.4420958248247802e-17
1.691881859	2.3567643885287158e-17
1.693037097	2.336080504334803e-17
1.694192336	2.3709639018196614e-17
1.695347575	2.4209139174990814e-17
1.696502814	2.4673072355569433e-17
1.697658053	2.5098470983848874e-17
1.698813292	2.5455779007498218e-17
1.699968531	2.5721928135821785e-17
1.70112377	2.560594840926037e-17
1.702279009	2.4776377350518532e-17
1.703434248	2.311166376095896e-17
1.704589487	2.0409281737579982e-17
1.705744726	1.6877019291708294e-17
1.706899965	1.3194762282012306e-17
1.708055204	9.782882875964128e-18
1.709210443	6.348141333053144e-18
1.710365682	4.253783897800281e-18
1.71152092	5.227092722450703e-18
1.712676159	1.0058123526680045e-17
1.713831398	2.1220880222317352e-17
1.714986637	3.451614859618714e-17
1.716141876	4.648316551168727e-17
1.717297115	5.376100759356858e-17
1.718452354	5.102678441700965e-17
1.719607593	4.240025662352443e-17
1.720762832	3.053177276785181e-17
1.721918071	1.8406801243955467e-17
1.72307331	1.2077677192391857e-17
1.724228549	9.414355856502428e-18
1.725383788	9.184250669235906e-18
1.726539027	1.0546609477744502e-17
1.727694266	1.2173551719884973e-17
1.728849505	1.4211378307359804e-17
1.730004743	1.63490152274844e-17
1.731159982	1.8463523935050245e-17
1.732315221	2.0426420442282102e-17
1.73347046	2.2607291057813118e-17
1.734625699	2.48686866592102e-17
1.735780938	2.7141057496097767e-17
1.736936177	2.91632612746176e-17
1.738091416	3.036631249127395e-17
1.739246655	3.111021569232518e-17
1.740401894	3.1321438538435495e-17
1.741557133	3.128753298418865e-17
1.742712372	3.076884999835023e-17
1.743867611	2.956965546202361e-17
1.74502285	2.87019897933083e-17
1.746178089	2.820653517945056e-17
1.747333328	2.758270866240819e-17
1.748488567	2.6894361786770935e-17
1.749643805	2.6252428982659648e-17
1.750799044	2.5749770567107144e-17
1.751954283	2.540744586527547e-17
1.753109522	2.4961641200928723e-17
1.754264761	2.4472602032492206e-17
1.75542	2.4104959010114577e-17
1.756575239	2.3651098015615788e-17
1.757730478	2.2887494940046314e-17
1.758885717	2.1646986010020237e-17
1.760040956	2.0300884041557203e-17
1.761196195	1.9292496161615243e-17
1.762351434	1.8672319797616223e-17
1.763506673	1.8314987741292867e-17
1.764661912	1.823834638315125e-17
1.765817151	1.851258310457836e-17
1.76697239	1.897245719558282e-17
1.768127628	1.9430971697254822e-17
1.769282867	1.9666564739032527e-17
1.770438106	1.9527314498013318e-17
1.771593345	1.8773548403920376e-17
1.772748584	1.7394604191311492e-17
1.773903823	1.5850149210745572e-17
1.775059062	1.441051194984696e-17
1.776214301	1.3459925521230379e-17
1.77736954	1.30655865138323e-17
1.778524779	1.2747240758085817e-17
1.779680018	1.2322215953408142e-17
1.780835257	1.1294534889337119e-17
1.781990496	9.746883349812365e-18
1.783145735	8.321411668705942e-18
1.784300974	7.37448698156666e-18
1.785456213	7.67022369772668e-18
1.786611451	8.996435608337554e-18
1.78776669	1.0738767021393497e-17
1.788921929	1.2713914943992967e-17
1.790077168	1.4464637515224284e-17
1.791232407	1.596641062492599e-17
1.792387646	1.7344204320128866e-17
1.793542885	1.8682752399692105e-17
1.794698124	2.0011394193471636e-17
1.795853363	2.1397149406092612e-17
1.797008602	2.3057832757466442e-17
1.798163841	2.5257709587428343e-17
1.79931908	2.84752549628663e-17
1.800474319	3.2745767981622916e-17
1.801629558	3.827683112906681e-17
1.802784797	4.4250224279187846e-17
1.803940036	4.923090927985653e-17
1.805095274	5.42719205281755e-17
1.806250513	5.963728926046922e-17
1.807405752	6.528670330354451e-17
1.808560991	7.182551371830752e-17
1.80971623	7.958141823156289e-17
1.810871469	8.911238488599076e-17
1.812026708	1.0115416403033903e-16
1.813181947	1.15841020896402e-16
1.814337186	1.325783404117197e-16
1.815492425	1.5123165249488918e-16
1.816647664	1.7190407838269867e-16
1.817802903	1.9597381809316654e-16
1.818958142	2.109621745003071e-16
1.820113381	2.1261496044720553e-16
1.82126862	2.1808422906637312e-16
1.822423859	2.2681201826629397e-16
1.823579097	2.307106314848932e-16
1.824734336	2.360573296246386e-16
1.825889575	2.489025708182023e-16
1.827044814	2.6652209483508075e-16
1.828200053	2.852803183046782e-16
1.829355292	2.991479243929414e-16
1.830510531	3.041951901250799e-16
1.83166577	3.062028215260346e-16
1.832821009	0.
1.833976248	0.
1.835131487	0.
1.836286726	0.
1.837441965	0.
1.838597204	0.
1.839752443	0.
1.840907682	0.
1.84206292	0.
1.843218159	0.
1.844373398	0.
1.845528637	0.
1.846683876	0.
1.847839115	0.
1.848994354	0.
1.850149593	0.
1.851304832	0.
1.852460071	0.
1.85361531	0.
1.854770549	0.
1.855925788	0.
1.857081027	0.
1.858236266	0.
1.859391505	0.
1.860546744	0.
1.861701982	0.
1.862857221	0.
1.86401246	0.
1.865167699	0.
1.866322938	0.
1.867478177	0.
1.868633416	0.
1.869788655	0.
1.870943894	2.2747815679718705e-13
1.872099133	2.305121299115381e-13
1.873254372	1.9331145502738653e-13
1.874409611	1.6767455943618765e-13
1.87556485	-8.704909205353776e-15
1.876720089	1.7569722075087814e-15
1.877875328	-7.639029705737802e-16
1.879030567	-1.907585750688628e-15
1.880185805	-1.957383746558571e-15
1.881341044	-2.1248864380982295e-15
1.882496283	1.325664426267764e-14
1.883651522	8.27033729252625e-16
1.884806761	4.3465540041261876e-16
1.885962	3.269959669927713e-16
1.887117239	2.381489202323934e-16
1.888272478	1.0233735516407828e-16
1.889427717	-2.6302813773345364e-17
1.890582956	-9.554158659524504e-17
1.891738195	-5.653710575424226e-17
1.892893434	7.648147138363895e-17
1.894048673	3.347240916758918e-16
1.895203912	9.985803283385612e-16
1.896359151	1.6665349013896587e-14
1.89751439	-1.6871066415479243e-15
1.898669628	-8.452193216703707e-16
1.899824867	-5.240851710340805e-16
1.900980106	-3.0028420386452964e-16
1.902135345	-2.112654269095169e-16
1.903290584	-3.3327649252117757e-16
1.904445823	-5.491795564505255e-16
1.905601062	-8.116133004056301e-16
1.906756301	-1.1925415597300464e-15
1.90791154	-2.0889550067404674e-15
1.909066779	-7.934278300970838e-14
1.910222018	1.5908602447169785e-15
1.911377257	7.705159292135021e-16
1.912532496	5.16525407653302e-16
1.913687735	3.2003234942812393e-16
1.914842974	2.1728669898561047e-16
1.915998213	1.934794701023254e-16
1.917153451	1.919030733876138e-16
1.91830869	1.9580632728079561e-16
1.919463929	2.0026360940199883e-16
1.920619168	1.9882773031030794e-16
1.921774407	1.8740238389460487e-16
1.922929646	1.7102619677014198e-16
1.924084885	1.60629251548382e-16
1.925240124	1.6614867881138804e-16
1.926395363	2.064547434567431e-16
1.927550602	3.2068741536725076e-16
1.928705841	5.874255361671955e-16
1.92986108	8.683742777433186e-16
1.931016319	7.026600403439831e-16
1.932171558	3.2689995035123924e-16
1.933326797	1.21633138561739e-16
1.934482036	2.3336795250855298e-17
1.935637274	-2.6790467255765076e-17
1.936792513	-5.132483736092984e-17
1.937947752	-4.3417254549624203e-17
1.939102991	-8.495849952642299e-18
1.94025823	2.895677439543383e-17
1.941413469	4.4939419802410825e-17
1.942568708	4.457254185573987e-17
1.943723947	3.2801168665608225e-17
1.944879186	1.179831265724119e-17
1.946034425	-4.0386686736964076e-18
1.947189664	2.832170223171211e-18
1.948344903	1.608018708949658e-17
1.949500142	2.3004892508492425e-17
1.950655381	2.3776386995147175e-17
1.95181062	2.1551651609298608e-17
1.952965859	1.6755325538537077e-17
1.954121097	1.4014043499926087e-17
1.955276336	2.275932328734154e-17
1.956431575	4.4994696370768556e-17
1.957586814	6.658631304678529e-17
1.958742053	6.798681384811665e-17
1.959897292	5.641840309338788e-17
1.961052531	4.1026458786636674e-17
1.96220777	2.3924953718616932e-17
1.963363009	5.056779877265148e-18
1.964518248	-1.53730516704734e-17
1.965673487	-2.6783516604186164e-17
1.966828726	-2.0881839910453164e-17
1.967983965	-4.760180382413439e-18
1.969139204	8.234125517810155e-18
1.970294443	1.1822060913637058e-17
1.971449682	1.2123200848911169e-17
1.972604921	1.4335461144743078e-17
1.973760159	1.9367065434449165e-17
1.974915398	2.4672110965471268e-17
1.976070637	2.928285763061161e-17
1.977225876	3.2045181733430224e-17
1.978381115	3.113480004342677e-17
1.979536354	2.6058958022108254e-17
1.980691593	2.1294470735739532e-17
1.981846832	2.0845514618712854e-17
1.983002071	2.2756492747556433e-17
1.98415731	2.457053373368677e-17
1.985312549	2.540961832191292e-17
1.986467788	2.5413979158638923e-17
1.987623027	2.3756968041082687e-17
1.988778266	2.1764903087692167e-17
1.989933505	2.0584072339881047e-17
1.991088744	2.0233000637932863e-17
1.992243982	1.9836043002462504e-17
1.993399221	1.8859517774713036e-17
1.99455446	1.6216591958724796e-17
1.995709699	1.0058203735877315e-17
1.996864938	-7.66325572073098e-19
1.998020177	-1.2674943347725233e-17
1.999175416	-1.57188094795703e-17
2.000330655	-4.049093413834837e-18
2.001485894	2.283659973410137e-17
2.002641133	5.832582905947854e-17
2.003796372	8.875157613248396e-17
2.004951611	8.332451319075542e-17
2.00610685	5.555734704319772e-17
2.007262089	3.483689529225153e-17
2.008417328	2.778637941231531e-17
2.009572567	2.2166616693640425e-17
2.010727805	8.562026529344753e-18
2.011883044	-1.1042992685088854e-17
2.013038283	-2.4716721614622893e-17
2.014193522	-1.6987121096830715e-17
2.015348761	4.677714765485681e-18
2.016504	2.574661652852575e-17
2.017659239	3.802925895228223e-17
2.018814478	4.201660508808732e-17
2.019969717	3.9947139549068104e-17
2.021124956	3.445878481596629e-17
2.022280195	2.743398032670467e-17
2.023435434	1.969917507544543e-17
2.024590673	1.2215845469004493e-17
2.025745912	5.602002372286231e-18
2.026901151	1.347262935914237e-18
2.02805639	4.575796208744029e-19
2.029211628	3.0423479239135638e-18
2.030366867	8.483105101691623e-18
2.031522106	1.5862410947015204e-17
2.032677345	2.1110428950653602e-17
2.033832584	2.076808021017377e-17
2.034987823	1.494982726124128e-17
2.036143062	9.875810278397955e-18
2.037298301	1.0917535648075914e-17
2.03845354	1.723124037305156e-17
2.039608779	2.6969513903003784e-17
2.040764018	3.6431253157478806e-17
2.041919257	3.830923276629578e-17
2.043074496	2.3829807172268132e-17
2.044229735	3.519991525962281e-18
2.045384974	-8.214750311783135e-18
2.046540213	-4.527727449530161e-18
2.047695451	5.5258475571450264e-18
2.04885069	1.3688776520698794e-17
2.050005929	1.848134974144787e-17
2.051161168	1.9638589914288344e-17
2.052316407	1.6899896985703742e-17
2.053471646	1.3036343790179926e-17
2.054626885	1.3227324792538847e-17
2.055782124	1.723508132740982e-17
2.056937363	2.2115994323946536e-17
2.058092602	2.5579580418815154e-17
2.059247841	2.709558491273786e-17
2.06040308	2.5775284595388254e-17
2.061558319	2.2432140896117637e-17
2.062713558	1.9725478917456092e-17
2.063868797	1.934336781986994e-17
2.065024036	1.7894562945207187e-17
2.066179274	1.2645903173121727e-17
2.067334513	6.070364662864903e-18
2.068489752	1.4589264051702623e-18
2.069644991	8.68294401505454e-19
2.07080023	4.07397785891235e-18
2.071955469	1.0985518993595216e-17
2.073110708	1.8290602847770375e-17
2.074265947	2.1652389052382775e-17
2.075421186	1.8434316832164068e-17
2.076576425	1.2646241578856202e-17
2.077731664	8.307060120222171e-18
2.078886903	6.387761536811082e-18
2.080042142	5.4422347038458306e-18
2.081197381	4.3603911632818e-18
2.08235262	4.480107418691152e-18
2.083507859	7.476385322705576e-18
2.084663098	1.2170963848370503e-17
2.085818336	1.444968161124231e-17
2.086973575	1.1458136066101988e-17
2.088128814	6.420104793183369e-18
2.089284053	2.57209822575895e-18
2.090439292	1.5978105128510527e-18
2.091594531	3.367094236616991e-18
2.09274977	8.058320549339086e-18
2.093905009	1.2227980728338215e-17
2.095060248	1.2224574311656078e-17
2.096215487	7.175698923901166e-18
2.097370726	2.1312321695405304e-19
2.098525965	-5.796519633900281e-18
2.099681204	-9.369077862840131e-18
2.100836443	-9.100425833677247e-18
2.101991682	-4.804732724867073e-18
2.103146921	1.3993741466111884e-18
2.104302159	7.509925909852365e-18
2.105457398	1.130015042610934e-17
2.106612637	1.063651221441358e-17
2.107767876	5.181369270876379e-18
2.108923115	-1.5717224004127964e-18
2.110078354	-6.39519488402888e-18
2.111233593	-7.805361249444453e-18
2.112388832	-5.037638823059174e-18
2.113544071	1.4707277941251198e-18
2.11469931	8.79333866279152e-18
2.115854549	1.4016680540699375e-17
2.117009788	1.640123030102414e-17
2.118165027	1.6164547291636873e-17
2.119320266	1.417211319951547e-17
2.120475505	1.1551310718484203e-17
2.121630744	9.613987535817708e-18
2.122785982	8.857384502740268e-18
2.123941221	9.105650783458843e-18
2.12509646	9.917209384021284e-18
2.126251699	1.0770755969491353e-17
2.127406938	1.1192188231657679e-17
2.128562177	1.0938622494755259e-17
2.129717416	9.9508964447144e-18
2.130872655	8.182720427649239e-18
2.132027894	6.62447967717317e-18
2.133183133	6.487975845127018e-18
2.134338372	7.634841145277771e-18
2.135493611	9.036312851194963e-18
2.13664885	9.663309384828737e-18
2.137804089	9.799858776741008e-18
2.138959328	1.025129036285623e-17
2.140114567	1.1045389851353471e-17
2.141269805	1.14650212195156e-17
2.142425044	1.1101314484832084e-17
2.143580283	1.0747578072338029e-17
2.144735522	1.1108372460699186e-17
2.145890761	1.275272979314371e-17
2.147046	1.602214660415152e-17
2.148201239	2.1179334136337386e-17
2.149356478	2.641472166671959e-17
2.150511717	2.943325770176597e-17
2.151666956	2.91929716441711e-17
2.152822195	2.6591423511658984e-17
2.153977434	2.2506863409775103e-17
2.155132673	1.8141451529112523e-17
2.156287912	1.482198447378183e-17
2.157443151	1.3045582020693383e-17
2.15859839	1.1717589460302938e-17
2.159753628	9.709713556028344e-18
2.160908867	7.82217958883422e-18
2.162064106	7.364130799696879e-18
2.163219345	8.774707896033286e-18
2.164374584	1.0464862051542061e-17
2.165529823	1.1134487090799456e-17
2.166685062	1.0784325058150207e-17
2.167840301	9.958610787128098e-18
2.16899554	1.04531257085544e-17
2.170150779	1.1575833322962227e-17
2.171306018	1.246897756176556e-17
2.172461257	1.2956736072403795e-17
2.173616496	1.287534874327736e-17
2.174771735	1.244186190539163e-17
2.175926974	1.312534471750099e-17
2.177082213	1.6642188456484913e-17
2.178237452	2.1540006293435057e-17
2.17939269	2.4601622361246382e-17
2.180547929	2.4163779126756254e-17
2.181703168	2.2328772611705582e-17
2.182858407	1.9322855956372997e-17
2.184013646	1.630262567674859e-17
2.185168885	1.5626447399967793e-17
2.186324124	1.8546069930940604e-17
2.187479363	2.0509093151881492e-17
2.188634602	1.558754699782434e-17
2.189789841	6.428806855309299e-18
2.19094508	1.6137098706525846e-18
2.192100319	6.571569464164099e-18
2.193255558	1.448047810300656e-17
2.194410797	1.8451937948063382e-17
2.195566036	1.7752877080311616e-17
2.196721275	1.6168868283160202e-17
2.197876513	1.677592682165934e-17
2.199031752	1.7890299576945385e-17
2.200186991	1.737390093246532e-17
2.20134223	1.5449523261484458e-17
2.202497469	1.4710957045406703e-17
2.203652708	1.712832082453996e-17
2.204807947	1.995617812580434e-17
2.205963186	2.0077243796190762e-17
2.207118425	1.6598942878893264e-17
2.208273664	1.3731264582403888e-17
2.209428903	1.549923720685561e-17
2.210584142	1.9041506129205098e-17
2.211739381	2.1116058183514953e-17
2.21289462	2.0670959892010392e-17
2.214049859	1.9769512591391986e-17
2.215205098	2.027174234727793e-17
2.216360336	2.1026005752510378e-17
2.217515575	2.0327661286999737e-17
2.218670814	1.7790703234044485e-17
2.219826053	1.5185399997000513e-17
2.220981292	1.4170683080655276e-17
2.222136531	1.4330503377989974e-17
2.22329177	1.4596261952314018e-17
2.224447009	1.4530636492740206e-17
2.225602248	1.525627780454896e-17
2.226757487	1.820600812391963e-17
2.227912726	1.858833663182857e-17
2.229067965	1.0587805614189306e-17
2.230223204	-7.247241634198017e-18
2.231378443	-2.2932152370668077e-17
2.232533682	-2.3371069254340994e-17
2.233688921	-1.2309118239638228e-17
2.234844159	3.335316947399431e-19
2.235999398	7.500681516220114e-18
2.237154637	1.1768885925482556e-17
2.238309876	1.553022705840033e-17
2.239465115	1.592223696766063e-17
2.240620354	8.833305607149128e-18
2.241775593	-7.044788761904736e-18
2.242930832	-2.1530252016514423e-17
2.244086071	-2.2757453211854086e-17
2.24524131	-1.3067842554821182e-17
2.246396549	-2.425032032782773e-18
2.247551788	1.829336723088368e-18
2.248707027	3.714543301670451e-18
2.249862266	7.380979270135863e-18
2.251017505	1.1520976975700304e-17
2.252172744	1.1605882128838772e-17
2.253327982	4.481434979492887e-18
2.254483221	-4.340428923171942e-18
2.25563846	-8.054769078441408e-18
2.256793699	-5.625796251007115e-18
2.257948938	-9.700931285246017e-19
2.259104177	2.833615538061816e-18
2.260259416	5.880359473342858e-18
2.261414655	8.333429253235534e-18
2.262569894	9.858341016302281e-18
2.263725133	9.641161713108272e-18
2.264880372	7.598434251673108e-18
2.266035611	5.114521970882842e-18
2.26719085	3.433755851674806e-18
2.268346089	3.3499382047508044e-18
2.269501328	5.001063764052087e-18
2.270656567	8.542253794508862e-18
2.271811805	1.2053283270753331e-17
2.272967044	1.3204410812394296e-17
2.274122283	1.1141297574174189e-17
2.275277522	7.407358620633998e-18
2.276432761	3.4428326451915107e-18
2.277588	4.328342912222618e-19
2.278743239	-4.523795069819625e-19
2.279898478	7.539891247614467e-19
2.281053717	1.6606078196762917e-18
2.282208956	-1.621554626832491e-19
2.283364195	-4.019245826490194e-18
2.284519434	-8.052958265176256e-18
2.285674673	-1.0894336438776079e-17
2.286829912	-1.1312466650511298e-17
2.287985151	-7.845262809144301e-18
2.28914039	-2.4279664141894594e-18
2.290295629	1.9965318925999634e-18
2.291450867	3.3670142792319687e-18
2.292606106	3.3570483874107438e-18
2.293761345	3.751348101581277e-18
2.294916584	4.500811254691966e-18
2.296071823	4.9826159773493335e-18
2.297227062	5.0385020881168736e-18
2.298382301	4.926902329270435e-18
2.29953754	4.673514226147528e-18
2.300692779	4.722893988929869e-18
2.301848018	5.6507772320662865e-18
2.303003257	7.703319382434e-18
2.304158496	9.886984691519719e-18
2.305313735	1.1244041513136248e-17
2.306468974	1.1002677057343365e-17
2.307624213	8.659119717405362e-18
2.308779452	4.156534079759625e-18
2.30993469	-1.5738660996711804e-18
2.311089929	-7.856776752977273e-18
2.312245168	-1.32584052030935e-17
2.313400407	-1.6134569293208325e-17
2.314555646	-1.5231042010170185e-17
2.315710885	-1.1419779968865779e-17
2.316866124	-5.339581665991656e-18
2.318021363	2.344399380820767e-19
2.319176602	7.037331653338557e-19
2.320331841	-7.374278107320415e-18
2.32148708	-1.6629870406567645e-17
2.322642319	-1.947482784645905e-17
2.323797558	-1.4401825126926997e-17
2.324952797	-5.8314830295490085e-18
2.326108036	2.8204080123755763e-18
2.327263275	9.354890216714418e-18
2.328418513	1.1764494500219582e-17
2.329573752	9.603770452767019e-18
2.330728991	4.018103033586284e-18
2.33188423	-3.93344546513085e-18
2.333039469	-1.151383983108074e-17
2.334194708	-1.553010126205918e-17
2.335349947	-1.475164017694392e-17
2.336505186	-1.0383573389444713e-17
2.337660425	-3.2785151022442584e-18
2.338815664	4.699992218706263e-18
2.339970903	1.0842287600539725e-17
2.341126142	1.3396846051618093e-17
2.342281381	1.337057873273398e-17
2.34343662	1.1827115436593015e-17
2.344591859	9.354647139040939e-18
2.345747098	6.408937636241663e-18
2.346902336	3.476101621955104e-18
2.348057575	1.4374284134110388e-18
2.349212814	1.3969113982518939e-18
2.350368053	2.4827900653694168e-18
2.351523292	2.928959296306567e-18
2.352678531	1.47924946308325e-18
2.35383377	-5.673828918536292e-19
2.354989009	-2.0820298872239537e-18
2.356144248	-2.7971938347096158e-18
2.357299487	-2.7298170688171655e-18
2.358454726	-1.9512600918580916e-18
2.359609965	-1.274310292245786e-18
2.360765204	-1.6002882303886986e-18
2.361920443	-2.5601360476592543e-18
2.363075682	-3.2993122636208006e-18
2.364230921	-3.2222142093268764e-18
2.365386159	-2.5643918124444075e-18
2.366541398	-1.4935616055971037e-18
2.367696637	-1.8958596887250698e-19
2.368851876	1.0552297071946143e-18
2.370007115	1.83487048319629e-18
2.371162354	2.2842021381212965e-18
2.372317593	2.6556151938304926e-18
2.373472832	3.0897289292645847e-18
2.374628071	3.511524396421891e-18
2.37578331	3.803579042320227e-18
2.376938549	3.533549628884845e-18
2.378093788	2.1168724447332996e-18
2.379249027	-1.4165896588139465e-19
2.380404266	-1.9512260947680254e-18
2.381559505	-2.1481713054198564e-18
2.382714744	-1.009333163717577e-18
2.383869982	1.1994704790579969e-18
2.385025221	3.930551062814027e-18
2.38618046	5.754624681349594e-18
2.387335699	5.226626641580025e-18
2.388490938	3.650004686219708e-18
2.389646177	2.5094524402947794e-18
2.390801416	2.045087208651942e-18
2.391956655	1.4521977508138146e-18
2.393111894	1.8358897309024738e-19
2.394267133	-1.3827593913853539e-18
2.395422372	-2.7419517901916036e-18
2.396577611	-3.517518501662781e-18
2.39773285	-3.620106617502636e-18
2.398888089	-3.0691465587000295e-18
2.400043328	-1.941049124161803e-18
2.401198567	-2.3607843785908985e-19
2.402353806	1.7749112318892543e-18
2.403509044	3.2259650324807004e-18
2.404664283	3.229066562165531e-18
2.405819522	1.196858023124137e-18
2.406974761	-3.243808454657374e-18
2.40813	-9.33703061197887e-18
2.409285239	-1.4221490705609877e-17
2.410440478	-1.5457722125364782e-17
2.411595717	-1.3397228394421435e-17
2.412750956	-9.278454895044946e-18
2.413906195	-3.960028503307183e-18
2.415061434	1.3974761958102768e-18
2.416216673	4.01970555058203e-18
2.417371912	2.9747141783725245e-18
2.418527151	-3.3753461872089636e-19
2.41968239	-3.976137429977615e-18
2.420837629	-6.1043891848821106e-18
2.421992867	-5.346708706240717e-18
2.423148106	-2.704174521728592e-18
2.424303345	3.04655243683839e-19
2.425458584	2.5772648175671202e-18
2.426613823	2.84532278200984e-18
2.427769062	-9.404057780183622e-20
2.428924301	-4.604299885820338e-18
2.43007954	-8.485544209182709e-18
2.431234779	-1.0762905953429402e-17
2.432390018	-1.0453218797018241e-17
2.433545257	-4.565142802672981e-18
2.434700496	6.738911493339338e-18
2.435855735	1.533570138646886e-17
2.437010974	1.1004424651372993e-17
2.438166213	3.2994869060239304e-18
2.439321452	-3.8765922367273317e-19
2.44047669	1.4415733847598173e-19
2.441631929	2.6822162656298964e-18
2.442787168	7.02568833256089e-18
2.443942407	9.964189850041782e-18
2.445097646	3.904238204876225e-18
2.446252885	-1.680598926380381e-17
2.447408124	-4.2884310593797544e-17
2.448563363	-5.370850539726681e-17
2.449718602	-4.3503192291231625e-17
2.450873841	-1.8223913535838785e-17
2.45202908	8.871938895478473e-18
2.453184319	2.2692584182129304e-17
2.454339558	1.6767382854946213e-17
2.455494797	4.05009182646126e-18
2.456650036	-5.800307030251779e-18
2.457805275	-9.756144424901227e-18
2.458960513	-1.1338296077429551e-17
2.460115752	-1.2539913757118736e-17
2.461270991	-1.3434299939453665e-17
2.46242623	-1.309871062203321e-17
2.463581469	-1.0882165935208258e-17
2.464736708	-8.305724416118679e-18
2.465891947	-7.491150265107588e-18
2.467047186	-5.550583948966086e-18
2.468202425	2.0370885834655162e-18
2.469357664	1.718207405090628e-17
2.470512903	3.021423205586074e-17
2.471668142	2.763484413274881e-17
2.472823381	1.0443914809209612e-17
2.47397862	-1.3474714196301125e-17
2.475133859	-3.462599532166696e-17
2.476289098	-4.585042881277641e-17
2.477444336	-4.356875089225645e-17
2.478599575	-2.7584218600755413e-17
2.479754814	3.2461468597084244e-18
2.480910053	5.0983520909539003e-17
2.482065292	1.3516687401686714e-16
2.483220531	2.504823094862045e-16
2.48437577	3.3902769283873986e-16
2.485531009	4.046210048019801e-16
2.486686248	4.783918629892924e-16
2.487841487	5.74566667148553e-16
2.488996726	7.47273009819777e-16
2.490151965	1.0217870199823736e-15
2.491307204	1.4038595052957339e-15
2.492462443	1.9488863954923236e-15
2.493617682	2.2722730598149695e-15
2.494772921	1.5947424293458114e-15
2.495928159	8.186333408242194e-16
2.497083398	4.526021054052679e-16