0.45	6.299877439074472e-15
0.451155239	5.8899375315454575e-15
0.452310479	5.95963083742337e-15
0.453465718	6.03716350854296e-15
0.454620957	5.905960758598827e-15
0.455776196	5.721274442566705e-15
0.456931436	5.772914538904782e-15
0.458086675	5.603261767654275e-15
0.459241914	5.869449300240607e-15
0.460397153	6.053052302613991e-15
0.461552393	5.953627367037225e-15
0.462707632	5.500742793083209e-15
0.463862871	5.6573204032622894e-15
0.46501811	5.6992047359514025e-15
0.46617335	5.7407976956418166e-15
0.467328589	5.718369497451389e-15
0.468483828	5.7767321247034805e-15
0.469639068	5.771181514024993e-15
0.470794307	5.92163224561159e-15
0.471949546	5.51690194271804e-15
0.473104785	5.570236172518702e-15
0.474260025	5.704344817748862e-15
0.475415264	5.6128810923483076e-15
0.476570503	5.658487517276235e-15
0.477725742	5.46258281163862e-15
0.478880982	5.703921674431458e-15
0.480036221	5.576421150468153e-15
0.48119146	5.710633536681685e-15
0.4823467	6.155647698390898e-15
0.483501939	6.527595197983913e-15
0.484657178	5.912830176349815e-15
0.485812417	3.850322473335217e-15
0.486967657	3.812243631721115e-15
0.488122896	4.457074050404823e-15
0.489278135	5.136454703238568e-15
0.490433374	5.109781607672896e-15
0.491588614	5.185646160702e-15
0.492743853	4.985522294478912e-15
0.493899092	5.071762528951103e-15
0.495054331	5.034358982611015e-15
0.496209571	5.092979326728116e-15
0.49736481	4.8406412237425394e-15
0.498520049	4.985393521839276e-15
0.499675289	4.5942744760466744e-15
0.500830528	4.650848628313301e-15
0.501985767	4.60489457047727e-15
0.503141006	4.620864886613708e-15
0.504296246	4.6990880157638406e-15
0.505451485	4.530234713061106e-15
0.506606724	4.6197191540208645e-15
0.507761963	4.734621439296036e-15
0.508917203	4.61131737112134e-15
0.510072442	4.500521379070441e-15
0.511227681	4.429549965197781e-15
0.512382921	4.48823193447981e-15
0.51353816	4.436666422221568e-15
0.514693399	4.335147894639018e-15
0.515848638	4.2886519708341585e-15
0.517003878	4.34560190993277e-15
0.518159117	4.310355326713576e-15
0.519314356	4.129757249783071e-15
0.520469595	4.157725320163077e-15
0.521624835	4.080448475163774e-15
0.522780074	4.184458584826167e-15
0.523935313	4.046665759737639e-15
0.525090552	3.967453897523877e-15
0.526245792	4.196012151299158e-15
0.527401031	3.955108811030112e-15
0.52855627	3.950732156774357e-15
0.52971151	4.058885925442397e-15
0.530866749	3.905757754294605e-15
0.532021988	3.93575865520369e-15
0.533177227	3.975949182720941e-15
0.534332467	3.9542311686822474e-15
0.535487706	3.871064525833135e-15
0.536642945	3.9749180247690506e-15
0.537798184	3.952126159994855e-15
0.538953424	3.896348167674564e-15
0.540108663	3.9591196863669946e-15
0.541263902	3.787509961548142e-15
0.542419142	3.759778679251532e-15
0.543574381	3.776116353735996e-15
0.54472962	3.773300274316039e-15
0.545884859	3.738308650087115e-15
0.547040099	3.777364285684387e-15
0.548195338	3.7481351753263165e-15
0.549350577	3.6646437069822825e-15
0.550505816	3.67932769087974e-15
0.551661056	3.678912576094329e-15
0.552816295	3.628415369797633e-15
0.553971534	3.596977645222698e-15
0.555126773	3.6120079183016216e-15
0.556282013	3.645150527870636e-15
0.557437252	3.561441470426669e-15
0.558592491	3.605729816208494e-15
0.559747731	3.5347569016978303e-15
0.56090297	3.5021467739499485e-15
0.562058209	3.5108492759893617e-15
0.563213448	3.4347461851163376e-15
0.564368688	3.393238846958149e-15
0.565523927	3.4290067687391154e-15
0.566679166	3.3518481792942406e-15
0.567834405	3.296334593986945e-15
0.568989645	3.3844920886321565e-15
0.570144884	3.3569589287173625e-15
0.571300123	3.3573591575325152e-15
0.572455362	3.2078948278887685e-15
0.573610602	3.223521844254245e-15
0.574765841	3.2179188321132876e-15
0.57592108	3.258999657329501e-15
0.57707632	3.165736936248015e-15
0.578231559	3.122731546287444e-15
0.579386798	3.118436874228042e-15
0.580542037	3.111688250383876e-15
0.581697277	3.1418892540068908e-15
0.582852516	3.079429115552162e-15
0.584007755	3.0899168003039297e-15
0.585162994	3.1300550804704778e-15
0.586318234	3.1685437081314478e-15
0.587473473	3.048141639660606e-15
0.588628712	2.9539894433459865e-15
0.589783952	3.077172820147059e-15
0.590939191	2.8902111453096495e-15
0.59209443	2.9343347615563193e-15
0.593249669	2.9385974423257534e-15
0.594404909	2.949692983323084e-15
0.595560148	2.939111030240775e-15
0.596715387	2.8586700211473477e-15
0.597870626	2.8620711364680553e-15
0.599025866	2.8362991011518108e-15
0.600181105	2.810852096933571e-15
0.601336344	2.812633996656174e-15
0.602491583	2.844311200272097e-15
0.603646823	2.7070287518587692e-15
0.604802062	2.7378666318909677e-15
0.605957301	2.771396023142075e-15
0.607112541	2.770955959278134e-15
0.60826778	2.7416721550696156e-15
0.609423019	2.6861992806871182e-15
0.610578258	2.7043985302722586e-15
0.611733498	2.6255402140931196e-15
0.612888737	2.634960227183131e-15
0.614043976	2.5799518114262886e-15
0.615199215	2.5216709575770796e-15
0.616354455	2.6265952701265212e-15
0.617509694	2.52428850775105e-15
0.618664933	2.488034967326835e-15
0.619820173	2.5208841490255285e-15
0.620975412	2.5038505868616034e-15
0.622130651	2.5041409451960114e-15
0.62328589	2.4862031521314997e-15
0.62444113	2.4626068423352067e-15
0.625596369	2.502139590309328e-15
0.626751608	2.4121000782135415e-15
0.627906847	2.3531061743105525e-15
0.629062087	2.376101737486358e-15
0.630217326	2.400995767049884e-15
0.631372565	2.3924490521318586e-15
0.632527804	2.4096273649053574e-15
0.633683044	2.3971442670317698e-15
0.634838283	2.319270808489552e-15
0.635993522	2.3582300015686413e-15
0.637148762	2.299268068512711e-15
0.638304001	2.318359470291938e-15
0.63945924	2.3487965189342722e-15
0.640614479	2.3300271569026306e-15
0.641769719	2.301513295249312e-15
0.642924958	2.3004825151963067e-15
0.644080197	2.2654045158347987e-15
0.645235436	2.2183047626000273e-15
0.646390676	2.255316703882801e-15
0.647545915	2.2780319071409536e-15
0.648701154	2.263120231400848e-15
0.649856394	2.227119243753965e-15
0.651011633	2.194494761996619e-15
0.652166872	2.2087305851505866e-15
0.653322111	2.2304002697865355e-15
0.654477351	2.2344848618114734e-15
0.65563259	2.015409642533656e-15
0.656787829	1.9182710100198337e-15
0.657943068	2.0575968651990678e-15
0.659098308	2.18505471219339e-15
0.660253547	2.1630771232415854e-15
0.661408786	2.1042057210843953e-15
0.662564025	2.1211696081678774e-15
0.663719265	2.1239427528441317e-15
0.664874504	2.090837341737077e-15
0.666029743	2.0744703215565444e-15
0.667184983	2.0716368791699003e-15
0.668340222	2.0456909552825717e-15
0.669495461	2.043200195794647e-15
0.6706507	2.0421358354933994e-15
0.67180594	2.028370015041083e-15
0.672961179	2.0050945169993865e-15
0.674116418	1.9993324530232957e-15
0.675271657	2.0098231247323437e-15
0.676426897	2.027007653438728e-15
0.677582136	2.002299431058668e-15
0.678737375	1.9940332131955225e-15
0.679892614	1.984155742634782e-15
0.681047854	1.9591658170905092e-15
0.682203093	1.9362986877413557e-15
0.683358332	1.9284441664041865e-15
0.684513572	1.941710261505552e-15
0.685668811	1.9811844571132956e-15
0.68682405	2.0146217530909105e-15
0.687979289	1.9349012104575126e-15
0.689134529	1.8253098747736676e-15
0.690289768	1.8008324313827596e-15
0.691445007	1.8050694979833324e-15
0.692600246	1.8065307834578744e-15
0.693755486	1.8140815640276147e-15
0.694910725	1.8205905113794138e-15
0.696065964	1.8082608585584318e-15
0.697221204	1.8073714210491643e-15
0.698376443	1.8076053031128896e-15
0.699531682	1.78532756513689e-15
0.700686921	1.7736265307293286e-15
0.701842161	1.774575300593134e-15
0.7029974	1.7519986311879116e-15
0.704152639	1.7373743828007858e-15
0.705307878	1.7229926087040147e-15
0.706463118	1.7237626692841962e-15
0.707618357	1.7295377591180566e-15
0.708773596	1.7392906767974468e-15
0.709928835	1.7095207833324004e-15
0.711084075	1.6814379550728773e-15
0.712239314	1.6901740288850686e-15
0.713394553	1.7039426376818091e-15
0.714549793	1.698378859883037e-15
0.715705032	1.7249826290822656e-15
0.716860271	1.6956431817095132e-15
0.71801551	1.6603270379172915e-15
0.71917075	1.6083656891755764e-15
0.720325989	1.5421379448287143e-15
0.721481228	1.567641877243477e-15
0.722636467	1.5745407308354767e-15
0.723791707	1.5594081992699469e-15
0.724946946	1.5270489633913559e-15
0.726102185	1.492648017830754e-15
0.727257425	1.47844915085076e-15
0.728412664	1.4875107124241398e-15
0.729567903	1.4882765271682572e-15
0.730723142	1.4539894863954088e-15
0.731878382	1.4661774613906809e-15
0.733033621	1.4765609929288184e-15
0.73418886	1.4768023367110723e-15
0.735344099	1.4844577246201462e-15
0.736499339	1.4796664746130216e-15
0.737654578	1.4756608322576251e-15
0.738809817	1.4917577251701015e-15
0.739965056	1.5128084755413813e-15
0.741120296	1.4915010983290911e-15
0.742275535	1.452683569819579e-15
0.743430774	1.4225801613541059e-15
0.744586014	1.4211226703529368e-15
0.745741253	1.4304394940975233e-15
0.746896492	1.3951139584614968e-15
0.748051731	1.4055476748330867e-15
0.749206971	1.407857460595869e-15
0.75036221	1.3922923830397488e-15
0.751517449	1.3792695269964856e-15
0.752672688	1.3742309998813396e-15
0.753827928	1.3600201204969866e-15
0.754983167	1.33912097680759e-15
0.756138406	1.3279266719712122e-15
0.757293646	1.3496382051192384e-15
0.758448885	1.455360148605672e-15
0.759604124	1.6516160526886876e-15
0.760759363	1.5881304856294127e-15
0.761914603	1.1693353310636776e-15
0.763069842	1.1159189330107283e-15
0.764225081	1.1434426734399258e-15
0.76538032	1.1101972825167241e-15
0.76653556	1.1313402262990266e-15
0.767690799	1.183991674609632e-15
0.768846038	1.2358755492446283e-15
0.770001277	1.2432188794023234e-15
0.771156517	1.2245458231476636e-15
0.772311756	1.2275753313528205e-15
0.773466995	1.251441250074372e-15
0.774622235	1.2554668021869554e-15
0.775777474	1.2207734731524326e-15
0.776932713	1.1593124328784269e-15
0.778087952	1.1892377875476915e-15
0.779243192	1.2282694663901426e-15
0.780398431	1.1969136914459166e-15
0.78155367	1.1751249069381283e-15
0.782708909	1.1722344715858284e-15
0.783864149	1.1610411992839859e-15
0.785019388	1.1342793914374666e-15
0.786174627	1.1217185899135474e-15
0.787329866	1.1175857830551017e-15
0.788485106	1.1167590604436692e-15
0.789640345	1.1005098615127089e-15
0.790795584	1.10730669796761e-15
0.791950824	1.110815835874272e-15
0.793106063	1.1133881375864111e-15
0.794261302	1.1050010898654543e-15
0.795416541	1.1090929262347067e-15
0.796571781	1.1124941245313108e-15
0.79772702	1.0958451554122914e-15
0.798882259	1.0827899546136958e-15
0.800037498	1.089424367530784e-15
0.801192738	1.0893553308367624e-15
0.802347977	1.082566385730813e-15
0.803503216	1.0630074822240109e-15
0.804658456	1.0610404884944405e-15
0.805813695	1.0475904565934496e-15
0.806968934	1.0238160486136705e-15
0.808124173	1.0189515533760877e-15
0.809279413	1.0260818265626948e-15
0.810434652	1.0080094923951958e-15
0.811589891	9.97813104469815e-16
0.81274513	1.0089490510667838e-15
0.81390037	1.0125880167490887e-15
0.815055609	9.985651195424883e-16
0.816210848	9.687489062990853e-16
0.817366087	9.449258536710947e-16
0.818521327	9.338793820003446e-16
0.819676566	9.40449725822405e-16
0.820831805	9.523671580699197e-16
0.821987045	9.528877422646433e-16
0.823142284	9.361709781557444e-16
0.824297523	9.319973954839944e-16
0.825452762	9.53776381866365e-16
0.826608002	9.78074423788739e-16
0.827763241	9.58216492750419e-16
0.82891848	9.349241050422055e-16
0.830073719	9.221000205636904e-16
0.831228959	9.134050895291546e-16
0.832384198	9.037214972017906e-16
0.833539437	8.9785144332153e-16
0.834694677	8.958738911953055e-16
0.835849916	8.802868529842388e-16
0.837005155	8.564021338042799e-16
0.838160394	8.549596274419907e-16
0.839315634	8.521894045565823e-16
0.840470873	8.821122377074449e-16
0.841626112	8.829357138484627e-16
0.842781351	9.506038183890855e-16
0.843936591	9.040960406424321e-16
0.84509183	9.44101457660054e-16
0.846247069	9.09290986018171e-16
0.847402308	9.148572288132435e-16
0.848557548	1.0176328676471981e-15
0.849712787	1.0207594122546019e-15
0.850868026	8.383930063239129e-16
0.852023266	9.344880532163785e-16
0.853178505	9.968696436534285e-16
0.854333744	9.557033698776713e-16
0.855488983	8.536361671696775e-16
0.856644223	9.555225186539557e-16
0.857799462	9.731266725405371e-16
0.858954701	9.045551594340335e-16
0.86010994	8.180076245041252e-16
0.86126518	9.067933734073073e-16
0.862420419	9.79084746868509e-16
0.863575658	1.0177710780180347e-15
0.864730898	1.017446775602272e-15
0.865886137	9.559220753732884e-16
0.867041376	7.96340259105248e-16
0.868196615	8.336986611736085e-16
0.869351855	9.505174187388072e-16
0.870507094	9.8845517916826e-16
0.871662333	9.804278600930815e-16
0.872817572	9.856416621179743e-16
0.873972812	8.863050473439725e-16
0.875128051	7.618018994640793e-16
0.87628329	9.01813658590466e-16
0.877438529	9.997056176390415e-16
0.878593769	9.835725992430951e-16
0.879749008	9.692394441046565e-16
0.880904247	9.726607602712364e-16
0.882059487	9.68916333957475e-16
0.883214726	9.377284499388162e-16
0.884369965	9.07290736497954e-16
0.885525204	8.161902617068674e-16
0.886680444	7.280074800485009e-16
0.887835683	8.362960728319018e-16
0.888990922	9.288078346398317e-16
0.890146161	9.138806580222096e-16
0.891301401	8.88420091072078e-16
0.89245664	8.90117949917506e-16
0.893611879	9.019221640899096e-16
0.894767119	8.926240526670651e-16
0.895922358	8.737302982441185e-16
0.897077597	8.543708846148309e-16
0.898232836	8.46064063557745e-16
0.899388076	7.852477332633472e-16
0.900543315	7.070448362713283e-16
0.901698554	6.611171036666571e-16
0.902853793	7.661955832660465e-16
0.904009033	8.190260138142887e-16
0.905164272	8.347441663590011e-16
0.906319511	8.200630050238844e-16
0.90747475	8.310024711668607e-16
0.90862999	8.117176551801842e-16
0.909785229	7.768747172716205e-16
0.910940468	7.595829377584615e-16
0.912095708	7.484217368087427e-16
0.913250947	7.479929593064349e-16
0.914406186	7.713109524255802e-16
0.915561425	7.527514351401914e-16
0.916716665	7.498653704433557e-16
0.917871904	7.230089340657943e-16
0.919027143	7.085849941344684e-16
0.920182382	7.013564551758178e-16
0.921337622	6.5645049478904455e-16
0.922492861	5.632911149701937e-16
0.9236481	5.761178930331532e-16
0.924803339	6.646923499901563e-16
0.925958579	6.698794883581894e-16
0.927113818	6.523195678573048e-16
0.928269057	6.602134532601074e-16
0.929424297	6.540045200194573e-16
0.930579536	6.371744361482804e-16
0.931734775	6.158072085563277e-16
0.932890014	5.962640426854662e-16
0.934045254	5.517176103573731e-16
0.935200493	5.260472779710204e-16
0.936355732	5.216342307898993e-16
0.937510971	5.277997432707231e-16
0.938666211	5.343693473451434e-16
0.93982145	5.468463343703315e-16
0.940976689	5.507813132022879e-16
0.942131929	5.509516627435764e-16
0.943287168	5.239471793041585e-16
0.944442407	5.099606805716017e-16
0.945597646	5.380789681720871e-16
0.946752886	5.496747327940282e-16
0.947908125	5.472454824748511e-16
0.949063364	5.56377429830734e-16
0.950218603	5.642635070829256e-16
0.951373843	6.224891014150655e-16
0.952529082	6.563889042347707e-16
0.953684321	6.340038296242632e-16
0.95483956	4.891432723967784e-16
0.9559948	4.764806899153993e-16
0.957150039	5.099263915287469e-16
0.958305278	5.137195996955923e-16
0.959460518	5.005334052900377e-16
0.960615757	4.881756451866284e-16
0.961770996	4.84551626158621e-16
0.962926235	4.811809790418434e-16
0.964081475	4.853858643367203e-16
0.965236714	4.830677678206272e-16
0.966391953	4.589736870702376e-16
0.967547192	4.629439286799453e-16
0.968702432	4.698929843810239e-16
0.969857671	4.686225956646752e-16
0.97101291	0.
0.97216815	0.
0.973323389	0.
0.974478628	0.
0.975633867	0.
0.976789107	0.
0.977944346	0.
0.979099585	0.
0.980254824	0.
0.981410064	0.
0.982565303	0.
0.983720542	0.
0.984875781	0.
0.986031021	0.
0.98718626	0.
0.988341499	0.
0.989496739	0.
0.990651978	0.
0.991807217	0.
0.992962456	0.
0.994117696	0.
0.995272935	0.
0.996428174	0.
0.997583413	8.568784717413975e-16
0.998738653	8.48492102041843e-16
0.999893892	8.367083865409445e-16
1.001049131	8.118688306162163e-16
1.002204371	7.809492592577976e-16
1.00335961	7.36811509905437e-16
1.004514849	6.902154138608055e-16
1.005670088	6.82914877526195e-16
1.006825328	7.002823359425401e-16
1.007980567	6.93440191520895e-16
1.009135806	6.942776493371177e-16
1.010291045	6.970444529192578e-16
1.011446285	7.150807576519381e-16
1.012601524	7.141062736577523e-16
1.013756763	7.193154819101663e-16
1.014912002	7.221009576342842e-16
1.016067242	7.300096087639192e-16
1.017222481	7.065220734002967e-16
1.01837772	6.939197319205111e-16
1.01953296	7.017460150601962e-16
1.020688199	7.156566587467227e-16
1.021843438	7.234271190933941e-16
1.022998677	7.152806650885386e-16
1.024153917	7.007097890447295e-16
1.025309156	6.933288584653841e-16
1.026464395	6.844136662095675e-16
1.027619634	6.733682620651031e-16
1.028774874	6.764369916688968e-16
1.029930113	6.85968195051737e-16
1.031085352	6.755254433440021e-16
1.032240591	6.658629843571709e-16
1.033395831	6.695273758624718e-16
1.03455107	6.730697745850582e-16
1.035706309	6.657950298168776e-16
1.036861549	6.6256181038638e-16
1.038016788	6.651276199206832e-16
1.039172027	6.644509584791706e-16
1.040327266	6.634376295248448e-16
1.041482506	6.633908636350962e-16
1.042637745	6.57575835920497e-16
1.043792984	6.478108642641201e-16
1.044948223	6.490834626285098e-16
1.046103463	6.529918788404416e-16
1.047258702	6.425717026306707e-16
1.048413941	6.378489931136633e-16
1.049569181	6.432450317671297e-16
1.05072442	6.357724957200813e-16
1.051879659	6.229421996146503e-16
1.053034898	6.270522942322433e-16
1.054190138	6.349808891314571e-16
1.055345377	6.284397034829926e-16
1.056500616	6.2760217373338125e-16
1.057655855	6.419909374098629e-16
1.058811095	6.45840441906066e-16
1.059966334	6.384511507355566e-16
1.061121573	6.359128499175554e-16
1.062276812	6.362283005560912e-16
1.063432052	6.356750912677213e-16
1.064587291	6.366710000549762e-16
1.06574253	6.36488554801645e-16
1.06689777	6.355031554993794e-16
1.068053009	6.348659439236162e-16
1.069208248	6.37956118508256e-16
1.070363487	6.388718163077283e-16
1.071518727	6.294548788141906e-16
1.072673966	6.234351377547364e-16
1.073829205	6.243621730093406e-16
1.074984444	6.224646298927313e-16
1.076139684	6.176191763973874e-16
1.077294923	6.151174676270444e-16
1.078450162	6.109467159248086e-16
1.079605402	6.003856022657188e-16
1.080760641	6.031274300489003e-16
1.08191588	6.225894712882703e-16
1.083071119	6.314118750184033e-16
1.084226359	6.303012820600344e-16
1.085381598	6.272073670053372e-16
1.086536837	6.330138086558405e-16
1.087692076	6.542175658704558e-16
1.088847316	6.490479110889677e-16
1.090002555	6.201773705375198e-16
1.091157794	5.98395950866805e-16
1.092313033	5.874506376686123e-16
1.093468273	6.012989322802428e-16
1.094623512	6.08496294434942e-16
1.095778751	5.928380748964404e-16
1.096933991	5.826014226767088e-16
1.09808923	5.766919867976062e-16
1.099244469	5.620564749105458e-16
1.100399708	5.507500762036163e-16
1.101554948	5.5304818451814e-16
1.102710187	5.523794989147828e-16
1.103865426	5.424644372926709e-16
1.105020665	5.330694773032358e-16
1.106175905	5.250017887859744e-16
1.107331144	5.160371255608806e-16
1.108486383	5.046088947857597e-16
1.109641623	4.904906824624686e-16
1.110796862	4.783272784029483e-16
1.111952101	4.692637565978976e-16
1.11310734	4.612263735548824e-16
1.11426258	4.544482255417715e-16
1.115417819	4.504390007180098e-16
1.116573058	4.485553699772101e-16
1.117728297	4.469350478321694e-16
1.118883537	4.496953541829613e-16
1.120038776	4.556420986718251e-16
1.121194015	4.565370820235882e-16
1.122349254	4.589082802277036e-16
1.123504494	4.643041205734055e-16
1.124659733	4.698066818843811e-16
1.125814972	4.715708555486426e-16
1.126970212	4.570743278960326e-16
1.128125451	4.3787511096006415e-16
1.12928069	4.2937638711175333e-16
1.130435929	4.316833145063293e-16
1.131591169	4.4107621328862657e-16
1.132746408	4.535130751512431e-16
1.133901647	4.665647243444572e-16
1.135056886	4.683724792216579e-16
1.136212126	4.605675670207626e-16
1.137367365	4.563103719439759e-16
1.138522604	4.508023547297426e-16
1.139677843	4.435797924910975e-16
1.140833083	4.3651230484332236e-16
1.141988322	4.299152132035696e-16
1.143143561	4.277637869480451e-16
1.144298801	4.2902115124850285e-16
1.14545404	4.2895571411908135e-16
1.146609279	4.315180755345888e-16
1.147764518	4.381080491085239e-16
1.148919758	4.4303880335581643e-16
1.150074997	4.456846454436936e-16
1.151230236	4.4764827444631145e-16
1.152385475	4.477680315139458e-16
1.153540715	4.44372561789328e-16
1.154695954	4.4113659915281405e-16
1.155851193	4.394765348988444e-16
1.157006433	4.357505657990749e-16
1.158161672	4.3088980581897377e-16
1.159316911	4.2992330255447897e-16
1.16047215	4.3011446637911186e-16
1.16162739	4.2869956851558493e-16
1.162782629	4.2463549408005256e-16
1.163937868	4.177380248263927e-16
1.165093107	4.1273360353024435e-16
1.166248347	4.0887591281840383e-16
1.167403586	4.032567653581503e-16
1.168558825	4.01214064821642e-16
1.169714064	4.038654441185082e-16
1.170869304	4.0415431976839693e-16
1.172024543	4.013834121599907e-16
1.173179782	3.9891816799472314e-16
1.174335022	3.9755782907013474e-16
1.175490261	3.9931043876199684e-16
1.1766455	3.987387119514675e-16
1.177800739	3.940609341252031e-16
1.178955979	3.85759556323406e-16
1.180111218	3.7603421868794287e-16
1.181266457	3.7310232239749804e-16
1.182421696	3.7543242171098066e-16
1.183576936	3.8120386508319717e-16
1.184732175	3.8184200478135684e-16
1.185887414	3.74319116846863e-16
1.187042654	3.7653512421626397e-16
1.188197893	3.855051723724529e-16
1.189353132	3.831031565466694e-16
1.190508371	3.766036241438512e-16
1.191663611	3.72223675390296e-16
1.19281885	3.6807763308518726e-16
1.193974089	3.639467153559782e-16
1.195129328	3.613310705996196e-16
1.196284568	3.6165934544010684e-16
1.197439807	3.697630204346027e-16
1.198595046	3.7654728505103656e-16
1.199750285	3.7188996047287673e-16
1.200905525	3.6546162788779024e-16
1.202060764	3.6068154356254253e-16
1.203216003	3.6295365224896355e-16
1.204371243	3.6560744269363183e-16
1.205526482	3.5355098946226765e-16
1.206681721	3.4815458718885024e-16
1.20783696	3.5690370154041285e-16
1.2089922	3.589297125484316e-16
1.210147439	3.5284532810944027e-16
1.211302678	3.489266064437505e-16
1.212457917	3.457591819031693e-16
1.213613157	3.4151685881450456e-16
1.214768396	3.3461763790195065e-16
1.215923635	3.218821639712238e-16
1.217078875	3.061372306200451e-16
1.218234114	2.9226399706109126e-16
1.219389353	2.827919116957437e-16
1.220544592	2.848386775176443e-16
1.221699832	2.9554220193027767e-16
1.222855071	3.0992611559985323e-16
1.22401031	3.245565129874684e-16
1.225165549	3.3209849897637654e-16
1.226320789	3.349855244606075e-16
1.227476028	3.37693392384737e-16
1.228631267	3.369369403151683e-16
1.229786506	3.3237172736256825e-16
1.230941746	3.290206046042718e-16
1.232096985	3.272954978936092e-16
1.233252224	3.2449088365963733e-16
1.234407464	3.2134013490844474e-16
1.235562703	3.1861387662918474e-16
1.236717942	3.1585850454745564e-16
1.237873181	3.1320976816855775e-16
1.239028421	3.1271137208412393e-16
1.24018366	3.135323534720059e-16
1.241338899	3.126069263179356e-16
1.242494138	3.111009061225832e-16
1.243649378	3.0996822334739656e-16
1.244804617	3.0829764462560245e-16
1.245959856	3.0604265282836597e-16
1.247115095	3.046338835272555e-16
1.248270335	3.0409966595082944e-16
1.249425574	3.0318972051101986e-16
1.250580813	3.0332156101282663e-16
1.251736053	3.0541650960758226e-16
1.252891292	3.0541909678733163e-16
1.254046531	3.0282927652485537e-16
1.25520177	3.0131446655388677e-16
1.25635701	3.0024140740768273e-16
1.257512249	2.984035191594864e-16
1.258667488	2.964150941183557e-16
1.259822727	2.9405814875966343e-16
1.260977967	2.926273899042371e-16
1.262133206	2.921094992201958e-16
1.263288445	2.9128225185913493e-16
1.264443685	2.9061935210155883e-16
1.265598924	2.907523071456325e-16
1.266754163	2.926631377391971e-16
1.267909402	2.959885653423256e-16
1.269064642	2.956750948215563e-16
1.270219881	2.925183296911015e-16
1.27137512	2.918638665646398e-16
1.272530359	2.9267476025311713e-16
1.273685599	2.9490570067802095e-16
1.274840838	2.963924630659809e-16
1.275996077	2.9650918393906916e-16
1.277151316	2.971778832538725e-16
1.278306556	2.962595353390368e-16
1.279461795	2.936860389677102e-16
1.280617034	2.9792256313422824e-16
1.281772274	3.143858698654981e-16
1.282927513	3.1275819839131615e-16
1.284082752	2.9351109360007606e-16
1.285237991	2.851599733328108e-16
1.286393231	2.831712056870144e-16
1.28754847	2.810569501836947e-16
1.288703709	2.776683750484469e-16
1.289858948	2.753789470410604e-16
1.291014188	2.71497135994272e-16
1.292169427	2.6646020681946592e-16
1.293324666	2.640975976408261e-16
1.294479906	2.6245966014649817e-16
1.295635145	2.592622028560631e-16
1.296790384	2.5750595219964437e-16
1.297945623	2.575942944350608e-16
1.299100863	2.5592227301188115e-16
1.300256102	2.5315253949752535e-16
1.301411341	2.520297932329109e-16
1.30256658	2.510327740459628e-16
1.30372182	2.49126400441072e-16
1.304877059	2.4598941997944153e-16
1.306032298	2.4235468914173637e-16
1.307187537	2.4012740701943535e-16
1.308342777	2.387413084434805e-16
1.309498016	2.367303119927327e-16
1.310653255	2.356569743072269e-16
1.311808495	2.364451023915053e-16
1.312963734	2.334862125235478e-16
1.314118973	2.2797318251390166e-16
1.315274212	2.284319467413543e-16
1.316429452	2.3017137805123983e-16
1.317584691	2.259164853925675e-16
1.31873993	2.2226105574502977e-16
1.319895169	2.2127696867391084e-16
1.321050409	2.2122071105198306e-16
1.322205648	2.2110538532648658e-16
1.323360887	2.1875163209598447e-16
1.324516127	2.1519342840893204e-16
1.325671366	2.1247763738392014e-16
1.326826605	2.095612384568249e-16
1.327981844	2.0717479484474342e-16
1.329137084	2.0765184655197373e-16
1.330292323	2.0953714963748362e-16
1.331447562	2.1015750354484095e-16
1.332602801	2.0956599400758715e-16
1.333758041	2.0765135184233727e-16
1.33491328	2.0683126840789175e-16
1.336068519	2.0723411225830087e-16
1.337223758	2.065129191488442e-16
1.338378998	2.049751308320187e-16
1.339534237	2.0372413577936014e-16
1.340689476	2.0082548671192448e-16
1.341844716	1.9536456227188093e-16
1.342999955	1.897860539480971e-16
1.344155194	1.8467616580947527e-16
1.345310433	1.8005187721728778e-16
1.346465673	1.757308201889253e-16
1.347620912	1.7055341238097152e-16
1.348776151	1.6615656436428103e-16
1.34993139	1.628141537457173e-16
1.35108663	1.577871631123202e-16
1.352241869	1.516809060450274e-16
1.353397108	1.4646102419518224e-16
1.354552347	1.4260354083391472e-16
1.355707587	1.4114550644914755e-16
1.356862826	1.398899527633776e-16
1.358018065	1.406305795269918e-16
1.359173305	1.4836701299224549e-16
1.360328544	1.5840476783365942e-16
1.361483783	1.637508368734603e-16
1.362639022	1.5788429533738645e-16
1.363794262	1.4125868940068054e-16
1.364949501	1.1605392870112964e-16
1.36610474	9.271826118380711e-17
1.367259979	8.483229877802292e-17
1.368415219	1.1030226158260295e-16
1.369570458	1.538750348867576e-16
1.370725697	1.8419514993432383e-16
1.371880937	1.9360040398691596e-16
1.373036176	1.8393108195221436e-16
1.374191415	1.7235910071100548e-16
1.375346654	1.6426794447601244e-16
1.376501894	1.5784367652005869e-16
1.377657133	1.510790855278007e-16
1.378812372	1.45928596104187e-16
1.379967611	1.4435142239415218e-16
1.381122851	1.489149575552133e-16
1.38227809	1.6654520072609303e-16
1.383433329	1.9431467437966712e-16
1.384588568	2.2420255423561504e-16
1.385743808	2.3961856105821145e-16
1.386899047	2.2603373647344043e-16
1.388054286	2.0816103319854849e-16
1.389209526	1.949720796364711e-16
1.390364765	1.8610855477870536e-16
1.391520004	1.7962347947943792e-16
1.392675243	1.7402402844774184e-16
1.393830483	1.6944400313467103e-16
1.394985722	1.6458379518587196e-16
1.396140961	1.593338635410569e-16
1.3972962	1.5437524941956324e-16
1.39845144	1.51114893238284e-16
1.399606679	1.5152761644755106e-16
1.400761918	1.5274126996295052e-16
1.401917158	1.530604900066728e-16
1.403072397	1.5440899435994095e-16
1.404227636	1.5652096084397177e-16
1.405382875	1.583427008257369e-16
1.406538115	1.598830946725654e-16
1.407693354	1.6091775509068868e-16
1.408848593	1.6124527366676536e-16
1.410003832	1.6098186353881532e-16
1.411159072	1.6174884411013463e-16
1.412314311	1.6261133217167087e-16
1.41346955	1.6044206706589135e-16
1.414624789	1.57435661218295e-16
1.415780029	1.550154419566481e-16
1.416935268	1.5382920851415262e-16
1.418090507	1.546917977918971e-16
1.419245747	1.5629078761307343e-16
1.420400986	1.5805681955235975e-16
1.421556225	1.6032223765530154e-16
1.422711464	1.5989963897171132e-16
1.423866704	1.5633668966488784e-16
1.425021943	1.5399649559216256e-16
1.426177182	1.5309003610190313e-16
1.427332421	1.512456409347952e-16
1.428487661	1.4882748286103053e-16
1.4296429	1.4629278093933607e-16
1.430798139	1.428607686202018e-16
1.431953379	1.4162890927143819e-16
1.433108618	1.4191649758459893e-16
1.434263857	1.4160955345076228e-16
1.435419096	1.411310066111358e-16
1.436574336	1.404019741211098e-16
1.437729575	1.391738950561008e-16
1.438884814	1.4097548078985477e-16
1.440040053	1.4626231276399986e-16
1.441195293	1.4762293323901612e-16
1.442350532	1.4400259433798667e-16
1.443505771	1.4243559276397099e-16
1.44466101	1.4062252296527876e-16
1.44581625	1.360661138628281e-16
1.446971489	1.3210281444718282e-16
1.448126728	1.3094644148492498e-16
1.449281968	1.3265908642939943e-16
1.450437207	1.3605794651147336e-16
1.451592446	1.32371753915437e-16
1.452747685	1.3129730886334255e-16
1.453902925	1.3426429973836563e-16
1.455058164	1.3502292515145926e-16
1.456213403	1.2994555445132028e-16
1.457368642	1.260445112474399e-16
1.458523882	1.2634001382841075e-16
1.459679121	1.2659585604371012e-16
1.46083436	1.2328978332520784e-16
1.461989599	1.2195762445410201e-16
1.463144839	1.2260538055590212e-16
1.464300078	1.1943102436871863e-16
1.465455317	1.1321462445964337e-16
1.466610557	1.1061710384669026e-16
1.467765796	1.116050979698462e-16
1.468921035	1.1165588608762348e-16
1.470076274	1.1050336815145453e-16
1.471231514	1.096173635836245e-16
1.472386753	1.0829274225708873e-16
1.473541992	1.071043144809207e-16
1.474697231	1.0678467976134769e-16
1.475852471	1.0655820291465331e-16
1.47700771	1.0438826360403043e-16
1.478162949	1.0073544236529549e-16
1.479318189	9.822485007203053e-17
1.480473428	9.879850775629878e-17
1.481628667	1.0107859822973938e-16
1.482783906	1.0134652805801895e-16
1.483939146	9.90323913926912e-17
1.485094385	9.244887728408821e-17
1.486249624	8.856743048741703e-17
1.487404863	9.520683862377551e-17
1.488560103	1.0341802930686654e-16
1.489715342	1.0074655901475983e-16
1.490870581	9.673075662230834e-17
1.49202582	9.698112215740733e-17
1.49318106	9.631358387946778e-17
1.494336299	9.348459261586489e-17
1.495491538	9.285252070608245e-17
1.496646778	9.492295670164897e-17
1.497802017	9.570290223616171e-17
1.498957256	9.300114879795956e-17
1.500112495	9.016264896359879e-17
1.501267735	8.76349814412123e-17
1.502422974	8.432174280826754e-17
1.503578213	8.171470962564141e-17
1.504733452	8.320865262031773e-17
1.505888692	8.691134706112646e-17
1.507043931	8.842508167157969e-17
1.50819917	8.827924369857199e-17
1.50935441	8.805200958422925e-17
1.510509649	8.87354016493807e-17
1.511664888	8.980084313353453e-17
1.512820127	8.95056831549332e-17
1.513975367	8.973623725661818e-17
1.515130606	9.125286283992381e-17
1.516285845	9.139452597713299e-17
1.517441084	8.998901697602318e-17
1.518596324	9.016586498255053e-17
1.519751563	9.258305247743328e-17
1.520906802	9.479940194558129e-17
1.522062041	9.536813070108355e-17
1.523217281	9.509921504003914e-17
1.52437252	9.583813966364338e-17
1.525527759	9.533704427265442e-17
1.526682999	9.221622155250315e-17
1.527838238	8.96652966240284e-17
1.528993477	9.079076248480023e-17
1.530148716	9.296113864332001e-17
1.531303956	9.042056157720932e-17
1.532459195	8.758737350310451e-17
1.533614434	9.003548693827468e-17
1.534769673	9.243007506339915e-17
1.535924913	9.147746864213919e-17
1.537080152	9.085212109432481e-17
1.538235391	9.205303919221852e-17
1.539390631	9.346888914241227e-17
1.54054587	9.23181767324294e-17
1.541701109	8.983078919531641e-17
1.542856348	9.018076192525258e-17
1.544011588	9.287637251035292e-17
1.545166827	9.35634301015072e-17
1.546322066	9.179675273000253e-17
1.547477305	9.174090374680962e-17
1.548632545	9.394328969138357e-17
1.549787784	9.559139662417722e-17
1.550943023	9.397368934694516e-17
1.552098262	9.0718074846825e-17
1.553253502	9.065490340234239e-17
1.554408741	9.316434992094043e-17
1.55556398	9.29800406540903e-17
1.55671922	8.905316388459128e-17
1.557874459	8.646844369041467e-17
1.559029698	8.722493805497833e-17
1.560184937	8.938759408722417e-17
1.561340177	8.996514256753333e-17
1.562495416	8.920066995215816e-17
1.563650655	8.905145924555812e-17
1.564805894	9.089802234692918e-17
1.565961134	9.282593879802658e-17
1.567116373	9.204958738421474e-17
1.568271612	8.914818891760622e-17
1.569426852	8.637669652396124e-17
1.570582091	8.461239997051433e-17
1.57173733	8.48566182379382e-17
1.572892569	8.545258067907875e-17
1.574047809	8.760905506710082e-17
1.575203048	9.155874419181826e-17
1.576358287	9.47193130431999e-17
1.577513526	9.59410948711314e-17
1.578668766	9.426608167062503e-17
1.579824005	9.011160376225063e-17
1.580979244	8.928092865540378e-17
1.582134483	9.030319075499612e-17
1.583289723	8.781302059021496e-17
1.584444962	8.503596969135552e-17
1.585600201	8.386756202976285e-17
1.586755441	8.380546858426406e-17
1.58791068	8.469868366623787e-17
1.589065919	8.762900620885295e-17
1.590221158	9.298595341083082e-17
1.591376398	9.605455574648983e-17
1.592531637	9.57094302610122e-17
1.593686876	9.42315788248824e-17
1.594842115	9.516467638919401e-17
1.595997355	9.765925750471981e-17
1.597152594	9.490223958739995e-17
1.598307833	8.98396080156085e-17
1.599463072	9.008113931007302e-17
1.600618312	9.348578239525001e-17
1.601773551	9.538567266232854e-17
1.60292879	9.486332062484993e-17
1.60408403	9.390100723416822e-17
1.605239269	9.495947215226613e-17
1.606394508	9.642680229691963e-17
1.607549747	9.454073621809147e-17
1.608704987	9.221559254307522e-17
1.609860226	9.382772296017701e-17
1.611015465	9.648771278973244e-17
1.612170704	9.747193929058124e-17
1.613325944	9.675390899161929e-17
1.614481183	9.576483978440999e-17
1.615636422	9.716891118684013e-17
1.616791662	9.772065147074029e-17
1.617946901	9.435129394227127e-17
1.61910214	9.198464458194114e-17
1.620257379	9.057935567878271e-17
1.621412619	8.753903474902476e-17
1.622567858	8.613517320331828e-17
1.623723097	8.706366534718281e-17
1.624878336	8.806400375298838e-17
1.626033576	8.751510623669025e-17
1.627188815	8.542316839098202e-17
1.628344054	8.368327261738406e-17
1.629499293	8.385386220135275e-17
1.630654533	8.429426851469822e-17
1.631809772	8.32766401318448e-17
1.632965011	8.170600386968115e-17
1.634120251	8.080278071959021e-17
1.63527549	8.057700030959987e-17
1.636430729	7.998976692908406e-17
1.637585968	7.932906860695365e-17
1.638741208	7.840607743776688e-17
1.639896447	7.739985717728607e-17
1.641051686	7.724792741624099e-17
1.642206925	7.739757022621672e-17
1.643362165	7.712166309923662e-17
1.644517404	7.593861931518007e-17
1.645672643	7.378389185238762e-17
1.646827883	7.20430088591652e-17
1.647983122	7.146345548673392e-17
1.649138361	7.104133025289578e-17
1.6502936	7.037383648772843e-17
1.65144884	6.960422560589172e-17
1.652604079	6.929518701017772e-17
1.653759318	6.923623824098959e-17
1.654914557	6.933183552201055e-17
1.656069797	6.96861935206435e-17
1.657225036	7.02853665097616e-17
1.658380275	7.0842440632313e-17
1.659535514	7.119519603448485e-17
1.660690754	7.092704950631813e-17
1.661845993	7.049807058063217e-17
1.663001232	7.084884555132122e-17
1.664156472	7.163400573749712e-17
1.665311711	7.222782946388654e-17
1.66646695	7.261816853762828e-17
1.667622189	7.333556644133313e-17
1.668777429	7.382094304663684e-17
1.669932668	7.354617329799437e-17
1.671087907	7.506430426259407e-17
1.672243146	7.797869934184558e-17
1.673398386	7.823667977751854e-17
1.674553625	7.742306524901787e-17
1.675708864	7.810201297821475e-17
1.676864104	7.792984104807165e-17
1.678019343	7.678752211872908e-17
1.679174582	7.739654870898658e-17
1.680329821	7.971867245059899e-17
1.681485061	8.159260941862224e-17
1.6826403	8.229818182601456e-17
1.683795539	8.112118841105639e-17
1.684950778	8.023582771440452e-17
1.686106018	7.987956683969112e-17
1.687261257	7.898273422086774e-17
1.688416496	7.77670267621747e-17
1.689571735	7.744234833705964e-17
1.690726975	7.773119346068832e-17
1.691882214	7.774506175296367e-17
1.693037453	7.77327018910194e-17
1.694192693	7.759335120223007e-17
1.695347932	7.72813228556512e-17
1.696503171	7.747445010429307e-17
1.69765841	7.844686696219024e-17
1.69881365	7.967765554714367e-17
1.699968889	8.058583396725086e-17
1.701124128	8.054746718156839e-17
1.702279367	7.982100097823195e-17
1.703434607	7.883715977744653e-17
1.704589846	7.781358772086082e-17
1.705745085	7.686087640679649e-17
1.706900324	7.645538232034257e-17
1.708055564	7.66417646167723e-17
1.709210803	7.617398663763933e-17
1.710366042	7.57080922376201e-17
1.711521282	7.745400343520437e-17
1.712676521	7.840741572099633e-17
1.71383176	7.598246591131681e-17
1.714986999	7.431382576825214e-17
1.716142239	7.452699351176629e-17
1.717297478	7.502038598030496e-17
1.718452717	7.586010018436024e-17
1.719607956	7.709272315221874e-17
1.720763196	7.737238313153329e-17
1.721918435	7.65190299115193e-17
1.723073674	7.67908785725878e-17
1.724228914	7.861707123005178e-17
1.725384153	7.921027396473232e-17
1.726539392	7.877980879518635e-17
1.727694631	7.867684560506553e-17
1.728849871	7.779328118389132e-17
1.73000511	7.659450083655961e-17
1.731160349	7.635125250862107e-17
1.732315588	7.668710004006416e-17
1.733470828	7.785197110463527e-17
1.734626067	7.897936268540877e-17
1.735781306	8.003762379270155e-17
1.736936545	8.076015261812726e-17
1.738091785	8.070837072368524e-17
1.739247024	8.029586019249455e-17
1.740402263	7.90801994381022e-17
1.741557503	7.818673111435349e-17
1.742712742	7.657121949101308e-17
1.743867981	7.477087729211342e-17
1.74502322	7.513896900137281e-17
1.74617846	7.702213860949616e-17
1.747333699	7.779564272161115e-17
1.748488938	7.673558557191038e-17
1.749644177	7.449870031342788e-17
1.750799417	7.259560998036279e-17
1.751954656	7.19766153186149e-17
1.753109895	7.188150204736408e-17
1.754265135	7.184049549689176e-17
1.755420374	7.183289873447345e-17
1.756575613	7.136914127484466e-17
1.757730852	7.053450609570408e-17
1.758886092	6.971430015508568e-17
1.760041331	6.912868750104681e-17
1.76119657	6.921160611350117e-17
1.762351809	6.920850108920322e-17
1.763507049	6.80345725527871e-17
1.764662288	6.720882414981431e-17
1.765817527	6.781335988930898e-17
1.766972766	6.921638281024237e-17
1.768128006	7.006899696946578e-17
1.769283245	6.961152999012745e-17
1.770438484	6.813374806824452e-17
1.771593724	6.643325226522848e-17
1.772748963	6.56542807500649e-17
1.773904202	6.57226624130007e-17
1.775059441	6.607725947546807e-17
1.776214681	6.593654079583011e-17
1.77736992	6.477602771266153e-17
1.778525159	6.356103419683651e-17
1.779680398	6.310982027569642e-17
1.780835638	6.359413711252641e-17
1.781990877	6.446355178420506e-17
1.783146116	6.481612284426433e-17
1.784301356	6.45330815652505e-17
1.785456595	6.398798735566699e-17
1.786611834	6.312561982101017e-17
1.787767073	6.171913405550569e-17
1.788922313	6.046284460550807e-17
1.790077552	6.008583250944931e-17
1.791232791	6.028306962956781e-17
1.79238803	6.126603886764628e-17
1.79354327	6.304980402732151e-17
1.794698509	6.369906746564898e-17
1.795853748	6.251624263622479e-17
1.797008987	6.032444362630763e-17
1.798164227	5.81717140886756e-17
1.799319466	5.781214974668985e-17
1.800474705	5.905990279131323e-17
1.801629945	6.141723872330514e-17
1.802785184	6.339460362369467e-17
1.803940423	6.318245468262477e-17
1.805095662	6.259920947359164e-17
1.806250902	6.211467239102416e-17
1.807406141	6.166572765365913e-17
1.80856138	6.190994539104364e-17
1.809716619	6.258063808119641e-17
1.810871859	6.367549480657904e-17
1.812027098	6.509939197472015e-17
1.813182337	6.638382726714428e-17
1.814337576	6.745575285784701e-17
1.815492816	6.844481678774226e-17
1.816648055	6.984054496653019e-17
1.817803294	7.233201932467229e-17
1.818958534	7.136202508670249e-17
1.820113773	6.638821923172632e-17
1.821269012	6.310822680871694e-17
1.822424251	6.079982758856714e-17
1.823579491	5.735092931791773e-17
1.82473473	5.451378057187791e-17
1.825889969	5.3494374059439247e-17
1.827045208	5.385477375460892e-17
1.828200448	5.485555518277952e-17
1.829355687	5.556201171236519e-17
1.830510926	5.564608384020968e-17
1.831666166	5.580803115845808e-17
1.832821405	0.
1.833976644	0.
1.835131883	0.
1.836287123	0.
1.837442362	0.
1.838597601	0.
1.83975284	0.
1.84090808	0.
1.842063319	0.
1.843218558	0.
1.844373797	0.
1.845529037	0.
1.846684276	0.
1.847839515	0.
1.848994755	0.
1.850149994	0.
1.851305233	0.
1.852460472	0.
1.853615712	0.
1.854770951	0.
1.85592619	0.
1.857081429	0.
1.858236669	0.
1.859391908	0.
1.860547147	0.
1.861702387	0.
1.862857626	0.
1.864012865	0.
1.865168104	0.
1.866323344	0.
1.867478583	0.
1.868633822	0.
1.869789061	0.
1.870944301	0.
1.87209954	-7.083716050681105e-17
1.873254779	-6.984642276190539e-17
1.874410018	-6.623749957861233e-17
1.875565258	-5.389998265191221e-17
1.876720497	2.322229622248127e-18
1.877875736	7.616630397384853e-17
1.879030976	1.0389959932411546e-16
1.880186215	1.0986565169954702e-16
1.881341454	9.975105141785056e-17
1.882496693	8.71173312681519e-17
1.883651933	7.81652633465835e-17
1.884807172	7.076986858030517e-17
1.885962411	6.069872267121114e-17
1.88711765	4.922401573833064e-17
1.88827289	5.006614324447652e-17
1.889428129	8.14560742237872e-17
1.890583368	1.1436156082604077e-16
1.891738608	8.446309679041235e-17
1.892893847	6.160947617231714e-17
1.894049086	5.369213674865326e-17
1.895204325	5.530565156164138e-17
1.896359565	6.526284895017637e-17
1.897514804	9.207761279406123e-17
1.898670043	1.617837173907831e-16
1.899825282	3.4945909845792137e-16
1.900980522	6.049061668046452e-16
1.902135761	4.737096611117826e-16
1.903291	2.685198303083365e-16
1.904446239	1.6050832827833696e-16
1.905601479	1.0999255154759695e-16
1.906756718	8.16998189148939e-17
1.907911957	5.345035043482543e-17
1.909067197	1.0987668946096828e-17
1.910222436	-3.3232763161571605e-17
1.911377675	-6.456488331210927e-17
1.912532914	-7.031430972522963e-17
1.913688154	-4.9314630295370753e-17
1.914843393	-1.4903719772193923e-17
1.915998632	1.0402618138416775e-17
1.917153871	2.242611016685563e-17
1.918309111	2.4336874804599718e-17
1.91946435	2.2222218674285794e-17
1.920619589	1.9921188047720062e-17
1.921774828	1.787498437079407e-17
1.922930068	1.6237315852684593e-17
1.924085307	1.5185097018154075e-17
1.925240546	1.5567400574428475e-17
1.926395786	1.946488120974331e-17
1.927551025	2.690471813288558e-17
1.928706264	3.140476417629376e-17
1.929861503	2.5091478925558307e-17
1.931016743	1.900712342494503e-17
1.932171982	1.7864629544228892e-17
1.933327221	1.8861318730394985e-17
1.93448246	2.0230142394629347e-17
1.9356377	2.1820758825716776e-17
1.936792939	2.2161773620530503e-17
1.937948178	1.8222725063598964e-17
1.939103418	1.2583633846374007e-17
1.940258657	9.678649390529299e-18
1.941413896	1.012638506563205e-17
1.942569135	1.067190288525697e-17
1.943724375	1.008392418037335e-17
1.944879614	7.119755980270043e-18
1.946034853	1.8855275464661504e-18
1.947190092	-3.326415024370215e-18
1.948345332	-4.790688727751461e-18
1.949500571	-1.2182725975233433e-18
1.95065581	4.9144766201078694e-18
1.951811049	1.0403216214854375e-17
1.952966289	1.2689689522871252e-17
1.954121528	1.2917494818253344e-17
1.955276767	1.3418868390543269e-17
1.956432007	1.4696574788957876e-17
1.957587246	1.549940048136018e-17
1.958742485	1.5187242773607716e-17
1.959897724	1.462558200330815e-17
1.961052964	1.440521574151151e-17
1.962208203	1.455010803077617e-17
1.963363442	1.4754526459934306e-17
1.964518681	1.4689631214825576e-17
1.965673921	1.3988149062224793e-17
1.96682916	1.2762830555117942e-17
1.967984399	1.1378872924650568e-17
1.969139639	1.0518869114616263e-17
1.970294878	1.0588587254217836e-17
1.971450117	1.1286952688563192e-17
1.972605356	1.2081719487447608e-17
1.973760596	1.2389409880803252e-17
1.974915835	1.2410997671376001e-17
1.976071074	1.2208777139239824e-17
1.977226313	1.2028076879577316e-17
1.978381553	1.1989640228196295e-17
1.979536792	1.1949440313027139e-17
1.980692031	1.2050727886735769e-17
1.98184727	1.241028928522364e-17
1.98300251	1.2626110383859337e-17
1.984157749	1.2295830749659168e-17
1.985312988	1.1443569859409168e-17
1.986468228	1.0507656739007703e-17
1.987623467	9.825956394739068e-18
1.988778706	9.72786826520328e-18
1.989933945	1.0112123213086066e-17
1.991089185	1.0545363665874001e-17
1.992244424	1.077090747289571e-17
1.993399663	1.0513188638005723e-17
1.994554902	9.887146610977877e-18
1.995710142	9.159209724116655e-18
1.996865381	8.904811776277102e-18
1.99802062	9.095684341490524e-18
1.99917586	9.46517694933007e-18
2.000331099	9.897746389015704e-18
2.001486338	1.0280924889478252e-17
2.002641577	1.0463619424032355e-17
2.003796817	1.1511926702835842e-17
2.004952056	1.351010062674421e-17
2.006107295	1.4624516698261256e-17
2.007262534	1.4294716244345123e-17
2.008417774	1.288637320809027e-17
2.009573013	1.102340069970233e-17
2.010728252	8.859066630318197e-18
2.011883491	6.8910898237519775e-18
2.013038731	6.068773401521576e-18
2.01419397	7.290805337247967e-18
2.015349209	9.603879134997771e-18
2.016504449	1.1466487773621043e-17
2.017659688	1.2280909143244218e-17
2.018814927	1.2384992257702685e-17
2.019970166	1.217078313953123e-17
2.021125406	1.1642778444524699e-17
2.022280645	1.0669592694499813e-17
2.023435884	9.311478054307733e-18
2.024591123	8.205082522051233e-18
2.025746363	7.821097415319732e-18
2.026901602	7.862788435218201e-18
2.028056841	8.125061717840974e-18
2.02921208	8.566195108135502e-18
2.03036732	9.14566396559684e-18
2.031522559	9.530018830836511e-18
2.032677798	9.66279584071847e-18
2.033833038	9.581700260821827e-18
2.034988277	9.092829255803945e-18
2.036143516	8.463699677508783e-18
2.037298755	8.151808006126103e-18
2.038453995	8.153885565583689e-18
2.039609234	8.198567544306683e-18
2.040764473	8.399309925486089e-18
2.041919712	8.729466893061218e-18
2.043074952	8.817875223896258e-18
2.044230191	8.581261432391256e-18
2.04538543	8.140542134821768e-18
2.04654067	7.61917457699062e-18
2.047695909	7.193211780248304e-18
2.048851148	6.984102094719335e-18
2.050006387	6.976275120964193e-18
2.051161627	7.136797468012392e-18
2.052316866	7.389637450288023e-18
2.053472105	7.706223682548316e-18
2.054627344	8.144454644469245e-18
2.055782584	8.569205635968218e-18
2.056937823	8.771395096385283e-18
2.058093062	8.679374745531184e-18
2.059248301	8.482343630290225e-18
2.060403541	8.227507475372307e-18
2.06155878	7.854675890110394e-18
2.062714019	7.721486272095161e-18
2.063869259	8.173111791781662e-18
2.065024498	8.640697127478097e-18
2.066179737	8.739068152366168e-18
2.067334976	8.739271822484571e-18
2.068490216	8.684953251128898e-18
2.069645455	8.541614052878662e-18
2.070800694	8.332420383888773e-18
2.071955933	8.127868495463913e-18
2.073111173	8.03433939212511e-18
2.074266412	8.00069814765982e-18
2.075421651	7.968974639687468e-18
2.076576891	7.919768119208625e-18
2.07773213	7.772896156353743e-18
2.078887369	7.599060952049819e-18
2.080042608	7.507237775126208e-18
2.081197848	7.451312003248046e-18
2.082353087	7.326303045521797e-18
2.083508326	7.168127199202276e-18
2.084663565	6.910415401735999e-18
2.085818805	6.695543392345206e-18
2.086974044	6.866545596403625e-18
2.088129283	7.326592394618554e-18
2.089284522	7.810114617649111e-18
2.090439762	8.193449514818593e-18
2.091595001	8.552458470186334e-18
2.09275024	8.712861010127478e-18
2.09390548	8.604022766101698e-18
2.095060719	8.474991303654624e-18
2.096215958	8.393725608468885e-18
2.097371197	8.324863433386855e-18
2.098526437	8.398110000349413e-18
2.099681676	8.432089313479726e-18
2.100836915	8.149017055338617e-18
2.101992154	7.511447778267594e-18
2.103147394	6.8690763182300314e-18
2.104302633	6.483195322725405e-18
2.105457872	6.495130708759257e-18
2.106613112	7.046062043762547e-18
2.107768351	8.155170140512669e-18
2.10892359	9.343571947576732e-18
2.110078829	1.002941264425413e-17
2.111234069	1.006126050405289e-17
2.112389308	9.767174709605058e-18
2.113544547	9.54388168301409e-18
2.114699786	9.436449539466253e-18
2.115855026	9.550300110200014e-18
2.117010265	9.697250720681678e-18
2.118165504	9.743916765869546e-18
2.119320743	9.835595430369274e-18
2.120475983	9.995026351536804e-18
2.121631222	1.006312692376816e-17
2.122786461	1.017353451266341e-17
2.123941701	1.0444033180992647e-17
2.12509694	1.0721703926018845e-17
2.126252179	1.0856309905458024e-17
2.127407418	1.0864893593492945e-17
2.128562658	1.078308822058118e-17
2.129717897	1.0704142085048138e-17
2.130873136	1.0592210875089344e-17
2.132028375	1.0459249626385785e-17
2.133183615	1.037669390091344e-17
2.134338854	1.0346430171183445e-17
2.135494093	1.0390395307806092e-17
2.136649332	1.0377653811139001e-17
2.137804572	1.0126375901192896e-17
2.138959811	9.880589067834427e-18
2.14011505	9.774718634136516e-18
2.14127029	9.777785820052207e-18
2.142425529	9.948800050989435e-18
2.143580768	1.023218897668091e-17
2.144736007	1.0496289057799579e-17
2.145891247	1.0682139854696824e-17
2.147046486	1.075533258968998e-17
2.148201725	1.0733052839880927e-17
2.149356964	1.0779189556267584e-17
2.150512204	1.0976298789135108e-17
2.151667443	1.126178737158373e-17
2.152822682	1.1371982476224351e-17
2.153977922	1.1062920050668905e-17
2.155133161	1.0596838508913732e-17
2.1562884	1.0324649255973094e-17
2.157443639	1.0435544222929651e-17
2.158598879	1.0744256605137372e-17
2.159754118	1.1126050041010957e-17
2.160909357	1.1445890185494712e-17
2.162064596	1.1554190726814815e-17
2.163219836	1.1386273137639083e-17
2.164375075	1.1263964078779363e-17
2.165530314	1.188588471487979e-17
2.166685553	1.2665107607789372e-17
2.167840793	1.2369764646965776e-17
2.168996032	1.2098764840169469e-17
2.170151271	1.2156289226356432e-17
2.171306511	1.2186339157725435e-17
2.17246175	1.2052700025047123e-17
2.173616989	1.1586365002457216e-17
2.174772228	1.078671227353053e-17
2.175927468	1.0041947624510406e-17
2.177082707	9.792856878397587e-18
2.178237946	9.923768188969619e-18
2.179393185	9.926832371785814e-18
2.180548425	9.72058979995467e-18
2.181703664	9.772337686037332e-18
2.182858903	9.916332624960521e-18
2.184014143	1.0078793670825179e-17
2.185169382	1.0524365154869017e-17
2.186324621	1.1381361827645382e-17
2.18747986	1.2402859236723784e-17
2.1886351	1.294555400504679e-17
2.189790339	1.260608846061339e-17
2.190945578	1.2073875499214566e-17
2.192100817	1.1774492178510042e-17
2.193256057	1.1645991315311686e-17
2.194411296	1.1630484868743529e-17
2.195566535	1.1636020355257346e-17
2.196721774	1.1612080840418454e-17
2.197877014	1.1551160991146147e-17
2.199032253	1.1486039520700277e-17
2.200187492	1.1440926598338945e-17
2.201342732	1.1425621361056123e-17
2.202497971	1.1434288109702993e-17
2.20365321	1.1363365236690833e-17
2.204808449	1.1406285611790988e-17
2.205963689	1.1730974516508872e-17
2.207118928	1.1804665511926998e-17
2.208274167	1.1446962406503871e-17
2.209429406	1.0999584498933254e-17
2.210584646	1.0672977070767027e-17
2.211739885	1.061049458888384e-17
2.212895124	1.0798228929528776e-17
2.214050364	1.11301283920902e-17
2.215205603	1.1521162066143622e-17
2.216360842	1.1796658872283348e-17
2.217516081	1.1750271106329746e-17
2.218671321	1.1360391626909689e-17
2.21982656	1.0741932698105582e-17
2.220981799	1.0069350746818526e-17
2.222137038	9.598634950800092e-18
2.223292278	9.504623050522007e-18
2.224447517	9.87003094055287e-18
2.225602756	1.0417182685941118e-17
2.226757995	1.0562060613933651e-17
2.227913235	1.0244240162843121e-17
2.229068474	9.936070532480707e-18
2.230223713	9.877268098352018e-18
2.231378953	9.922097509569713e-18
2.232534192	9.974723259243747e-18
2.233689431	1.0049367577507052e-17
2.23484467	1.020236760120439e-17
2.23599991	1.0442222885389461e-17
2.237155149	1.0683136164514106e-17
2.238310388	1.0773419987641658e-17
2.239465627	1.0611820539259087e-17
2.240620867	1.0410074775356257e-17
2.241776106	1.0405160728438739e-17
2.242931345	1.0480338317233182e-17
2.244086585	1.0504221165952097e-17
2.245241824	1.0438655680744167e-17
2.246397063	1.0331051004862164e-17
2.247552302	1.0255879152143964e-17
2.248707542	9.57836969522125e-18
2.249862781	7.566794046128982e-18
2.25101802	5.00821940694724e-18
2.252173259	3.338766970201687e-18
2.253328499	3.602684891462772e-18
2.254483738	5.054252252508471e-18
2.255638977	6.764152501609529e-18
2.256794216	8.088918912239845e-18
2.257949456	8.73858474636495e-18
2.259104695	8.415651962712225e-18
2.260259934	7.711369826475832e-18
2.261415174	7.408496871795258e-18
2.262570413	7.709571287635555e-18
2.263725652	8.096557625605474e-18
2.264880891	8.394577506788426e-18
2.266036131	8.827945034302578e-18
2.26719137	9.533181029924332e-18
2.268346609	1.0497035889703533e-17
2.269501848	1.1066030932997971e-17
2.270657088	1.0266148033391418e-17
2.271812327	8.937381341999285e-18
2.272967566	8.107843671318017e-18
2.274122805	8.016830313576861e-18
2.275278045	8.090980829823101e-18
2.276433284	7.963765624201268e-18
2.277588523	7.7710346032005e-18
2.278743763	7.646448604642442e-18
2.279899002	7.66608592475079e-18
2.281054241	7.94646319523285e-18
2.28220948	8.530541814792897e-18
2.28336472	8.876280737517317e-18
2.284519959	8.814206818637382e-18
2.285675198	8.60293163907223e-18
2.286830437	8.331896345370766e-18
2.287985677	8.11714801224012e-18
2.289140916	8.093698956714328e-18
2.290296155	8.32838601102799e-18
2.291451395	8.878146826823214e-18
2.292606634	9.619475913913962e-18
2.293761873	1.0173567571114365e-17
2.294917112	9.888854773112851e-18
2.296072352	8.694468729497425e-18
2.297227591	7.073765641564486e-18
2.29838283	5.786705235005322e-18
2.299538069	5.295485565585927e-18
2.300693309	5.483221723284473e-18
2.301848548	6.023963776758284e-18
2.303003787	6.627725670235371e-18
2.304159026	7.175823128360824e-18
2.305314266	7.478025932443041e-18
2.306469505	7.483506192645416e-18
2.307624744	7.254113772841234e-18
2.308779984	6.898318945663644e-18
2.309935223	6.509651484396413e-18
2.311090462	6.155956984425363e-18
2.312245701	5.914605239885378e-18
2.313400941	5.856957831880545e-18
2.31455618	6.047901868647775e-18
2.315711419	6.321925843749905e-18
2.316866658	6.356647058837197e-18
2.318021898	6.026929814572264e-18
2.319177137	5.478758679182992e-18
2.320332376	4.908703003468023e-18
2.321487616	4.5687794269306e-18
2.322642855	4.598749036778403e-18
2.323798094	4.962270924583414e-18
2.324953333	5.450590327399982e-18
2.326108573	5.86672282718987e-18
2.327263812	6.1031216924095124e-18
2.328419051	6.119857688486826e-18
2.32957429	5.971147826779855e-18
2.33072953	5.6849840683600155e-18
2.331884769	5.284395525397649e-18
2.333040008	4.862483654575464e-18
2.334195247	4.543485390240968e-18
2.335350487	4.4692469520544026e-18
2.336505726	4.6007346911833345e-18
2.337660965	4.8594826969707714e-18
2.338816205	5.1848446475919705e-18
2.339971444	5.483670524572046e-18
2.341126683	5.727737551694271e-18
2.342281922	5.902203107289002e-18
2.343437162	6.018079987714816e-18
2.344592401	5.868844376352016e-18
2.34574764	5.1267233619248714e-18
2.346902879	3.561011123718646e-18
2.348058119	1.8205937563642745e-18
2.349213358	9.365911898684771e-19
2.350368597	1.2382173467634822e-18
2.351523837	2.528451222651334e-18
2.352679076	4.286727462509442e-18
2.353834315	5.637970320991383e-18
2.354989554	6.091755779387779e-18
2.356144794	5.912177017317354e-18
2.357300033	5.589013708672898e-18
2.358455272	5.3694719464958654e-18
2.359610511	5.145598461821773e-18
2.360765751	5.032405457658791e-18
2.36192099	5.010916947461763e-18
2.363076229	4.9287316124368616e-18
2.364231468	4.691105336726129e-18
2.365386708	4.3132862283854224e-18
2.366541947	3.817853112405827e-18
2.367697186	3.291303078728655e-18
2.368852426	2.9392339857554975e-18
2.370007665	2.999929754041075e-18
2.371162904	3.2737453431976498e-18
2.372318143	3.514696986274169e-18
2.373473383	3.778730800103375e-18
2.374628622	4.131784351292418e-18
2.375783861	4.489501000633475e-18
2.3769391	4.670193358709196e-18
2.37809434	4.440269388718535e-18
2.379249579	3.771428073859957e-18
2.380404818	2.9503585571347725e-18
2.381560057	2.1598140434507652e-18
2.382715297	1.7395287226316e-18
2.383870536	2.1006918466995606e-18
2.385025775	3.2327220670961893e-18
2.386181015	4.5275889264385485e-18
2.387336254	5.453698614513995e-18
2.388491493	5.318310893067433e-18
2.389646732	3.6564418774555e-18
2.390801972	4.592945093439111e-19
2.391957211	-3.264866872165808e-18
2.39311245	-6.5026976323450476e-18
2.394267689	-7.953601804292607e-18
2.395422929	-6.367686489104414e-18
2.396578168	-1.9514309599157993e-18
2.397733407	2.41328007007336e-18
2.398888647	4.041339245236418e-18
2.400043886	3.650361220415168e-18
2.401199125	2.6030529624636576e-18
2.402354364	1.9328799165048888e-18
2.403509604	1.5247822967713273e-18
2.404664843	1.4317164549217834e-18
2.405820082	1.6097215183431994e-18
2.406975321	1.922718516729095e-18
2.408130561	2.2220422114951634e-18
2.4092858	2.5116576786316685e-18
2.410441039	2.80136489928048e-18
2.411596278	3.080085422080107e-18
2.412751518	3.357602493955683e-18
2.413906757	3.668610823635385e-18
2.415061996	3.9851738725883325e-18
2.416217236	4.267882937655711e-18
2.417372475	4.210933809182297e-18
2.418527714	3.782887735021904e-18
2.419682953	3.1925910984525304e-18
2.420838193	2.3904087593981872e-18
2.421993432	1.1404466776825133e-18
2.423148671	-2.1139733245902896e-20
2.42430391	-7.131398851435391e-21
2.42545915	1.8875728474606576e-18
2.426614389	3.831814246007016e-18
2.427769628	4.335607029552055e-18
2.428924868	3.573552385931406e-18
2.430080107	2.379658236908315e-18
2.431235346	1.1695447973012981e-18
2.432390585	5.470316567294356e-20
2.433545825	-3.8708095539721304e-19
2.434701064	3.5189300741428585e-19
2.435856303	2.093694239565877e-18
2.437011542	4.324613735764473e-18
2.438166782	5.6956674562352636e-18
2.439322021	5.195046562694413e-18
2.44047726	3.1027566764558044e-18
2.441632499	-2.54735571919888e-19
2.442787739	-6.2932753765724684e-18
2.443942978	-1.424169925426263e-17
2.445098217	-1.8840772156671764e-17
2.446253457	-1.4796558915387753e-17
2.447408696	-8.102814991249741e-18
2.448563935	-5.935231387256493e-18
2.449719174	-6.346075589477547e-18
2.450874414	-5.899071730474645e-18
2.452029653	-4.012280247360773e-18
2.453184892	-2.815999580753889e-18
2.454340131	-3.123289564502092e-18
2.455495371	-4.483185009290548e-18
2.45665061	-4.950079332614608e-18
2.457805849	-3.026348499789018e-18
2.458961089	-1.3885811645520296e-18
2.460116328	-4.603429742036092e-19
2.461271567	2.1089704183945704e-19
2.462426806	8.214591120438924e-19
2.463582046	1.2974835084000097e-18
2.464737285	1.419942194333651e-18
2.465892524	1.089599760363693e-18
2.467047763	5.447076649657167e-19
2.468203003	-1.807325132259788e-20
2.469358242	-4.77147035984763e-19
2.470513481	-3.3617452245098783e-19
2.47166872	1.1515745108018774e-18
2.47282396	3.121083897247134e-18
2.473979199	4.919503833736098e-18
2.475134438	6.209924128917102e-18
2.476289678	4.803645209271703e-18
2.477444917	-6.265997238856682e-18
2.478600156	-3.726517396177659e-17
2.479755395	-1.5729685147227387e-16
2.480910635	2.1308167579747987e-16
2.482065874	8.946441550038154e-17
2.483221113	2.586812996537677e-16
2.484376352	-3.022247860521914e-17
2.485531592	-6.704401834465888e-18
2.486686831	-2.5738585915925367e-18
2.48784207	2.65685882856877e-18
2.488997309	7.266902542501191e-18
2.490152549	1.5739810790276342e-17
2.491307788	2.828623054948504e-17
2.492463027	3.823517604044493e-17
2.493618267	3.71034635551198e-17
2.494773506	7.215941259647266e-18
2.495928745	-1.4601867791647567e-17
2.497083984	-2.0712735908250346e-17