0.45	6.231830807642052e-13
0.451206287	1.8288917902104404e-12
0.452412573	2.4354167417106206e-12
0.45361886	8.462807779269233e-12
0.454825146	-8.397467970734892e-11
0.456031433	1.3017675955705641e-11
0.45723772	7.121278183519657e-12
0.458444006	9.651680512144408e-12
0.459650293	2.2543160914761005e-11
0.460856579	2.817752128105992e-11
0.462062866	2.8487671751066435e-11
0.463269153	3.88994534187761e-11
0.464475439	2.6042242130875644e-11
0.465681726	2.0706423203199692e-11
0.466888012	3.101592466640176e-11
0.468094299	3.106718093589679e-11
0.469300586	2.5968895291616525e-11
0.470506872	2.7536080096819075e-11
0.471713159	2.5395675695550123e-11
0.472919445	2.34963611977269e-11
0.474125732	2.5453040692126673e-11
0.475332019	2.7465583274378158e-11
0.476538305	2.5374532678303164e-11
0.477744592	2.1715078649809924e-11
0.478950878	2.244401682528394e-11
0.480157165	2.2272337931603214e-11
0.481363452	2.0401180044623345e-11
0.482569738	1.9591366444295148e-11
0.483776025	1.9035334157900408e-11
0.484982311	1.7032258904550288e-11
0.486188598	1.3636651781092479e-11
0.487394885	1.3780074902133502e-11
0.488601171	1.7364380838636502e-11
0.489807458	1.9855710776799082e-11
0.491013744	2.1484412607548822e-11
0.492220031	2.237541537561651e-11
0.493426318	2.181938701524868e-11
0.494632604	1.9425508533161667e-11
0.495838891	1.9379402539941475e-11
0.497045177	1.8350905918382392e-11
0.498251464	1.9513319234114546e-11
0.499457751	1.870064247752866e-11
0.500664037	1.8073406287922805e-11
0.501870324	1.8849723695320636e-11
0.50307661	1.8049178818731178e-11
0.504282897	1.8201876654965625e-11
0.505489184	1.9194341663997086e-11
0.50669547	1.718099417023526e-11
0.507901757	1.5997093841132292e-11
0.509108043	1.6597278912758077e-11
0.51031433	1.732557831398126e-11
0.511520617	1.7053869051059135e-11
0.512726903	1.7708720598040216e-11
0.51393319	1.646200895129972e-11
0.515139476	1.5098089813936023e-11
0.516345763	1.5700521570475066e-11
0.51755205	1.5781719302125696e-11
0.518758336	1.7121983444058615e-11
0.519964623	1.658529046264916e-11
0.521170909	1.627588929709644e-11
0.522377196	1.5702089271628308e-11
0.523583483	1.519282525752073e-11
0.524789769	1.4919599360452188e-11
0.525996056	1.5506108839198308e-11
0.527202342	1.5364879597450027e-11
0.528408629	1.4180909831362315e-11
0.529614916	1.4238399019837367e-11
0.530821202	1.3465679573594059e-11
0.532027489	1.3606220338016642e-11
0.533233775	1.4213203199822353e-11
0.534440062	1.4953596909211835e-11
0.535646349	1.3735121539108581e-11
0.536852635	1.3808962310231984e-11
0.538058922	1.3749399100989474e-11
0.539265208	1.3702382853610754e-11
0.540471495	1.3978144352011255e-11
0.541677782	1.295420581856444e-11
0.542884068	1.2957447885336387e-11
0.544090355	1.27120803240955e-11
0.545296641	1.2983700075755343e-11
0.546502928	1.3364696000675073e-11
0.547709215	1.3583716537517536e-11
0.548915501	1.3157252936798818e-11
0.550121788	1.2952510736953062e-11
0.551328074	1.2964385909679978e-11
0.552534361	1.2963205659725903e-11
0.553740648	1.2774995194685282e-11
0.554946934	1.2763914407875631e-11
0.556153221	1.2816915715119975e-11
0.557359507	1.2699504233176004e-11
0.558565794	1.2962207320688216e-11
0.559772081	1.2685904677855223e-11
0.560978367	1.2674850324680801e-11
0.562184654	1.2760192975805587e-11
0.56339094	1.2395682259269959e-11
0.564597227	1.1978121477320425e-11
0.565803514	1.188542706325935e-11
0.5670098	1.1469797790461447e-11
0.568216087	1.1732848638191599e-11
0.569422373	1.1828321083342367e-11
0.57062866	1.1883754743332155e-11
0.571834947	1.1430767922549714e-11
0.573041233	1.13779797836129e-11
0.57424752	1.124017694994608e-11
0.575453806	1.1084043373557501e-11
0.576660093	1.1011281474333533e-11
0.57786638	1.0870883418223223e-11
0.579072666	1.1261094797365458e-11
0.580278953	1.104003577186469e-11
0.581485239	1.0900130539756305e-11
0.582691526	1.0769530563983536e-11
0.583897813	1.0908391173210494e-11
0.585104099	1.10674260342818e-11
0.586310386	1.1115687196113679e-11
0.587516672	1.053545346149682e-11
0.588722959	1.031139226961196e-11
0.589929246	1.0812977859840251e-11
0.591135532	1.0391392184375448e-11
0.592341819	1.037656190105211e-11
0.593548105	1.0191661118542284e-11
0.594754392	9.993193967178166e-12
0.595960679	9.890295222705016e-12
0.597166965	1.0022458679734644e-11
0.598373252	1.00702038279637e-11
0.599579538	9.760085728950211e-12
0.600785825	9.736064797185295e-12
0.601992112	9.815409609184216e-12
0.603198398	9.86375184024838e-12
0.604404685	9.81590408162125e-12
0.605610971	9.758941422192416e-12
0.606817258	9.610348612688646e-12
0.608023545	9.553143447562934e-12
0.609229831	9.345238141609462e-12
0.610436118	9.315696331230422e-12
0.611642404	9.117345758388368e-12
0.612848691	9.046201240225833e-12
0.614054978	8.546291491499942e-12
0.615261264	7.94176460529147e-12
0.616467551	8.098374746771661e-12
0.617673837	7.45573190842666e-12
0.618880124	7.087843262961542e-12
0.620086411	6.8608352961630825e-12
0.621292697	6.8102668344179255e-12
0.622498984	6.9355632464416785e-12
0.62370527	7.42138908313352e-12
0.624911557	7.817431851812163e-12
0.626117844	8.212920498079043e-12
0.62732413	8.160953640857936e-12
0.628530417	8.204128035991207e-12
0.629736703	8.464824686978654e-12
0.63094299	8.566702633058878e-12
0.632149277	8.58262110444668e-12
0.633355563	8.562557255380716e-12
0.63456185	8.33168903831852e-12
0.635768136	8.254367442410125e-12
0.636974423	8.300291262770791e-12
0.63818071	8.35362646791587e-12
0.639386996	8.227430094560165e-12
0.640593283	8.110929953964797e-12
0.641799569	8.071109506181742e-12
0.643005856	8.089727868170865e-12
0.644212143	7.821900486666799e-12
0.645418429	7.62115699394353e-12
0.646624716	7.77461222382586e-12
0.647831002	7.612697805096415e-12
0.649037289	7.357905881993539e-12
0.650243576	7.27861835153837e-12
0.651449862	7.214200744498681e-12
0.652656149	7.2071824871817716e-12
0.653862435	6.949624539918448e-12
0.655068722	5.888176829459637e-12
0.656275009	4.534332801502048e-12
0.657481295	5.592091214045984e-12
0.658687582	7.151961365663543e-12
0.659893868	7.238198405316071e-12
0.661100155	6.889076787876236e-12
0.662306442	6.901619831406669e-12
0.663512728	6.783728925707502e-12
0.664719015	6.630010941988517e-12
0.665925301	6.65792731381103e-12
0.667131588	6.675916844140112e-12
0.668337875	6.551020972702497e-12
0.669544161	6.5920068886982015e-12
0.670750448	6.7525231411944404e-12
0.671956734	6.8576670456611446e-12
0.673163021	6.783880712497021e-12
0.674369308	6.827585484229158e-12
0.675575594	7.107676289993329e-12
0.676781881	7.210506481861379e-12
0.677988167	7.129496574880517e-12
0.679194454	7.02944816307937e-12
0.680400741	6.829687347047466e-12
0.681607027	6.675987712761425e-12
0.682813314	6.496967686851819e-12
0.6840196	6.4780651512854606e-12
0.685225887	6.4646738838889406e-12
0.686432174	6.3409385474117606e-12
0.68763846	6.365488245584297e-12
0.688844747	6.496000073108338e-12
0.690051033	6.529595628977738e-12
0.69125732	6.563765455712506e-12
0.692463607	6.540408019602316e-12
0.693669893	6.410007166916984e-12
0.69487618	6.257663497013197e-12
0.696082466	6.12494488030728e-12
0.697288753	5.9817637972749604e-12
0.698495039	5.687795384059525e-12
0.699701326	5.405281828322172e-12
0.700907613	5.2737816026710085e-12
0.702113899	5.20277623885905e-12
0.703320186	5.118611244468186e-12
0.704526472	5.0738236888337076e-12
0.705732759	5.134435329331228e-12
0.706939046	5.292085588402697e-12
0.708145332	5.415463247606958e-12
0.709351619	5.482846728704874e-12
0.710557905	5.458551699565351e-12
0.711764192	5.402859972988313e-12
0.712970479	5.485280198155085e-12
0.714176765	5.4765479130684925e-12
0.715383052	5.170053699825379e-12
0.716589338	4.594956269083233e-12
0.717795625	3.990340059407507e-12
0.719001912	3.5301940308518204e-12
0.720208198	3.2295750762567386e-12
0.721414485	3.031254259968403e-12
0.722620771	2.722155896760065e-12
0.723827058	2.3177680648927122e-12
0.725033345	1.954116195523177e-12
0.726239631	1.6931331280605657e-12
0.727445918	1.597632130659619e-12
0.728652204	1.6983994744993813e-12
0.729858491	1.942498896185347e-12
0.731064778	2.2553707888449246e-12
0.732271064	2.607921684142043e-12
0.733477351	2.942805217330068e-12
0.734683637	3.2860379013905657e-12
0.735889924	3.6349290021996493e-12
0.737096211	3.883114065724223e-12
0.738302497	4.115168729338787e-12
0.739508784	4.3329825627176966e-12
0.74071507	4.539497398607764e-12
0.741921357	4.622398006351577e-12
0.743127644	4.634770277129115e-12
0.74433393	4.653510361178131e-12
0.745540217	4.610080359284737e-12
0.746746503	4.484882545948941e-12
0.74795279	4.527532497126847e-12
0.749159077	4.5791891111802845e-12
0.750365363	4.536739951394421e-12
0.75157165	4.471355473014791e-12
0.752777936	4.482166859419819e-12
0.753984223	4.448338107072024e-12
0.75519051	4.313904841161847e-12
0.756396796	4.24376256613286e-12
0.757603083	4.1409237891303555e-12
0.758809369	3.854129070070315e-12
0.760015656	3.70934743726311e-12
0.761221943	3.88218882499783e-12
0.762428229	4.056065918982134e-12
0.763634516	4.0827542463566335e-12
0.764840802	3.980865573030571e-12
0.766047089	3.905141515369024e-12
0.767253376	3.8794338649543664e-12
0.768459662	3.82253444027302e-12
0.769665949	3.7002548393235605e-12
0.770872235	3.6694518028105615e-12
0.772078522	3.698701627723918e-12
0.773284809	3.62359031708292e-12
0.774491095	3.5672559294314856e-12
0.775697382	3.482915761131122e-12
0.776903668	3.2083331018644995e-12
0.778109955	3.117374116419449e-12
0.779316242	3.1134670326803744e-12
0.780522528	2.9292609447376923e-12
0.781728815	2.716081166784264e-12
0.782935101	2.590685193307578e-12
0.784141388	2.5607944857078306e-12
0.785347675	2.5866179837735907e-12
0.786553961	2.625061876273696e-12
0.787760248	2.632769980554587e-12
0.788966534	2.666450380627151e-12
0.790172821	2.7046655950709284e-12
0.791379108	2.65167305789785e-12
0.792585394	2.533059401541424e-12
0.793791681	2.4508493933793448e-12
0.794997967	2.3240428594927533e-12
0.796204254	2.237066170175207e-12
0.797410541	2.250442188409633e-12
0.798616827	2.2615818666162006e-12
0.799823114	2.234030547013225e-12
0.8010294	2.2303869701630804e-12
0.802235687	2.253206811594506e-12
0.803441974	2.364959359855521e-12
0.80464826	2.4619860747235652e-12
0.805854547	2.5033990799821354e-12
0.807060833	2.5638768277761477e-12
0.80826712	2.6934654463228837e-12
0.809473407	2.7145729406957003e-12
0.810679693	2.65680109842276e-12
0.81188598	2.6746971645215744e-12
0.813092266	2.710731258401162e-12
0.814298553	2.7036228005417905e-12
0.81550484	2.7266256969255817e-12
0.816711126	2.771920613316009e-12
0.817917413	2.7893101077499557e-12
0.819123699	2.822640230837887e-12
0.820329986	2.919053610487841e-12
0.821536273	2.8977315208453324e-12
0.822742559	2.7836810224825997e-12
0.823948846	2.900045485044285e-12
0.825155132	2.991623749445662e-12
0.826361419	2.9670517626419125e-12
0.827567706	2.8881506266807417e-12
0.828773992	2.8713548274632504e-12
0.829980279	2.880374773332587e-12
0.831186565	2.9042436866631576e-12
0.832392852	2.933090688284074e-12
0.833599139	2.8730378061568608e-12
0.834805425	2.732567915303976e-12
0.836011712	2.4791020994773032e-12
0.837217998	2.2953025672443356e-12
0.838424285	2.235224039805059e-12
0.839630572	2.099516697619717e-12
0.840836858	2.0059376006822084e-12
0.842043145	2.080303299571304e-12
0.843249431	2.1506283314494646e-12
0.844455718	2.166670865330798e-12
0.845662005	2.2858978027237516e-12
0.846868291	2.260555985112851e-12
0.848074578	2.567528669766026e-12
0.849280864	2.618463282187558e-12
0.850487151	2.2468039601947154e-12
0.851693438	2.3935369586819094e-12
0.852899724	2.4854885632469006e-12
0.854106011	2.000252687843688e-12
0.855312297	1.9401920488285442e-12
0.856518584	2.1066576568697573e-12
0.857724871	1.8723405330166007e-12
0.858931157	1.4719288461212183e-12
0.860137444	1.2965093852766253e-12
0.86134373	1.349877316542438e-12
0.862550017	1.2159992385663245e-12
0.863756304	1.11723387359884e-12
0.86496259	1.0263254236209164e-12
0.866168877	8.35426898290677e-13
0.867375163	9.59178186706003e-13
0.86858145	1.3578558497989839e-12
0.869787737	1.742428462473423e-12
0.870994023	1.9467869883562167e-12
0.87220031	2.099789453118385e-12
0.873406596	1.9426102978906827e-12
0.874612883	1.53509353822452e-12
0.87581917	1.635219210156662e-12
0.877025456	2.0286224529089843e-12
0.878231743	1.950294243332255e-12
0.879438029	1.6054438148515964e-12
0.880644316	1.2185719689561237e-12
0.881850603	7.593840252594704e-13
0.883056889	4.338069747287799e-13
0.884263176	3.0375323394859566e-13
0.885469462	2.3240933429042975e-13
0.886675749	1.840594013106032e-13
0.887882036	2.0633346352282286e-13
0.889088322	2.506811717912263e-13
0.890294609	2.7103353795958545e-13
0.891500895	2.772899904697064e-13
0.892707182	2.6783461525199033e-13
0.893913469	2.5777302459848944e-13
0.895119755	2.5932389310380445e-13
0.896326042	2.9522889826823066e-13
0.897532328	3.451232707577989e-13
0.898738615	3.6819404951727315e-13
0.899944902	3.74276393253378e-13
0.901151188	3.9532466668312313e-13
0.902357475	5.61034164583256e-13
0.903563761	8.842822047679395e-13
0.904770048	1.190030685656602e-12
0.905976335	1.4021351047989363e-12
0.907182621	1.6204542448412336e-12
0.908388908	1.7595500047773117e-12
0.909595194	1.7576324975300929e-12
0.910801481	1.7489375887257939e-12
0.912007768	1.7738810571644697e-12
0.913214054	1.8221694917598002e-12
0.914420341	1.7967926850220316e-12
0.915626627	1.7779008415408542e-12
0.916832914	1.9330202954482985e-12
0.918039201	2.0290772482862887e-12
0.919245487	2.2439406115242324e-12
0.920451774	2.4049819061772883e-12
0.92165806	2.0168940008553486e-12
0.922864347	1.7267236621960196e-12
0.924070634	1.939246145459648e-12
0.92527692	1.9378188362388065e-12
0.926483207	1.857219249698789e-12
0.927689493	1.9879415557524953e-12
0.92889578	2.3457717371169166e-12
0.930102067	2.3014747517395077e-12
0.931308353	2.163814523338782e-12
0.93251464	1.9709769664564554e-12
0.933720926	1.8144564773034313e-12
0.934927213	1.5264610425489349e-12
0.9361335	1.6292898079952488e-12
0.937339786	2.445509522747021e-12
0.938546073	2.2466677952669987e-12
0.939752359	1.7347113195887298e-12
0.940958646	1.663887492711261e-12
0.942164933	1.5888560885038125e-12
0.943371219	1.330724724015086e-12
0.944577506	1.3025924026693318e-12
0.945783792	1.4343340402039554e-12
0.946990079	1.4956090829601965e-12
0.948196366	1.4586360708966947e-12
0.949402652	1.515366413727565e-12
0.950608939	1.3715430632557367e-12
0.951815225	1.3326105808273003e-12
0.953021512	1.5075158642064476e-12
0.954227799	1.3150080492153519e-12
0.955434085	1.3161043231344628e-12
0.956640372	1.8045448065176174e-12
0.957846658	1.6950536763619687e-12
0.959052945	1.2743996522890144e-12
0.960259232	1.183452394959551e-12
0.961465518	1.3279041563481932e-12
0.962671805	1.3593459080706154e-12
0.963878091	1.1126760998500002e-12
0.965084378	1.1872832521672742e-12
0.966290665	1.2533040755543201e-12
0.967496951	1.0820793383720875e-12
0.968703238	1.0687204141324793e-12
0.969909524	1.2216217448811402e-12
0.971007713	0.
0.972213749	0.
0.973419785	0.
0.974625822	0.
0.975831858	0.
0.977037894	0.
0.978243931	0.
0.979449967	0.
0.980656004	0.
0.98186204	0.
0.983068076	0.
0.984274113	0.
0.985480149	0.
0.986686185	0.
0.987892222	0.
0.989098258	0.
0.990304294	0.
0.991510331	0.
0.992716367	0.
0.993922404	0.
0.99512844	0.
0.996334476	0.
0.997540513	5.095266040163162e-13
0.998746549	5.002320555575109e-13
0.999952585	4.975692689612397e-13
1.001158622	4.852896833368727e-13
1.002364658	4.810915358377404e-13
1.003570695	4.766318179738759e-13
1.004776731	4.784885765081149e-13
1.005982767	5.161077582815839e-13
1.007188804	5.583709301807302e-13
1.00839484	5.819197652288591e-13
1.009600876	6.120701282579576e-13
1.010806913	6.223697544874122e-13
1.012012949	6.057932983622912e-13
1.013218986	5.882825765780804e-13
1.014425022	5.602650473470215e-13
1.015631058	5.230211831004716e-13
1.016837095	4.843308314200699e-13
1.018043131	4.4958013850679944e-13
1.019249167	4.292331355179561e-13
1.020455204	4.4108058414111605e-13
1.02166124	4.640702563626734e-13
1.022867277	5.035510797675444e-13
1.024073313	5.565691227294818e-13
1.025279349	6.233322425647125e-13
1.026485386	6.971850324024515e-13
1.027691422	7.727461782923295e-13
1.028897458	8.586709969316075e-13
1.030103495	9.460680684630175e-13
1.031309531	1.012789093285988e-12
1.032515567	1.0809199586546144e-12
1.033721604	1.1651133327493682e-12
1.03492764	1.2245895328862237e-12
1.036133677	1.2679888386999552e-12
1.037339713	1.3392093786696674e-12
1.038545749	1.404310370253465e-12
1.039751786	1.4431437121993806e-12
1.040957822	1.4831216360393624e-12
1.042163858	1.5273927278078543e-12
1.043369895	1.5606965958988232e-12
1.044575931	1.596776362185758e-12
1.045781968	1.6499962175432086e-12
1.046988004	1.689704114796909e-12
1.04819404	1.7172954143276634e-12
1.049400077	1.751521839885817e-12
1.050606113	1.795234038814879e-12
1.051812149	1.839410403860875e-12
1.053018186	1.8927759932852823e-12
1.054224222	1.942946713858898e-12
1.055430259	1.9665939098365215e-12
1.056636295	2.0013208085755735e-12
1.057842331	2.058396572681767e-12
1.059048368	2.0761964922256485e-12
1.060254404	2.057374823108061e-12
1.06146044	2.0297606574213776e-12
1.062666477	2.06102220566638e-12
1.063872513	2.061442797607363e-12
1.06507855	2.0541934413519585e-12
1.066284586	2.046219052584921e-12
1.067490622	2.039709010230497e-12
1.068696659	2.0514879933986405e-12
1.069902695	2.0757234038540892e-12
1.071108731	2.0741905823889205e-12
1.072314768	2.062037668849101e-12
1.073520804	2.079073088814348e-12
1.07472684	2.0849651210950162e-12
1.075932877	2.0713953508142733e-12
1.077138913	2.0635394640720616e-12
1.07834495	2.0537796220401248e-12
1.079550986	2.0200645137382077e-12
1.080757022	2.0288529593412976e-12
1.081963059	2.088386835978469e-12
1.083169095	2.097954564129432e-12
1.084375131	2.06428327340447e-12
1.085581168	2.0192370328015197e-12
1.086787204	2.013518407256892e-12
1.087993241	2.0354153489137426e-12
1.089199277	1.955397801558555e-12
1.090405313	1.848485342749167e-12
1.09161135	1.798085388075075e-12
1.092817386	1.8118485297120913e-12
1.094023422	1.892204394175031e-12
1.095229459	1.9086216823492487e-12
1.096435495	1.8982533433524012e-12
1.097641532	1.922993369162084e-12
1.098847568	1.9121885097197996e-12
1.100053604	1.878483038479122e-12
1.101259641	1.874341503493739e-12
1.102465677	1.8611074265322403e-12
1.103671713	1.7908008512364513e-12
1.10487775	1.7002997576003693e-12
1.106083786	1.612171242007783e-12
1.107289823	1.5259240734074715e-12
1.108495859	1.4482894004051684e-12
1.109701895	1.3837866381566818e-12
1.110907932	1.3365274039351757e-12
1.112113968	1.3019557899367073e-12
1.113320004	1.2623889889409412e-12
1.114526041	1.2201863916823672e-12
1.115732077	1.1772523821017462e-12
1.116938113	1.1304530218132687e-12
1.11814415	1.077288329720817e-12
1.119350186	1.0168309861604755e-12
1.120556223	9.370507600350314e-13
1.121762259	8.308962920909316e-13
1.122968295	7.238891850908993e-13
1.124174332	6.260352739647137e-13
1.125380368	5.343858610915027e-13
1.126586404	4.4059153549706164e-13
1.127792441	3.4703229351755573e-13
1.128998477	2.7435017166944873e-13
1.130204514	2.1930959204216528e-13
1.13141055	1.756755078229419e-13
1.132616586	1.4337448609089368e-13
1.133822623	1.1441127636366832e-13
1.135028659	8.958750718669062e-14
1.136234695	7.083297697678126e-14
1.137440732	5.90568553470294e-14
1.138646768	5.3733714477596166e-14
1.139852805	5.279707032986768e-14
1.141058841	5.4737652265145126e-14
1.142264877	5.854029515709921e-14
1.143470914	6.366754791935899e-14
1.14467695	6.886648798053677e-14
1.145882986	7.348614618903591e-14
1.147089023	7.831695890907816e-14
1.148295059	8.363878186871207e-14
1.149501096	8.805526136419926e-14
1.150707132	9.085550818857837e-14
1.151913168	9.127877544990198e-14
1.153119205	8.733887740400614e-14
1.154325241	7.948491623833264e-14
1.155531277	6.965013961754377e-14
1.156737314	5.823957857535612e-14
1.15794335	4.668939497638693e-14
1.159149387	3.6758534834636735e-14
1.160355423	2.861468177868122e-14
1.161561459	2.2187070373922122e-14
1.162767496	1.763673831720985e-14
1.163973532	1.4779939600863196e-14
1.165179568	1.3180532839265256e-14
1.166385605	1.2482432080419756e-14
1.167591641	1.2128786246158533e-14
1.168797677	1.2115168358054709e-14
1.170003714	1.3116702771191171e-14
1.17120975	1.5074317251861156e-14
1.172415787	1.8328444413020132e-14
1.173621823	2.3156772120022246e-14
1.174827859	2.918897555692822e-14
1.176033896	3.623946070134893e-14
1.177239932	4.3606790087557035e-14
1.178445968	5.098039731007453e-14
1.179652005	5.6733671283614406e-14
1.180858041	6.136490765865748e-14
1.182064078	6.47024800723891e-14
1.183270114	6.550760302379875e-14
1.18447615	6.371000757805499e-14
1.185682187	5.872295736728887e-14
1.186888223	5.4766217823903624e-14
1.188094259	5.286193978695632e-14
1.189300296	5.117646568726473e-14
1.190506332	5.119446932098547e-14
1.191712369	5.444949709877457e-14
1.192918405	6.133804214476227e-14
1.194124441	7.146915672168979e-14
1.195330478	8.493751454968233e-14
1.196536514	1.0246570870530964e-13
1.19774255	1.2566124257111448e-13
1.198948587	1.49862487028975e-13
1.200154623	1.7246938023850603e-13
1.20136066	1.9678141652017374e-13
1.202566696	2.2475254581748393e-13
1.203772732	2.615719912510342e-13
1.204978769	2.957666077029461e-13
1.206184805	3.2703042327879155e-13
1.207390841	3.772655169659958e-13
1.208596878	4.3317580358381087e-13
1.209802914	4.765263537186517e-13
1.21100895	5.199668867927269e-13
1.212214987	5.670131121209111e-13
1.213421023	6.147194035158201e-13
1.21462706	6.594736524665755e-13
1.215833096	6.983428350761231e-13
1.217039132	7.301208913863433e-13
1.218245169	7.535657536265412e-13
1.219451205	7.676728433233317e-13
1.220657241	7.729048264828457e-13
1.221863278	7.701180100242217e-13
1.223069314	7.616344043473415e-13
1.224275351	7.479305625315368e-13
1.225481387	7.279480053208535e-13
1.226687423	7.073476145195543e-13
1.22789346	6.892517490606367e-13
1.229099496	6.660605951336473e-13
1.230305532	6.433810504923102e-13
1.231511569	6.349258366770761e-13
1.232717605	6.362151594570112e-13
1.233923642	6.415273458719572e-13
1.235129678	6.518180736487901e-13
1.236335714	6.650958385951887e-13
1.237541751	6.779180357540117e-13
1.238747787	6.944657957025517e-13
1.239953823	7.148802773821814e-13
1.24115986	7.30088202413442e-13
1.242365896	7.393689106683283e-13
1.243571933	7.48316956416425e-13
1.244777969	7.550929237487426e-13
1.245984005	7.605415956186726e-13
1.247190042	7.702753773889551e-13
1.248396078	7.817492454229832e-13
1.249602114	7.910430265632282e-13
1.250808151	8.022680579696612e-13
1.252014187	8.137784601312349e-13
1.253220223	8.145487377249129e-13
1.25442626	8.094999277709967e-13
1.255632296	8.080290964769747e-13
1.256838333	8.060884588830615e-13
1.258044369	8.032825976748805e-13
1.259250405	8.001643253870756e-13
1.260456442	7.988580303926435e-13
1.261662478	8.031610254551257e-13
1.262868514	8.088624102809701e-13
1.264074551	8.14543994929044e-13
1.265280587	8.212848369638345e-13
1.266486624	8.314029783465542e-13
1.26769266	8.472039154925583e-13
1.268898696	8.532054049952439e-13
1.270104733	8.475718246202935e-13
1.271310769	8.449772431952487e-13
1.272516805	8.440429527374044e-13
1.273722842	8.446242260983301e-13
1.274928878	8.397164343861696e-13
1.276134915	8.303881773040879e-13
1.277340951	8.232249478209315e-13
1.278546987	8.088754018540961e-13
1.279753024	7.947436923152763e-13
1.28095906	8.153920378629529e-13
1.282165096	8.588770832226286e-13
1.283371133	8.343653551892167e-13
1.284577169	8.006126894353228e-13
1.285783206	8.041243528877277e-13
1.286989242	8.095444317450161e-13
1.288195278	8.054663472039357e-13
1.289401315	7.978550537478072e-13
1.290607351	7.858295232667643e-13
1.291813387	7.660160045085251e-13
1.293019424	7.505709171225169e-13
1.29422546	7.398050934928939e-13
1.295431496	7.241730770289102e-13
1.296637533	7.109091715291825e-13
1.297843569	7.035480624115559e-13
1.299049606	6.91346789186888e-13
1.300255642	6.749690999343506e-13
1.301461678	6.628251742913915e-13
1.302667715	6.494951172746594e-13
1.303873751	6.311122201969579e-13
1.305079787	6.05837222965507e-13
1.306285824	5.759396862529207e-13
1.30749186	5.46237707467885e-13
1.308697897	5.132878598819543e-13
1.309903933	4.757577771116864e-13
1.311109969	4.3779605289061174e-13
1.312316006	3.985967609479078e-13
1.313522042	3.5063559483585993e-13
1.314728078	3.105475260683611e-13
1.315934115	2.8433519967445564e-13
1.317140151	2.5778187323905265e-13
1.318346188	2.334799423429674e-13
1.319552224	2.1723024341178356e-13
1.32075826	2.061740559479504e-13
1.321964297	1.989453200136259e-13
1.323170333	1.9308238758419119e-13
1.324376369	1.8805074166433504e-13
1.325582406	1.838536125390584e-13
1.326788442	1.7869347932396352e-13
1.327994479	1.719600981170321e-13
1.329200515	1.651380180808426e-13
1.330406551	1.5718089972063394e-13
1.331612588	1.4617756591897276e-13
1.332818624	1.3293159020078575e-13
1.33402466	1.1844487125605893e-13
1.335230697	1.039424644861625e-13
1.336436733	8.984670430549076e-14
1.33764277	7.633403435820314e-14
1.338848806	6.439607866742526e-14
1.340054842	5.502679767986398e-14
1.341260879	4.724873740061537e-14
1.342466915	4.08250037447231e-14
1.343672951	3.601481855071042e-14
1.344878988	3.2557498063526746e-14
1.346085024	3.040939594308719e-14
1.34729106	2.9504856236335025e-14
1.348497097	3.0220227708523045e-14
1.349703133	3.2514855931456136e-14
1.35090917	3.573544382983848e-14
1.352115206	4.1040521004041425e-14
1.353321242	5.042587048090134e-14
1.354527279	6.681067893619489e-14
1.355733315	9.306327134665605e-14
1.356939351	1.219759953819895e-13
1.358145388	1.360314605823849e-13
1.359351424	1.3597177289879877e-13
1.360557461	1.3257225989456545e-13
1.361763497	1.253281578311288e-13
1.362969533	1.219518000411574e-13
1.36417557	1.2718984174683576e-13
1.365381606	1.4366069592124587e-13
1.366587642	1.6675961468271584e-13
1.367793679	1.9301280363423183e-13
1.368999715	2.0282158886033373e-13
1.370205752	1.7929176256520857e-13
1.371411788	1.5220550843770538e-13
1.372617824	1.3015757240216243e-13
1.373823861	1.1535766022996e-13
1.375029897	1.0712158403573676e-13
1.376235933	1.0208810625499313e-13
1.37744197	9.854353101318352e-14
1.378648006	9.792114322392049e-14
1.379854043	1.0347359167539465e-13
1.381060079	1.0780906387846949e-13
1.382266115	1.059991773913132e-13
1.383472152	9.477538060638265e-14
1.384678188	7.421453940397514e-14
1.385884224	5.747829723917393e-14
1.387090261	4.5157686841804756e-14
1.388296297	3.683222761897828e-14
1.389502333	3.3702946081936916e-14
1.39070837	3.2722691256644517e-14
1.391914406	3.2557764264490875e-14
1.393120443	3.2818808863523415e-14
1.394326479	3.178015990634427e-14
1.395532515	3.0198478818280535e-14
1.396738552	2.870140920353492e-14
1.397944588	2.744881963984054e-14
1.399150624	2.7228672295054095e-14
1.400356661	2.7486266564043232e-14
1.401562697	2.7305640900334094e-14
1.402768734	2.693925242576603e-14
1.40397477	2.6311276705941745e-14
1.405180806	2.5409132176740503e-14
1.406386843	2.4538736926871725e-14
1.407592879	2.391811711941742e-14
1.408798915	2.351362424620074e-14
1.410004952	2.3609157985129843e-14
1.411210988	2.4702846660385602e-14
1.412417025	2.6652283859760623e-14
1.413623061	2.9211748095945476e-14
1.414829097	3.244491112672935e-14
1.416035134	3.588530783204371e-14
1.41724117	3.9356868367386216e-14
1.418447206	4.254171408394826e-14
1.419653243	4.5235215902558344e-14
1.420859279	4.773884951500965e-14
1.422065316	5.004261320973782e-14
1.423271352	5.100880447869013e-14
1.424477388	5.137473117345426e-14
1.425683425	5.3040849308892844e-14
1.426889461	5.534209397984125e-14
1.428095497	5.836902167184897e-14
1.429301534	6.275266881602079e-14
1.43050757	6.805250380143827e-14
1.431713606	7.426212981203721e-14
1.432919643	8.121926061726739e-14
1.434125679	8.84511536201116e-14
1.435331716	9.508224290889968e-14
1.436537752	1.0070271481523161e-13
1.437743788	1.0534015912470119e-13
1.438949825	1.1016920347886655e-13
1.440155861	1.1459534369520065e-13
1.441361897	1.136021604287556e-13
1.442567934	1.1041235387134765e-13
1.44377397	1.0870068611715012e-13
1.444980007	1.059908622967623e-13
1.446186043	1.0257720981785134e-13
1.447392079	1.0166865012604028e-13
1.448598116	1.0298510130735032e-13
1.449804152	1.0509931108199532e-13
1.451010188	1.0889834767209194e-13
1.452216225	1.1381911648000618e-13
1.453422261	1.1737091816988218e-13
1.454628298	1.2104083116119706e-13
1.455834334	1.266456382977731e-13
1.45704037	1.3288177631377233e-13
1.458246407	1.3981656013638182e-13
1.459452443	1.4884867306626426e-13
1.460658479	1.5979389891884566e-13
1.461864516	1.7229482925612433e-13
1.463070552	1.8354154767298744e-13
1.464276589	1.9281793583989435e-13
1.465482625	2.0137165916101092e-13
1.466688661	2.067228062043955e-13
1.467894698	2.0698705185614e-13
1.469100734	2.0449761906219058e-13
1.47030677	2.0010978915330932e-13
1.471512807	1.927866657627429e-13
1.472718843	1.860506161309575e-13
1.473924879	1.7508855049247974e-13
1.475130916	1.6414714428825777e-13
1.476336952	1.6641084243544174e-13
1.477542989	1.7444485132089466e-13
1.478749025	1.8720803717184673e-13
1.479955061	2.0065858667175367e-13
1.481161098	2.22934339172054e-13
1.482367134	2.529771156429984e-13
1.48357317	2.7302332523340133e-13
1.484779207	2.9684345494530323e-13
1.485985243	3.112548686066676e-13
1.48719128	3.482157452660417e-13
1.488397316	3.8974334823270406e-13
1.489603352	3.795044750435963e-13
1.490809389	3.736296182602631e-13
1.492015425	3.887271558739374e-13
1.493221461	3.937717615079095e-13
1.494427498	3.9396155883888595e-13
1.495633534	4.023158021556538e-13
1.496839571	4.0817581670405296e-13
1.498045607	4.001588647973108e-13
1.499251643	3.894020923585023e-13
1.50045768	3.8772405555712553e-13
1.501663716	3.890721414357014e-13
1.502869752	3.85240310045209e-13
1.504075789	3.855262437089458e-13
1.505281825	3.8964257394549034e-13
1.506487862	3.898455841399372e-13
1.507693898	3.816233197660553e-13
1.508899934	3.77389177613777e-13
1.510105971	3.7275208448408444e-13
1.511312007	3.7725442412625697e-13
1.512518043	3.857100730440639e-13
1.51372408	3.930848559723048e-13
1.514930116	3.983779016252624e-13
1.516136152	3.991178211630831e-13
1.517342189	4.0157727893077684e-13
1.518548225	4.0521482535163583e-13
1.519754262	4.098592511025534e-13
1.520960298	4.1656172139370976e-13
1.522166334	4.2828509613829644e-13
1.523372371	4.3094616978028607e-13
1.524578407	4.257146071069718e-13
1.525784443	4.1557900937497593e-13
1.52699048	4.0913566572687684e-13
1.528196516	4.097264962351811e-13
1.529402553	4.1932069298132855e-13
1.530608589	4.2322018905037784e-13
1.531814625	4.130492749899864e-13
1.533020662	4.131309020635578e-13
1.534226698	4.23213985591047e-13
1.535432734	4.2570227091686443e-13
1.536638771	4.265388579471606e-13
1.537844807	4.313503996625929e-13
1.539050844	4.338325663569891e-13
1.54025688	4.294648509976306e-13
1.541462916	4.1989038297159717e-13
1.542668953	4.128601466043538e-13
1.543874989	4.137556863144426e-13
1.545081025	4.1928391970605367e-13
1.546287062	4.258260134447892e-13
1.547493098	4.371768181713639e-13
1.548699135	4.4414461258960137e-13
1.549905171	4.4312643095729475e-13
1.551111207	4.372236176957342e-13
1.552317244	4.3142068859613456e-13
1.55352328	4.3072920606583086e-13
1.554729316	4.2648854764837025e-13
1.555935353	4.165942739106266e-13
1.557141389	4.119736806826915e-13
1.558347426	4.163466527057456e-13
1.559553462	4.236167629016747e-13
1.560759498	4.2970686680725743e-13
1.561965535	4.286123850853207e-13
1.563171571	4.272100982587309e-13
1.564377607	4.2394020827596083e-13
1.565583644	4.1801623017602166e-13
1.56678968	4.1137379172479676e-13
1.567995716	4.0235041235664616e-13
1.569201753	3.901953857118347e-13
1.570407789	3.81688059091107e-13
1.571613826	3.8522709622321667e-13
1.572819862	3.9938420787945823e-13
1.574025898	4.201468337732844e-13
1.575231935	4.388454024469142e-13
1.576437971	4.566264712115784e-13
1.577644007	4.648470098372422e-13
1.578850044	4.61223129631401e-13
1.58005608	4.4258999904078183e-13
1.581262117	4.4374310936403967e-13
1.582468153	4.5166078451286155e-13
1.583674189	4.3493016243596806e-13
1.584880226	4.1572239405579933e-13
1.586086262	4.0209953859357337e-13
1.587292298	4.0001503610028394e-13
1.588498335	4.1963809964458666e-13
1.589704371	4.493305999465747e-13
1.590910408	4.656447873787892e-13
1.592116444	4.578554337753063e-13
1.59332248	4.511027323288327e-13
1.594528517	4.529762644803546e-13
1.595734553	4.651942955067463e-13
1.596940589	4.612698299772227e-13
1.598146626	4.4375341662046977e-13
1.599352662	4.414530956194953e-13
1.600558699	4.4824204224397616e-13
1.601764735	4.427605423914252e-13
1.602970771	4.3905052576083984e-13
1.604176808	4.3650746687707834e-13
1.605382844	4.346372766155597e-13
1.60658888	4.2957059237652753e-13
1.607794917	4.16503788707615e-13
1.609000953	4.099433057957088e-13
1.610206989	4.1024691936388487e-13
1.611413026	4.069461350285391e-13
1.612619062	4.029136501859097e-13
1.613825099	3.9755307770482786e-13
1.615031135	3.9887653539690514e-13
1.616237171	4.0355938908000266e-13
1.617443208	3.8302944970808943e-13
1.618649244	3.6161784296974714e-13
1.61985528	3.5131892895706105e-13
1.621061317	3.3214735500877863e-13
1.622267353	3.054270469023766e-13
1.62347339	2.7924995650225093e-13
1.624679426	2.544819454934201e-13
1.625885462	2.308748360154194e-13
1.627091499	2.0460994811699886e-13
1.628297535	1.7931874918134408e-13
1.629503571	1.5731279563342627e-13
1.630709608	1.3703684061773396e-13
1.631915644	1.1644338382751704e-13
1.633121681	9.783217512788199e-14
1.634327717	8.178730248446815e-14
1.635533753	6.71118178761051e-14
1.63673979	5.505112592980279e-14
1.637945826	4.5090309090990323e-14
1.639151862	3.721740033655668e-14
1.640357899	3.2117114844344e-14
1.641563935	2.972120430536719e-14
1.642769972	2.93343496217846e-14
1.643976008	2.954337782282749e-14
1.645182044	2.875759994864e-14
1.646388081	2.7562140284664854e-14
1.647594117	2.6250968423020366e-14
1.648800153	2.4695122184926448e-14
1.65000619	2.2195465553149385e-14
1.651212226	1.88598437974166e-14
1.652418262	1.5300391069180543e-14
1.653624299	1.2124577375117785e-14
1.654830335	1.005614164392575e-14
1.656036372	8.877759137317829e-15
1.657242408	8.36989525068213e-15
1.658448444	8.45903694494646e-15
1.659654481	8.951859181223407e-15
1.660860517	9.64356785869928e-15
1.662066553	1.0324856716544228e-14
1.66327259	1.1021403191952296e-14
1.664478626	1.1444564634941431e-14
1.665684663	1.1719885010931092e-14
1.666890699	1.196349062608754e-14
1.668096735	1.214367596437489e-14
1.669302772	1.2338059531393214e-14
1.670508808	1.2859157366286928e-14
1.671714844	1.3945055015995913e-14
1.672920881	1.4909789375069925e-14
1.674126917	1.5447468328482212e-14
1.675332954	1.626179010636616e-14
1.67653899	1.7130248632849785e-14
1.677745026	1.7468305101591018e-14
1.678951063	1.816381667202826e-14
1.680157099	1.9637846221932042e-14
1.681363135	2.160781400713299e-14
1.682569172	2.368710909861241e-14
1.683775208	2.4944113368186256e-14
1.684981245	2.596788895257741e-14
1.686187281	2.7118437338281766e-14
1.687393317	2.7722036302667063e-14
1.688599354	2.7539167536635117e-14
1.68980539	2.6854137256170346e-14
1.691011426	2.5547228039763193e-14
1.692217463	2.3618933521206e-14
1.693423499	2.1798043922817165e-14
1.694629535	1.973757731665687e-14
1.695835572	1.7599017517888717e-14
1.697041608	1.543940219759083e-14
1.698247645	1.3437380175368802e-14
1.699453681	1.1908868349749906e-14
1.700659717	1.0542278749396425e-14
1.701865754	9.291960549902343e-15
1.70307179	8.199365481093274e-15
1.704277826	7.154650296113775e-15
1.705483863	6.227931422990093e-15
1.706689899	5.4494859425067255e-15
1.707895936	4.815355535842865e-15
1.709101972	4.2344951722993e-15
1.710308008	3.760928481732652e-15
1.711514045	3.4994146976395082e-15
1.712720081	3.3657773596882644e-15
1.713926117	3.278993422933924e-15
1.715132154	3.3690468066935802e-15
1.71633819	3.6011579983322896e-15
1.717544227	3.838069359455252e-15
1.718750263	4.008859893794977e-15
1.719956299	4.1431363415235385e-15
1.721162336	4.187580998722072e-15
1.722368372	4.1604182833041125e-15
1.723574408	4.14606155572289e-15
1.724780445	4.065535725815341e-15
1.725986481	3.8627514348378146e-15
1.727192518	3.733884825330007e-15
1.728398554	3.741010114151889e-15
1.72960459	3.8643002028430595e-15
1.730810627	4.154442112137148e-15
1.732016663	4.700238855618263e-15
1.733222699	5.51840715959661e-15
1.734428736	6.69209842730337e-15
1.735634772	8.198627763130718e-15
1.736840809	9.976420304474362e-15
1.738046845	1.2314012657508202e-14
1.739252881	1.514287373923598e-14
1.740458918	1.830209178351165e-14
1.741664954	2.168869823173945e-14
1.74287099	2.500400447239246e-14
1.744077027	2.7723948946696135e-14
1.745283063	3.029208773484214e-14
1.746489099	3.256456576014053e-14
1.747695136	3.356883806805594e-14
1.748901172	3.3696735706450113e-14
1.750107209	3.3302672398218726e-14
1.751313245	3.23263338097892e-14
1.752519281	3.139172177050916e-14
1.753725318	2.999595759781757e-14
1.754931354	2.861788170734793e-14
1.75613739	2.7376193210186352e-14
1.757343427	2.629937185635721e-14
1.758549463	2.5319236298075834e-14
1.7597555	2.445305875950374e-14
1.760961536	2.376121436643372e-14
1.762167572	2.316295173622488e-14
1.763373609	2.187535900801908e-14
1.764579645	2.0216168949514044e-14
1.765785681	1.8573670126397538e-14
1.766991718	1.6921840186504753e-14
1.768197754	1.519875519513381e-14
1.769403791	1.345472855016707e-14
1.770609827	1.1809584172103803e-14
1.771815863	1.0393899472825555e-14
1.7730219	9.502710671841657e-15
1.774227936	9.091037788457521e-15
1.775433972	9.125988603922643e-15
1.776640009	9.478416244945731e-15
1.777846045	9.979567784667674e-15
1.779052082	1.063971188707031e-14
1.780258118	1.1480120021300411e-14
1.781464154	1.2493500556513232e-14
1.782670191	1.3526206682595864e-14
1.783876227	1.451839042785201e-14
1.785082263	1.5527656536830307e-14
1.7862883	1.6579579066744124e-14
1.787494336	1.758116285760832e-14
1.788700372	1.8708967858234863e-14
1.789906409	2.015133829942035e-14
1.791112445	2.1766281248677478e-14
1.792318482	2.353671940198881e-14
1.793524518	2.5653413076315216e-14
1.794730554	2.8218168606435856e-14
1.795936591	3.122408680037703e-14
1.797142627	3.49188144312472e-14
1.798348663	3.93382901238774e-14
1.7995547	4.4212334457674584e-14
1.800760736	4.9612107731412143e-14
1.801966773	5.538734139263839e-14
1.803172809	6.012807687528849e-14
1.804378845	6.382439877885269e-14
1.805584882	6.758487784128095e-14
1.806790918	7.087912629789365e-14
1.807996954	7.350325910325114e-14
1.809202991	7.605983133502083e-14
1.810409027	7.882944446598196e-14
1.811615064	8.253537994221837e-14
1.8128211	8.726814999796563e-14
1.814027136	9.242850375187778e-14
1.815233173	9.819746631911938e-14
1.816439209	1.0507728832277964e-13
1.817645245	1.1489404664780285e-13
1.818851282	1.2038334656379935e-13
1.820057318	1.17270675173781e-13
1.821263355	1.1626151582403278e-13
1.822469391	1.1625349794630386e-13
1.823675427	1.1258296098525302e-13
1.824881464	1.0914991584608142e-13
1.8260875	1.0743893583703704e-13
1.827579297	0.
1.828785583	0.
1.82999187	0.
1.831198156	0.
1.832404443	0.
1.83361073	0.
1.834817016	0.
1.836023303	0.
1.837229589	0.
1.838435876	0.
1.839642163	0.
1.840848449	0.
1.842054736	0.
1.843261022	0.
1.844467309	0.
1.845673596	0.
1.846879882	0.
1.848086169	0.
1.849292455	0.
1.850498742	0.
1.851705029	0.
1.852911315	0.
1.854117602	0.
1.855323888	0.
1.856530175	0.
1.857736462	0.
1.858942748	0.
1.860149035	0.
1.861355321	0.
1.862561608	0.
1.863767895	0.
1.864974181	0.
1.866180468	0.
1.867386754	0.
1.868593041	0.
1.869799328	0.
1.871005614	-1.6305027110670744e-16
1.872211901	-9.121428043911926e-17
1.873418187	2.5722346659927653e-16
1.874624474	1.6357557153515817e-15
1.875830761	6.669636068478686e-15
1.877037047	1.7339733331478654e-14
1.878243334	2.625013695391363e-14
1.87944962	2.9577539189594994e-14
1.880655907	2.812508023236104e-14
1.881862194	2.453848604289908e-14
1.88306848	2.212031179267981e-14
1.884274767	2.2854610509407528e-14
1.885481053	2.8327108086491345e-14
1.88668734	3.410364445127725e-14
1.887893627	3.214490189732646e-14
1.889099913	2.6530225225027397e-14
1.8903062	2.2950662180326727e-14
1.891512486	2.2036968547130968e-14
1.892718773	2.3905303026192832e-14
1.89392506	3.025406179410455e-14
1.895131346	3.8013192394420336e-14
1.896337633	3.743439900958792e-14
1.897543919	2.7394353544301383e-14
1.898750206	1.9341364989583505e-14
1.899956493	1.604504324853257e-14
1.901162779	1.271589288174969e-14
1.902369066	6.868265099902808e-15
1.903575352	4.71518073748287e-15
1.904781639	5.154597186405011e-15
1.905987926	6.8892299435601704e-15
1.907194212	9.629436303789754e-15
1.908400499	1.3244988774971692e-14
1.909606785	1.4089109591988006e-14
1.910813072	8.862469274506422e-15
1.912019359	4.6111942514496604e-15
1.913225645	3.1994135210822606e-15
1.914431932	3.269004238070612e-15
1.915638218	3.887616099156224e-15
1.916844505	4.683350685574105e-15
1.918050792	5.490260417732612e-15
1.919257078	6.250344501735103e-15
1.920463365	6.638358159798134e-15
1.921669651	6.569441938753937e-15
1.922875938	6.4464439752085906e-15
1.924082225	6.766248541921931e-15
1.925288511	7.745508970522749e-15
1.926494798	1.0160788769428538e-14
1.927701084	1.5838601610286804e-14
1.928907371	2.6225896075649694e-14
1.930113658	3.6227049690169504e-14
1.931319944	3.4671706663935644e-14
1.932526231	2.896456726417874e-14
1.933732517	2.5925481515172912e-14
1.934938804	2.6120442737216996e-14
1.936145091	2.7659534726690046e-14
1.937351377	2.8722538467598154e-14
1.938557664	2.7927722198105646e-14
1.93976395	2.5294912098622013e-14
1.940970237	2.1872941294266054e-14
1.942176524	1.9123557194047626e-14
1.94338281	1.819667327838009e-14
1.944589097	1.8313973632490815e-14
1.945795383	1.9830932655275283e-14
1.94700167	2.4438928946428934e-14
1.948207957	3.191380144685771e-14
1.949414243	4.080895853005553e-14
1.95062053	4.751212596139784e-14
1.951826816	4.9318925762275147e-14
1.953033103	4.5358812154588005e-14
1.95423939	4.1506658793212426e-14
1.955445676	4.52418012110552e-14
1.956651963	5.440978975287708e-14
1.957858249	5.721201125356784e-14
1.959064536	5.259194168588687e-14
1.960270823	4.662889428670434e-14
1.961477109	4.018540461649155e-14
1.962683396	3.324289916025471e-14
1.963889682	2.7327657737030735e-14
1.965095969	2.320070752196858e-14
1.966302256	2.0760669081562374e-14
1.967508542	1.996675261086059e-14
1.968714829	2.0517692423278193e-14
1.969921115	2.244297915420582e-14
1.971127402	2.6070301755010517e-14
1.972333689	3.221745029059914e-14
1.973539975	4.0820488985520594e-14
1.974746262	5.0725301529257253e-14
1.975952548	5.800812212753312e-14
1.977158835	5.86809507189988e-14
1.978365122	5.2471407642290324e-14
1.979571408	4.3687537190615284e-14
1.980777695	3.714374145207291e-14
1.981983981	3.3853663898429746e-14
1.983190268	3.2768872663511655e-14
1.984396555	3.349284674453427e-14
1.985602841	3.58810166728179e-14
1.986809128	3.8387453549450675e-14
1.988015414	3.9554191861705314e-14
1.989221701	4.0837388638207944e-14
1.990427988	4.217576838564628e-14
1.991634274	4.160459271309319e-14
1.992840561	3.781108312902673e-14
1.994046847	3.2705482934508035e-14
1.995253134	2.8297935875861294e-14
1.996459421	2.5391681314383632e-14
1.997665707	2.410195800154788e-14
1.998871994	2.4221750337376798e-14
2.00007828	2.5994966292726536e-14
2.001284567	2.9085795533020754e-14
2.002490854	3.056228643639071e-14
2.00369714	2.913333073532691e-14
2.004903427	2.720639368268733e-14
2.006109713	2.7243604624951358e-14
2.007316	2.956027795379005e-14
2.008522287	3.2313068007079055e-14
2.009728573	3.211192626576107e-14
2.01093486	2.735813771684989e-14
2.012141146	2.2225906423188253e-14
2.013347433	1.910408386713166e-14
2.01455372	1.821846700097093e-14
2.015760006	1.922936271412315e-14
2.016966293	2.2021496773978362e-14
2.018172579	2.4863985133045112e-14
2.019378866	2.5331442380648415e-14
2.020585153	2.4619976747382436e-14
2.021791439	2.451600434069367e-14
2.022997726	2.5183614986644193e-14
2.024204012	2.660749717674084e-14
2.025410299	2.946699860297058e-14
2.026616586	3.224785819416988e-14
2.027822872	3.211359780594057e-14
2.029029159	2.9659475555639476e-14
2.030235445	2.7256470080421943e-14
2.031441732	2.516637620831724e-14
2.032648019	2.330843030794491e-14
2.033854305	2.193263924817227e-14
2.035060592	2.0665230471759605e-14
2.036266878	1.9716637754764857e-14
2.037473165	1.953897385519062e-14
2.038679452	1.9694134377547257e-14
2.039885738	1.962337850620291e-14
2.041092025	1.9479199564872757e-14
2.042298311	1.8544266956579664e-14
2.043504598	1.6893652361939623e-14
2.044710885	1.594294773052336e-14
2.045917171	1.642219114649687e-14
2.047123458	1.76574464487175e-14
2.048329744	1.8460485052354447e-14
2.049536031	1.805657654771978e-14
2.050742318	1.6894219066340897e-14
2.051948604	1.5439149512139733e-14
2.053154891	1.3351689164820469e-14
2.054361177	1.0949327657004898e-14
2.055567464	9.15899341691616e-15
2.056773751	8.141266224615546e-15
2.057980037	7.728394386294538e-15
2.059186324	7.737808586942271e-15
2.06039261	7.979071395403272e-15
2.061598897	8.040828565505773e-15
2.062805184	8.064440225975711e-15
2.06401147	8.165820088550957e-15
2.065217757	7.793312301458624e-15
2.066424043	7.052094052071755e-15
2.06763033	6.639253491033971e-15
2.068836617	6.6287182792022775e-15
2.070042903	7.0047522341468655e-15
2.07124919	7.819894848060762e-15
2.072455476	9.12275039438612e-15
2.073661763	1.0010645491074861e-14
2.07486805	9.042070368407894e-15
2.076074336	7.45375701471316e-15
2.077280623	6.334538849208236e-15
2.078486909	5.725162662594589e-15
2.079693196	5.4428268054645514e-15
2.080899483	5.266310472496053e-15
2.082105769	5.0540441983068225e-15
2.083312056	4.88980716699204e-15
2.084518342	4.75481946089518e-15
2.085724629	4.5643594338019806e-15
2.086930916	4.436673229693517e-15
2.088137202	4.4141480924601705e-15
2.089343489	4.444207024651809e-15
2.090549775	4.496854647113586e-15
2.091756062	4.569460074666032e-15
2.092962349	4.5166756005430265e-15
2.094168635	4.37129231361481e-15
2.095374922	4.311541514109071e-15
2.096581208	4.321690155104259e-15
2.097787495	4.344069330436259e-15
2.098993782	4.3824158641880774e-15
2.100200068	4.3966070069602144e-15
2.101406355	4.357753293336972e-15
2.102612641	4.414926089481668e-15
2.103818928	4.7442708489470016e-15
2.105025215	5.331811807559956e-15
2.106231501	5.879223247359537e-15
2.107437788	5.985535169289895e-15
2.108644074	5.657610741463855e-15
2.109850361	5.12271738583422e-15
2.111056648	4.655253423542602e-15
2.112262934	4.480175346349276e-15
2.113469221	4.687800140721282e-15
2.114675507	5.096951415529057e-15
2.115881794	5.4653528577682445e-15
2.117088081	5.489044326883123e-15
2.118294367	5.0441840873639526e-15
2.119500654	4.491970401868896e-15
2.12070694	4.0692069146054665e-15
2.121913227	3.8055304507547514e-15
2.123119514	3.723449471664526e-15
2.1243258	3.803405376230657e-15
2.125532087	3.910559939098904e-15
2.126738373	3.959775893150677e-15
2.12794466	3.935038184686147e-15
2.129150947	3.913990997234303e-15
2.130357233	3.942039563060165e-15
2.13156352	4.005451176893078e-15
2.132769806	4.1517859834300985e-15
2.133976093	4.373849738962048e-15
2.13518238	4.571568866262626e-15
2.136388666	4.608582175550545e-15
2.137594953	4.468329679321724e-15
2.138801239	4.33562858155842e-15
2.140007526	4.3313419584082084e-15
2.141213813	4.4565746365383534e-15
2.142420099	4.763923646676724e-15
2.143626386	5.2014923940918014e-15
2.144832672	5.558367283157244e-15
2.146038959	5.717471887098818e-15
2.147245246	5.64077084563747e-15
2.148451532	5.41025761828372e-15
2.149657819	5.175259875063767e-15
2.150864105	5.0135617786142205e-15
2.152070392	5.028972726794817e-15
2.153276679	5.34020950375768e-15
2.154482965	5.971516123717662e-15
2.155689252	6.70133647133845e-15
2.156895538	7.110620514858578e-15
2.158101825	7.040335709452826e-15
2.159308112	6.547665726680307e-15
2.160514398	5.9675828902298016e-15
2.161720685	5.670954192966086e-15
2.162926971	5.7275745800722495e-15
2.164133258	5.575854563008085e-15
2.165339545	4.909159995724654e-15
2.166545831	4.072366722197765e-15
2.167752118	3.1135707425982385e-15
2.168958404	2.526146906504983e-15
2.170164691	2.308152545928704e-15
2.171370978	2.31562915584317e-15
2.172577264	2.4760856212683747e-15
2.173783551	2.7011846065073126e-15
2.174989837	2.9370204504862078e-15
2.176196124	3.1439257253323895e-15
2.177402411	3.320041225860865e-15
2.178608697	3.426340234677698e-15
2.179814984	3.411189243407544e-15
2.18102127	3.4419107662613048e-15
2.182227557	3.587301433000243e-15
2.183433844	3.710339219943317e-15
2.18464013	3.775858960641253e-15
2.185846417	3.818929803408143e-15
2.187052703	3.900150706940248e-15
2.18825899	4.072756933296903e-15
2.189465276	4.178520609640279e-15
2.190671563	4.1275126586604915e-15
2.19187785	3.921921057483313e-15
2.193084136	3.638385140655219e-15
2.194290423	3.3724888914254952e-15
2.195496709	3.1570219715883003e-15
2.196702996	3.0183292365205365e-15
2.197909283	2.981564351759212e-15
2.199115569	3.0487978705281445e-15
2.200321856	3.2135968929246282e-15
2.201528142	3.4668035702961774e-15
2.202734429	3.768584791929334e-15
2.203940716	4.046727926014155e-15
2.205147002	4.355251825519801e-15
2.206353289	4.6556565275542995e-15
2.207559575	4.7351122194015695e-15
2.208765862	4.743932971810786e-15
2.209972149	4.760672598809023e-15
2.211178435	4.642769501705843e-15
2.212384722	4.337972050099229e-15
2.213591008	3.959271979931908e-15
2.214797295	3.64051242627015e-15
2.216003582	3.435808260042587e-15
2.217209868	3.337056626403554e-15
2.218416155	3.322437451499498e-15
2.219622441	3.348891564833423e-15
2.220828728	3.3816754018555983e-15
2.222035015	3.3781711447112185e-15
2.223241301	3.274087023383391e-15
2.224447588	3.113575341260122e-15
2.225653874	3.0275037841553813e-15
2.226860161	3.0251696839723918e-15
2.228066448	3.0270602731150913e-15
2.229272734	3.0381475385756295e-15
2.230479021	3.048457236969588e-15
2.231685307	3.0415303490866595e-15
2.232891594	3.0386825031503135e-15
2.234097881	3.111345635498392e-15
2.235304167	3.3395773704120365e-15
2.236510454	3.714785622398763e-15
2.23771674	4.166229752509461e-15
2.238923027	4.532504218754473e-15
2.240129314	4.729256415594407e-15
2.2413356	4.807079210520606e-15
2.242541887	4.849646567587352e-15
2.243748173	4.932235713160803e-15
2.24495446	5.12251849963151e-15
2.246160747	5.512887925311184e-15
2.247367033	6.28553125881744e-15
2.24857332	6.964585549910937e-15
2.249779606	6.464746533520049e-15
2.250985893	5.5186000450593746e-15
2.25219218	5.106902794294227e-15
2.253398466	5.382353866712183e-15
2.254604753	5.83838628125472e-15
2.255811039	5.775481810520374e-15
2.257017326	5.241042512014164e-15
2.258223613	4.554490811483733e-15
2.259429899	3.9265029237153066e-15
2.260636186	3.476564378256204e-15
2.261842472	3.2523712902785375e-15
2.263048759	3.1146762808960413e-15
2.264255046	2.996743342499381e-15
2.265461332	2.921493463878792e-15
2.266667619	2.828332265465697e-15
2.267873905	2.692797127556238e-15
2.269080192	2.7114433481727007e-15
2.270286479	3.131486250653397e-15
2.271492765	4.03818719767826e-15
2.272699052	4.944029117879873e-15
2.273905338	4.86667124003715e-15
2.275111625	4.341889056154841e-15
2.276317912	4.0049266680218966e-15
2.277524198	3.85483588897357e-15
2.278730485	3.820694592154724e-15
2.279936771	3.760849959432037e-15
2.281143058	3.5170035271355146e-15
2.282349345	3.0585465545270903e-15
2.283555631	2.5544448303770054e-15
2.284761918	2.2239678357699015e-15
2.285968204	2.081541400717629e-15
2.287174491	2.0058265028382497e-15
2.288380778	1.9538915118198903e-15
2.289587064	1.923036559823205e-15
2.290793351	1.9053294828449095e-15
2.291999637	1.9089629698026992e-15
2.293205924	1.972714369393895e-15
2.294412211	2.097175928249081e-15
2.295618497	2.2179465566157286e-15
2.296824784	2.337256702647423e-15
2.29803107	2.427789549627347e-15
2.299237357	2.399231667431556e-15
2.300443644	2.2982432512711403e-15
2.30164993	2.2475434628535596e-15
2.302856217	2.3213884859294323e-15
2.304062503	2.529287479376813e-15
2.30526879	2.8937897099742138e-15
2.306475077	3.3809237344792065e-15
2.307681363	3.7961221420691374e-15
2.30888765	3.900177521859922e-15
2.310093936	3.7562052381225564e-15
2.311300223	3.4995466180321988e-15
2.31250651	3.314934650451273e-15
2.313712796	3.3721483657733212e-15
2.314919083	3.688489801942914e-15
2.316125369	3.840173192783821e-15
2.317331656	3.345076194400535e-15
2.318537943	2.664360294962496e-15
2.319744229	2.1424400750628952e-15
2.320950516	1.8382395485212808e-15
2.322156802	1.7213352834376185e-15
2.323363089	1.7361647427844223e-15
2.324569376	1.803888963659678e-15
2.325775662	1.8491443776510865e-15
2.326981949	1.8558789634189534e-15
2.328188235	1.83320898086022e-15
2.329394522	1.814136757733241e-15
2.330600809	1.8199534754947614e-15
2.331807095	1.8714884499485038e-15
2.333013382	1.9347736540756343e-15
2.334219668	1.9622623185678246e-15
2.335425955	1.9907903851801128e-15
2.336632242	2.0972975833237306e-15
2.337838528	2.346121629999955e-15
2.339044815	2.5726777867636013e-15
2.340251101	2.4312301737629354e-15
2.341457388	2.046681085183661e-15
2.342663675	1.7124240482106716e-15
2.343869961	1.4862215480220463e-15
2.345076248	1.3397174171341226e-15
2.346282534	1.2538794138680296e-15
2.347488821	1.191212376862995e-15
2.348695108	1.1196292436558563e-15
2.349901394	1.0479549769080613e-15
2.351107681	1.0338466345779758e-15
2.352313967	1.1119346299186e-15
2.353520254	1.253474128383493e-15
2.354726541	1.4456728113007525e-15
2.355932827	1.6348885561608568e-15
2.357139114	1.7283905629828412e-15
2.3583454	1.663331855060806e-15
2.359551687	1.5154819493887434e-15
2.360757974	1.4000335671973428e-15
2.36196426	1.3520262316406265e-15
2.363170547	1.373055196237253e-15
2.364376833	1.4678418453615287e-15
2.36558312	1.6498940402316142e-15
2.366789407	1.9852421372580133e-15
2.367995693	2.5555263505133834e-15
2.36920198	3.287687554927528e-15
2.370408266	3.954142193790984e-15
2.371614553	4.902860247228723e-15
2.37282084	7.449356015714895e-15
2.374027126	9.38632039847197e-15
2.375233413	5.501130808649208e-15
2.376439699	2.8350327696473963e-15
2.377645986	1.7629614167714401e-15
2.378852273	1.2817854453643097e-15
2.380058559	1.0494721451961878e-15
2.381264846	9.523418975643812e-16
2.382471132	9.240219286612952e-16
2.383677419	9.352780337950203e-16
2.384883706	9.451257075614487e-16
2.386089992	9.347492586948134e-16
2.387296279	9.147432297812015e-16
2.388502565	9.01968110124319e-16
2.389708852	9.274493282597283e-16
2.390915139	9.868641406661673e-16
2.392121425	1.0661561116002016e-15
2.393327712	1.1504980721311957e-15
2.394533998	1.2115107507994848e-15
2.395740285	1.2166822620456903e-15
2.396946572	1.1778215001234534e-15
2.398152858	1.13949851573223e-15
2.399359145	1.1348640204641197e-15
2.400565431	1.1490076979813362e-15
2.401771718	1.153661319900227e-15
2.402978005	1.1503684964854242e-15
2.404184291	1.1275863569468451e-15
2.405390578	1.0875887454259595e-15
2.406596864	1.0621137289475431e-15
2.407803151	1.0678851178196868e-15
2.409009438	1.075042539692197e-15
2.410215724	1.0518248952939993e-15
2.411422011	9.937865041133404e-16
2.412628297	9.235511273539935e-16
2.413834584	8.736497137043351e-16
2.415040871	8.476547174708988e-16
2.416247157	8.563547599510904e-16
2.417453444	8.637523546379093e-16
2.41865973	8.497619610385385e-16
2.419866017	8.321603873508266e-16
2.421072304	8.191538788132622e-16
2.42227859	8.274198788515652e-16
2.423484877	8.63375580749386e-16
2.424691163	9.154433130173426e-16
2.42589745	9.653189925376603e-16
2.427103737	9.944489386318024e-16
2.428310023	9.870878400731866e-16
2.42951631	9.84513192793859e-16
2.430722596	1.0477375597563224e-15
2.431928883	1.226533885389287e-15
2.43313517	1.5590435188664133e-15
2.434341456	2.0737927972503902e-15
2.435547743	2.3684317503871727e-15
2.436754029	1.8704977336460437e-15
2.437960316	1.434967918848168e-15
2.439166603	1.2803447889432943e-15
2.440372889	1.2934766388115125e-15
2.441579176	1.393763791613814e-15
2.442785462	1.560533485921419e-15
2.443991749	1.8063306009251625e-15
2.445198036	2.0644767644758644e-15
2.446404322	2.14669563641262e-15
2.447610609	1.9970128887689774e-15
2.448816895	1.7554917705099015e-15
2.450023182	1.5362601253918576e-15
2.451229469	1.3795069507271017e-15
2.452435755	1.300906365229966e-15
2.453642042	1.2882032928917733e-15
2.454848328	1.338208176639212e-15
2.456054615	1.45201141173324e-15
2.457260902	1.6138219065345614e-15
2.458467188	1.776720464217501e-15
2.459673475	1.8676585313760017e-15
2.460879761	1.9318934137026647e-15
2.462086048	2.0624757795063067e-15
2.463292335	2.2787183567987354e-15
2.464498621	2.5363451702421077e-15
2.465704908	2.768864621740994e-15
2.466911194	2.869704832707905e-15
2.468117481	2.7912279590965355e-15
2.469323768	2.6434927792447775e-15
2.470530054	2.6443380597176697e-15
2.471736341	2.944676833604336e-15
2.472942627	3.718116514522291e-15
2.474148914	5.166103141002953e-15
2.475355201	7.142460051321822e-15
2.476561487	9.224175429242701e-15
2.477767774	1.0479569350939207e-14
2.47897406	1.1744604543234096e-14
2.480180347	1.7749929430044077e-14
2.481386634	4.6729435719901033e-14
2.48259292	3.1533919755395236e-14
2.483799207	7.582395864023357e-15
2.485005493	3.440661907110695e-15
2.48621178	2.2040632787083558e-15
2.487418067	1.6607543582480963e-15
2.488624353	1.4342184922154278e-15
2.48983064	1.4468243919941825e-15
2.491036926	1.5599036450673325e-15
2.492243213	1.6463637518020083e-15
2.4934495	1.7321053284212025e-15
2.494655786	1.9054985887615445e-15
2.495862073	2.1778487782518163e-15
2.497068359	2.429859464405903e-15