0.45	-4.333583897046822e-14
0.451206287	-3.733854407876879e-14
0.452412574	-4.177441303379512e-14
0.453618861	-1.1116891147622068e-14
0.454825148	1.4987026080644395e-14
0.456031435	2.0092249593402792e-14
0.457237722	2.5931341269981266e-14
0.458444009	2.8788777579606736e-14
0.459650296	2.4196962090549e-14
0.460856583	2.0723336178597192e-14
0.462062869	1.8698935456017822e-14
0.463269156	1.754700346047022e-14
0.464475443	1.97642850281001e-14
0.46568173	1.88595499923094e-14
0.466888017	1.8120801857612036e-14
0.468094304	1.7603935799156907e-14
0.469300591	1.8862954887570303e-14
0.470506878	2.0515451181654512e-14
0.471713165	1.8622101362376832e-14
0.472919452	1.8065097246220577e-14
0.474125739	1.8036906416521114e-14
0.475332026	1.8352497781271597e-14
0.476538313	1.893759978326075e-14
0.4777446	1.7859311661731266e-14
0.478950887	1.8898292862409927e-14
0.480157174	1.9098259419490007e-14
0.481363461	1.8113158643710244e-14
0.482569748	1.7163190948695178e-14
0.483776034	1.5601104078956742e-14
0.484982321	1.2757920389609935e-14
0.486188608	1.0540482879224821e-14
0.487394895	1.2085927475023537e-14
0.488601182	1.528488798035547e-14
0.489807469	1.657896564430067e-14
0.491013756	1.699217480818748e-14
0.492220043	1.7856716473797373e-14
0.49342633	1.8017124938373472e-14
0.494632617	1.6981268410437664e-14
0.495838904	1.799223029335337e-14
0.497045191	1.6996005976541047e-14
0.498251478	1.761630233006682e-14
0.499457765	1.6814031513444742e-14
0.500664052	1.6838447501443293e-14
0.501870339	1.668728996793518e-14
0.503076626	1.6567315374029506e-14
0.504282913	1.7310209609536566e-14
0.505489199	1.6404366839596637e-14
0.506695486	1.6175970087644756e-14
0.507901773	1.6464938148965127e-14
0.50910806	1.6539048594051234e-14
0.510314347	1.620433736453206e-14
0.511520634	1.56813655272562e-14
0.512726921	1.6378078217713137e-14
0.513933208	1.6002519243006692e-14
0.515139495	1.5331741153863727e-14
0.516345782	1.599991478987743e-14
0.517552069	1.590467025203123e-14
0.518758356	1.677564780386394e-14
0.519964643	1.5847339977682594e-14
0.52117093	1.5792826869715788e-14
0.522377217	1.5964751767707753e-14
0.523583504	1.555523358137333e-14
0.524789791	1.526979714987572e-14
0.525996078	1.5727029662823028e-14
0.527202364	1.5745543729169672e-14
0.528408651	1.5070719819907617e-14
0.529614938	1.5549656793482976e-14
0.530821225	1.509287828081795e-14
0.532027512	1.5356579549918507e-14
0.533233799	1.553974491950382e-14
0.534440086	1.57181097582954e-14
0.535646373	1.4816755362746574e-14
0.53685266	1.5564057490076793e-14
0.538058947	1.5257432090766545e-14
0.539265234	1.499392162153561e-14
0.540471521	1.5091761950651547e-14
0.541677808	1.4236568825160097e-14
0.542884095	1.468218867618298e-14
0.544090382	1.4473553363714324e-14
0.545296669	1.4516946673858082e-14
0.546502956	1.4653531603545934e-14
0.547709243	1.5024996244634496e-14
0.548915529	1.475018569629807e-14
0.550121816	1.4649993173644887e-14
0.551328103	1.473704981615639e-14
0.55253439	1.4788311516111172e-14
0.553740677	1.450857792697284e-14
0.554946964	1.4519393422255353e-14
0.556153251	1.4797426706094402e-14
0.557359538	1.477762036710171e-14
0.558565825	1.499947900138844e-14
0.559772112	1.4599935784618195e-14
0.560978399	1.441425699909229e-14
0.562184686	1.445724363303097e-14
0.563390973	1.4305910203404357e-14
0.56459726	1.432952204538167e-14
0.565803547	1.436597123495001e-14
0.567009834	1.3843092017192458e-14
0.568216121	1.3977651432215312e-14
0.569422408	1.3948575094041263e-14
0.570628694	1.4423164667980462e-14
0.571834981	1.39600312957016e-14
0.573041268	1.3492222111464427e-14
0.574247555	1.347392240855832e-14
0.575453842	1.3566461860658837e-14
0.576660129	1.351430977083594e-14
0.577866416	1.323409917430658e-14
0.579072703	1.3527059706705183e-14
0.58027899	1.320868063193317e-14
0.581485277	1.310235931443009e-14
0.582691564	1.2996491758827674e-14
0.583897851	1.3170030599280492e-14
0.585104138	1.3442541099351576e-14
0.586310425	1.3595502979946965e-14
0.587516712	1.3051486425952744e-14
0.588722999	1.3069264117290215e-14
0.589929286	1.3756873267360491e-14
0.591135573	1.275550236664406e-14
0.592341859	1.2619442666450399e-14
0.593548146	1.268988397489996e-14
0.594754433	1.283791035219838e-14
0.59596072	1.2535796033954551e-14
0.597167007	1.2457609402250318e-14
0.598373294	1.2514972976463e-14
0.599579581	1.2262062100544206e-14
0.600785868	1.2408876742503639e-14
0.601992155	1.254292371021742e-14
0.603198442	1.2470486276659627e-14
0.604404729	1.2159473848658192e-14
0.605611016	1.2206992241137632e-14
0.606817303	1.2260724455868852e-14
0.60802359	1.2147157012480062e-14
0.609229877	1.2011172193537074e-14
0.610436164	1.2022900227565287e-14
0.611642451	1.1543131822746927e-14
0.612848738	1.1531850485528374e-14
0.614055024	1.1146573050904458e-14
0.615261311	1.0493891228010841e-14
0.616467598	1.0825129949703334e-14
0.617673885	1.0049092506493332e-14
0.618880172	9.726675332803355e-15
0.620086459	9.528965383852579e-15
0.621292746	9.482457059653138e-15
0.622499033	9.478119643385138e-15
0.62370532	9.769290832332437e-15
0.624911607	9.957947039633097e-15
0.626117894	1.0401477990838344e-14
0.627324181	1.050640738295594e-14
0.628530468	1.066843849327365e-14
0.629736755	1.0989811903193793e-14
0.630943042	1.1198152772118264e-14
0.632149329	1.121278854216154e-14
0.633355616	1.1048448738565031e-14
0.634561903	1.0833538250875494e-14
0.635768189	1.084632719819331e-14
0.636974476	1.0727990833214079e-14
0.638180763	1.0695284265553579e-14
0.63938705	1.0781045393187559e-14
0.640593337	1.081610315304421e-14
0.641799624	1.069846993955496e-14
0.643005911	1.0574955255911815e-14
0.644212198	1.0322481140458447e-14
0.645418485	1.0149578030329236e-14
0.646624772	1.0308259110588429e-14
0.647831059	1.0263356935257059e-14
0.649037346	1.011720946777783e-14
0.650243633	9.981748322008725e-15
0.65144992	9.795737590462593e-15
0.652656207	9.657542711571836e-15
0.653862494	9.298987045546858e-15
0.655068781	8.106722874104549e-15
0.656275068	6.255691662418464e-15
0.657481355	7.368549826182947e-15
0.658687641	9.014538994399639e-15
0.659893928	9.301043700958137e-15
0.661100215	9.129884016890407e-15
0.662306502	9.095525207624023e-15
0.663512789	9.008120791375936e-15
0.664719076	8.817413164640994e-15
0.665925363	8.642983122815124e-15
0.66713165	8.554646693082495e-15
0.668337937	8.425441555974823e-15
0.669544224	8.449362897704564e-15
0.670750511	8.590965785293701e-15
0.671956798	8.717909880210079e-15
0.673163085	8.792455101254997e-15
0.674369372	8.913623356248664e-15
0.675575659	9.060361070666656e-15
0.676781946	9.118690032381281e-15
0.677988233	9.135795074112107e-15
0.67919452	9.113747584539244e-15
0.680400806	9.010140990936983e-15
0.681607093	8.844458012136461e-15
0.68281338	8.636882264196282e-15
0.684019667	8.639451760322934e-15
0.685225954	8.743343415484644e-15
0.686432241	8.815079160472131e-15
0.687638528	8.727457790104349e-15
0.688844815	8.547328033089893e-15
0.690051102	8.497200926601818e-15
0.691257389	8.546692787816193e-15
0.692463676	8.547665228101074e-15
0.693669963	8.470558484041758e-15
0.69487625	8.36573669284966e-15
0.696082537	8.254357758044396e-15
0.697288824	8.02043372820447e-15
0.698495111	7.656615086499243e-15
0.699701398	7.343193485445393e-15
0.700907685	7.116181552975012e-15
0.702113971	6.917165586093236e-15
0.703320258	6.76489867952106e-15
0.704526545	6.678661206200309e-15
0.705732832	6.7243280958400806e-15
0.706939119	6.898836110096223e-15
0.708145406	7.126118283899247e-15
0.709351693	7.191156297409508e-15
0.71055798	7.093551035912315e-15
0.711764267	7.155630238679946e-15
0.712970554	7.292542947920685e-15
0.714176841	7.297209138456775e-15
0.715383128	7.183198624397992e-15
0.716589415	6.7784268800270585e-15
0.717795702	6.0966028397848516e-15
0.719001989	5.554435950130655e-15
0.720208276	5.222651597007218e-15
0.721414563	5.105946748165946e-15
0.72262085	4.9249064299875885e-15
0.723827136	4.652273070869272e-15
0.725033423	4.4073403132087464e-15
0.72623971	4.2122237973430105e-15
0.727445997	4.07390918365476e-15
0.728652284	4.0910199926522466e-15
0.729858571	4.149091752307411e-15
0.731064858	4.235019876519577e-15
0.732271145	4.410699244576325e-15
0.733477432	4.605435462328155e-15
0.734683719	4.7620103761042256e-15
0.735890006	4.935414739486625e-15
0.737096293	5.1236831364436e-15
0.73830258	5.4146151773794085e-15
0.739508867	5.704623249405723e-15
0.740715154	5.986192952635113e-15
0.741921441	6.181739920712637e-15
0.743127728	6.2864915306115075e-15
0.744334015	6.407236552005245e-15
0.745540301	6.4603347081601655e-15
0.746746588	6.3493935490946e-15
0.747952875	6.377992308569104e-15
0.749159162	6.4026014617621465e-15
0.750365449	6.380238195409443e-15
0.751571736	6.366595540404108e-15
0.752778023	6.373559836536903e-15
0.75398431	6.388528927715918e-15
0.755190597	6.342830153805543e-15
0.756396884	6.216578167860077e-15
0.757603171	6.278421788807262e-15
0.758809458	6.600910163714494e-15
0.760015745	6.724831563543438e-15
0.761222032	6.029368968056762e-15
0.762428319	5.370518151974271e-15
0.763634606	5.2665494436748924e-15
0.764840893	5.045230428712371e-15
0.76604718	4.997899109958277e-15
0.767253466	5.069791292950102e-15
0.768459753	5.054122710560766e-15
0.76966604	5.0222269289651684e-15
0.770872327	5.0105403017765656e-15
0.772078614	4.953543373369288e-15
0.773284901	4.7741091848365535e-15
0.774491188	4.7041101075719625e-15
0.775697475	4.595403009628588e-15
0.776903762	4.2856129296904274e-15
0.778110049	4.231091505202167e-15
0.779316336	4.258826378273511e-15
0.780522623	4.118074720823294e-15
0.78172891	3.898228871823329e-15
0.782935197	3.7535516394863215e-15
0.784141484	3.688285956662505e-15
0.785347771	3.666776807546205e-15
0.786554058	3.6700970666976294e-15
0.787760345	3.662880415340411e-15
0.788966631	3.6936354689114325e-15
0.790172918	3.702762191794004e-15
0.791379205	3.678490570304103e-15
0.792585492	3.599102366785726e-15
0.793791779	3.5109393103982157e-15
0.794998066	3.3884793594452453e-15
0.796204353	3.3052368031205853e-15
0.79741064	3.268692512882172e-15
0.798616927	3.2556945622021386e-15
0.799823214	3.236784316107497e-15
0.801029501	3.230683009317612e-15
0.802235788	3.2518316150601695e-15
0.803442075	3.3164385240722015e-15
0.804648362	3.371152417262879e-15
0.805854649	3.4088229250607883e-15
0.807060936	3.4398578943308726e-15
0.808267223	3.525538008266759e-15
0.80947351	3.61264950925507e-15
0.810679796	3.638318029764233e-15
0.811886083	3.712569034620963e-15
0.81309237	3.857866066540357e-15
0.814298657	4.010757520873711e-15
0.815504944	4.085063690439832e-15
0.816711231	4.125644241949031e-15
0.817917518	4.257740064057289e-15
0.819123805	4.392519332373964e-15
0.820330092	4.458548053608845e-15
0.821536379	4.443039709791155e-15
0.822742666	4.336135195233816e-15
0.823948953	4.452461931570042e-15
0.82515524	4.510621690097923e-15
0.826361527	4.571506488343495e-15
0.827567814	4.547831060247291e-15
0.828774101	4.475639575268467e-15
0.829980388	4.4508556683683034e-15
0.831186675	4.453624908750519e-15
0.832392961	4.397159601708106e-15
0.833599248	4.297256942649477e-15
0.834805535	4.0421061930373484e-15
0.836011822	3.58400812207296e-15
0.837218109	3.1913093511071705e-15
0.838424396	2.9865356628342627e-15
0.839630683	2.8182847278504953e-15
0.84083697	2.7329148070389e-15
0.842043257	2.7887122884675796e-15
0.843249544	2.813291557970334e-15
0.844455831	2.7793400106539735e-15
0.845662118	2.88482443308163e-15
0.846868405	2.875725489590244e-15
0.848074692	3.4163802455070664e-15
0.849280979	3.589341315749805e-15
0.850487266	3.046718788142627e-15
0.851693553	3.221265381576879e-15
0.85289984	3.4461913486264526e-15
0.854106127	2.80069715840105e-15
0.855312413	2.6110361783332977e-15
0.8565187	2.8761999580155104e-15
0.857724987	2.7800667247399157e-15
0.858931274	2.3835409863349987e-15
0.860137561	2.0917089012130938e-15
0.861343848	2.2406084084265146e-15
0.862550135	2.38138137985194e-15
0.863756422	2.4151772938588855e-15
0.864962709	2.2518141092090003e-15
0.866168996	1.773836174904228e-15
0.867375283	1.8176724444988305e-15
0.86858157	2.2393885680229676e-15
0.869787857	2.643099661971996e-15
0.870994144	2.832191508433457e-15
0.872200431	2.890275458985051e-15
0.873406718	2.6080549113435297e-15
0.874613005	2.062950111598011e-15
0.875819292	2.1836741449783614e-15
0.877025578	2.7450936405593426e-15
0.878231865	2.8578530507830185e-15
0.879438152	2.67012601472871e-15
0.880644439	2.366253630014154e-15
0.881850726	1.995687073895671e-15
0.883057013	1.6605766193704344e-15
0.8842633	1.4191239379349069e-15
0.885469587	1.1964927224209095e-15
0.886675874	1.0311778880842378e-15
0.887882161	1.1790939567320294e-15
0.889088448	1.3504157869738834e-15
0.890294735	1.4099669241497329e-15
0.891501022	1.459653302860724e-15
0.892707309	1.4447559193088054e-15
0.893913596	1.4283822449633617e-15
0.895119883	1.4072716344101245e-15
0.89632617	1.3815276716254446e-15
0.897532457	1.439871914212652e-15
0.898738743	1.4652734765990004e-15
0.89994503	1.3187011684082129e-15
0.901151317	1.1323870193069226e-15
0.902357604	1.3214182738289082e-15
0.903563891	1.7289059385066757e-15
0.904770178	1.9844212714029096e-15
0.905976465	2.0734411813500733e-15
0.907182752	2.1527317421655323e-15
0.908389039	2.26101184287561e-15
0.909595326	2.3480441073374196e-15
0.910801613	2.414844696141544e-15
0.9120079	2.3943073530381626e-15
0.913214187	2.2983180616360283e-15
0.914420474	2.278602211494518e-15
0.915626761	2.234861446462829e-15
0.916833048	2.294641854649686e-15
0.918039335	2.33386404628786e-15
0.919245622	2.3664255487399683e-15
0.920451908	2.354116719930435e-15
0.921658195	2.081255007050386e-15
0.922864482	1.7543924860658732e-15
0.924070769	2.0470473985286936e-15
0.925277056	2.4848760461977277e-15
0.926483343	2.639992992579201e-15
0.92768963	2.748100286537069e-15
0.928895917	2.8518813250083188e-15
0.930102204	2.8908308099516333e-15
0.931308491	2.7347137079932475e-15
0.932514778	2.590899777453047e-15
0.933721065	2.4781521921903684e-15
0.934927352	2.4100573951805525e-15
0.936133639	2.4062498897604e-15
0.937339926	2.2913490905005707e-15
0.938546213	2.1755772045989883e-15
0.9397525	2.285784568524286e-15
0.940958787	2.2964312260131888e-15
0.942165073	2.1606335255037748e-15
0.94337136	1.8896786298664725e-15
0.944577647	1.7381527850141472e-15
0.945783934	1.7166975420061696e-15
0.946990221	1.7669072990416687e-15
0.948196508	1.7475636266299135e-15
0.949402795	1.663913813267047e-15
0.950609082	1.642721635552686e-15
0.951815369	1.5947888002734885e-15
0.953021656	1.4882153484770147e-15
0.954227943	1.2301837424332836e-15
0.95543423	1.1843645675293353e-15
0.956640517	1.325093912044595e-15
0.957846804	1.4237071142991197e-15
0.959053091	1.4591157790372074e-15
0.960259378	1.499030353409905e-15
0.961465665	1.4643922943028569e-15
0.962671952	1.369335830301363e-15
0.963878238	1.3320464790732973e-15
0.965084525	1.3189650517435365e-15
0.966290812	1.276175278356845e-15
0.967497099	1.3552746084920817e-15
0.968703386	1.324685240675006e-15
0.969909673	1.4586123874855775e-15
0.97111596	0.
0.972322247	0.
0.973528534	0.
0.974734821	0.
0.975941108	0.
0.977147395	0.
0.978353682	0.
0.979559969	0.
0.980766256	0.
0.981972543	0.
0.98317883	0.
0.984385117	0.
0.985591403	0.
0.98679769	0.
0.988003977	0.
0.989210264	0.
0.990416551	0.
0.991622838	0.
0.992829125	0.
0.994035412	0.
0.995241699	0.
0.996447986	0.
0.997654273	1.3336219458480215e-15
0.99886056	1.1725026947691932e-15
1.000066847	1.1864734795798764e-15
1.001273134	1.1512650672500226e-15
1.002479421	1.1319870686063977e-15
1.003685708	1.1097166947972714e-15
1.004891995	1.105481456699039e-15
1.006098282	1.1689787207466454e-15
1.007304568	1.2158184502732407e-15
1.008510855	1.2380411746367348e-15
1.009717142	1.2652748381762402e-15
1.010923429	1.2578696554465135e-15
1.012129716	1.2162030412431327e-15
1.013336003	1.1858651694000985e-15
1.01454229	1.1551050623367516e-15
1.015748577	1.1347008128001625e-15
1.016954864	1.1195123479516139e-15
1.018161151	1.1027646344093088e-15
1.019367438	1.0999384006323398e-15
1.020573725	1.1206914448683322e-15
1.021780012	1.1343153059669669e-15
1.022986299	1.153624559707127e-15
1.024192586	1.1798869442145567e-15
1.025398873	1.215521739658279e-15
1.02660516	1.2482915630172552e-15
1.027811447	1.2774379580991155e-15
1.029017734	1.3202881365296525e-15
1.03022402	1.3683754417251475e-15
1.031430307	1.3963404167869672e-15
1.032636594	1.4329779745701549e-15
1.033842881	1.485860326407615e-15
1.035049168	1.4979673155728965e-15
1.036255455	1.49002901404958e-15
1.037461742	1.5130689532385978e-15
1.038668029	1.5241271952319142e-15
1.039874316	1.5143714795600415e-15
1.041080603	1.5126709144654726e-15
1.04228689	1.5191830138771082e-15
1.043493177	1.5199655925169111e-15
1.044699464	1.5324359417005187e-15
1.045905751	1.5650205563236767e-15
1.047112038	1.5879436925446993e-15
1.048318325	1.6083596153537178e-15
1.049524612	1.643221930875148e-15
1.050730899	1.6925160760788287e-15
1.051937185	1.7482822640742613e-15
1.053143472	1.8152045369165916e-15
1.054349759	1.8783902781917372e-15
1.055556046	1.917181921322875e-15
1.056762333	1.9721577175530384e-15
1.05796862	2.0460095990932458e-15
1.059174907	2.081737190351201e-15
1.060381194	2.08815620478473e-15
1.061587481	2.0977002030851775e-15
1.062793768	2.1600395890643833e-15
1.064000055	2.198390674357263e-15
1.065206342	2.226698499052375e-15
1.066412629	2.256253517796753e-15
1.067618916	2.288338358713034e-15
1.068825203	2.3407910618943545e-15
1.07003149	2.402186489879625e-15
1.071237777	2.428424430180682e-15
1.072444064	2.4491480678570033e-15
1.07365035	2.5011522684237463e-15
1.074856637	2.5402279255032994e-15
1.076062924	2.5583502481100027e-15
1.077269211	2.5821946330759054e-15
1.078475498	2.5920171569068058e-15
1.079681785	2.564570080855909e-15
1.080888072	2.5931848548563658e-15
1.082094359	2.673908390805665e-15
1.083300646	2.6834573849385636e-15
1.084506933	2.65442712914045e-15
1.08571322	2.6223564259453817e-15
1.086919507	2.653550055253336e-15
1.088125794	2.7044924650126914e-15
1.089332081	2.6096327015722275e-15
1.090538368	2.4908532230184102e-15
1.091744655	2.4323277007113753e-15
1.092950942	2.44911846425053e-15
1.094157229	2.5082992616958883e-15
1.095363515	2.4372995965731457e-15
1.096569802	2.326896237243477e-15
1.097776089	2.233280218343993e-15
1.098982376	2.080073398062749e-15
1.100188663	1.9047962883676452e-15
1.10139495	1.7735000033303873e-15
1.102601237	1.643213792738489e-15
1.103807524	1.5019409826863036e-15
1.105013811	1.390326244287367e-15
1.106220098	1.3065119558203734e-15
1.107426385	1.243034897166028e-15
1.108632672	1.1954153551301726e-15
1.109838959	1.1595019679523236e-15
1.111045246	1.1390777365470398e-15
1.112251533	1.1254258759986699e-15
1.11345782	1.0998989533005131e-15
1.114664107	1.0637333907611778e-15
1.115870394	1.024247746944015e-15
1.11707668	9.822009938442402e-16
1.118282967	9.408261992080878e-16
1.119489254	9.064138664679224e-16
1.120695541	8.607004481913638e-16
1.121901828	7.995120911708242e-16
1.123108115	7.431514347099741e-16
1.124314402	6.95459858049905e-16
1.125520689	6.558494356502284e-16
1.126726976	6.10766546566194e-16
1.127933263	5.590196465961633e-16
1.12913955	5.18723829907508e-16
1.130345837	4.862140984620214e-16
1.131552124	4.533689916926541e-16
1.132758411	4.2834712878797603e-16
1.133964698	4.1176814802286664e-16
1.135170985	3.980833823410849e-16
1.136377272	3.900932662084789e-16
1.137583559	3.92940139802108e-16
1.138789845	3.992576832912862e-16
1.139996132	4.0519068976020483e-16
1.141202419	4.0954680720556847e-16
1.142408706	4.1268498841423494e-16
1.143614993	4.1690494167005244e-16
1.14482128	4.172516553582426e-16
1.146027567	4.1345121275601206e-16
1.147233854	4.1129817377106326e-16
1.148440141	4.079623826074804e-16
1.149646428	3.997644954730268e-16
1.150852715	3.8784100558146585e-16
1.152059002	3.7160999099926203e-16
1.153265289	3.4846314842801727e-16
1.154471576	3.222991587379352e-16
1.155677863	2.9782553837692896e-16
1.15688415	2.740653306703404e-16
1.158090437	2.53968602447807e-16
1.159296724	2.4072352924825303e-16
1.16050301	2.311062087865604e-16
1.161709297	2.2272131794817274e-16
1.162915584	2.1364005155577281e-16
1.164121871	2.0433365304172845e-16
1.165328158	1.9828250875151188e-16
1.166534445	1.946775766183218e-16
1.167740732	1.92919947968369e-16
1.168947019	1.9570460115630592e-16
1.170153306	2.0217887242813583e-16
1.171359593	2.080945054549057e-16
1.17256588	2.160369535474241e-16
1.173772167	2.271503849385827e-16
1.174978454	2.416321327569917e-16
1.176184741	2.578517250253759e-16
1.177391028	2.707892053854266e-16
1.178597315	2.7974682954652e-16
1.179803602	2.8346906947411226e-16
1.181009889	2.883125254113135e-16
1.182216175	2.9497858542252926e-16
1.183422462	3.015960008255435e-16
1.184628749	3.020035059974419e-16
1.185835036	2.92855274987402e-16
1.187041323	2.913241957806935e-16
1.18824761	2.9688660916878554e-16
1.189453897	2.955808483335769e-16
1.190660184	2.9427156613133364e-16
1.191866471	2.9703005832592115e-16
1.193072758	3.024643539333865e-16
1.194279045	3.0961379673636847e-16
1.195485332	3.1878813044291334e-16
1.196691619	3.3239671909914203e-16
1.197897906	3.505168876077766e-16
1.199104193	3.6021060252418443e-16
1.20031048	3.627230820922892e-16
1.201516767	3.674268068950801e-16
1.202723054	3.801734475236119e-16
1.20392934	4.0253147260654108e-16
1.205135627	4.1322395051465553e-16
1.206341914	4.191777436707023e-16
1.207548201	4.45832094559406e-16
1.208754488	4.690525373852436e-16
1.209960775	4.774925244017284e-16
1.211167062	4.868028763157957e-16
1.212373349	4.979111664619828e-16
1.213579636	5.097335048536156e-16
1.214785923	5.208102919454737e-16
1.21599221	5.304731615013896e-16
1.217198497	5.402953952837095e-16
1.218404784	5.487119521273215e-16
1.219611071	5.535999274705749e-16
1.220817358	5.54563694537544e-16
1.222023645	5.506124459789739e-16
1.223229932	5.431781249674965e-16
1.224436219	5.331147302575774e-16
1.225642506	5.201516702851159e-16
1.226848792	5.095172303768269e-16
1.228055079	5.018354724407383e-16
1.229261366	4.896463929475824e-16
1.230467653	4.783013507652348e-16
1.23167394	4.749264829129888e-16
1.232880227	4.749380548870743e-16
1.234086514	4.765463379971411e-16
1.235292801	4.810645424151249e-16
1.236499088	4.877911623249646e-16
1.237705375	4.95719242874893e-16
1.238911662	5.075675089166182e-16
1.240117949	5.223921020530761e-16
1.241324236	5.334832313266296e-16
1.242530523	5.415317044869018e-16
1.24373681	5.50178794361687e-16
1.244943097	5.581423518231357e-16
1.246149384	5.667180379816229e-16
1.247355671	5.80034705643766e-16
1.248561957	5.951106485895887e-16
1.249768244	6.093211421636103e-16
1.250974531	6.259754932109977e-16
1.252180818	6.422407301983804e-16
1.253387105	6.48587015037374e-16
1.254593392	6.508150416082974e-16
1.255799679	6.539193806758212e-16
1.257005966	6.536060568115073e-16
1.258212253	6.511988011517545e-16
1.25941854	6.476259118419378e-16
1.260624827	6.462617357164873e-16
1.261831114	6.501505511200022e-16
1.263037401	6.570765808185385e-16
1.264243688	6.676511504263766e-16
1.265449975	6.833656268948273e-16
1.266656262	7.084695595584028e-16
1.267862549	7.419518050884817e-16
1.269068836	7.686359404829435e-16
1.270275122	7.890051886060014e-16
1.271481409	8.155395744971575e-16
1.272687696	8.438506642491153e-16
1.273893983	8.719518790552126e-16
1.27510027	8.910770559481578e-16
1.276306557	9.013136316905275e-16
1.277512844	9.091423123166167e-16
1.278719131	9.020095948797298e-16
1.279925418	8.944351451595874e-16
1.281131705	9.274557171398158e-16
1.282337992	9.708048033132815e-16
1.283544279	9.271538235434064e-16
1.284750566	8.898586995737576e-16
1.285956853	8.901388643390816e-16
1.28716314	8.898316623008262e-16
1.288369427	8.753212340439101e-16
1.289575714	8.541958249778084e-16
1.290782001	8.201669563662262e-16
1.291988287	7.724649704121996e-16
1.293194574	7.257911434207169e-16
1.294400861	6.778057240917783e-16
1.295607148	6.217721361084854e-16
1.296813435	5.674424550170577e-16
1.298019722	5.179264045595356e-16
1.299226009	4.67357417534223e-16
1.300432296	4.2178880687638195e-16
1.301638583	3.8787585210165715e-16
1.30284487	3.5962138234361864e-16
1.304051157	3.3508713170023434e-16
1.305257444	3.1250829206686526e-16
1.306463731	2.9265713158840026e-16
1.307670018	2.7760307037672995e-16
1.308876305	2.647443979204475e-16
1.310082592	2.5329738127066635e-16
1.311288879	2.449913989326973e-16
1.312495166	2.3671015296668457e-16
1.313701452	2.2398550709124703e-16
1.314907739	2.1620694814246126e-16
1.316114026	2.1437319922448538e-16
1.317320313	2.0798502318112751e-16
1.3185266	2.0016032034234214e-16
1.319732887	1.9413747048281465e-16
1.320939174	1.8700168552863233e-16
1.322145461	1.793197173799574e-16
1.323351748	1.7039260406897681e-16
1.324558035	1.6195037889176326e-16
1.325764322	1.5634864139984907e-16
1.326970609	1.5166672695857573e-16
1.328176896	1.476383887745375e-16
1.329383183	1.4549056605056058e-16
1.33058947	1.4331314785183803e-16
1.331795757	1.396304203218656e-16
1.333002044	1.3471293280437324e-16
1.334208331	1.2922988042251713e-16
1.335414617	1.2445898666184526e-16
1.336620904	1.1965662830225117e-16
1.337827191	1.1446087964440885e-16
1.339033478	1.0984923257714562e-16
1.340239765	1.0616482526556238e-16
1.341446052	1.0214344371040832e-16
1.342652339	9.853119646827738e-17
1.343858626	9.59188693376223e-17
1.345064913	9.391305927439948e-17
1.3462712	9.219978727940989e-17
1.347477487	9.019307002055316e-17
1.348683774	8.871114852156979e-17
1.349890061	8.812727045615658e-17
1.351096348	8.684289031405671e-17
1.352302635	8.521626651003412e-17
1.353508922	8.46529809049401e-17
1.354715209	8.568881848346651e-17
1.355921496	8.879879196423096e-17
1.357127782	9.18051484797825e-17
1.358334069	9.531781914443309e-17
1.359540356	1.0237214974950973e-16
1.360746643	1.1015376676320168e-16
1.36195293	1.145833478664069e-16
1.363159217	1.1413249210559658e-16
1.364365504	1.0857444178212761e-16
1.365571791	9.98866259206531e-17
1.366778078	9.189343792306947e-17
1.367984365	8.559827912628092e-17
1.369190652	7.921709061678451e-17
1.370396939	7.227719578759449e-17
1.371603226	6.571383653604349e-17
1.372809513	6.029561225451662e-17
1.3740158	5.632661095810088e-17
1.375222087	5.316316679298155e-17
1.376428374	5.1469785529896343e-17
1.377634661	5.179291109110618e-17
1.378840947	5.626325538142061e-17
1.380047234	6.664334309390459e-17
1.381253521	7.773667619023141e-17
1.382459808	8.698566950787848e-17
1.383666095	9.278647017126115e-17
1.384872382	9.577294953952339e-17
1.386078669	9.811164487047118e-17
1.387284956	9.887698049117202e-17
1.388491243	9.91772211249213e-17
1.38969753	1.0128284099764056e-16
1.390903817	1.0273108286884302e-16
1.392110104	1.0243714750319782e-16
1.393316391	1.0087841802948016e-16
1.394522678	9.667715166029095e-17
1.395728965	9.070889374355937e-17
1.396935252	8.392315499577958e-17
1.398141539	7.738211511375033e-17
1.399347826	7.300633886574786e-17
1.400554112	6.989721438258015e-17
1.401760399	6.708061354967283e-17
1.402966686	6.567170852907826e-17
1.404172973	6.590010522948154e-17
1.40537926	6.693667358852337e-17
1.406585547	6.844385836356204e-17
1.407791834	7.029377132098049e-17
1.408998121	7.231842854179012e-17
1.410204408	7.456188165684153e-17
1.411410695	7.761182400549257e-17
1.412616982	8.018899242162624e-17
1.413823269	8.100082039938461e-17
1.415029556	8.089160004072214e-17
1.416235843	8.041025532925483e-17
1.41744213	8.00101813203919e-17
1.418648417	7.973213684777873e-17
1.419854704	7.966633398471268e-17
1.421060991	8.028088162739928e-17
1.422267278	8.120428357344564e-17
1.423473564	8.080247135573688e-17
1.424679851	8.080865896277904e-17
1.425886138	8.238716004421114e-17
1.427092425	8.393432752180612e-17
1.428298712	8.519137425361108e-17
1.429504999	8.644090639271937e-17
1.430711286	8.775248273131254e-17
1.431917573	8.924818841998715e-17
1.43312386	9.101149958644375e-17
1.434330147	9.283876483035092e-17
1.435536434	9.387676347133364e-17
1.436742721	9.434125359521537e-17
1.437949008	9.463647378373572e-17
1.439155295	9.61012020998796e-17
1.440361582	9.790063259036278e-17
1.441567869	9.609239150749404e-17
1.442774156	9.493793975403e-17
1.443980443	9.645108144315365e-17
1.445186729	9.690122251951718e-17
1.446393016	9.632591913364724e-17
1.447599303	9.674929606813653e-17
1.44880559	9.644094153136111e-17
1.450011877	9.546734492927602e-17
1.451218164	9.523215981567634e-17
1.452424451	9.518907886713749e-17
1.453630738	9.452845347653411e-17
1.454837025	9.406813989923567e-17
1.456043312	9.444940912598784e-17
1.457249599	9.417810254200574e-17
1.458455886	9.317800616586793e-17
1.459662173	9.314966923512811e-17
1.46086846	9.409039587808181e-17
1.462074747	9.572466161189698e-17
1.463281034	9.712090703817035e-17
1.464487321	9.810897444289758e-17
1.465693608	9.90381238051308e-17
1.466899894	9.870085174515846e-17
1.468106181	9.670439667533714e-17
1.469312468	9.466291247580941e-17
1.470518755	9.314004475921514e-17
1.471725042	9.206586950249788e-17
1.472931329	9.226394493955204e-17
1.474137616	9.195902282537549e-17
1.475343903	9.048428379610792e-17
1.47655019	9.287295640024285e-17
1.477756477	9.589671661551603e-17
1.478962764	9.587753724070237e-17
1.480169051	9.604518982357677e-17
1.481375338	9.785400423439706e-17
1.482581625	1.0158862006137521e-16
1.483787912	1.0277572625157762e-16
1.484994199	1.0409879101951433e-16
1.486200486	1.0455637784522226e-16
1.487406773	1.1249664613103454e-16
1.488613059	1.1785797971660998e-16
1.489819346	1.1107155102315254e-16
1.491025633	1.0743792633810676e-16
1.49223192	1.0918880261656677e-16
1.493438207	1.0858351355005348e-16
1.494644494	1.075493683334443e-16
1.495850781	1.0872731009899823e-16
1.497057068	1.0800854174751824e-16
1.498263355	1.0413786944844659e-16
1.499469642	1.0042490719253938e-16
1.500675929	9.932941165999327e-17
1.501882216	9.946567111616549e-17
1.503088503	9.967855215182196e-17
1.50429479	1.0172723877676839e-16
1.505501077	1.050313672439756e-16
1.506707364	1.0680146478256052e-16
1.507913651	1.0651903606344526e-16
1.509119938	1.0689649846105439e-16
1.510326224	1.0695991819892578e-16
1.511532511	1.0938122723667057e-16
1.512738798	1.1194295426095863e-16
1.513945085	1.138190692879561e-16
1.515151372	1.148575800746299e-16
1.516357659	1.1514086818814398e-16
1.517563946	1.1651845450569862e-16
1.518770233	1.1874929871085183e-16
1.51997652	1.214540451281197e-16
1.521182807	1.2545049630358826e-16
1.522389094	1.3039559130183567e-16
1.523595381	1.3223607962100888e-16
1.524801668	1.3214368814086204e-16
1.526007955	1.315128527184877e-16
1.527214242	1.3284238286188261e-16
1.528420529	1.368154029417854e-16
1.529626816	1.4348100598060948e-16
1.530833103	1.4600650642111896e-16
1.532039389	1.4293046210707492e-16
1.533245676	1.4294415209305304e-16
1.534451963	1.4430136093002747e-16
1.53565825	1.4224903623737393e-16
1.536864537	1.4099656547003005e-16
1.538070824	1.4095545789835014e-16
1.539277111	1.4032446544698818e-16
1.540483398	1.3785961200941734e-16
1.541689685	1.3411551357988478e-16
1.542895972	1.3207757930957344e-16
1.544102259	1.3272082388915276e-16
1.545308546	1.3478325887678765e-16
1.546514833	1.3766648092893267e-16
1.54772112	1.4191882025061437e-16
1.548927407	1.4412827240063136e-16
1.550133694	1.4359516663526578e-16
1.551339981	1.4104850464051356e-16
1.552546268	1.3842689556678375e-16
1.553752554	1.368108853616722e-16
1.554958841	1.3304934278218795e-16
1.556165128	1.2793245575481102e-16
1.557371415	1.2424248406270027e-16
1.558577702	1.2350625880210573e-16
1.559783989	1.2371187421321156e-16
1.560990276	1.238929850038438e-16
1.562196563	1.238832960481846e-16
1.56340285	1.2502008663367627e-16
1.564609137	1.2664044066284424e-16
1.565815424	1.2896935373701145e-16
1.567021711	1.3206350734437744e-16
1.568227998	1.3464453561047609e-16
1.569434285	1.3625902145225964e-16
1.570640572	1.3886432250694315e-16
1.571846859	1.4401847054038947e-16
1.573053146	1.5202814419369838e-16
1.574259433	1.611102819708498e-16
1.575465719	1.6963805861808178e-16
1.576672006	1.7786915085825333e-16
1.577878293	1.827327012520574e-16
1.57908458	1.8129904972134409e-16
1.580290867	1.7604187236313089e-16
1.581497154	1.7904162520771418e-16
1.582703441	1.8060561310213762e-16
1.583909728	1.729700750718343e-16
1.585116015	1.6431164990930217e-16
1.586322302	1.5770839517352775e-16
1.587528589	1.561104409709646e-16
1.588734876	1.6232291213638732e-16
1.589941163	1.7047304741136648e-16
1.59114745	1.711893805371811e-16
1.592353737	1.652308406439498e-16
1.593560024	1.6056732106163138e-16
1.594766311	1.5950530827853803e-16
1.595972598	1.6087498938744313e-16
1.597178884	1.5526309231312543e-16
1.598385171	1.4659478948284417e-16
1.599591458	1.4400808749974603e-16
1.600797745	1.4117232729286764e-16
1.602004032	1.3460380721963007e-16
1.603210319	1.279999414545337e-16
1.604416606	1.2119914314872742e-16
1.605622893	1.1420024505469722e-16
1.60682918	1.0551962104793492e-16
1.608035467	9.583636287498871e-17
1.609241754	8.89934285539895e-17
1.610448041	8.426251685044593e-17
1.611654328	7.953598670517357e-17
1.612860615	7.588823667932792e-17
1.614066902	7.300260421637282e-17
1.615273189	7.22715901115983e-17
1.616479476	7.144297712952022e-17
1.617685763	6.650936618834036e-17
1.61889205	6.295802389088649e-17
1.620098336	6.114766381677742e-17
1.621304623	5.792751672064138e-17
1.62251091	5.3876030281279504e-17
1.623717197	5.038099295301473e-17
1.624923484	4.741429285050422e-17
1.626129771	4.4806973675140007e-17
1.627336058	4.1953917622969684e-17
1.628542345	3.9571548410602826e-17
1.629748632	3.807410167160485e-17
1.630954919	3.683861760516989e-17
1.632161206	3.549783885023125e-17
1.633367493	3.458754768940978e-17
1.63457378	3.3975228174423574e-17
1.635780067	3.326464688609452e-17
1.636986354	3.2690104656167e-17
1.638192641	3.1840411242685925e-17
1.639398928	3.0467220977527376e-17
1.640605215	2.9066970420394805e-17
1.641811501	2.835579004966378e-17
1.643017788	2.809142203767997e-17
1.644224075	2.7492105982663175e-17
1.645430362	2.6112328468660274e-17
1.646636649	2.4803208701640182e-17
1.647842936	2.4012626341100067e-17
1.649049223	2.3799405015075535e-17
1.65025551	2.3990027305977224e-17
1.651461797	2.4173920628854094e-17
1.652668084	2.442128914650461e-17
1.653874371	2.4851996515582458e-17
1.655080658	2.5521360555368904e-17
1.656286945	2.6141894293792112e-17
1.657493232	2.6698861176178504e-17
1.658699519	2.7198609291904176e-17
1.659905806	2.7197850724587303e-17
1.661112093	2.6494179426606624e-17
1.66231838	2.5556631112824557e-17
1.663524666	2.4927714657532953e-17
1.664730953	2.5055513294356913e-17
1.66593724	2.6215807128886994e-17
1.667143527	2.7750038334850692e-17
1.668349814	2.9187535365243603e-17
1.669556101	2.985151046909985e-17
1.670762388	3.0488156794208073e-17
1.671968675	3.163618261695413e-17
1.673174962	3.1643522537636217e-17
1.674381249	3.07941857123889e-17
1.675587536	3.048508613499243e-17
1.676793823	2.9524069841986616e-17
1.67800011	2.74841944664919e-17
1.679206397	2.594198799598015e-17
1.680412684	2.5085397464941306e-17
1.681618971	2.469199490273996e-17
1.682825258	2.4327528988718786e-17
1.684031545	2.3772782106427308e-17
1.685237831	2.3991358363629066e-17
1.686444118	2.4803100708284733e-17
1.687650405	2.5542835026280928e-17
1.688856692	2.6168824492998e-17
1.690062979	2.666162588367136e-17
1.691269266	2.6512951286750466e-17
1.692475553	2.5690830001364942e-17
1.69368184	2.4522143890306293e-17
1.694888127	2.2212758770856857e-17
1.696094414	1.9327716213134505e-17
1.697300701	1.6251447959996316e-17
1.698506988	1.3473103334912823e-17
1.699713275	1.1648506503685094e-17
1.700919562	1.0433816162586914e-17
1.702125849	9.806517032510232e-18
1.703332136	9.777092693508984e-18
1.704538423	1.0213138995571781e-17
1.70574471	1.1089909079440925e-17
1.706950996	1.2346390508493353e-17
1.708157283	1.388350312593275e-17
1.70936357	1.5353620873224853e-17
1.710569857	1.6781301756166158e-17
1.711776144	1.8448751211713184e-17
1.712982431	1.9458705456764607e-17
1.714188718	1.929670703808193e-17
1.715395005	1.913431727134786e-17
1.716601292	1.896869817907705e-17
1.717807579	1.845158611997946e-17
1.719013866	1.7857868599093177e-17
1.720220153	1.732165711959283e-17
1.72142644	1.659217498763879e-17
1.722632727	1.5976912249616412e-17
1.723839014	1.575737174560785e-17
1.725045301	1.5429043852134464e-17
1.726251588	1.4756525650805663e-17
1.727457875	1.4316259276366437e-17
1.728664161	1.3899820638172322e-17
1.729870448	1.3301247417738633e-17
1.731076735	1.281620299282833e-17
1.732283022	1.255835572177944e-17
1.733489309	1.2620022255194004e-17
1.734695596	1.3038161663800562e-17
1.735901883	1.3634716311205407e-17
1.73710817	1.438292312527775e-17
1.738314457	1.5501224808868735e-17
1.739520744	1.6878277515504853e-17
1.740727031	1.8349213737610747e-17
1.741933318	1.988143447366219e-17
1.743139605	2.1153985859784347e-17
1.744345892	2.214233103715805e-17
1.745552179	2.323465094462011e-17
1.746758466	2.4079646867981825e-17
1.747964753	2.4136411624581216e-17
1.74917104	2.3628253709097437e-17
1.750377326	2.285131019984001e-17
1.751583613	2.1913213914716935e-17
1.7527899	2.1100500740362343e-17
1.753996187	2.032239378318093e-17
1.755202474	1.9681963817561408e-17
1.756408761	1.917149256097925e-17
1.757615048	1.8583522578228303e-17
1.758821335	1.779981472339068e-17
1.760027622	1.7064015986268347e-17
1.761233909	1.6625314762361644e-17
1.762440196	1.6436360506853012e-17
1.763646483	1.625417751638574e-17
1.76485277	1.6232102420177027e-17
1.766059057	1.6411739640633252e-17
1.767265344	1.6686526005186798e-17
1.768471631	1.6821753536194902e-17
1.769677918	1.6757752207090385e-17
1.770884205	1.6503144608241907e-17
1.772090491	1.6107168245094434e-17
1.773296778	1.5710207134427768e-17
1.774503065	1.5457304269587612e-17
1.775709352	1.549467149848807e-17
1.776915639	1.56972776993298e-17
1.778121926	1.611194093708015e-17
1.779328213	1.6817919541547796e-17
1.7805345	1.7878239255998622e-17
1.781740787	1.9301842781105322e-17
1.782947074	2.1029052933992873e-17
1.784153361	2.2866305746138302e-17
1.785359648	2.4691631122748893e-17
1.786565935	2.633363641989044e-17
1.787772222	2.7378176222706497e-17
1.788978509	2.819002630858549e-17
1.790184796	2.903166783254794e-17
1.791391083	2.972300874971525e-17
1.79259737	3.0394242549616503e-17
1.793803656	3.132274306762781e-17
1.795009943	3.267770694482042e-17
1.79621623	3.464781787065288e-17
1.797422517	3.776991553573465e-17
1.798628804	4.2346202493084254e-17
1.799835091	4.8019289315807446e-17
1.801041378	5.484513582000816e-17
1.802247665	6.195496924925823e-17
1.803453952	6.721039608869446e-17
1.804660239	7.171227557183437e-17
1.805866526	7.671421547963461e-17
1.807072813	8.214384059153849e-17
1.8082791	8.853858160663984e-17
1.809485387	9.555812064547837e-17
1.810691674	1.031213745571786e-16
1.811897961	1.113429786648958e-16
1.813104248	1.1946290892534319e-16
1.814310535	1.2745699117882222e-16
1.815516822	1.3577701836660653e-16
1.816723108	1.4559139205053357e-16
1.817929395	1.577463716878075e-16
1.819135682	1.6158006154237014e-16
1.820341969	1.5875792078363282e-16
1.821548256	1.643680210321577e-16
1.822754543	1.7432302632207515e-16
1.82396083	1.82249083697544e-16
1.825167117	1.9192900418067536e-16
1.826373404	2.0271922535518653e-16
1.827579691	2.046035394284052e-16
1.828785978	2.297887186818896e-16
1.829992265	0.
1.831198552	0.
1.832404839	0.
1.833611126	0.
1.834817413	0.
1.8360237	0.
1.837229987	0.
1.838436273	0.
1.83964256	0.
1.840848847	0.
1.842055134	0.
1.843261421	0.
1.844467708	0.
1.845673995	0.
1.846880282	0.
1.848086569	0.
1.849292856	0.
1.850499143	0.
1.85170543	0.
1.852911717	0.
1.854118004	0.
1.855324291	0.
1.856530578	0.
1.857736865	0.
1.858943152	0.
1.860149438	0.
1.861355725	0.
1.862562012	0.
1.863768299	0.
1.864974586	0.
1.866180873	0.
1.86738716	0.
1.868593447	0.
1.869799734	0.
1.871006021	-1.8413185847399027e-15
1.872212308	-1.7329110537536189e-15
1.873418595	-1.8981818326870548e-15
1.874624882	-1.6043260806371333e-14
1.875831169	1.8052790693519157e-16
1.877037456	3.233852203422354e-18
1.878243743	1.4595101368904277e-17
1.87945003	4.8953630522701546e-17
1.880656317	8.085084990824505e-17
1.881862603	9.069999832146268e-17
1.88306889	6.801942994398342e-17
1.884275177	3.63985016853101e-17
1.885481464	2.1934032574347605e-17
1.886687751	1.9111563443938836e-17
1.887894038	1.815625132130324e-17
1.889100325	1.5400634185666826e-17
1.890306612	1.4097036822211333e-17
1.891512899	1.7150557244899544e-17
1.892719186	1.9823867468412294e-17
1.893925473	1.8144982117945915e-17
1.89513176	1.5499243781145436e-17
1.896338047	1.3362726320691122e-17
1.897544334	9.396377882879213e-18
1.898750621	1.58577426468182e-19
1.899956908	-2.5179465475431816e-17
1.901163195	-4.743690918048436e-17
1.902369482	2.3128391354740892e-17
1.903575768	1.720702099679476e-16
1.904782055	2.307932209180354e-16
1.905988342	1.9686778875142457e-16
1.907194629	1.418370708887224e-16
1.908400916	8.28555381899257e-17
1.909607203	2.168322536153803e-17
1.91081349	-2.917305257752969e-17
1.912019777	-3.142832712344435e-17
1.913226064	1.1802441450387768e-17
1.914432351	2.3283705544320333e-17
1.915638638	1.788288169397846e-17
1.916844925	1.2554757371460031e-17
1.918051212	8.14141418222301e-18
1.919257499	7.700227430252096e-18
1.920463786	1.491213869699205e-17
1.921670073	2.367033222890053e-17
1.92287636	2.6687628853843986e-17
1.924082647	2.3999509558249677e-17
1.925288933	2.029464428736847e-17
1.92649522	1.709322392328692e-17
1.927701507	1.626146689734727e-17
1.928907794	2.1955320035346776e-17
1.930114081	3.2312170577814456e-17
1.931320368	3.5550049862886215e-17
1.932526655	3.051422702969204e-17
1.933732942	2.4645143304284695e-17
1.934939229	2.0999112077819182e-17
1.936145516	1.948398680988814e-17
1.937351803	2.0406928761740087e-17
1.93855809	2.4041312492063498e-17
1.939764377	2.5740331951801256e-17
1.940970664	2.1864919037399365e-17
1.942176951	1.6817074731305925e-17
1.943383238	1.496717709387172e-17
1.944589525	1.6263085179038386e-17
1.945795812	1.876591845944278e-17
1.947002098	2.138408754322129e-17
1.948208385	2.2210832098607914e-17
1.949414672	2.1250005354863297e-17
1.950620959	1.9212689482193783e-17
1.951827246	1.7683689511075008e-17
1.953033533	1.6512288025678782e-17
1.95423982	1.6267199961839124e-17
1.955446107	1.9173360283201433e-17
1.956652394	2.3829523154433362e-17
1.957858681	2.5400913973419407e-17
1.959064968	2.3900734236390407e-17
1.960271255	2.1959111043561696e-17
1.961477542	1.9837650412423553e-17
1.962683829	1.8012100410982517e-17
1.963890116	1.7639855348088033e-17
1.965096403	1.8752958713227166e-17
1.96630269	1.9808583196818927e-17
1.967508977	2.0351295118470084e-17
1.968715263	2.114788748210852e-17
1.96992155	2.28254122215214e-17
1.971127837	2.507956329041594e-17
1.972334124	2.7144382311398668e-17
1.973540411	2.8206886235517506e-17
1.974746698	2.8152386869322754e-17
1.975952985	2.6977221643741994e-17
1.977159272	2.5713284745293592e-17
1.978365559	2.5796356860686755e-17
1.979571846	2.71634214782818e-17
1.980778133	2.9147259437697337e-17
1.98198442	3.1601751729354254e-17
1.983190707	3.3950869539298797e-17
1.984396994	3.561755860280577e-17
1.985603281	3.6627698260237745e-17
1.986809568	3.757718047502061e-17
1.988015855	3.916249429977269e-17
1.989222142	4.203187891443591e-17
1.990428428	4.5175212261411966e-17
1.991634715	4.7332084962288576e-17
1.992841002	4.742103349343785e-17
1.994047289	4.4006211254875595e-17
1.995253576	3.8386933760907756e-17
1.996459863	3.356544972095131e-17
1.99766615	3.159412065070779e-17
1.998872437	3.1550582813774875e-17
2.000078724	3.3348721425918926e-17
2.001285011	3.875211360740512e-17
2.002491298	4.761710193692065e-17
2.003697585	5.603748844559049e-17
2.004903872	5.998233697102986e-17
2.006110159	6.15560474385696e-17
2.007316446	6.061347724027106e-17
2.008522733	5.721420740079966e-17
2.00972902	5.4532342736556465e-17
2.010935307	5.3754554414850773e-17
2.012141594	5.4339199358045864e-17
2.01334788	5.602403777987047e-17
2.014554167	5.93877814850546e-17
2.015760454	6.293803455203893e-17
2.016966741	6.582070979064039e-17
2.018173028	6.785343497297442e-17
2.019379315	6.899259364083434e-17
2.020585602	6.923258803720965e-17
2.021791889	6.95124911566506e-17
2.022998176	6.960189080140888e-17
2.024204463	6.849660134948268e-17
2.02541075	6.629682378213851e-17
2.026617037	6.26137070591956e-17
2.027823324	5.893007441745657e-17
2.029029611	5.694986643645958e-17
2.030235898	5.629491327521339e-17
2.031442185	5.494699184228152e-17
2.032648472	5.3461142840271936e-17
2.033854759	5.300393000313659e-17
2.035061045	5.2021753161119486e-17
2.036267332	5.103440559613642e-17
2.037473619	5.182404059391078e-17
2.038679906	5.3220782844815496e-17
2.039886193	5.261790292111401e-17
2.04109248	5.1169163066467375e-17
2.042298767	4.9464063070788877e-17
2.043505054	4.702822305735679e-17
2.044711341	4.468916313130758e-17
2.045917628	4.312025482925613e-17
2.047123915	4.25060391962386e-17
2.048330202	4.265189865252364e-17
2.049536489	4.27588951764429e-17
2.050742776	4.307315957407485e-17
2.051949063	4.42923023763614e-17
2.05315535	4.6022438654601484e-17
2.054361637	4.7152843156682046e-17
2.055567924	4.7034650596207684e-17
2.05677421	4.5172453056429984e-17
2.057980497	4.226945333467987e-17
2.059186784	3.985924680615614e-17
2.060393071	3.860847760416129e-17
2.061599358	3.755088464270102e-17
2.062805645	3.7545610816232033e-17
2.064011932	3.913415013354394e-17
2.065218219	3.9701107953797413e-17
2.066424506	3.900533167463285e-17
2.067630793	3.900085055974091e-17
2.06883708	3.924770815763209e-17
2.070043367	3.936628348604038e-17
2.071249654	3.876300065888309e-17
2.072455941	3.735100901925952e-17
2.073662228	3.5639449924327333e-17
2.074868515	3.413165272930422e-17
2.076074802	3.318918317309986e-17
2.077281089	3.236465338711519e-17
2.078487375	3.1544785218117826e-17
2.079693662	3.1141716204917916e-17
2.080899949	3.072167004717274e-17
2.082106236	2.9901389645014336e-17
2.083312523	2.94262017182609e-17
2.08451881	2.90677568704542e-17
2.085725097	2.7918901035428034e-17
2.086931384	2.6486925850235016e-17
2.088137671	2.5121691727287893e-17
2.089343958	2.3857801697713384e-17
2.090550245	2.301951368008792e-17
2.091756532	2.2998049475474225e-17
2.092962819	2.3166207835522037e-17
2.094169106	2.3157801360011678e-17
2.095375393	2.3214405308924125e-17
2.09658168	2.303982342012304e-17
2.097787967	2.2481725585967755e-17
2.098994254	2.1804109843604548e-17
2.10020054	2.113378607185081e-17
2.101406827	2.053127310641867e-17
2.102613114	2.0098140908011663e-17
2.103819401	1.967741662602507e-17
2.105025688	1.9163830020179294e-17
2.106231975	1.8596699744487493e-17
2.107438262	1.8113192677066996e-17
2.108644549	1.7801331119254626e-17
2.109850836	1.7620400353228928e-17
2.111057123	1.7202265437325273e-17
2.11226341	1.6675119725531685e-17
2.113469697	1.6583429500601427e-17
2.114675984	1.6965504092083523e-17
2.115882271	1.743101352278725e-17
2.117088558	1.7285481238842527e-17
2.118294845	1.6656920820381792e-17
2.119501132	1.6274013667533968e-17
2.120707419	1.6157803677326992e-17
2.121913705	1.5991460200514623e-17
2.123119992	1.5935540529468844e-17
2.124326279	1.587975162681685e-17
2.125532566	1.5360616487171433e-17
2.126738853	1.4581199868674385e-17
2.12794514	1.3997506097103456e-17
2.129151427	1.3889290498074087e-17
2.130357714	1.402077661599411e-17
2.131564001	1.40610905706055e-17
2.132770288	1.4021858655875233e-17
2.133976575	1.3955514761947417e-17
2.135182862	1.3915870853378397e-17
2.136389149	1.3837811860422784e-17
2.137595436	1.3439143774069198e-17
2.138801723	1.2917402214982858e-17
2.14000801	1.2430033612474554e-17
2.141214297	1.1854789056059473e-17
2.142420584	1.1339197194306684e-17
2.14362687	1.105226266725565e-17
2.144833157	1.1079522908974898e-17
2.146039444	1.1559561667082135e-17
2.147245731	1.2162090280421319e-17
2.148452018	1.2342466547304304e-17
2.149658305	1.1788161497365962e-17
2.150864592	1.0630365495617063e-17
2.152070879	9.03041394550368e-18
2.153277166	7.518060141330572e-18
2.154483453	6.819098212740151e-18
2.15568974	7.186580047612415e-18
2.156896027	7.752643755189541e-18
2.158102314	7.708572179407743e-18
2.159308601	7.248419104622922e-18
2.160514888	6.747066775273172e-18
2.161721175	6.40191337724672e-18
2.162927462	6.166723599870953e-18
2.164133749	6.029166346432399e-18
2.165340035	6.220228495244872e-18
2.166546322	6.581734279949011e-18
2.167752609	6.232536408690419e-18
2.168958896	5.637784785725957e-18
2.170165183	4.992260181389489e-18
2.17137147	4.399830353795107e-18
2.172577757	4.061245812591668e-18
2.173784044	4.068782924918199e-18
2.174990331	4.506117245880079e-18
2.176196618	5.307556819832005e-18
2.177402905	6.112883788000931e-18
2.178609192	6.524549523892959e-18
2.179815479	6.360273816607032e-18
2.181021766	5.835613401048704e-18
2.182228053	5.215533096063663e-18
2.18343434	4.879873092628301e-18
2.184640627	5.356418238259642e-18
2.185846914	6.146579079341565e-18
2.187053201	6.582491511508612e-18
2.188259487	6.556950090095016e-18
2.189465774	6.216038861727478e-18
2.190672061	5.912470893641889e-18
2.191878348	5.798731634107156e-18
2.193084635	5.931695968897669e-18
2.194290922	5.908087474696546e-18
2.195497209	5.105856560974576e-18
2.196703496	3.362600839295538e-18
2.197909783	1.704826646209276e-18
2.19911607	1.2021143810032028e-18
2.200322357	1.5630556598406538e-18
2.201528644	2.0910339307309974e-18
2.202734931	2.4220752947743758e-18
2.203941218	2.66710591552867e-18
2.205147505	2.9185450582146113e-18
2.206353792	3.271021976955072e-18
2.207560079	3.6902840022534694e-18
2.208766366	4.136620998046065e-18
2.209972652	4.498891323494936e-18
2.211178939	4.64560567541116e-18
2.212385226	4.4163609449053554e-18
2.213591513	3.537912077160225e-18
2.2147978	2.406815537599823e-18
2.216004087	1.741596096884504e-18
2.217210374	1.9186453464450598e-18
2.218416661	2.398219318026869e-18
2.219622948	2.6680414430637293e-18
2.220829235	2.7493072189365827e-18
2.222035522	2.7561568657989383e-18
2.223241809	2.738184073863208e-18
2.224448096	2.7340605422064993e-18
2.225654383	2.818982208328537e-18
2.22686067	2.9251229646788553e-18
2.228066957	3.017037257883076e-18
2.229273244	3.0368809733765877e-18
2.230479531	2.7566949664962884e-18
2.231685817	2.0198811740527317e-18
2.232892104	1.3438956996769387e-18
2.234098391	1.2978988944541506e-18
2.235304678	1.8146946308419285e-18
2.236510965	2.539054342758666e-18
2.237717252	3.1796256049809632e-18
2.238923539	3.483188958788634e-18
2.240129826	3.185868516596889e-18
2.241336113	2.56421274717048e-18
2.2425424	1.9726657632573168e-18
2.243748687	1.625811159993277e-18
2.244954974	1.5421748155059487e-18
2.246161261	1.7259763055860677e-18
2.247367548	2.087840645625207e-18
2.248573835	2.5301610124092712e-18
2.249780122	2.750008184132587e-18
2.250986409	2.4069901405718242e-18
2.252192696	1.3049083589982487e-18
2.253398982	-1.0605214483424894e-20
2.254605269	-9.346157471761815e-19
2.255811556	-1.2051159711030587e-18
2.257017843	-8.1615198357807865e-19
2.25822413	7.448407136604527e-20
2.259430417	8.8664684192412e-19
2.260636704	1.0137196734935462e-18
2.261842991	7.75767724127999e-19
2.263049278	7.423512531624932e-19
2.264255565	1.10361555092688e-18
2.265461852	1.4633296684986247e-18
2.266668139	1.5248692909385669e-18
2.267874426	1.417141016529013e-18
2.269080713	1.329006523216598e-18
2.270287	1.295327109861186e-18
2.271493287	1.2346159593156804e-18
2.272699574	1.0931521976441423e-18
2.273905861	8.227388251263818e-19
2.275112147	3.634905572661419e-19
2.276318434	-1.4147458318397945e-19
2.277524721	-4.709660153753951e-19
2.278731008	-5.042493022569532e-19
2.279937295	-3.209534311228258e-19
2.281143582	9.199294391730666e-21
2.282349869	3.8242697619271767e-19
2.283556156	6.2516326697002e-19
2.284762443	6.48425800455984e-19
2.28596873	5.186934880588032e-19
2.287175017	2.711696129461576e-19
2.288381304	-4.829922966886214e-20
2.289587591	-3.972033413518077e-19
2.290793878	-6.682909352559109e-19
2.292000165	-6.9199844718083675e-19
2.293206452	-3.6125725977027923e-19
2.294412739	1.6142287530147924e-19
2.295619026	6.817348432686202e-19
2.296825312	1.0170971992942957e-18
2.298031599	9.976418347473144e-19
2.299237886	5.593301763750008e-19
2.300444173	1.290988099609006e-19
2.30165046	1.421371322359533e-19
2.302856747	3.956858871960917e-19
2.304063034	5.196343096694193e-19
2.305269321	3.8877239491298453e-19
2.306475608	2.6904115924478236e-19
2.307681895	3.4302438033837333e-19
2.308888182	6.021763367658187e-19
2.310094469	1.0512159579417228e-18
2.311300756	1.5226515360302463e-18
2.312507043	1.7005603746354672e-18
2.31371333	1.3610835901783595e-18
2.314919617	8.267495580065677e-19
2.316125904	4.922828746310149e-19
2.317332191	4.615755776880665e-19
2.318538477	6.364275241715316e-19
2.319744764	8.803969535558913e-19
2.320951051	1.0348582716512813e-18
2.322157338	9.550950468475005e-19
2.323363625	7.283455620359263e-19
2.324569912	5.056124308509103e-19
2.325776199	4.0179372756328055e-19
2.326982486	4.759182397228684e-19
2.328188773	7.806340697614733e-19
2.32939506	1.13921260990993e-18
2.330601347	1.325875786136216e-18
2.331807634	1.3198636753530727e-18
2.333013921	1.2944450328420009e-18
2.334220208	1.3804795602165452e-18
2.335426495	1.4863455684780262e-18
2.336632782	1.5123670974715722e-18
2.337839069	1.388276103989571e-18
2.339045356	1.0582477542332112e-18
2.340251642	5.50262116589537e-19
2.341457929	1.9692362303867193e-19
2.342664216	3.1855651647605025e-19
2.343870503	8.244287774672032e-19
2.34507679	1.4921174589714486e-18
2.346283077	2.1411385074055895e-18
2.347489364	2.6362926248412005e-18
2.348695651	2.8420227424739708e-18
2.349901938	2.6761225292182514e-18
2.351108225	2.090673402805596e-18
2.352314512	1.2337414527723409e-18
2.353520799	5.064331617148871e-19
2.354727086	2.879200260767456e-19
2.355933373	4.600736408663155e-19
2.35713966	8.618330328722867e-19
2.358345947	1.3814855413661634e-18
2.359552234	1.8845688698551173e-18
2.360758521	2.2668509388051078e-18
2.361964807	2.4875716295555203e-18
2.363171094	2.487583131441352e-18
2.364377381	2.352653064892197e-18
2.365583668	2.232011777345706e-18
2.366789955	2.1684008433077444e-18
2.367996242	1.8918551970640396e-18
2.369202529	1.0984977169668181e-18
2.370408816	1.0831356273560873e-19
2.371615103	-4.715414904277657e-19
2.37282139	-3.9809275082323562e-19
2.374027677	6.775072661391622e-20
2.375233964	7.237811892878751e-19
2.376440251	1.3962315611991416e-18
2.377646538	1.929303382900763e-18
2.378852825	2.3595993151543396e-18
2.380059112	2.8700638471411957e-18
2.381265399	3.5062618101251325e-18
2.382471686	3.693042974793869e-18
2.383677973	2.8294715705744285e-18
2.384884259	1.1337673850876898e-18
2.386090546	-5.797279957489537e-19
2.387296833	-1.5515062376974095e-18
2.38850312	-1.6484924295380252e-18
2.389709407	-8.674810196452358e-19
2.390915694	1.354706298991233e-19
2.392121981	6.024966618942429e-19
2.393328268	4.871755556353234e-19
2.394534555	4.567422384918597e-19
2.395740842	1.0016373813847303e-18
2.396947129	1.6910721441026955e-18
2.398153416	2.0232526927389783e-18
2.399359703	2.0884722379145097e-18
2.40056599	2.272120829259447e-18
2.401772277	2.7723297430241465e-18
2.402978564	3.4247497110752012e-18
2.404184851	4.104952705749344e-18
2.405391138	4.646105925165361e-18
2.406597424	4.806170182316817e-18
2.407803711	4.515282763903561e-18
2.409009998	4.200822919585704e-18
2.410216285	4.23731958985976e-18
2.411422572	4.728716449585085e-18
2.412628859	5.864198725239466e-18
2.413835146	7.626234026551766e-18
2.415041433	9.104391637373977e-18
2.41624772	9.068014593391828e-18
2.417454007	7.475865637529088e-18
2.418660294	5.3308772311696335e-18
2.419866581	3.733426482850237e-18
2.421072868	3.0477048372813042e-18
2.422279155	3.290271367497659e-18
2.423485442	3.3827482548312346e-18
2.424691729	2.2443865944625175e-18
2.425898016	6.709049405100544e-19
2.427104303	-2.812452615288235e-20
2.428310589	7.207357212321834e-19
2.429516876	2.5954354685419713e-18
2.430723163	5.6343564620466665e-18
2.43192945	8.808389796552377e-18
2.433135737	1.0481948003583277e-17
2.434342024	9.14918288020994e-18
2.435548311	3.997408070489299e-18
2.436754598	-2.66473487286618e-18
2.437960885	-6.0505437387292686e-18
2.439167172	-5.563582784756256e-18
2.440373459	-2.8688304501436694e-18
2.441579746	9.091149974252686e-19
2.442786033	5.5073500887178344e-18
2.44399232	1.0468019277253313e-17
2.445198607	1.4449121809256736e-17
2.446404894	1.652190351351225e-17
2.447611181	1.60449190498023e-17
2.448817468	1.3097522849626774e-17
2.450023754	8.727799587448267e-18
2.451230041	4.842155483977957e-18
2.452436328	2.1136933819220446e-18
2.453642615	4.66587813010273e-19
2.454848902	-8.295872974059134e-21
2.456055189	9.676331501202022e-19
2.457261476	3.476747491089344e-18
2.458467763	6.708614125148766e-18
2.45967405	9.866048946423147e-18
2.460880337	1.2438066445613931e-17
2.462086624	1.3774654875186101e-17
2.463292911	1.2911686001507584e-17
2.464499198	1.1162859785234087e-17
2.465705485	1.0180220015341158e-17
2.466911772	1.0443531201993129e-17
2.468118059	1.2294990723533557e-17
2.469324346	1.61870636961624e-17
2.470530633	1.963946046969102e-17
2.471736919	1.670392372258578e-17
2.472943206	9.867812581604555e-18
2.474149493	4.473577485732573e-18
2.47535578	2.7030309451899567e-18
2.476562067	4.518443807605265e-18
2.477768354	1.0732566104299162e-17
2.478974641	2.051890238508141e-17
2.480180928	3.105070968160282e-17
2.481387215	3.976662216344865e-17
2.482593502	4.7093197910704174e-17
2.483799789	5.252445276326626e-17
2.485006076	5.5309373685576504e-17
2.486212363	5.757460998424715e-17
2.48741865	5.965192855085436e-17
2.488624937	6.602271812410812e-17
2.489831224	8.451454004361807e-17
2.491037511	1.1158932188147926e-16
2.492243798	1.1378417193659883e-16
2.493450084	8.656068162499006e-17
2.494656371	5.963305486163816e-17
2.495862658	4.238685277214742e-17
2.497068945	3.3627921880445355e-17