0.45	1.3180920994251684e-14
0.451206295	3.7688821752468435e-15
0.452412589	1.9843733216823223e-14
0.453618884	4.128770161922967e-14
0.454825178	2.5360131256208476e-14
0.456031473	1.5336510651347633e-14
0.457237767	1.514214309707061e-14
0.458444062	1.1323584413772395e-14
0.459650356	1.0561349556954861e-14
0.460856651	1.5630671094323604e-14
0.462062945	1.3985430595355628e-14
0.46326924	1.1326995977909207e-14
0.464475534	1.667014089534798e-14
0.465681829	1.863881623675342e-14
0.466888124	1.8978431832353918e-14
0.468094418	1.795303456802188e-14
0.469300713	1.6825499009614333e-14
0.470507007	1.699895951389699e-14
0.471713302	1.6957393942971308e-14
0.472919596	1.8369469988823393e-14
0.474125891	1.7785705087780273e-14
0.475332185	1.7336041683826317e-14
0.47653848	1.9540184023729775e-14
0.477744774	1.9120904564556832e-14
0.478951069	1.8797020987122587e-14
0.480157364	1.9222086605406034e-14
0.481363658	1.99945223228631e-14
0.482569953	1.789236945675053e-14
0.483776247	1.5375205538178e-14
0.484982542	1.2593006907657804e-14
0.486188836	9.600007102256029e-15
0.487395131	1.1919073806805783e-14
0.488601425	1.462544818583977e-14
0.48980772	1.5320900188224175e-14
0.491014014	1.5528364091763894e-14
0.492220309	1.5674522879260387e-14
0.493426603	1.6334806861383688e-14
0.494632898	1.580665765600096e-14
0.495839193	1.6103570273877505e-14
0.497045487	1.51216393275679e-14
0.498251782	1.6108001275446724e-14
0.499458076	1.5563160102756584e-14
0.500664371	1.529940589511419e-14
0.501870665	1.5496405639777185e-14
0.50307696	1.5510792833065093e-14
0.504283254	1.5556791421263587e-14
0.505489549	1.4766749240421262e-14
0.506695843	1.5167298243707173e-14
0.507902138	1.5399506062594292e-14
0.509108433	1.538243644632356e-14
0.510314727	1.5428211000686284e-14
0.511521022	1.4977142121554024e-14
0.512727316	1.5352065413312655e-14
0.513933611	1.5012245173657483e-14
0.515139905	1.428852909428125e-14
0.5163462	1.474718266020868e-14
0.517552494	1.4883197601380753e-14
0.518758789	1.59202643745603e-14
0.519965083	1.4989176892224044e-14
0.521171378	1.4933448497767558e-14
0.522377672	1.52215820328832e-14
0.523583967	1.4922615730395698e-14
0.524790262	1.4536331301294945e-14
0.525996556	1.46791018994842e-14
0.527202851	1.4740083029368124e-14
0.528409145	1.458130377368338e-14
0.52961544	1.5121236221963154e-14
0.530821734	1.4497771370715762e-14
0.532028029	1.4606031765215032e-14
0.533234323	1.4561093385502073e-14
0.534440618	1.4971567327398973e-14
0.535646912	1.4397643045122704e-14
0.536853207	1.4943441665972784e-14
0.538059501	1.4601508446647256e-14
0.539265796	1.4580861625366298e-14
0.540472091	1.482606543864224e-14
0.541678385	1.3793194913597107e-14
0.54288468	1.3903689119857028e-14
0.544090974	1.3728146719029497e-14
0.545297269	1.399201362454654e-14
0.546503563	1.436696807929078e-14
0.547709858	1.4784830392059442e-14
0.548916152	1.4681064869585608e-14
0.550122447	1.4622812746478438e-14
0.551328741	1.430004317270835e-14
0.552535036	1.40894397493673e-14
0.553741331	1.3820945179685279e-14
0.554947625	1.378897597084936e-14
0.55615392	1.4176601837777964e-14
0.557360214	1.414917314643416e-14
0.558566509	1.429381365818691e-14
0.559772803	1.3888216252393952e-14
0.560979098	1.370158284073467e-14
0.562185392	1.377939657815995e-14
0.563391687	1.3697705845159296e-14
0.564597981	1.3750064497305803e-14
0.565804276	1.3871844146563887e-14
0.56701057	1.3411588276102612e-14
0.568216865	1.353163164315976e-14
0.56942316	1.3541186722389396e-14
0.570629454	1.3941251484350655e-14
0.571835749	1.3530672957799181e-14
0.573042043	1.3203942483089624e-14
0.574248338	1.3430769826596612e-14
0.575454632	1.3822001444079289e-14
0.576660927	1.3753932595099303e-14
0.577867221	1.3551705521620606e-14
0.579073516	1.4235094665930707e-14
0.58027981	1.4062113626668655e-14
0.581486105	1.387434769252896e-14
0.5826924	1.3781320697038133e-14
0.583898694	1.4074007780391696e-14
0.585104989	1.4360026811089544e-14
0.586311283	1.456472178390415e-14
0.587517578	1.3965257466528365e-14
0.588723872	1.4000828110440201e-14
0.589930167	1.4979411368513745e-14
0.591136461	1.3961653861371058e-14
0.592342756	1.3898625098516726e-14
0.59354905	1.4115058837244705e-14
0.594755345	1.4333991244909152e-14
0.595961639	1.4167677353782158e-14
0.597167934	1.409062234953089e-14
0.598374229	1.4248369616220803e-14
0.599580523	1.4010390407793306e-14
0.600786818	1.4195958696839052e-14
0.601993112	1.4291038449169953e-14
0.603199407	1.41930172426053e-14
0.604405701	1.39776519182262e-14
0.605611996	1.4293041926407074e-14
0.60681829	1.4550412670051158e-14
0.608024585	1.440239262767813e-14
0.609230879	1.4230903318093978e-14
0.610437174	1.423705509787523e-14
0.611643468	1.3754727763092996e-14
0.612849763	1.3795731123121525e-14
0.614056058	1.3273224182521952e-14
0.615262352	1.2463511358807676e-14
0.616468647	1.2949833424467633e-14
0.617674941	1.2145103586761934e-14
0.618881236	1.1872686368441291e-14
0.62008753	1.1771567954888148e-14
0.621293825	1.1712444929103887e-14
0.622500119	1.1655300682673146e-14
0.623706414	1.2010242293562592e-14
0.624912708	1.2315825535361292e-14
0.626119003	1.3014071317997922e-14
0.627325298	1.311454111081852e-14
0.628531592	1.3343457208123184e-14
0.629737887	1.3959112361175184e-14
0.630944181	1.4231433705254697e-14
0.632150476	1.4293970970966447e-14
0.63335677	1.4256325137015906e-14
0.634563065	1.39827617612726e-14
0.635769359	1.4081662569685516e-14
0.636975654	1.4008125664801763e-14
0.638181948	1.4163206970380556e-14
0.639388243	1.424474655636517e-14
0.640594537	1.4273012111929334e-14
0.641800832	1.4127307837888343e-14
0.643007127	1.4073794723664396e-14
0.644213421	1.3833998770705613e-14
0.645419716	1.3649525676658675e-14
0.64662601	1.3953845125912694e-14
0.647832305	1.3868784328924839e-14
0.649038599	1.3663643419682621e-14
0.650244894	1.3543955851119077e-14
0.651451188	1.3286546141137758e-14
0.652657483	1.329081587594363e-14
0.653863777	1.308085776343818e-14
0.655070072	1.1777983984649322e-14
0.656276366	9.102282827727796e-15
0.657482661	1.1924524628648874e-14
0.658688956	1.4244381316190472e-14
0.65989525	1.3917661764415966e-14
0.661101545	1.3184483524578027e-14
0.662307839	1.3023872066164916e-14
0.663514134	1.2860716585898143e-14
0.664720428	1.2599533901244548e-14
0.665926723	1.2364043664234927e-14
0.667133017	1.231614243380001e-14
0.668339312	1.2184415836754002e-14
0.669545606	1.2193445509570627e-14
0.670751901	1.2359006194115634e-14
0.671958196	1.2519905945252701e-14
0.67316449	1.2685486969609882e-14
0.674370785	1.2959552395620461e-14
0.675577079	1.3287093306546415e-14
0.676783374	1.349739519507509e-14
0.677989668	1.3509727422383716e-14
0.679195963	1.3520669082765484e-14
0.680402257	1.3396682515701279e-14
0.681608552	1.3216561448612716e-14
0.682814846	1.2931186299427444e-14
0.684021141	1.2905130909023486e-14
0.685227435	1.3003838755142096e-14
0.68643373	1.3048920240438123e-14
0.687640025	1.3112993832061217e-14
0.688846319	1.3078502974054981e-14
0.690052614	1.3004477333405995e-14
0.691258908	1.307972416480023e-14
0.692465203	1.3075647455225243e-14
0.693671497	1.2970358657129397e-14
0.694877792	1.2894069993323908e-14
0.696084086	1.2745617920399433e-14
0.697290381	1.2410926482125467e-14
0.698496675	1.1821063386005221e-14
0.69970297	1.1356171064643223e-14
0.700909265	1.1021379038995202e-14
0.702115559	1.0688488728737938e-14
0.703321854	1.0480762228186011e-14
0.704528148	1.0368832253199711e-14
0.705734443	1.0495891268734464e-14
0.706940737	1.0799076448899523e-14
0.708147032	1.1138067811273169e-14
0.709353326	1.127251326415903e-14
0.710559621	1.1201551253202994e-14
0.711765915	1.1323191974217383e-14
0.71297221	1.1591912609802216e-14
0.714178504	1.160302119735874e-14
0.715384799	1.1419393683354275e-14
0.716591094	1.0794005975006372e-14
0.717797388	9.719464191303467e-15
0.719003683	8.77925077111628e-15
0.720209977	8.250423690030078e-15
0.721416272	8.212543855945339e-15
0.722622566	7.953677521869579e-15
0.723828861	7.555324552762612e-15
0.725035155	7.191781504841937e-15
0.72624145	6.871079596322246e-15
0.727447744	6.615616451730197e-15
0.728654039	6.602359962783827e-15
0.729860333	6.6977922631674516e-15
0.731066628	6.9043285251846126e-15
0.732272923	7.25509994233727e-15
0.733479217	7.603343615249755e-15
0.734685512	7.91223077052923e-15
0.735891806	8.233248130956491e-15
0.737098101	8.515508665846258e-15
0.738304395	8.940618631635274e-15
0.73951069	9.369996745246679e-15
0.740716984	9.849094294613657e-15
0.741923279	1.0200918515782583e-14
0.743129573	1.0473884997273043e-14
0.744335868	1.0676026495825401e-14
0.745542163	1.0841117701045328e-14
0.746748457	1.0677738416190668e-14
0.747954752	1.0774817836286589e-14
0.749161046	1.0773410940435876e-14
0.750367341	1.0717284117005013e-14
0.751573635	1.0700611380939292e-14
0.75277993	1.074583476981866e-14
0.753986224	1.0769639271823354e-14
0.755192519	1.0773492014818314e-14
0.756398813	1.0618293538576565e-14
0.757605108	1.053638551819934e-14
0.758811402	1.0692658545335864e-14
0.760017697	1.0741530296810145e-14
0.761223992	1.0290307042128487e-14
0.762430286	9.405720851476192e-15
0.763636581	9.15169249834596e-15
0.764842875	8.88560044202972e-15
0.76604917	8.786396232246815e-15
0.767255464	8.862557228296773e-15
0.768461759	8.841905923530488e-15
0.769668053	8.715194204977459e-15
0.770874348	8.628485964481512e-15
0.772080642	8.57762905814441e-15
0.773286937	8.3447286438383e-15
0.774493232	8.196508142346456e-15
0.775699526	8.002837202830778e-15
0.776905821	7.433187456698032e-15
0.778112115	7.394154879055666e-15
0.77931841	7.488085355406374e-15
0.780524704	7.230844513183532e-15
0.781730999	6.91548705126755e-15
0.782937293	6.669470876451108e-15
0.784143588	6.5238437287222505e-15
0.785349882	6.482944581877899e-15
0.786556177	6.53173967581283e-15
0.787762471	6.522038357501227e-15
0.788968766	6.574944109180933e-15
0.790175061	6.605595117889565e-15
0.791381355	6.6137094389392985e-15
0.79258765	6.445373099755582e-15
0.793793944	6.254900470525703e-15
0.795000239	6.028560428780281e-15
0.796206533	5.929953883207162e-15
0.797412828	5.896032569254803e-15
0.798619122	5.859535016332207e-15
0.799825417	5.8480548531802414e-15
0.801031711	5.861107986760955e-15
0.802238006	5.8966694236719816e-15
0.8034443	6.0307806563747065e-15
0.804650595	6.153097850240051e-15
0.80585689	6.188891712007323e-15
0.807063184	6.267907742964712e-15
0.808269479	6.472094403393956e-15
0.809475773	6.595418894041591e-15
0.810682068	6.62992263097212e-15
0.811888362	6.766154138673997e-15
0.813094657	7.011849688784153e-15
0.814300951	7.25518284269188e-15
0.815507246	7.429380810752774e-15
0.81671354	7.549789744875064e-15
0.817919835	7.784989467388232e-15
0.81912613	7.943469052745145e-15
0.820332424	8.095779957272489e-15
0.821538719	8.139497360135982e-15
0.822745013	7.893489097109987e-15
0.823951308	8.24482577351407e-15
0.825157602	8.425757784743408e-15
0.826363897	8.535877742618791e-15
0.827570191	8.491097802073726e-15
0.828776486	8.472344831632811e-15
0.82998278	8.417885722518673e-15
0.831189075	8.350150139048677e-15
0.832395369	8.231315125831501e-15
0.833601664	8.037537930577919e-15
0.834807959	7.521689377699369e-15
0.836014253	6.750480379365911e-15
0.837220548	6.085355185673549e-15
0.838426842	5.730097685235163e-15
0.839633137	5.375891775006183e-15
0.840839431	5.21145522710358e-15
0.842045726	5.323835119243495e-15
0.84325202	5.41302988207499e-15
0.844458315	5.3111062897422345e-15
0.845664609	5.616691091788759e-15
0.846870904	5.4745282527065594e-15
0.848077199	6.584828853148948e-15
0.849283493	6.800173834338575e-15
0.850489788	5.675957311375017e-15
0.851696082	6.168326670361284e-15
0.852902377	6.498750177097466e-15
0.854108671	5.030038554445403e-15
0.855314966	4.761123482524954e-15
0.85652126	5.376904311094257e-15
0.857727555	5.240608939493987e-15
0.858933849	4.5314604654583996e-15
0.860140144	3.996273023977233e-15
0.861346438	4.5003307095239944e-15
0.862552733	4.613962612854532e-15
0.863759028	4.474386774699114e-15
0.864965322	4.19044485411488e-15
0.866171617	3.2693632435768122e-15
0.867377911	3.4800942329350554e-15
0.868584206	4.37798943275788e-15
0.8697905	5.010275381454796e-15
0.870996795	5.145637233255222e-15
0.872203089	5.25823357992813e-15
0.873409384	4.9456864525193424e-15
0.874615678	3.9908976874209895e-15
0.875821973	4.436946418340446e-15
0.877028267	5.62331568056851e-15
0.878234562	5.495106018457135e-15
0.879440857	4.893991308862636e-15
0.880647151	4.2662344348537514e-15
0.881853446	3.570483842681621e-15
0.88305974	2.9947899438224254e-15
0.884266035	2.673539132054622e-15
0.885472329	2.342650210536684e-15
0.886678624	2.099888655254962e-15
0.887884918	2.5146769505650913e-15
0.889091213	2.6851576382411325e-15
0.890297507	2.6435672298257503e-15
0.891503802	2.649731484640149e-15
0.892710097	2.5860358230440404e-15
0.893916391	2.5377670675615556e-15
0.895122686	2.474348996881185e-15
0.89632898	2.4689010019406485e-15
0.897535275	2.5810613010002807e-15
0.898741569	2.6384541821150703e-15
0.899947864	2.5463871859091398e-15
0.901154158	2.2741048679655367e-15
0.902360453	2.8390599064056078e-15
0.903566747	3.735283722460516e-15
0.904773042	4.076829267791273e-15
0.905979336	4.076789413701112e-15
0.907185631	4.0874349868994904e-15
0.908391926	4.201746838261376e-15
0.90959822	4.36820635666514e-15
0.910804515	4.552918192939484e-15
0.912010809	4.548593910524287e-15
0.913217104	4.420604650728315e-15
0.914423398	4.525988079919975e-15
0.915629693	4.442392723604284e-15
0.916835987	4.685647473443161e-15
0.918042282	4.785466557017915e-15
0.919248576	4.8783503122468234e-15
0.920454871	4.892129736619519e-15
0.921661165	4.426597649824375e-15
0.92286746	3.855113931419781e-15
0.924073755	4.718221491355147e-15
0.925280049	5.376210206504602e-15
0.926486344	5.14542079914933e-15
0.927692638	5.157473756453051e-15
0.928898933	5.205747457176966e-15
0.930105227	5.034805257910842e-15
0.931311522	4.565610745559519e-15
0.932517816	4.025478569893948e-15
0.933724111	3.653355872903363e-15
0.934930405	3.4702948413114293e-15
0.9361367	3.47216744464463e-15
0.937342995	3.254657398835633e-15
0.938549289	3.1463601026131894e-15
0.939755584	3.385926977592271e-15
0.940961878	3.2382533520421257e-15
0.942168173	2.9001132864390794e-15
0.943374467	2.4293498712309582e-15
0.944580762	2.244526763799024e-15
0.945787056	2.171025513314554e-15
0.946993351	2.113819112433289e-15
0.948199645	1.992642535359766e-15
0.94940594	1.9083060499549024e-15
0.950612234	1.9640267134624268e-15
0.951818529	2.09425947184783e-15
0.953024824	2.081592216193147e-15
0.954231118	1.7232595048585565e-15
0.955437413	1.5063248311579962e-15
0.956643707	1.565242825122663e-15
0.957850002	1.6321587063937596e-15
0.959056296	1.4654961523527902e-15
0.960262591	1.3899798499626608e-15
0.961468885	1.362150683496947e-15
0.96267518	1.292651639103461e-15
0.963881474	1.2441762261127874e-15
0.965087769	1.2266143327484411e-15
0.966294064	1.159594491523145e-15
0.967500358	1.1801042756094735e-15
0.968706653	1.2600255750637862e-15
0.969912947	1.2703966348574163e-15
0.971119242	0.
0.972325536	0.
0.973531831	0.
0.974738125	0.
0.97594442	0.
0.977150714	0.
0.978357009	0.
0.979563303	0.
0.980769598	0.
0.981975893	0.
0.983182187	0.
0.984388482	0.
0.985594776	0.
0.986801071	0.
0.988007365	0.
0.98921366	0.
0.990419954	0.
0.991626249	0.
0.992832543	0.
0.994038838	0.
0.995245132	0.
0.996451427	0.
0.997657722	1.7202339775013754e-15
0.998864016	1.6821903724217984e-15
1.000070311	1.654635244821237e-15
1.001276605	1.5705182127216124e-15
1.0024829	1.5172938269057796e-15
1.003689194	1.4633475370990635e-15
1.004895489	1.4433119884104763e-15
1.006101783	1.5566459042742792e-15
1.007308078	1.663983215744055e-15
1.008514372	1.7435734661178788e-15
1.009720667	1.836781190758085e-15
1.010926962	1.873486152609679e-15
1.012133256	1.8298554915787285e-15
1.013339551	1.7832403211402634e-15
1.014545845	1.6904907333834134e-15
1.01575214	1.5517502515388655e-15
1.016958434	1.3950180507246457e-15
1.018164729	1.2418225750426212e-15
1.019371023	1.1302984896174026e-15
1.020577318	1.106167886916705e-15
1.021783612	1.1151075358020135e-15
1.022989907	1.1689153968228326e-15
1.024196201	1.2583450901752412e-15
1.025402496	1.3797548232989188e-15
1.026608791	1.5081334849501206e-15
1.027815085	1.6294488569049106e-15
1.02902138	1.7575549938254534e-15
1.030227674	1.8596694725921928e-15
1.031433969	1.903041141486114e-15
1.032640263	1.944914989203684e-15
1.033846558	2.0024886698361494e-15
1.035052852	2.013464339905841e-15
1.036259147	2.0130836260950014e-15
1.037465441	2.0651587116775427e-15
1.038671736	2.105594714893326e-15
1.039878031	2.1196788487954204e-15
1.041084325	2.1485293051166958e-15
1.04229062	2.1890526059304897e-15
1.043496914	2.218205915979906e-15
1.044703209	2.2581489243651027e-15
1.045909503	2.31937081325759e-15
1.047115798	2.3611245078280194e-15
1.048322092	2.3948259232503987e-15
1.049528387	2.445586604614528e-15
1.050734681	2.5190410645097736e-15
1.051940976	2.5978470919647775e-15
1.05314727	2.6952616472423837e-15
1.054353565	2.7866975417473586e-15
1.05555986	2.8416178704776756e-15
1.056766154	2.9230545449650483e-15
1.057972449	3.0337817746888455e-15
1.059178743	3.0858558169070527e-15
1.060385038	3.0971717766270693e-15
1.061591332	3.1052687980385773e-15
1.062797627	3.214679802574312e-15
1.064003921	3.2681013093000975e-15
1.065210216	3.319022490403234e-15
1.06641651	3.370671870544177e-15
1.067622805	3.4258821933028233e-15
1.068829099	3.5101867414091262e-15
1.070035394	3.604776424528576e-15
1.071241689	3.6438686682776106e-15
1.072447983	3.672671696946653e-15
1.073654278	3.745760653089655e-15
1.074860572	3.795812942406638e-15
1.076066867	3.8144224794068016e-15
1.077273161	3.8438978699360506e-15
1.078479456	3.8568111115721385e-15
1.07968575	3.824938223649171e-15
1.080892045	3.881852344282017e-15
1.082098339	4.016502471705666e-15
1.083304634	4.040251517308649e-15
1.084510929	3.993960814813222e-15
1.085717223	3.936198942660453e-15
1.086923518	3.972668325305044e-15
1.088129812	4.040668680518712e-15
1.089336107	3.898821620968515e-15
1.090542401	3.731960736659094e-15
1.091748696	3.665786855887504e-15
1.09295499	3.726018973087107e-15
1.094161285	3.869275398152063e-15
1.095367579	3.82744158532618e-15
1.096573874	3.729397213816968e-15
1.097780168	3.656395841229451e-15
1.098986463	3.4753763966731278e-15
1.100192758	3.239878832887031e-15
1.101399052	3.0589390153432785e-15
1.102605347	2.8580161863157487e-15
1.103811641	2.6133355606782007e-15
1.105017936	2.3996196291613006e-15
1.10622423	2.226977167580695e-15
1.107430525	2.08923655306818e-15
1.108636819	1.9871617293275637e-15
1.109843114	1.917549847968941e-15
1.111049408	1.882257840841539e-15
1.112255703	1.865862011403484e-15
1.113461998	1.8357294606225206e-15
1.114668292	1.792526542141533e-15
1.115874587	1.7457899250059152e-15
1.117080881	1.6941067145708702e-15
1.118287176	1.6391044696340862e-15
1.11949347	1.5876628330616784e-15
1.120699765	1.5103019635587554e-15
1.121906059	1.4011577667356298e-15
1.123112354	1.2996792732435793e-15
1.124318648	1.2201473940258998e-15
1.125524943	1.157674220045044e-15
1.126731237	1.0876205972446512e-15
1.127937532	1.0061762363599118e-15
1.129143827	9.415006986288606e-16
1.130350121	8.886398213098079e-16
1.131556416	8.324133096954874e-16
1.13276271	7.865807310945068e-16
1.133969005	7.506194017896447e-16
1.135175299	7.174314786862694e-16
1.136381594	6.936287363775716e-16
1.137587888	6.888865737142171e-16
1.138794183	6.900567628951119e-16
1.140000477	6.923965834014167e-16
1.141206772	6.952613009797426e-16
1.142413066	7.002658909692791e-16
1.143619361	7.134292237239531e-16
1.144825656	7.224763570975096e-16
1.14603195	7.24349691249098e-16
1.147238245	7.274181374033399e-16
1.148444539	7.239655541866318e-16
1.149650834	7.084882014793637e-16
1.150857128	6.843937310448141e-16
1.152063423	6.518183813135118e-16
1.153269717	6.10346332007103e-16
1.154476012	5.673613996848608e-16
1.155682306	5.292410522668038e-16
1.156888601	4.930934667807849e-16
1.158094896	4.608887447471878e-16
1.15930119	4.378019104459089e-16
1.160507485	4.197217179189242e-16
1.161713779	4.028283965745541e-16
1.162920074	3.8411748387869425e-16
1.164126368	3.658178701525856e-16
1.165332663	3.5470926483254927e-16
1.166538957	3.4964794536143797e-16
1.167745252	3.504402948279395e-16
1.168951546	3.616791699541907e-16
1.170157841	3.801288267916365e-16
1.171364135	3.9697785058552036e-16
1.17257043	4.158293812328695e-16
1.173776725	4.380249720953467e-16
1.174983019	4.655924566592601e-16
1.176189314	4.959803292899627e-16
1.177395608	5.204078527817618e-16
1.178601903	5.3840304211423e-16
1.179808197	5.468604336363181e-16
1.181014492	5.578514051730268e-16
1.182220786	5.723097152295044e-16
1.183427081	5.865486252068859e-16
1.184633375	5.889077675230605e-16
1.18583967	5.730351960760246e-16
1.187045965	5.726936423672049e-16
1.188252259	5.869681855564232e-16
1.189458554	5.875362701346359e-16
1.190664848	5.875590304546327e-16
1.191871143	5.946799225858246e-16
1.193077437	6.053154066444638e-16
1.194283732	6.185447323098929e-16
1.195490026	6.355819050145816e-16
1.196696321	6.616900714243205e-16
1.197902615	6.980481218076674e-16
1.19910891	7.182623494417522e-16
1.200315204	7.245802225036686e-16
1.201521499	7.353450426173499e-16
1.202727794	7.61735589492284e-16
1.203934088	8.066946467020331e-16
1.205140383	8.274200677732747e-16
1.206346677	8.381787300248938e-16
1.207552972	8.889811948656034e-16
1.208759266	9.321802538485321e-16
1.209965561	9.46424642441867e-16
1.211171855	9.634283328129382e-16
1.21237815	9.862599317508292e-16
1.213584444	1.0118583142596595e-15
1.214790739	1.0362726564745241e-15
1.215997033	1.0575311948190823e-15
1.217203328	1.0771960791663777e-15
1.218409623	1.0926542516136413e-15
1.219615917	1.1010492375817958e-15
1.220822212	1.1022877820907465e-15
1.222028506	1.095874499064972e-15
1.223234801	1.0848422021796131e-15
1.224441095	1.0694700027463118e-15
1.22564739	1.0486912000716342e-15
1.226853684	1.0316800280813678e-15
1.228059979	1.0196243528352274e-15
1.229266273	9.98495019113949e-16
1.230472568	9.795714531571809e-16
1.231678863	9.78542259625281e-16
1.232885157	9.856207981628414e-16
1.234091452	9.95796315509901e-16
1.235297746	1.0111683944070603e-15
1.236504041	1.0291426990613882e-15
1.237710335	1.0471740263068046e-15
1.23891663	1.0723538024224933e-15
1.240122924	1.1032090759326559e-15
1.241329219	1.1262466897204556e-15
1.242535513	1.1443278565616478e-15
1.243741808	1.164361333859825e-15
1.244948102	1.1834154484150304e-15
1.246154397	1.2041900726576857e-15
1.247360692	1.2343654765562612e-15
1.248566986	1.268822268928547e-15
1.249773281	1.3027371723653593e-15
1.250979575	1.3440427876852905e-15
1.25218587	1.388060302510707e-15
1.253392164	1.4117573456917927e-15
1.254598459	1.426205962269044e-15
1.255804753	1.4402694374604386e-15
1.257011048	1.4422728403800919e-15
1.258217342	1.43731629395651e-15
1.259423637	1.428339879908933e-15
1.260629931	1.4240885613079265e-15
1.261836226	1.4340523916075548e-15
1.263042521	1.4518857078288205e-15
1.264248815	1.4787813445010657e-15
1.26545511	1.51804744570726e-15
1.266661404	1.5756717105712082e-15
1.267867699	1.6521992473609426e-15
1.269073993	1.7159419142756406e-15
1.270280288	1.769715184465375e-15
1.271486582	1.846350768990457e-15
1.272692877	1.9331468534001148e-15
1.273899171	2.0234752134116774e-15
1.275105466	2.094881490266013e-15
1.276311761	2.145462397272468e-15
1.277518055	2.188160580059584e-15
1.27872435	2.1898687081124867e-15
1.279930644	2.18357377038079e-15
1.281136939	2.2638744539872716e-15
1.282343233	2.3586124095548752e-15
1.283549528	2.237666760568947e-15
1.284755822	2.1340342919191563e-15
1.285962117	2.12621671531828e-15
1.287168411	2.1217110512113027e-15
1.288374706	2.086867063809229e-15
1.289581	2.039626301481892e-15
1.290787295	1.963549804895125e-15
1.29199359	1.8569283452759533e-15
1.293199884	1.753735348428807e-15
1.294406179	1.647141658997425e-15
1.295612473	1.5195692856934396e-15
1.296818768	1.3946662929206156e-15
1.298025062	1.2797944113282237e-15
1.299231357	1.1604408721101601e-15
1.300437651	1.052274920889641e-15
1.301643946	9.706944322244398e-16
1.30285024	9.020530474057291e-16
1.304056535	8.421396239080266e-16
1.30526283	7.870456408630154e-16
1.306469124	7.394568715780966e-16
1.307675419	7.038019857614959e-16
1.308881713	6.732600760282874e-16
1.310088008	6.453663211569012e-16
1.311294302	6.248558215365663e-16
1.312500597	6.041569494249783e-16
1.313706891	5.721360012939691e-16
1.314913186	5.530332533817774e-16
1.31611948	5.484086375547943e-16
1.317325775	5.324729237342268e-16
1.318532069	5.140028313292787e-16
1.319738364	5.016376151847258e-16
1.320944659	4.898937392422605e-16
1.322150953	4.778573914468697e-16
1.323357248	4.61899431124291e-16
1.324563542	4.449534691842767e-16
1.325769837	4.2989460341679953e-16
1.326976131	4.1387610499812763e-16
1.328182426	3.9830751707767475e-16
1.32938872	3.88626273224746e-16
1.330595015	3.8325188812541215e-16
1.331801309	3.7661813689650507e-16
1.333007604	3.6795597317354216e-16
1.334213898	3.5783483979973287e-16
1.335420193	3.4793437309552043e-16
1.336626488	3.370731829220247e-16
1.337832782	3.2434271043492945e-16
1.339039077	3.124915602631711e-16
1.340245371	3.031622819963961e-16
1.341451666	2.921098172234033e-16
1.34265796	2.816437990649526e-16
1.343864255	2.736931838743078e-16
1.345070549	2.67617179463174e-16
1.346276844	2.632677842229262e-16
1.347483138	2.5978997345189773e-16
1.348689433	2.6139164921071083e-16
1.349895728	2.7194878704043274e-16
1.351102022	2.9247416006227903e-16
1.352308317	3.350038115199467e-16
1.353514611	4.2123085623721945e-16
1.354720906	5.724020212623555e-16
1.3559272	8.249177027648469e-16
1.357133495	1.0637353623575963e-15
1.358339789	1.0596032851929216e-15
1.359546084	1.1444614191445407e-15
1.360752378	1.4444313178302801e-15
1.361958673	1.7200189831941732e-15
1.363164967	1.8952421729639303e-15
1.364371262	1.7442453866354626e-15
1.365577557	1.3834462853630497e-15
1.366783851	1.110209378544571e-15
1.367990146	9.120951464179606e-16
1.36919644	7.521570575267751e-16
1.370402735	6.201488706314679e-16
1.371609029	5.178201627342988e-16
1.372815324	4.446302586151603e-16
1.374021618	4.036285917328383e-16
1.375227913	3.9740545911319394e-16
1.376434207	4.0808504049542866e-16
1.377640502	4.2701532181210327e-16
1.378846797	4.457834862389944e-16
1.380053091	4.4318754292115643e-16
1.381259386	4.299649542795982e-16
1.38246568	4.0898615565681774e-16
1.383671975	3.8164001743888573e-16
1.384878269	3.558424226932192e-16
1.386084564	3.4021850798792413e-16
1.387290858	3.3170223307386243e-16
1.388497153	3.3467316564660763e-16
1.389703447	3.5800603673494825e-16
1.390909742	3.7609336297374637e-16
1.392116036	3.809828649163761e-16
1.393322331	3.727597741451945e-16
1.394528626	3.417970964486492e-16
1.39573492	3.0660513665498744e-16
1.396941215	2.742127484634302e-16
1.398147509	2.4954775943454395e-16
1.399353804	2.4456938358988245e-16
1.400560098	2.480065553663488e-16
1.401766393	2.511641452283508e-16
1.402972687	2.5414392693904945e-16
1.404178982	2.5286004808859034e-16
1.405385276	2.4749637989655454e-16
1.406591571	2.4030060837678953e-16
1.407797865	2.325351992044955e-16
1.40900416	2.231358555616406e-16
1.410210455	2.1610316318742052e-16
1.411416749	2.1549321975880293e-16
1.412623044	2.1849290287326184e-16
1.413829338	2.24415330722002e-16
1.415035633	2.3226665387437397e-16
1.416241927	2.3941135136910087e-16
1.417448222	2.451825206166041e-16
1.418654516	2.47022978332569e-16
1.419860811	2.4627035056252433e-16
1.421067105	2.464263138524495e-16
1.4222734	2.4684068718258156e-16
1.423479695	2.432345982006361e-16
1.424685989	2.4103627895314623e-16
1.425892284	2.4323808150480576e-16
1.427098578	2.451656089169944e-16
1.428304873	2.463359179966123e-16
1.429511167	2.477592358652697e-16
1.430717462	2.4955186690719064e-16
1.431923756	2.5214156621427673e-16
1.433130051	2.554030521010401e-16
1.434336345	2.5836239386615527e-16
1.43554264	2.59609750236585e-16
1.436748934	2.598079052297947e-16
1.437955229	2.606763641376415e-16
1.439161524	2.663886579844968e-16
1.440367818	2.7277077366766314e-16
1.441574113	2.6824662745178693e-16
1.442780407	2.642472752125737e-16
1.443986702	2.6534096412850844e-16
1.445192996	2.634804490696336e-16
1.446399291	2.59830162950352e-16
1.447605585	2.6093684654467537e-16
1.44881188	2.6279724808003197e-16
1.450018174	2.639190235549886e-16
1.451224469	2.6805762652680907e-16
1.452430764	2.728425477084038e-16
1.453637058	2.7565074265783693e-16
1.454843353	2.784946091682808e-16
1.456049647	2.8343499271073654e-16
1.457255942	2.8568755211215827e-16
1.458462236	2.846532253512413e-16
1.459668531	2.8559067082071624e-16
1.460874825	2.8902251831387223e-16
1.46208112	2.9435420837771595e-16
1.463287414	2.9834523107939826e-16
1.464493709	3.011998717083028e-16
1.465700003	3.0451483127152487e-16
1.466906298	3.044857533006829e-16
1.468112593	3.004824213426852e-16
1.469318887	2.968277596081831e-16
1.470525182	2.9395515062791704e-16
1.471731476	2.907824794160328e-16
1.472937771	2.890639803361191e-16
1.474144065	2.838860849023056e-16
1.47535036	2.735902037244626e-16
1.476556654	2.7885240896553666e-16
1.477762949	2.8793135135252163e-16
1.478969243	2.8889660556851577e-16
1.480175538	2.933435590862292e-16
1.481381832	3.01655133874446e-16
1.482588127	3.1809815701481733e-16
1.483794422	3.222523996718715e-16
1.485000716	3.3039543082046217e-16
1.486207011	3.3300337777270154e-16
1.487413305	3.62725108371311e-16
1.4886196	3.8303819039364764e-16
1.489825894	3.6322926824522587e-16
1.491032189	3.5380164165212964e-16
1.492238483	3.6313296485379e-16
1.493444778	3.6392484025222666e-16
1.494651072	3.63289302951153e-16
1.495857367	3.704732642290993e-16
1.497063662	3.710537520228745e-16
1.498269956	3.605722861348953e-16
1.499476251	3.4888482796840286e-16
1.500682545	3.4622639975478926e-16
1.50188884	3.444569682698088e-16
1.503095134	3.38898271953963e-16
1.504301429	3.3972501682622997e-16
1.505507723	3.4417797146701517e-16
1.506714018	3.449469044270182e-16
1.507920312	3.4192918741874143e-16
1.509126607	3.4417651848330106e-16
1.510332901	3.4532027809126753e-16
1.511539196	3.5587067738747045e-16
1.512745491	3.669813603949692e-16
1.513951785	3.765788544464191e-16
1.51515808	3.8308475455966873e-16
1.516364374	3.858204441893119e-16
1.517570669	3.911660644910581e-16
1.518776963	3.97726722179299e-16
1.519983258	4.053645198801916e-16
1.521189552	4.1629735413955994e-16
1.522395847	4.3094291866469887e-16
1.523602141	4.35482157423737e-16
1.524808436	4.3397302424340166e-16
1.52601473	4.309852075490845e-16
1.527221025	4.3534935679186267e-16
1.52842732	4.494175734973329e-16
1.529633614	4.735414569925176e-16
1.530839909	4.856357327394682e-16
1.532046203	4.826978224724164e-16
1.533252498	4.929000004581328e-16
1.534458792	5.080658755372453e-16
1.535665087	5.105533441423834e-16
1.536871381	5.129419079754986e-16
1.538077676	5.164932271106047e-16
1.53928397	5.158520616396709e-16
1.540490265	5.05241212228914e-16
1.54169656	4.88951268603285e-16
1.542902854	4.777037228696478e-16
1.544109149	4.76461577370167e-16
1.545315443	4.812286588658636e-16
1.546521738	4.910678104366889e-16
1.547728032	5.093546716823392e-16
1.548934327	5.216620779890615e-16
1.550140621	5.251447809633116e-16
1.551346916	5.208961351203936e-16
1.55255321	5.152761712089664e-16
1.553759505	5.131962185725526e-16
1.554965799	5.025774329247403e-16
1.556172094	4.881486538715505e-16
1.557378389	4.803614367042465e-16
1.558584683	4.828216414301132e-16
1.559790978	4.85806490554563e-16
1.560997272	4.840308414417367e-16
1.562203567	4.737040392678484e-16
1.563409861	4.652974085468098e-16
1.564616156	4.562394351289892e-16
1.56582245	4.508067716233934e-16
1.567028745	4.5119274265894e-16
1.568235039	4.522628173238458e-16
1.569441334	4.527171155502426e-16
1.570647629	4.598589053334854e-16
1.571853923	4.802405055013048e-16
1.573060218	5.130355096864102e-16
1.574266512	5.513775736369206e-16
1.575472807	5.879380941605668e-16
1.576679101	6.235072157872385e-16
1.577885396	6.45009218486575e-16
1.57909169	6.455656753182595e-16
1.580297985	6.309703123602661e-16
1.581504279	6.47976581315854e-16
1.582710574	6.594401703717174e-16
1.583916868	6.375889862698506e-16
1.585123163	6.122108892812669e-16
1.586329458	5.951425470278382e-16
1.587535752	5.965958120425911e-16
1.588742047	6.291562207599985e-16
1.589948341	6.689986876896251e-16
1.591154636	6.791239450826877e-16
1.59236093	6.608416055193057e-16
1.593567225	6.473051771016969e-16
1.594773519	6.478279570877916e-16
1.595979814	6.562800682730095e-16
1.597186108	6.356889555060723e-16
1.598392403	6.032511829532871e-16
1.599598697	5.967615630835894e-16
1.600804992	5.91558398555815e-16
1.602011287	5.714432812972257e-16
1.603217581	5.533664897500802e-16
1.604423876	5.343156022457353e-16
1.60563017	5.154028710273018e-16
1.606836465	4.88442854246443e-16
1.608042759	4.5492549102735545e-16
1.609249054	4.3246687324198184e-16
1.610455348	4.1498965477984344e-16
1.611661643	3.9354529372951606e-16
1.612867937	3.736886693887264e-16
1.614074232	3.5466711341792405e-16
1.615280527	3.461451904293567e-16
1.616486821	3.379348569477182e-16
1.617693116	3.113292532560964e-16
1.61889941	2.9305000003042503e-16
1.620105705	2.8268377140975676e-16
1.621311999	2.6709428807812197e-16
1.622518294	2.481936831469692e-16
1.623724588	2.324720319245324e-16
1.624930883	2.1947696360653282e-16
1.626137177	2.0816310972200896e-16
1.627343472	1.9497947381939302e-16
1.628549766	1.8369755695657313e-16
1.629756061	1.755685386064278e-16
1.630962356	1.6783477992161019e-16
1.63216865	1.5905180782551604e-16
1.633374945	1.5248517241932879e-16
1.634581239	1.4779099218925852e-16
1.635787534	1.4351450442380558e-16
1.636993828	1.4106801811800214e-16
1.638200123	1.3810978772609984e-16
1.639406417	1.3408780133823575e-16
1.640612712	1.3085713763218034e-16
1.641819006	1.3137532513908405e-16
1.643025301	1.340545384365e-16
1.644231596	1.3420172381388935e-16
1.64543789	1.2878752464952687e-16
1.646644185	1.225210469044778e-16
1.647850479	1.173519291562253e-16
1.649056774	1.1385877371578606e-16
1.650263068	1.108081578212925e-16
1.651469363	1.0689213423252603e-16
1.652675657	1.0311339758334703e-16
1.653881952	1.0063304636549186e-16
1.655088246	1.0000539869442283e-16
1.656294541	1.0008553361005957e-16
1.657500835	1.0138315229009776e-16
1.65870713	1.0395055971576848e-16
1.659913425	1.0710221217694751e-16
1.661119719	1.0917531349307038e-16
1.662326014	1.0975846850446559e-16
1.663532308	1.0992419130805945e-16
1.664738603	1.0826886862911966e-16
1.665944897	1.0681795405078902e-16
1.667151192	1.0525458477252365e-16
1.668357486	1.032739736201653e-16
1.669563781	1.0154285780290169e-16
1.670770075	1.0286607933511347e-16
1.67197637	1.0775410243632666e-16
1.673182664	1.1033993403079547e-16
1.674388959	1.1081203941774139e-16
1.675595254	1.1391899649580947e-16
1.676801548	1.151358972796568e-16
1.678007843	1.1218021609965762e-16
1.679214137	1.109528710388486e-16
1.680420432	1.1193481780311719e-16
1.681626726	1.1422922292064287e-16
1.682833021	1.1482776132240525e-16
1.684039315	1.1197801510216354e-16
1.68524561	1.0973136134932132e-16
1.686451904	1.0898184265469539e-16
1.687658199	1.0757829990730084e-16
1.688864494	1.0645716675586253e-16
1.690070788	1.0638506469239774e-16
1.691277083	1.0554305799022562e-16
1.692483377	1.0397550416364469e-16
1.693689672	1.036676294767421e-16
1.694895966	1.0196966620615856e-16
1.696102261	9.927850804678151e-17
1.697308555	9.508381909993552e-17
1.69851485	8.98352869773068e-17
1.699721144	8.406333987932474e-17
1.700927439	7.7157280409646e-17
1.702133733	7.00755665243223e-17
1.703340028	6.409028933767683e-17
1.704546323	5.986002944866013e-17
1.705752617	5.738412343415976e-17
1.706958912	5.658926304031169e-17
1.708165206	5.733209796051834e-17
1.709371501	5.832670761667634e-17
1.710577795	6.034027027158642e-17
1.71178409	6.445847718098137e-17
1.712990384	6.795490348489185e-17
1.714196679	6.942697378496339e-17
1.715402973	7.217414876987765e-17
1.716609268	7.555148938912748e-17
1.717815563	7.755731893744332e-17
1.719021857	7.81618693237851e-17
1.720228152	7.82411549149042e-17
1.721434446	7.649051401604161e-17
1.722640741	7.452069475936657e-17
1.723847035	7.320487365997746e-17
1.72505333	7.056324964295269e-17
1.726259624	6.603544400334024e-17
1.727465919	6.27597083627333e-17
1.728672213	6.053877333052318e-17
1.729878508	5.850699971536261e-17
1.731084802	5.726903222998526e-17
1.732291097	5.714758802880388e-17
1.733497392	5.789026583088507e-17
1.734703686	5.959609822003302e-17
1.735909981	6.15345449554002e-17
1.737116275	6.366241854441669e-17
1.73832257	6.731983730871242e-17
1.739528864	7.160908825587917e-17
1.740735159	7.634776154671126e-17
1.741941453	8.13353677279628e-17
1.743147748	8.569127918813532e-17
1.744354042	8.933221726389532e-17
1.745560337	9.37061160373677e-17
1.746766631	9.772857358222301e-17
1.747972926	9.896796493397008e-17
1.749179221	9.884304777693382e-17
1.750385515	9.800573409682782e-17
1.75159181	9.612172749331906e-17
1.752798104	9.457502834634948e-17
1.754004399	9.189664593754865e-17
1.755210693	8.940657802765049e-17
1.756416988	8.738659668010889e-17
1.757623282	8.528636077449438e-17
1.758829577	8.313836200705049e-17
1.760035871	8.140085188240788e-17
1.761242166	8.074956175155646e-17
1.762448461	8.05853301676169e-17
1.763654755	7.873520271159991e-17
1.76486105	7.693318391469543e-17
1.766067344	7.595982336684124e-17
1.767273639	7.580749272904325e-17
1.768479933	7.624181381759312e-17
1.769686228	7.637043092737454e-17
1.770892522	7.58007467166835e-17
1.772098817	7.431721145779226e-17
1.773305111	7.2072905064442e-17
1.774511406	7.004305137680909e-17
1.7757177	6.884817719534184e-17
1.776923995	6.801010424215854e-17
1.77813029	6.802089430729283e-17
1.779336584	6.877010528124934e-17
1.780542879	7.048936788887103e-17
1.781749173	7.302879262545778e-17
1.782955468	7.560709758239103e-17
1.784161762	7.806652047315002e-17
1.785368057	8.06423335840033e-17
1.786574351	8.31172764857674e-17
1.787780646	8.491776134236335e-17
1.78898694	8.71596706863623e-17
1.790193235	9.011151192650587e-17
1.79139953	9.29813791959744e-17
1.792605824	9.577652668581785e-17
1.793812119	9.931573502773766e-17
1.795018413	1.0383576314748535e-16
1.796224708	1.0963771994392384e-16
1.797431002	1.1807090529347716e-16
1.798637297	1.2911651775967147e-16
1.799843591	1.4246392708031928e-16
1.801049886	1.5878907289489352e-16
1.80225618	1.7618643192354898e-16
1.803462475	1.9050812761820936e-16
1.804668769	2.038565971192492e-16
1.805875064	2.1899853526410974e-16
1.807081359	2.349238954584319e-16
1.808287653	2.5154785221050033e-16
1.809493948	2.6883335004767423e-16
1.810700242	2.866663652955039e-16
1.811906537	3.058291432637888e-16
1.813112831	3.2410357527213895e-16
1.814319126	3.400665606596527e-16
1.81552542	3.547035650796161e-16
1.816731715	3.7066294670033565e-16
1.817938009	3.909251161498794e-16
1.819144304	3.896156221493352e-16
1.820350598	3.718517775570523e-16
1.821556893	3.7273514121715987e-16
1.822763188	3.7894568010288e-16
1.823969482	3.780135193035688e-16
1.825175777	3.806672336059027e-16
1.826382071	3.860571862181311e-16
1.827588366	3.9104762217375464e-16
1.82879466	3.9306201240717287e-16
1.830000955	0.
1.831207249	0.
1.832413544	0.
1.833619838	0.
1.834826133	0.
1.836032428	0.
1.837238722	0.
1.838445017	0.
1.839651311	0.
1.840857606	0.
1.8420639	0.
1.843270195	0.
1.844476489	0.
1.845682784	0.
1.846889078	0.
1.848095373	0.
1.849301667	0.
1.850507962	0.
1.851714257	0.
1.852920551	0.
1.854126846	0.
1.85533314	0.
1.856539435	0.
1.857745729	0.
1.858952024	0.
1.860158318	0.
1.861364613	0.
1.862570907	0.
1.863777202	0.
1.864983496	0.
1.866189791	0.
1.867396086	0.
1.86860238	0.
1.869808675	0.
1.871014969	2.9879831617158915e-16
1.872221264	3.103954504862158e-16
1.873427558	3.78227769407335e-16
1.874633853	5.930933730668701e-16
1.875840147	1.1796065545246063e-15
1.877046442	1.1970166884074416e-15
1.878252736	6.700974492877033e-16
1.879459031	5.528514246964574e-16
1.880665326	5.564073635755791e-16
1.88187162	4.996448548870679e-16
1.883077915	4.1086648954867877e-16
1.884284209	3.5314290346935753e-16
1.885490504	3.2732302895171e-16
1.886696798	3.2499267009457036e-16
1.887903093	3.573801827571571e-16
1.889109387	4.593196617060756e-16
1.890315682	6.077445867846734e-16
1.891521976	5.821648620013144e-16
1.892728271	4.922569573262248e-16
1.893934565	4.585798255680318e-16
1.89514086	4.799548389290431e-16
1.896347155	5.512303415575163e-16
1.897553449	6.770372060133847e-16
1.898759744	9.150005434531542e-16
1.899966038	1.4271858144210978e-15
1.901172333	1.960667042417772e-15
1.902378627	1.4691879020015842e-15
1.903584922	7.725067155062827e-16
1.904791216	4.364149524604468e-16
1.905997511	3.0362537801466534e-16
1.907203805	2.5910190083509285e-16
1.9084101	2.8003935479754755e-16
1.909616395	3.5353587630392034e-16
1.910822689	4.0299878525973907e-16
1.912028984	3.327820608114846e-16
1.913235278	2.479281529048663e-16
1.914441573	1.8842330044487977e-16
1.915647867	1.4626242986078298e-16
1.916854162	1.0870411246929675e-16
1.918060456	7.33211021954215e-17
1.919266751	5.0607172079251214e-17
1.920473045	4.7780513637746434e-17
1.92167934	5.440259701821606e-17
1.922885634	6.78346281573745e-17
1.924091929	9.21693499910761e-17
1.925298224	1.2720186376417397e-16
1.926504518	1.58375543876263e-16
1.927710813	1.6452083052105444e-16
1.928917107	1.379638246416304e-16
1.930123402	1.1568431055709707e-16
1.931329696	1.087449641623646e-16
1.932535991	1.0986329976627307e-16
1.933742285	1.0921498800328058e-16
1.93494858	1.0529824714167532e-16
1.936154874	1.029704742980625e-16
1.937361169	1.0890917825961525e-16
1.938567463	1.1842316620642074e-16
1.939773758	1.2313241634555975e-16
1.940980053	1.182231760234953e-16
1.942186347	1.0939828146812004e-16
1.943392642	1.0746717788705777e-16
1.944598936	1.1004040286278775e-16
1.945805231	1.1214392721060874e-16
1.947011525	1.1309522317062993e-16
1.94821782	1.1173123786617313e-16
1.949424114	1.1403708793607812e-16
1.950630409	1.1829763091841134e-16
1.951836703	1.222406722463604e-16
1.953042998	1.2193163562896348e-16
1.954249293	1.1988740283051183e-16
1.955455587	1.257961828649709e-16
1.956661882	1.3291332500655148e-16
1.957868176	1.3337165720516544e-16
1.959074471	1.3027175237863032e-16
1.960280765	1.2751147613116869e-16
1.96148706	1.2568284379824223e-16
1.962693354	1.25047011882739e-16
1.963899649	1.2650712610344935e-16
1.965105943	1.2586667611879426e-16
1.966312238	1.2210879723964666e-16
1.967518532	1.1748396724725366e-16
1.968724827	1.1376258178288237e-16
1.969931122	1.1213601639682034e-16
1.971137416	1.1241723603114648e-16
1.972343711	1.13589346364484e-16
1.973550005	1.1261268873919917e-16
1.9747563	1.1155834569188738e-16
1.975962594	1.1238359158780748e-16
1.977168889	1.149497025432114e-16
1.978375183	1.1718993107398568e-16
1.979581478	1.1756795727372543e-16
1.980787772	1.2140391218503278e-16
1.981994067	1.3131207045354654e-16
1.983200362	1.4219625597844692e-16
1.984406656	1.5183144908673068e-16
1.985612951	1.6273580382451057e-16
1.986819245	1.696353259034395e-16
1.98802554	1.6966377961414608e-16
1.989231834	1.7546464724497818e-16
1.990438129	1.9217605370436752e-16
1.991644423	2.1056299850969967e-16
1.992850718	2.231528717040221e-16
1.994057012	2.27509107594642e-16
1.995263307	2.218694213930421e-16
1.996469601	2.0807903516602852e-16
1.997675896	1.936440409109617e-16
1.998882191	1.8491513902276948e-16
2.000088485	1.8866691227234813e-16
2.00129478	2.0866340762816815e-16
2.002501074	2.3382484603057394e-16
2.003707369	2.538369205989221e-16
2.004913663	2.6015956748289094e-16
2.006119958	2.58528178766779e-16
2.007326252	2.5513962468899534e-16
2.008532547	2.527971965438124e-16
2.009738841	2.52795441609642e-16
2.010945136	2.5312433745816125e-16
2.01215143	2.5295963730524413e-16
2.013357725	2.523439638444078e-16
2.01456402	2.51329912362352e-16
2.015770314	2.502114325905156e-16
2.016976609	2.5052629668020473e-16
2.018182903	2.521512018995319e-16
2.019389198	2.548292365286084e-16
2.020595492	2.5824495916789776e-16
2.021801787	2.625866058904944e-16
2.023008081	2.637916567977558e-16
2.024214376	2.594953963221206e-16
2.02542067	2.5386362731742883e-16
2.026626965	2.4895822344558664e-16
2.02783326	2.45836169364165e-16
2.029039554	2.4611509902265423e-16
2.030245849	2.4813294170180077e-16
2.031452143	2.446225792643705e-16
2.032658438	2.392759776352361e-16
2.033864732	2.3824369801526494e-16
2.035071027	2.3577770388801987e-16
2.036277321	2.313680923277077e-16
2.037483616	2.3028409773231847e-16
2.03868991	2.2944975561751677e-16
2.039896205	2.2420713132873726e-16
2.041102499	2.223962821836882e-16
2.042308794	2.241267535604218e-16
2.043515089	2.2362564966163684e-16
2.044721383	2.2152401277751578e-16
2.045927678	2.1871078203464865e-16
2.047133972	2.1583115702921031e-16
2.048340267	2.1369495359425152e-16
2.049546561	2.1131906946117403e-16
2.050752856	2.0895774624494632e-16
2.05195915	2.0712765834835998e-16
2.053165445	2.039237965712932e-16
2.054371739	1.9996684825327603e-16
2.055578034	1.9710364642983539e-16
2.056784329	1.9518218954256165e-16
2.057990623	1.9371215609020082e-16
2.059196918	1.9273202626559786e-16
2.060403212	1.90365687210911e-16
2.061609507	1.8294409899751608e-16
2.062815801	1.7740643353372857e-16
2.064022096	1.782883050834157e-16
2.06522839	1.7515674376849794e-16
2.066434685	1.6839400726541257e-16
2.067640979	1.655722557878716e-16
2.068847274	1.6430639784995293e-16
2.070053568	1.6322397571879055e-16
2.071259863	1.6039550845929142e-16
2.072466158	1.5625160333552356e-16
2.073672452	1.528153684996277e-16
2.074878747	1.5031257875136152e-16
2.076085041	1.4843420687953985e-16
2.077291336	1.4597469448469062e-16
2.07849763	1.431432267767774e-16
2.079703925	1.4182019164022109e-16
2.080910219	1.3952228386691513e-16
2.082116514	1.349801411243773e-16
2.083322808	1.321256439833546e-16
2.084529103	1.3001406421553258e-16
2.085735397	1.2499179397909863e-16
2.086941692	1.1976070151310276e-16
2.088147987	1.1612340315970222e-16
2.089354281	1.1328703956678094e-16
2.090560576	1.1158999433537084e-16
2.09176687	1.1233756983759862e-16
2.092973165	1.1210104884120188e-16
2.094179459	1.0953291145197331e-16
2.095385754	1.0714396686301234e-16
2.096592048	1.0502235229741512e-16
2.097798343	1.0257368966269334e-16
2.099004637	1.0065546686008474e-16
2.100210932	9.900402095657268e-17
2.101417227	9.705486498593623e-17
2.102623521	9.482728814945798e-17
2.103829816	9.225084688660003e-17
2.10503611	8.96346177089574e-17
2.106242405	8.711502099396326e-17
2.107448699	8.483832028414877e-17
2.108654994	8.310328045829225e-17
2.109861288	8.243216081391902e-17
2.111067583	8.15286777671256e-17
2.112273877	8.017507315809352e-17
2.113480172	7.970044719155165e-17
2.114686466	7.979636594473396e-17
2.115892761	8.008065981225817e-17
2.117099056	7.922399308428396e-17
2.11830535	7.723006750029868e-17
2.119511645	7.599915713787348e-17
2.120717939	7.501706570384503e-17
2.121924234	7.346727538105557e-17
2.123130528	7.245729752287388e-17
2.124336823	7.190752173757635e-17
2.125543117	7.056747330637752e-17
2.126749412	6.888379659810052e-17
2.127955706	6.739778504419629e-17
2.129162001	6.638115933973769e-17
2.130368295	6.586067079012201e-17
2.13157459	6.512624701815465e-17
2.132780885	6.409800505554305e-17
2.133987179	6.293111144506832e-17
2.135193474	6.224983227376781e-17
2.136399768	6.199984849910707e-17
2.137606063	6.05251236782332e-17
2.138812357	5.863877400399433e-17
2.140018652	5.735114387371834e-17
2.141224946	5.62496434531009e-17
2.142431241	5.5489691179082745e-17
2.143637535	5.492096386618808e-17
2.14484383	5.403799234512238e-17
2.146050125	5.2812579523639655e-17
2.147256419	5.106655467211885e-17
2.148462714	4.912604481985921e-17
2.149669008	4.7763067883384675e-17
2.150875303	4.715177554236804e-17
2.152081597	4.6967453552540724e-17
2.153287892	4.671738373053165e-17
2.154494186	4.601006287544058e-17
2.155700481	4.442568350227474e-17
2.156906775	4.1747287085425493e-17
2.15811307	3.8745436205323174e-17
2.159319364	3.627726572367068e-17
2.160525659	3.428396876529791e-17
2.161731954	3.2354380074961654e-17
2.162938248	3.037212439404479e-17
2.164144543	2.8967568113046267e-17
2.165350837	2.9836949730515355e-17
2.166557132	3.183494497814133e-17
2.167763426	3.060607066430255e-17
2.168969721	2.889961288294597e-17
2.170176015	2.8115088725622107e-17
2.17138231	2.7579796227912017e-17
2.172588604	2.7179425829117476e-17
2.173794899	2.6779457601493984e-17
2.175001194	2.6702790482033753e-17
2.176207488	2.7313463464624892e-17
2.177413783	2.8926601688744244e-17
2.178620077	3.0625842515993644e-17
2.179826372	3.105842077578732e-17
2.181032666	3.1368422821324345e-17
2.182238961	3.2295567747061725e-17
2.183445255	3.292495853157921e-17
2.18465155	3.3026352518209764e-17
2.185857844	3.28102562224486e-17
2.187064139	3.2527254944865115e-17
2.188270433	3.217454200559673e-17
2.189476728	3.086887008183146e-17
2.190683023	2.9395984817840513e-17
2.191889317	2.8696646456050866e-17
2.193095612	2.82370408537867e-17
2.194301906	2.759293915918852e-17
2.195508201	2.6217137125567576e-17
2.196714495	2.3605629372103954e-17
2.19792079	1.959980945308822e-17
2.199127084	1.5407303716231748e-17
2.200333379	1.2313933503102407e-17
2.201539673	1.1041364560767375e-17
2.202745968	1.1997232170522655e-17
2.203952262	1.4745178016026574e-17
2.205158557	1.8034803416784647e-17
2.206364852	2.0519033142360937e-17
2.207571146	2.1604561484818602e-17
2.208777441	2.240536587830912e-17
2.209983735	2.358898649762729e-17
2.21119003	2.4748362016167806e-17
2.212396324	2.5647286736881595e-17
2.213602619	2.5880936537998725e-17
2.214808913	2.5159445266922307e-17
2.216015208	2.380230649816667e-17
2.217221502	2.2274076137447004e-17
2.218427797	2.101211660657123e-17
2.219634092	2.0007532903117988e-17
2.220840386	1.930645459770949e-17
2.222046681	1.8870193804276623e-17
2.223252975	1.8437509636615925e-17
2.22445927	1.7982163599599468e-17
2.225665564	1.781235929323605e-17
2.226871859	1.7765897715948672e-17
2.228078153	1.7397299479659174e-17
2.229284448	1.6742150149140024e-17
2.230490742	1.590357365222394e-17
2.231697037	1.514277554739372e-17
2.232903331	1.4736154559694555e-17
2.234109626	1.4483085514775965e-17
2.235315921	1.417687126937642e-17
2.236522215	1.3862455368417837e-17
2.23772851	1.3718412907090444e-17
2.238934804	1.3612640693884804e-17
2.240141099	1.3412212558564916e-17
2.241347393	1.329242489338047e-17
2.242553688	1.3156241072129204e-17
2.243759982	1.2822248995292029e-17
2.244966277	1.2267531283149294e-17
2.246172571	1.1532547062606175e-17
2.247378866	1.0719792334570206e-17
2.248585161	1.0046364502956274e-17
2.249791455	9.803341670663455e-18
2.25099775	9.462268570060224e-18
2.252204044	7.699373099926504e-18
2.253410339	3.9118026218579985e-18
2.254616633	5.751133339011921e-19
2.255822928	4.506632141916318e-19
2.257029222	2.3376195773653503e-18
2.258235517	3.8756345817621315e-18
2.259441811	4.083689485549032e-18
2.260648106	4.056382148726557e-18
2.2618544	4.596337822026452e-18
2.263060695	5.654258217592549e-18
2.26426699	7.225512487916797e-18
2.265473284	8.997742616761183e-18
2.266679579	1.009727982680026e-17
2.267885873	9.827303435081794e-18
2.269092168	8.83535305842058e-18
2.270298462	7.701174834826452e-18
2.271504757	6.709696220323794e-18
2.272711051	6.1205866868003865e-18
2.273917346	6.1456132733910115e-18
2.27512364	6.669622911169999e-18
2.276329935	7.531799453148614e-18
2.277536229	8.401273147142782e-18
2.278742524	8.884887593801361e-18
2.279948819	8.916976476564051e-18
2.281155113	9.00192515200807e-18
2.282361408	9.391872586141762e-18
2.283567702	9.456620393219231e-18
2.284773997	9.255910987106547e-18
2.285980291	8.951272092313091e-18
2.287186586	8.161263313334622e-18
2.28839288	6.7983214011705465e-18
2.289599175	5.409731409224069e-18
2.290805469	4.5548861543874095e-18
2.292011764	4.1058953119022645e-18
2.293218059	3.703141547570681e-18
2.294424353	3.1762040831822467e-18
2.295630648	2.872017890705296e-18
2.296836942	3.1765152048104188e-18
2.298043237	3.8092506170105715e-18
2.299249531	4.3562875094106095e-18
2.300455826	4.470680435166871e-18
2.30166212	3.886448487134658e-18
2.302868415	2.5032552097459494e-18
2.304074709	1.3764940293227067e-18
2.305281004	1.6049199168740688e-18
2.306487298	3.103272330789e-18
2.307693593	5.212573510453031e-18
2.308899888	7.300801519282949e-18
2.310106182	8.708539007885137e-18
2.311312477	8.857270147351694e-18
2.312518771	8.097076826393863e-18
2.313725066	6.958329006692868e-18
2.31493136	5.842389526035178e-18
2.316137655	5.015406624880318e-18
2.317343949	4.859561956960176e-18
2.318550244	5.2522786651455105e-18
2.319756538	5.787766775263542e-18
2.320962833	6.3141905159560275e-18
2.322169128	6.83009754777455e-18
2.323375422	7.174436880505707e-18
2.324581717	7.036630609187187e-18
2.325788011	6.127653396713109e-18
2.326994306	4.820098410215674e-18
2.3282006	3.6981524511246444e-18
2.329406895	3.0936920924933587e-18
2.330613189	2.7634018671392806e-18
2.331819484	2.507871376019469e-18
2.333025778	2.352577722786989e-18
2.334232073	2.3723291625569712e-18
2.335438367	2.558626276947152e-18
2.336644662	2.7325467016138322e-18
2.337850957	2.7299839389248436e-18
2.339057251	2.609225665184387e-18
2.340263546	2.4342202521795844e-18
2.34146984	2.3890295435480555e-18
2.342676135	2.688010702571295e-18
2.343882429	3.3384195517157303e-18
2.345088724	3.728710740058928e-18
2.346295018	3.2600963659351505e-18
2.347501313	2.269932625862141e-18
2.348707607	1.47608648334104e-18
2.349913902	1.345508929940093e-18
2.351120196	1.734295783668112e-18
2.352326491	2.48291071177445e-18
2.353532786	3.2910686629240083e-18
2.35473908	3.855598283636678e-18
2.355945375	4.2834964399868864e-18
2.357151669	4.994917429363928e-18
2.358357964	6.177868923214432e-18
2.359564258	7.178049353924033e-18
2.360770553	7.554817590583238e-18
2.361976847	7.272884820034466e-18
2.363183142	6.3226154269631774e-18
2.364389436	4.798774765649427e-18
2.365595731	3.055519850744851e-18
2.366802026	1.3613954269732193e-18
2.36800832	-3.098568534258508e-20
2.369214615	-4.577389172808165e-19
2.370420909	3.5904908798092865e-19
2.371627204	1.3808280055749727e-18
2.372833498	1.5032622757006643e-18
2.374039793	9.626616829105646e-19
2.375246087	-5.819603227946022e-20
2.376452382	-1.1613303161857716e-18
2.377658676	-1.8640705906415707e-18
2.378864971	-1.7699048251614527e-18
2.380071265	-8.230635305825156e-19
2.38127756	1.12412860661048e-18
2.382483855	2.9588814231208786e-18
2.383690149	3.079305332991991e-18
2.384896444	3.398565789070803e-19
2.386102738	-4.577333530173934e-18
2.387309033	-1.0578300299792144e-17
2.388515327	-1.4399038354776506e-17
2.389721622	-1.2702006013020121e-17
2.390927916	-7.211422896171831e-18
2.392134211	-3.3881339676923897e-18
2.393340505	-4.2061077474680515e-18
2.3945468	-5.654610563278877e-18
2.395753095	-3.631342552632638e-18
2.396959389	7.145883475101272e-19
2.398165684	3.969218721541635e-18
2.399371978	4.430160892622429e-18
2.400578273	3.4056956742795275e-18
2.401784567	1.769118051863092e-18
2.402990862	2.899481158374784e-19
2.404197156	-5.1629891740487923e-20
2.405403451	1.105059777325709e-18
2.406609745	2.697413429373169e-18
2.40781604	3.582257847226627e-18
2.409022334	3.769616094961816e-18
2.410228629	3.400252082429239e-18
2.411434924	2.8716854789558204e-18
2.412641218	2.801927700058366e-18
2.413847513	3.799009649774922e-18
2.415053807	5.727712981093815e-18
2.416260102	8.07143280564872e-18
2.417466396	9.93640018319888e-18
2.418672691	1.0852308223494178e-17
2.419878985	1.110416556267592e-17
2.42108528	1.0499193829489985e-17
2.422291574	9.070730176994692e-18
2.423497869	7.128240349868465e-18
2.424704163	4.937527711824722e-18
2.425910458	3.056497280895379e-18
2.427116753	2.11465902736364e-18
2.428323047	2.368245981916949e-18
2.429529342	2.7068434512239896e-18
2.430735636	1.8245841726132374e-18
2.431941931	2.0487144588158543e-19
2.433148225	2.0709101254428503e-19
2.43435452	4.6857881950328486e-18
2.435560814	1.0630335599763168e-17
2.436767109	1.221841729271595e-17
2.437973403	9.87772663104879e-18
2.439179698	5.529088154596223e-18
2.440385993	4.322620938838187e-20
2.441592287	-5.0326108335794595e-18
2.442798582	-8.261909774678071e-18
2.444004876	-9.273412862396435e-18
2.445211171	-6.479332120076179e-18
2.446417465	-4.718794298192869e-19
2.44762376	3.3445225735426225e-18
2.448830054	-9.262564094460576e-19
2.450036349	-5.933843860799346e-18
2.451242643	-2.644677981906074e-18
2.452448938	5.337779302933078e-18
2.453655232	1.1702239075555116e-17
2.454861527	1.4384829174914147e-17
2.456067822	1.372725368760577e-17
2.457274116	9.215137567471958e-18
2.458480411	3.576406696809437e-18
2.459686705	4.754834947776587e-19
2.460893	1.4811663599818309e-18
2.462099294	4.574274851494769e-18
2.463305589	7.561714587351163e-18
2.464511883	8.510076902188071e-18
2.465718178	5.3673346299785614e-18
2.466924472	-3.5016215286625444e-19
2.468130767	-5.2179756221686966e-18
2.469337061	-6.8647259639032e-18
2.470543356	-4.9806208305010704e-18
2.471749651	9.123116752413663e-19
2.472955945	6.731850904865122e-18
2.47416224	8.577300066676018e-18
2.475368534	5.929925626846635e-18
2.476574829	2.569189766766506e-18
2.477781123	1.0042102977181806e-18
2.478987418	2.4972400647458653e-18
2.480193712	1.2716080275758227e-17
2.481400007	3.476545199463372e-17
2.482606301	5.3641844798159616e-17
2.483812596	5.215190601285273e-17
2.485018891	4.214970659075482e-17
2.486225185	3.470716166581783e-17
2.48743148	2.922704193026613e-17
2.488637774	2.5567304875081953e-17
2.489844069	2.498132914389664e-17
2.491050363	2.906970166707393e-17
2.492256658	4.030521941084938e-17
2.493462952	5.383314496103908e-17
2.494669247	5.856051625538421e-17
2.495875541	5.327333855742163e-17
2.497081836	4.809279671685445e-17