0.45	3.522374358227429e-13
0.451153288	3.3801097202368445e-13
0.452306575	3.4614294558283787e-13
0.453459863	3.445287056818404e-13
0.454613151	3.351859099447538e-13
0.455766439	3.250334078370241e-13
0.456919726	3.2173842162680214e-13
0.458073014	3.1442056680677827e-13
0.459226302	3.2187884239238904e-13
0.46037959	3.361174403782124e-13
0.461532877	3.4156937816907425e-13
0.462686165	3.1896116337639513e-13
0.463839453	3.2897464506983646e-13
0.464992741	3.362471148567531e-13
0.466146028	3.371847869727314e-13
0.467299316	3.3414245276691973e-13
0.468452604	3.2899108131978585e-13
0.469605892	3.2534075193992053e-13
0.470759179	3.3686360369770035e-13
0.471912467	3.1571181049692036e-13
0.473065755	3.2217748903572165e-13
0.474219043	3.21222663848707e-13
0.47537233	3.171718602294108e-13
0.476525618	3.206256630234293e-13
0.477678906	2.9757318922744573e-13
0.478832194	2.990847165163642e-13
0.479985481	2.8440806061159037e-13
0.481138769	2.7141492218930027e-13
0.482292057	2.6016752553288665e-13
0.483445345	2.464671999491118e-13
0.484598632	2.238912746061786e-13
0.48575192	1.8235507812256597e-13
0.486905208	2.1765867420696691e-13
0.488058495	2.6572748188788487e-13
0.489211783	3.002458507261747e-13
0.490365071	2.9310811539518316e-13
0.491518359	2.9822947662986204e-13
0.492671646	2.904112671167009e-13
0.493824934	2.905472668513411e-13
0.494978222	2.820263684286215e-13
0.49613151	2.8935348570746606e-13
0.497284797	2.7594322920117256e-13
0.498438085	2.8024879161480405e-13
0.499591373	2.5650524664128636e-13
0.500744661	2.5802587772811644e-13
0.501897948	2.558429957369422e-13
0.503051236	2.4886573599341455e-13
0.504204524	2.487371246212249e-13
0.505357812	2.3378038061070243e-13
0.506511099	2.2599494085795313e-13
0.507664387	2.1991094672493754e-13
0.508817675	2.093640122186178e-13
0.509970963	2.0603763631882236e-13
0.51112425	2.0619502232576666e-13
0.512277538	2.1833300359228233e-13
0.513430826	2.320319739650633e-13
0.514584114	2.339951784005331e-13
0.515737401	2.27608799337965e-13
0.516890689	2.3923743676127e-13
0.518043977	2.342745090162503e-13
0.519197265	2.2477227620200984e-13
0.520350552	2.1375980824317886e-13
0.52150384	2.0597435531727434e-13
0.522657128	2.1159710283034833e-13
0.523810415	2.0729539871265734e-13
0.524963703	2.0521009327304086e-13
0.526116991	2.1475961013517988e-13
0.527270279	2.1431294684046542e-13
0.528423566	2.1095732774311008e-13
0.529576854	2.1358338904213067e-13
0.530730142	2.0002730752920505e-13
0.53188343	1.909238970996241e-13
0.533036717	1.8981825053810824e-13
0.534190005	1.7865088624347598e-13
0.535343293	1.651796139420522e-13
0.536496581	1.5376829956506164e-13
0.537649868	1.4089906733190434e-13
0.538803156	1.2546123002563914e-13
0.539956444	1.163428475048497e-13
0.541109732	1.0334383671969825e-13
0.542263019	9.316817031056575e-14
0.543416307	9.078633529589246e-14
0.544569595	9.88387746663742e-14
0.545722883	1.146069069047639e-13
0.54687617	1.3919805777137358e-13
0.548029458	1.6287303612611897e-13
0.549182746	1.7574966908568005e-13
0.550336034	1.8446064328922266e-13
0.551489321	1.8612559169642936e-13
0.552642609	1.8481341622096997e-13
0.553795897	1.7895426259650858e-13
0.554949185	1.753891774777815e-13
0.556102472	1.7444121891672885e-13
0.55725576	1.7070818101097368e-13
0.558409048	1.7199145854196755e-13
0.559562335	1.7146573358084458e-13
0.560715623	1.6992834143099354e-13
0.561868911	1.7048703503361719e-13
0.563022199	1.6680045793978294e-13
0.564175486	1.6246705064798093e-13
0.565328774	1.580309960805308e-13
0.566482062	1.4905104931176244e-13
0.56763535	1.3794241632794946e-13
0.568788637	1.366208886666888e-13
0.569941925	1.2831625920791253e-13
0.571095213	1.2556552758815477e-13
0.572248501	1.1580009189325173e-13
0.573401788	1.0927562277229504e-13
0.574555076	1.0275710491994219e-13
0.575708364	9.886917755686514e-14
0.576861652	9.559633653621493e-14
0.578014939	9.568470814861207e-14
0.579168227	1.0313781849941473e-13
0.580321515	1.1033362514637989e-13
0.581474803	1.1979799279939578e-13
0.58262809	1.268481765639265e-13
0.583781378	1.349030142095214e-13
0.584934666	1.412901855428425e-13
0.586087954	1.4864909426659894e-13
0.587241241	1.4301266316127333e-13
0.588394529	1.381102662015528e-13
0.589547817	1.4090046950964524e-13
0.590701105	1.267291113246737e-13
0.591854392	1.2318513415207225e-13
0.59300768	1.134318067691752e-13
0.594160968	1.0586504450501077e-13
0.595314256	9.862287696104989e-14
0.596467543	9.273138991930921e-14
0.597620831	9.16706499083656e-14
0.598774119	9.278505525152441e-14
0.599927406	9.426730593448167e-14
0.601080694	9.89660566744628e-14
0.602233982	1.050238213967404e-13
0.60338727	1.0744956922374786e-13
0.604540557	1.0854535937791082e-13
0.605693845	1.0633381945902193e-13
0.606847133	9.994730196679519e-14
0.608000421	9.033171902654553e-14
0.609153708	8.177583707159763e-14
0.610306996	7.530566781503002e-14
0.611460284	6.70623630719647e-14
0.612613572	5.865300294376922e-14
0.613766859	4.879854623289175e-14
0.614920147	3.932908303047218e-14
0.616073435	3.545781414402127e-14
0.617226723	3.244006094506418e-14
0.61838001	2.843337699440965e-14
0.619533298	2.6754249329318957e-14
0.620686586	2.5903733416808646e-14
0.621839874	2.794540242563582e-14
0.622993161	3.130656538297059e-14
0.624146449	3.783563492926612e-14
0.625299737	4.74469334862728e-14
0.626453025	5.732128870108088e-14
0.627606312	6.554715915348902e-14
0.6287596	7.498539291295008e-14
0.629912888	8.364368429100337e-14
0.631066176	8.953516163550456e-14
0.632219463	9.286801857747606e-14
0.633372751	9.350758754151692e-14
0.634526039	9.114418821592826e-14
0.635679326	9.054596449755753e-14
0.636832614	8.793526451661478e-14
0.637985902	8.547275597306403e-14
0.63913919	8.254827181869303e-14
0.640292477	7.883554785613834e-14
0.641445765	7.460057669917618e-14
0.642599053	7.176322031216661e-14
0.643752341	6.95441718406515e-14
0.644905628	6.79122000471409e-14
0.646058916	6.843094290499097e-14
0.647212204	6.849697059246659e-14
0.648365492	6.570810572659865e-14
0.649518779	6.245687900294233e-14
0.650672067	6.01916180744229e-14
0.651825355	5.84408204781999e-14
0.652978643	5.69673365008764e-14
0.65413193	5.2715953059290437e-14
0.655285218	4.252272406644144e-14
0.656438506	3.223567367772916e-14
0.657591794	4.228567791209459e-14
0.658745081	4.879970810598273e-14
0.659898369	4.5766932350352225e-14
0.661051657	4.1541320543439734e-14
0.662204945	3.9179828020940057e-14
0.663358232	3.686381674918211e-14
0.66451152	3.451709792988406e-14
0.665664808	3.248058861141921e-14
0.666818096	3.101684684407332e-14
0.667971383	3.0275623211212885e-14
0.669124671	3.099923166360967e-14
0.670277959	3.310522485807304e-14
0.671431246	3.638935089294263e-14
0.672584534	4.059109018645747e-14
0.673737822	4.525663911109299e-14
0.67489111	5.0781261212053415e-14
0.676044397	5.61684423149578e-14
0.677197685	6.01638968299483e-14
0.678350973	6.088754856664931e-14
0.679504261	5.833373802198015e-14
0.680657548	5.2575836683822826e-14
0.681810836	4.656475448809244e-14
0.682964124	4.210919112726197e-14
0.684117412	4.0639679752910196e-14
0.685270699	4.078121756231514e-14
0.686423987	4.1007252960631104e-14
0.687577275	4.262549023318205e-14
0.688730563	4.584540022612201e-14
0.68988385	4.7909261870334007e-14
0.691037138	4.8930450885624124e-14
0.692190426	4.876947991236267e-14
0.693343714	4.709655868949825e-14
0.694497001	4.442109201655911e-14
0.695650289	4.059591955561722e-14
0.696803577	3.5520276898861314e-14
0.697956865	3.010747108374088e-14
0.699110152	2.5284075210948363e-14
0.70026344	2.1593859271045718e-14
0.701416728	1.883805519906422e-14
0.702570016	1.708009848458034e-14
0.703723303	1.648189025065511e-14
0.704876591	1.710698489256447e-14
0.706029879	1.866970711569717e-14
0.707183166	2.089524557046432e-14
0.708336454	2.321756028221672e-14
0.709489742	2.5004031754109384e-14
0.71064303	2.631763308625437e-14
0.711796317	2.76562419448032e-14
0.712949605	2.871021352784121e-14
0.714102893	2.7765720588244905e-14
0.715256181	2.4659985338651687e-14
0.716409468	1.9609776499212515e-14
0.717562756	1.4051317119882066e-14
0.718716044	1.0304250969210381e-14
0.719869332	8.709206173188585e-15
0.721022619	8.246187749419038e-15
0.722175907	7.874763209854349e-15
0.723329195	7.234005245262131e-15
0.724482483	6.830630568458823e-15
0.72563577	6.430572254548298e-15
0.726789058	6.175049075156608e-15
0.727942346	6.0976622911569546e-15
0.729095634	6.209717789615608e-15
0.730248921	6.3610174847244215e-15
0.731402209	6.5788057062504385e-15
0.732555497	6.935444379657748e-15
0.733708785	7.370629877849308e-15
0.734862072	7.903193274897994e-15
0.73601536	8.733591964278832e-15
0.737168648	9.976669173421238e-15
0.738321936	1.2062428410204867e-14
0.739475223	1.498867972178969e-14
0.740628511	1.876375388743509e-14
0.741781799	2.2596791553665557e-14
0.742935086	2.613648066969417e-14
0.744088374	2.88563565514044e-14
0.745241662	3.0820793881174996e-14
0.74639495	3.1117507283491705e-14
0.747548237	3.1281933302128665e-14
0.748701525	3.1394000014482507e-14
0.749854813	3.129922639524767e-14
0.751008101	3.131067288655082e-14
0.752161388	3.1763653314545816e-14
0.753314676	3.205187056780206e-14
0.754467964	3.1823060903142467e-14
0.755621252	3.0531858601607405e-14
0.756774539	2.8432285479694935e-14
0.757927827	2.5639870399652264e-14
0.759081115	2.192368956227848e-14
0.760234403	1.8786701919448954e-14
0.76138769	1.804474427989097e-14
0.762540978	1.721906419968478e-14
0.763694266	1.5772003115515806e-14
0.764847554	1.541780899530609e-14
0.766000841	1.5251285972694154e-14
0.767154129	1.484553439182294e-14
0.768307417	1.4390948908557215e-14
0.769460705	1.410566857689868e-14
0.770613992	1.3786895940732843e-14
0.77176728	1.3056345244142683e-14
0.772920568	1.1864731860303984e-14
0.774073856	1.0841797872571227e-14
0.775227143	1.0059271627435428e-14
0.776380431	9.111555239488556e-15
0.777533719	8.00967136503115e-15
0.778687006	7.790646124187565e-15
0.779840294	7.0282834253413836e-15
0.780993582	6.256609499114783e-15
0.78214687	5.801734315357112e-15
0.783300157	5.674248593052758e-15
0.784453445	5.7889915579607535e-15
0.785606733	5.979333968185285e-15
0.786760021	6.108026364937218e-15
0.787913308	6.1472869185227265e-15
0.789066596	6.2529002054906315e-15
0.790219884	6.275748546748013e-15
0.791373172	6.1461939576216e-15
0.792526459	5.8351454660413195e-15
0.793679747	5.538315758780815e-15
0.794833035	5.1643315126846764e-15
0.795986323	4.846790504513671e-15
0.79713961	4.668980487449702e-15
0.798292898	4.569557530859482e-15
0.799446186	4.50739056394658e-15
0.800599474	4.506339706578714e-15
0.801752761	4.617103671101192e-15
0.802906049	4.8885833269992595e-15
0.804059337	5.248809044652013e-15
0.805212625	5.655468282805975e-15
0.806365912	6.040513592135757e-15
0.8075192	6.472878956098226e-15
0.808672488	6.851209456836739e-15
0.809825776	7.094920969064068e-15
0.810979063	7.413443970011996e-15
0.812132351	7.938705058689251e-15
0.813285639	8.456811476841163e-15
0.814438926	8.951612761276968e-15
0.815592214	9.502078529739664e-15
0.816745502	1.0309133098674479e-14
0.81789879	1.1534960988390532e-14
0.819052077	1.2791682858790272e-14
0.820205365	1.393187721827992e-14
0.821358653	1.4525846862836812e-14
0.822511941	1.4222152071494106e-14
0.823665228	1.458749947890567e-14
0.824818516	1.4843944920722912e-14
0.825971804	1.4504227032309513e-14
0.827125092	1.4630057015466955e-14
0.828278379	1.526878031191344e-14
0.829431667	1.649588561688111e-14
0.830584955	1.7541558780675335e-14
0.831738243	1.767422103872853e-14
0.83289153	1.654011579984458e-14
0.834044818	1.3919715157410883e-14
0.835198106	1.0699806711541409e-14
0.836351394	7.926879760724349e-15
0.837504681	6.209547842810962e-15
0.838657969	5.435769739723857e-15
0.839811257	5.125277348819249e-15
0.840964545	5.2220393447016095e-15
0.842117832	5.78071560373075e-15
0.84327112	6.209243280835471e-15
0.844424408	6.3184463746549095e-15
0.845577696	6.992945621295463e-15
0.846730983	6.9595193613312525e-15
0.847884271	8.191791276136245e-15
0.849037559	8.835226506947553e-15
0.850190847	7.20048644218323e-15
0.851344134	7.073329311495548e-15
0.852497422	7.334512170471332e-15
0.85365071	6.024275615252173e-15
0.854803997	4.744813515672665e-15
0.855957285	5.515896213354384e-15
0.857110573	5.7949104038985215e-15
0.858263861	5.392204094311248e-15
0.859417148	4.659951761211271e-15
0.860570436	4.790194587580727e-15
0.861723724	5.672363431360207e-15
0.862877012	6.218060593242786e-15
0.864030299	6.449057017860376e-15
0.865183587	6.130652601516045e-15
0.866336875	4.941330254938995e-15
0.867490163	5.702944590493026e-15
0.86864345	6.93907589497377e-15
0.869796738	7.523273784184585e-15
0.870950026	7.527383761606709e-15
0.872103314	7.688488234668694e-15
0.873256601	7.330201316092905e-15
0.874409889	5.9108022900154626e-15
0.875563177	5.7761453580832635e-15
0.876716465	7.602061452314603e-15
0.877869752	8.178565970141391e-15
0.87902304	7.887751115231484e-15
0.880176328	7.625624199353048e-15
0.881329616	7.405729633744455e-15
0.882482903	7.1537859624401e-15
0.883636191	6.853297577625082e-15
0.884789479	6.333015758705661e-15
0.885942767	5.084387942298149e-15
0.887096054	5.300148368928433e-15
0.888249342	6.896557687194987e-15
0.88940263	7.786888445482657e-15
0.890555917	7.806909347558846e-15
0.891709205	7.710285582843033e-15
0.892862493	7.482673210133691e-15
0.894015781	7.432127356275873e-15
0.895169068	7.414698308419121e-15
0.896322356	7.521656107581571e-15
0.897475644	7.76189772851235e-15
0.898628932	7.630506952507202e-15
0.899782219	7.077690330145211e-15
0.900935507	6.050558826571811e-15
0.902088795	6.718596406997166e-15
0.903242083	9.167215688550078e-15
0.90439537	1.0311976049357272e-14
0.905548658	1.0025630341514626e-14
0.906701946	9.353883807719983e-15
0.907855234	9.282569757870573e-15
0.909008521	9.541137259877523e-15
0.910161809	1.0097639359611936e-14
0.911315097	1.0573169518060215e-14
0.912468385	1.044173200422186e-14
0.913621672	1.0040614075630353e-14
0.91477496	1.0182609933364654e-14
0.915928248	1.023248605180124e-14
0.917081536	1.097761523308843e-14
0.918234823	1.168948158518157e-14
0.919388111	1.224202867461716e-14
0.920541399	1.2259501074277697e-14
0.921694687	1.071740215285099e-14
0.922847974	9.150799762018056e-15
0.924001262	1.1337459293017622e-14
0.92515455	1.437465212270986e-14
0.926307837	1.5416931349192173e-14
0.927461125	1.658582858828955e-14
0.928614413	1.7464343504686622e-14
0.929767701	1.7709996618076225e-14
0.930920988	1.7548800767350937e-14
0.932074276	1.7256064438600178e-14
0.933227564	1.8181694848873883e-14
0.934380852	1.8744146665930712e-14
0.935534139	2.0444871321334354e-14
0.936687427	2.1208544838794417e-14
0.937840715	2.1222487668248267e-14
0.938994003	2.273252547505606e-14
0.94014729	2.2427767306732044e-14
0.941300578	2.1285332566950184e-14
0.942453866	2.021378807203487e-14
0.943607154	1.9177509742803457e-14
0.944760441	1.908102318727414e-14
0.945913729	1.8966941603240847e-14
0.947067017	1.9603025802810905e-14
0.948220305	1.9609259256162225e-14
0.949373592	1.921270206697418e-14
0.95052688	1.8448248063417462e-14
0.951680168	1.7632546877621204e-14
0.952833456	1.630061916382641e-14
0.953986743	1.5285885147790812e-14
0.955140031	1.560914170340156e-14
0.956293319	2.024201542368804e-14
0.957446607	2.3449754135175728e-14
0.958599894	2.2645029091645795e-14
0.959753182	2.215368838511473e-14
0.96090647	2.2311689423030103e-14
0.962059757	2.1980267722514738e-14
0.963213045	2.2155561000129823e-14
0.964366333	2.1836273389288632e-14
0.965519621	2.16239894104307e-14
0.966672908	2.1028595860041643e-14
0.967826196	2.1248956328806704e-14
0.968979484	2.144100944007785e-14
0.970132772	0.
0.971286059	0.
0.972439347	0.
0.973592635	0.
0.974745923	0.
0.97589921	0.
0.977052498	0.
0.978205786	0.
0.979359074	0.
0.980512361	0.
0.981665649	0.
0.982818937	0.
0.983972225	0.
0.985125512	0.
0.9862788	0.
0.987432088	0.
0.988585376	0.
0.989738663	0.
0.990891951	0.
0.992045239	0.
0.993198527	0.
0.994351814	0.
0.995505102	0.
0.99665839	0.
0.997811677	7.298586439842825e-16
0.998964965	7.094617264009503e-16
1.000118253	6.835549144313836e-16
1.001271541	6.209443388354667e-16
1.002424828	5.661570648607983e-16
1.003578116	5.10567092836466e-16
1.004731404	4.685428185448724e-16
1.005884692	4.655593709831519e-16
1.007037979	4.800326224018959e-16
1.008191267	4.817720651169999e-16
1.009344555	5.0537347549218445e-16
1.010497843	5.307903576762107e-16
1.01165113	5.503702232693596e-16
1.012804418	5.739721000194007e-16
1.013957706	6.019115941735681e-16
1.015110994	6.237782781608376e-16
1.016264281	6.426748189128916e-16
1.017417569	6.544055820815248e-16
1.018570857	6.57251995632847e-16
1.019724145	6.670398538052743e-16
1.020877432	6.805580730973665e-16
1.02203072	6.871482181981232e-16
1.023184008	6.961392213996239e-16
1.024337296	7.070623721939179e-16
1.025490583	7.207495823430586e-16
1.026643871	7.31682652291289e-16
1.027797159	7.420684658992001e-16
1.028950447	7.641616185667979e-16
1.030103734	7.961531125178572e-16
1.031257022	8.253017787534466e-16
1.03241031	8.66219573839469e-16
1.033563597	9.351926863865292e-16
1.034716885	1.0045480476009127e-15
1.035870173	1.0709203497682865e-15
1.037023461	1.1753649667127586e-15
1.038176748	1.3061097832458312e-15
1.039330036	1.4298031190859748e-15
1.040483324	1.5615371816700564e-15
1.041636612	1.7121263767331634e-15
1.042789899	1.8637087140130576e-15
1.043943187	2.0059981374993742e-15
1.045096475	2.1600173641261078e-15
1.046249763	2.3134349591176824e-15
1.04740305	2.426945830968241e-15
1.048556338	2.5293549362994703e-15
1.049709626	2.6317476835085305e-15
1.050862914	2.7425701416338776e-15
1.052016201	2.851850257241925e-15
1.053169489	2.981661804097455e-15
1.054322777	3.1145765212908577e-15
1.055476065	3.2222963244440106e-15
1.056629352	3.3642029888503776e-15
1.05778264	3.559716929501181e-15
1.058935928	3.714721621688625e-15
1.060089216	3.822782537556423e-15
1.061242503	3.923541817936671e-15
1.062395791	4.111607972320276e-15
1.063549079	4.295284472506789e-15
1.064702367	4.432870545885952e-15
1.065855654	4.5496925895109626e-15
1.067008942	4.646472387053228e-15
1.06816223	4.737152007818495e-15
1.069315517	4.8399742247603966e-15
1.070468805	4.895303235292183e-15
1.071622093	4.850863626963385e-15
1.072775381	4.8047499478945356e-15
1.073928668	4.7771915070255325e-15
1.075081956	4.699145522584186e-15
1.076235244	4.58361998787184e-15
1.077388532	4.477871613823293e-15
1.078541819	4.335827301339351e-15
1.079695107	4.1357084145658005e-15
1.080848395	4.012710009398787e-15
1.082001683	3.9532450378302335e-15
1.08315497	3.78211757037481e-15
1.084308258	3.530887531617657e-15
1.085461546	3.247143116677956e-15
1.086614834	2.985640500807553e-15
1.087768121	2.752428190538546e-15
1.088921409	2.3826367415236267e-15
1.090074697	1.952815169577255e-15
1.091227985	1.5893195338907766e-15
1.092381272	1.295889954373826e-15
1.09353456	1.0909519912330256e-15
1.094687848	9.116061670239352e-16
1.095841136	7.561840933591826e-16
1.096994423	6.544539358584418e-16
1.098147711	5.911856234228128e-16
1.099300999	5.407784920537334e-16
1.100454287	5.087662359776432e-16
1.101607574	5.006146720616479e-16
1.102760862	4.962381626978295e-16
1.10391415	4.862525797561139e-16
1.105067438	4.770529765887161e-16
1.106220725	4.683240879138038e-16
1.107374013	4.573296905950506e-16
1.108527301	4.429262727336562e-16
1.109680588	4.239490233841481e-16
1.110833876	4.0331088638956594e-16
1.111987164	3.809651721605799e-16
1.113140452	3.5436950843522203e-16
1.114293739	3.254468090616436e-16
1.115447027	2.9697589916654473e-16
1.116600315	2.7061489915498845e-16
1.117753603	2.493046562982521e-16
1.11890689	2.3325276200853156e-16
1.120060178	2.2020710171116723e-16
1.121213466	2.0481366489885506e-16
1.122366754	1.879541046524098e-16
1.123520041	1.747035677015043e-16
1.124673329	1.6519084587031104e-16
1.125826617	1.592863651860441e-16
1.126979905	1.5411140202194578e-16
1.128133192	1.4887273235011016e-16
1.12928648	1.4654204979160475e-16
1.130439768	1.439868024122101e-16
1.131593056	1.3861622183496034e-16
1.132746343	1.344790664560496e-16
1.133899631	1.3262830057977755e-16
1.135052919	1.3217032796671878e-16
1.136206207	1.338652388148169e-16
1.137359494	1.3828497550543237e-16
1.138512782	1.4292547545679187e-16
1.13966607	1.4598708352254728e-16
1.140819358	1.4718584654648508e-16
1.141972645	1.4621540537246593e-16
1.143125933	1.4367002788007952e-16
1.144279221	1.3812657172751813e-16
1.145432508	1.2885314792776837e-16
1.146585796	1.1886780518676688e-16
1.147739084	1.0980123205795487e-16
1.148892372	1.0155400184798732e-16
1.150045659	9.42939017457508e-17
1.151198947	8.834224069942182e-17
1.152352235	8.348340615714543e-17
1.153505523	7.919477871515447e-17
1.15465881	7.619936122341166e-17
1.155812098	7.475086630017407e-17
1.156965386	7.41757059209658e-17
1.158118674	7.461150122149075e-17
1.159271961	7.675640090182172e-17
1.160425249	8.010674984472182e-17
1.161578537	8.397329371138637e-17
1.162731825	8.783422435234171e-17
1.163885112	9.159704115028309e-17
1.1650384	9.620435429715725e-17
1.166191688	1.0165211970703446e-16
1.167344976	1.0729288024047147e-16
1.168498263	1.1361501188571502e-16
1.169651551	1.2077449172827098e-16
1.170804839	1.261360150302374e-16
1.171958127	1.2868845965103863e-16
1.173111414	1.2961055530356006e-16
1.174264702	1.2917344451832864e-16
1.17541799	1.281195084939149e-16
1.176571278	1.247948988257117e-16
1.177724565	1.190229290533431e-16
1.178877853	1.1159166917218196e-16
1.180031141	1.0357659695200232e-16
1.181184428	9.761361463242688e-17
1.182337716	9.327830068369512e-17
1.183491004	9.030166817363843e-17
1.184644292	8.676309859607882e-17
1.185797579	8.218751173098374e-17
1.186950867	8.099544790855275e-17
1.188104155	8.316467527372961e-17
1.189257443	8.53385816727317e-17
1.19041073	8.800133871251681e-17
1.191564018	9.208324173296057e-17
1.192717306	9.668395849380065e-17
1.193870594	1.0110440334959708e-16
1.195023881	1.054003164542605e-16
1.196177169	1.0967150700101953e-16
1.197330457	1.1511262744104283e-16
1.198483745	1.1872742579690266e-16
1.199637032	1.178914205580151e-16
1.20079032	1.1672282411368094e-16
1.201943608	1.1747639996033991e-16
1.203096896	1.2319264225782528e-16
1.204250183	1.3181386808409715e-16
1.205403471	1.3668027287355168e-16
1.206556759	1.434655604104767e-16
1.207710047	1.5677764811847172e-16
1.208863334	1.6831378479643997e-16
1.210016622	1.7527345740578203e-16
1.21116991	1.8237417379905692e-16
1.212323198	1.8973926562442824e-16
1.213476485	1.9684164536491479e-16
1.214629773	2.0291474133318123e-16
1.215783061	2.071931566886105e-16
1.216936348	2.097422578315333e-16
1.218089636	2.1074869433073752e-16
1.219242924	2.098663620863142e-16
1.220396212	2.0748371928367894e-16
1.221549499	2.0376296990576792e-16
1.222702787	1.988344075575947e-16
1.223856075	1.9285707514050853e-16
1.225009363	1.851797140441589e-16
1.22616265	1.7650131550183514e-16
1.227315938	1.6881727652744142e-16
1.228469226	1.6093123219133994e-16
1.229622514	1.518237254960552e-16
1.230775801	1.4428740442121813e-16
1.231929089	1.3901755504569702e-16
1.233082377	1.3490807050124287e-16
1.234235665	1.3230046586048227e-16
1.235388952	1.317025477609801e-16
1.23654224	1.3304404878313186e-16
1.237695528	1.3631867732253537e-16
1.238848816	1.4234851991381703e-16
1.240002103	1.5170756695567614e-16
1.241155391	1.6345547053759522e-16
1.242308679	1.780872895416527e-16
1.243461967	1.966206928396511e-16
1.244615254	2.1890251410446684e-16
1.245768542	2.4481382788465255e-16
1.24692183	2.755069069546867e-16
1.248075118	3.1151747800719747e-16
1.249228405	3.519840285374267e-16
1.250381693	3.975726802063977e-16
1.251534981	4.516415688849587e-16
1.252688268	5.098790603871312e-16
1.253841556	5.618863586811961e-16
1.254994844	6.095416426932921e-16
1.256148132	6.476662471122538e-16
1.257301419	6.684516369018261e-16
1.258454707	6.797278434621985e-16
1.259607995	6.841585405681994e-16
1.260761283	6.905999376927897e-16
1.26191457	7.039387024445667e-16
1.263067858	7.169196901570962e-16
1.264221146	7.289585687890216e-16
1.265374434	7.373838018386443e-16
1.266527721	7.458897533969493e-16
1.267681009	7.63912378466068e-16
1.268834297	7.834256375008581e-16
1.269987585	8.079324000102473e-16
1.271140872	8.502667446379438e-16
1.27229416	9.07121835076225e-16
1.273447448	9.759151141850219e-16
1.274600736	1.0524377168581936e-15
1.275754023	1.1248937429252567e-15
1.276907311	1.1909305182690945e-15
1.278060599	1.236851830927674e-15
1.279213887	1.2382897974525363e-15
1.280367174	1.2306930691024034e-15
1.281520462	1.2772788527260563e-15
1.28267375	1.2762476585188618e-15
1.283827038	1.1969510638452463e-15
1.284980325	1.1508403494343123e-15
1.286133613	1.145142327128759e-15
1.287286901	1.1414700084010718e-15
1.288440188	1.129515161609144e-15
1.289593476	1.1180381178332942e-15
1.290746764	1.0974513196294942e-15
1.291900052	1.0635517645015063e-15
1.293053339	1.0296745569641962e-15
1.294206627	9.925656134849128e-16
1.295359915	9.38858724106718e-16
1.296513203	8.751334042532149e-16
1.29766649	8.072148623036935e-16
1.298819778	7.291392407624074e-16
1.299973066	6.435745099771039e-16
1.301126354	5.625354779498459e-16
1.302279641	4.860571642241904e-16
1.303432929	4.123882608913317e-16
1.304586217	3.4394929921403523e-16
1.305739505	2.846595122001332e-16
1.306892792	2.3872885470764114e-16
1.30804608	2.0384561931195825e-16
1.309199368	1.7729763915436652e-16
1.310352656	1.5763350791940243e-16
1.311505943	1.4466590100964117e-16
1.312659231	1.3408541727155975e-16
1.313812519	1.2350247776189086e-16
1.314965807	1.1553303173186267e-16
1.316119094	1.0927534073546476e-16
1.317272382	1.007987185394034e-16
1.31842567	9.208588992993847e-17
1.319578958	8.527244432525196e-17
1.320732245	7.962279822067393e-17
1.321885533	7.494437980922853e-17
1.323038821	7.084154596490609e-17
1.324192108	6.776320140497926e-17
1.325345396	6.586050837800449e-17
1.326498684	6.454614217580643e-17
1.327651972	6.327255740910036e-17
1.328805259	6.228851061206657e-17
1.329958547	6.169985015492786e-17
1.331111835	6.073635906360892e-17
1.332265123	5.936259621290529e-17
1.33341841	5.765159172865141e-17
1.334571698	5.629960385092476e-17
1.335724986	5.581476223859231e-17
1.336878274	5.566402700422696e-17
1.338031561	5.577282704999405e-17
1.339184849	5.636588514412455e-17
1.340338137	5.716059401854359e-17
1.341491425	5.753962091988806e-17
1.342644712	5.806010289042884e-17
1.343798	5.898991002549591e-17
1.344951288	6.019670745685618e-17
1.346104576	6.143421921492161e-17
1.347257863	6.220800017730938e-17
1.348411151	6.29645308166424e-17
1.349564439	6.444515133417009e-17
1.350717727	6.595964513139391e-17
1.351871014	6.731508991326266e-17
1.353024302	6.952048959513075e-17
1.35417759	7.320119255482325e-17
1.355330878	7.885287135763725e-17
1.356484165	8.553479839056763e-17
1.357637453	9.184538539399103e-17
1.358790741	1.0054774454995362e-16
1.359944028	1.1619903646814811e-16
1.361097316	1.3642596029083067e-16
1.362250604	1.563141481498824e-16
1.363403892	1.762756972209276e-16
1.364557179	2.0975017825573153e-16
1.365710467	2.469858524735179e-16
1.366863755	2.6768775765505917e-16
1.368017043	2.491610322150719e-16
1.36917033	1.9695237829672197e-16
1.370323618	1.5433149746780625e-16
1.371476906	1.24674260553401e-16
1.372630194	1.0409577311107056e-16
1.373783481	8.904836686063244e-17
1.374936769	8.052430125665562e-17
1.376090057	7.656643149274286e-17
1.377243345	7.65450408811099e-17
1.378396632	8.300300238429228e-17
1.37954992	9.45279239237213e-17
1.380703208	1.1035784634859775e-16
1.381856496	1.2247593951509052e-16
1.383009783	1.1579433845211304e-16
1.384163071	9.811281130503707e-17
1.385316359	7.935007699930034e-17
1.386469647	6.441906635739603e-17
1.387622934	5.4167945421300806e-17
1.388776222	4.794979250751607e-17
1.38992951	4.4451357417436975e-17
1.391082798	4.2510274014832765e-17
1.392236085	4.136003135516004e-17
1.393389373	4.0517838284695e-17
1.394542661	3.9360881336258657e-17
1.395695949	3.69193291814323e-17
1.396849236	3.3700469875596875e-17
1.398002524	3.0621434875190384e-17
1.399155812	2.8413889326602427e-17
1.400309099	2.725600135928523e-17
1.401462387	2.6318984619914255e-17
1.402615675	2.5611202850368523e-17
1.403768963	2.515984736937751e-17
1.40492225	2.4663990338751155e-17
1.406075538	2.3937624500835172e-17
1.407228826	2.2988066473182467e-17
1.408382114	2.1848194140446596e-17
1.409535401	2.0369327535430898e-17
1.410688689	1.9592916304933993e-17
1.411841977	1.9807129279359777e-17
1.412995265	2.079630535769102e-17
1.414148552	2.2833995841988864e-17
1.41530184	2.502447012100877e-17
1.416455128	2.6934979946838242e-17
1.417608416	2.8146597884474586e-17
1.418761703	2.8188958751067265e-17
1.419914991	2.7991280426406976e-17
1.421068279	2.803145035448454e-17
1.422221567	2.849308196290325e-17
1.423374854	2.900597265377806e-17
1.424528142	2.9676518175415466e-17
1.42568143	3.094783099536334e-17
1.426834718	3.2255264194273694e-17
1.427988005	3.335820465133167e-17
1.429141293	3.431912016926497e-17
1.430294581	3.5105184654681805e-17
1.431447869	3.565169605514588e-17
1.432601156	3.596871575585215e-17
1.433754444	3.619078243835383e-17
1.434907732	3.615466088106446e-17
1.436061019	3.5897216052003965e-17
1.437214307	3.555727173968015e-17
1.438367595	3.53362319862264e-17
1.439520883	3.582421227999142e-17
1.44067417	3.5821439369329756e-17
1.441827458	3.4682312559166066e-17
1.442980746	3.392964810438897e-17
1.444134034	3.366454544715605e-17
1.445287321	3.283086238376694e-17
1.446440609	3.175360257932564e-17
1.447593897	3.115110488352628e-17
1.448747185	3.059840698694775e-17
1.449900472	3.008743550450133e-17
1.45105376	3.0026468348122564e-17
1.452207048	3.028893527463968e-17
1.453360336	3.051435116634083e-17
1.454513623	3.078037709991551e-17
1.455666911	3.148846624440254e-17
1.456820199	3.236083785135428e-17
1.457973487	3.3046784129844385e-17
1.459126774	3.410833662174217e-17
1.460280062	3.556200624134476e-17
1.46143335	3.7379284717800526e-17
1.462586638	3.918920471038161e-17
1.463739925	4.053942126633837e-17
1.464893213	4.174200517605294e-17
1.466046501	4.272507962229566e-17
1.467199789	4.297168955176261e-17
1.468353076	4.2593509752134464e-17
1.469506364	4.19514559981841e-17
1.470659652	4.086692543468813e-17
1.471812939	3.9208078164626863e-17
1.472966227	3.729678595060172e-17
1.474119515	3.506206341110556e-17
1.475272803	3.22333428126742e-17
1.47642609	3.168977598760632e-17
1.477579378	3.14286681658363e-17
1.478732666	3.11593259410201e-17
1.479885954	3.062914979947052e-17
1.481039241	3.1454971939521516e-17
1.482192529	3.334796564537981e-17
1.483345817	3.4810588425870123e-17
1.484499105	3.729603163383485e-17
1.485652392	3.9254012655623344e-17
1.48680568	4.374620986800455e-17
1.487958968	5.106217241291117e-17
1.489112256	5.406901420687664e-17
1.490265543	5.603426693258312e-17
1.491418831	6.070629087507589e-17
1.492572119	6.631252670528137e-17
1.493725407	7.018612754124027e-17
1.494878694	7.319493725150735e-17
1.496031982	7.688395534856697e-17
1.49718527	7.826688703128984e-17
1.498338558	7.749985269862723e-17
1.499491845	7.63369427500067e-17
1.500645133	7.667696862530981e-17
1.501798421	7.682505403472885e-17
1.502951709	7.564097117025123e-17
1.504104996	7.493729248354133e-17
1.505258284	7.476887335661382e-17
1.506411572	7.418077030976873e-17
1.507564859	7.249387554861811e-17
1.508718147	7.21539405141594e-17
1.509871435	7.277209541906091e-17
1.511024723	7.546710518926623e-17
1.51217801	8.040663811029731e-17
1.513331298	8.636092657314073e-17
1.514484586	9.314770458894883e-17
1.515637874	9.974837806335936e-17
1.516791161	1.0695246385615979e-16
1.517944449	1.152036148034635e-16
1.519097737	1.2397339720649846e-16
1.520251025	1.3291137012356158e-16
1.521404312	1.4306615018902606e-16
1.5225576	1.5340142604333306e-16
1.523710888	1.5986329523271293e-16
1.524864176	1.6335426443704946e-16
1.526017463	1.6466752085041037e-16
1.527170751	1.6811180754601027e-16
1.528324039	1.7646553705371454e-16
1.529477327	1.9175742837612953e-16
1.530630614	2.1031507756302568e-16
1.531783902	2.242008898280995e-16
1.53293719	2.4160916078597155e-16
1.534090478	2.624653093706058e-16
1.535243765	2.7333519385545616e-16
1.536397053	2.77733938113717e-16
1.537550341	2.828245756172892e-16
1.538703629	2.836890937422582e-16
1.539856916	2.802749008309437e-16
1.541010204	2.715414998322944e-16
1.542163492	2.617506425482961e-16
1.543316779	2.56488225882962e-16
1.544470067	2.5701782727228705e-16
1.545623355	2.613034697777657e-16
1.546776643	2.703082708850587e-16
1.54792993	2.8498173371235963e-16
1.549083218	2.987355327204592e-16
1.550236506	3.0868907067748515e-16
1.551389794	3.1392051867984895e-16
1.552543081	3.158251422349845e-16
1.553696369	3.1596751211158805e-16
1.554849657	3.092563110878018e-16
1.556002945	2.9741267203123454e-16
1.557156232	2.885192324330455e-16
1.55830952	2.8474757496955696e-16
1.559462808	2.8097723429745215e-16
1.560616096	2.749653517802918e-16
1.561769383	2.611571575172764e-16
1.562922671	2.4533240118362736e-16
1.564075959	2.3114804103222847e-16
1.565229247	2.189916175903485e-16
1.566382534	2.1455724440251516e-16
1.567535822	2.1658092668450766e-16
1.56868911	2.2262068299246603e-16
1.569842398	2.331232607221334e-16
1.570995685	2.5180390129179504e-16
1.572148973	2.796864194176925e-16
1.573302261	3.154520348808564e-16
1.574455549	3.5241730226003306e-16
1.575608836	3.8655087485494256e-16
1.576762124	4.1821692755439445e-16
1.577915412	4.381521820700988e-16
1.579068699	4.414628086991427e-16
1.580221987	4.3060539455922155e-16
1.581375275	4.361235899536909e-16
1.582528563	4.413841581052132e-16
1.58368185	4.233485793933737e-16
1.584835138	4.0433175911188327e-16
1.585988426	3.8904114300326643e-16
1.587141714	3.820865687878175e-16
1.588295001	3.91940203495195e-16
1.589448289	4.1019402678338306e-16
1.590601577	4.2196796135326214e-16
1.591754865	4.093065409650866e-16
1.592908152	3.9476118144075817e-16
1.59406144	3.8721331079808607e-16
1.595214728	3.8982139365776105e-16
1.596368016	3.9132358010027784e-16
1.597521303	3.7404366788010335e-16
1.598674591	3.5826896616012334e-16
1.599827879	3.558939850234099e-16
1.600981167	3.4892901896828616e-16
1.602134454	3.3321267716388545e-16
1.603287742	3.171071059629707e-16
1.60444103	2.996138574641526e-16
1.605594318	2.821634496402469e-16
1.606747605	2.6158383432121063e-16
1.607900893	2.376186832520234e-16
1.609054181	2.176986172139565e-16
1.610207469	2.0003062924910145e-16
1.611360756	1.7993633253155842e-16
1.612514044	1.5981432518517495e-16
1.613667332	1.4024344769386603e-16
1.614820619	1.2346960946083924e-16
1.615973907	1.0954453644473322e-16
1.617127195	9.173508342094941e-17
1.618280483	7.465898821202153e-17
1.61943377	6.313267177182545e-17
1.620587058	5.401979679844593e-17
1.621740346	4.613596066043079e-17
1.622893634	3.991984712406916e-17
1.624046921	3.5449574753564024e-17
1.625200209	3.198354662327971e-17
1.626353497	2.9122707682702545e-17
1.627506785	2.6369120195297843e-17
1.628660072	2.4068376350242307e-17
1.62981336	2.2126077248238107e-17
1.630966648	2.032884806197739e-17
1.632119936	1.8565477135179984e-17
1.633273223	1.7311924474581243e-17
1.634426511	1.6605196775501913e-17
1.635579799	1.604600272761322e-17
1.636733087	1.5725235716244644e-17
1.637886374	1.5318474042173448e-17
1.639039662	1.4679743352671823e-17
1.64019295	1.3948935586523933e-17
1.641346238	1.33961351971367e-17
1.642499525	1.3123915397665008e-17
1.643652813	1.2840793644157831e-17
1.644806101	1.2221015313268415e-17
1.645959389	1.1504068016092996e-17
1.647112676	1.1004967886161083e-17
1.648265964	1.0758294847363128e-17
1.649419252	1.0701926755805969e-17
1.65057254	1.0650847861228697e-17
1.651725827	1.0431931104354683e-17
1.652879115	1.015919008059798e-17
1.654032403	9.929393166306284e-18
1.65518569	9.738664723302821e-18
1.656338978	9.602355699996018e-18
1.657492266	9.510968691450481e-18
1.658645554	9.418130408429185e-18
1.659798841	9.223204577915348e-18
1.660952129	8.714958324803616e-18
1.662105417	8.024082204870807e-18
1.663258705	7.393946743364842e-18
1.664411992	6.9093459339668385e-18
1.66556528	6.775662454726176e-18
1.666718568	6.977451544852081e-18
1.667871856	7.471103401653886e-18
1.669025143	8.216045656682848e-18
1.670178431	9.318187852062822e-18
1.671331719	1.0716069565508368e-17
1.672485007	1.2052064234487174e-17
1.673638294	1.246380903462182e-17
1.674791582	1.2311357619788085e-17
1.67594487	1.209637651692523e-17
1.677098158	1.1520822487940514e-17
1.678251445	1.0960062521838007e-17
1.679404733	1.1039930674175932e-17
1.680558021	1.1409371520749886e-17
1.681711309	1.1940484851904568e-17
1.682864596	1.2060636641771548e-17
1.684017884	1.1647075390946188e-17
1.685171172	1.1231316434882665e-17
1.68632446	1.0958454764093475e-17
1.687477747	1.074802714203106e-17
1.688631035	1.0569326474326252e-17
1.689784323	1.0483669241900317e-17
1.69093761	1.0359641945817507e-17
1.692090898	1.0042274588975438e-17
1.693244186	9.830126249251363e-18
1.694397474	9.636751651067143e-18
1.695550761	9.497190621401573e-18
1.696704049	9.484784027515931e-18
1.697857337	9.507058106787446e-18
1.699010625	9.622145200296935e-18
1.700163912	9.711714076392188e-18
1.7013172	9.637973740405877e-18
1.702470488	9.37513956660165e-18
1.703623776	8.886518379020758e-18
1.704777063	8.087106033218989e-18
1.705930351	6.952585387087779e-18
1.707083639	5.740068637827458e-18
1.708236927	4.651748188169256e-18
1.709390214	3.7915043382115874e-18
1.710543502	3.387242682872107e-18
1.71169679	3.9082432983279084e-18
1.712850078	5.451907235263462e-18
1.714003365	8.250275254499684e-18
1.715156653	1.2550578506228248e-17
1.716309941	1.683701925258049e-17
1.717463229	2.003191864768604e-17
1.718616516	2.068778099091282e-17
1.719769804	1.8549991147786105e-17
1.720923092	1.5022871030235267e-17
1.72207638	1.0839706043656203e-17
1.723229667	7.92790236767498e-18
1.724382955	6.608102161075198e-18
1.725536243	5.9763889777172024e-18
1.72668953	5.966639850023558e-18
1.727842818	6.188515191830164e-18
1.728996106	6.501800989281101e-18
1.730149394	6.9282495968727065e-18
1.731302681	7.507287843182431e-18
1.732455969	8.228152868200444e-18
1.733609257	9.019235776628537e-18
1.734762545	9.792698547782826e-18
1.735915832	1.03566862417465e-17
1.73706912	1.0574937175688144e-17
1.738222408	1.0723869919711686e-17
1.739375696	1.0729476331566146e-17
1.740528983	1.0628322410150946e-17
1.741682271	1.0506218212995653e-17
1.742835559	1.0338025842748693e-17
1.743988847	1.0037785725756102e-17
1.745142134	9.859354627153921e-18
1.746295422	9.803459438447603e-18
1.74744871	9.643876591015745e-18
1.748601998	9.45252523117305e-18
1.749755285	9.271348189305308e-18
1.750908573	9.095353428565854e-18
1.752061861	8.936832697254573e-18
1.753215149	8.724860725925773e-18
1.754368436	8.410247619478661e-18
1.755521724	8.040743810410285e-18
1.756675012	7.656739573636351e-18
1.7578283	7.184980943163388e-18
1.758981587	6.628786723273308e-18
1.760134875	6.0465704177664194e-18
1.761288163	5.672858670589807e-18
1.76244145	5.561179969731519e-18
1.763594738	5.852845082504811e-18
1.764748026	6.567212944898681e-18
1.765901314	7.353443445277825e-18
1.767054601	8.007301545461005e-18
1.768207889	8.101563820476786e-18
1.769361177	7.655966694485521e-18
1.770514465	6.953714304497124e-18
1.771667752	6.145911287946705e-18
1.77282104	5.599454667497069e-18
1.773974328	5.3064327162314095e-18
1.775127616	5.198798868598756e-18
1.776280903	5.2265896104232536e-18
1.777434191	5.273115533029903e-18
1.778587479	5.342954964288522e-18
1.779740767	5.449279386110624e-18
1.780894054	5.603124577280578e-18
1.782047342	5.703299708336037e-18
1.78320063	5.883951862714203e-18
1.784353918	6.249451568910666e-18
1.785507205	6.948992636729237e-18
1.786660493	8.195929722824038e-18
1.787813781	9.520393527762698e-18
1.788967069	1.077589307270858e-17
1.790120356	1.1701378324092912e-17
1.791273644	1.181976618159077e-17
1.792426932	1.168616548017358e-17
1.79358022	1.165717302220459e-17
1.794733507	1.2186496321110248e-17
1.795886795	1.3764169878533552e-17
1.797040083	1.614876883088191e-17
1.79819337	1.933555682066121e-17
1.799346658	2.31231469545102e-17
1.800499946	2.735894825999479e-17
1.801653234	3.243129474593302e-17
1.802806521	3.788836749926927e-17
1.803959809	4.319364123924101e-17
1.805113097	4.917535485982642e-17
1.806266385	5.644053272809254e-17
1.807419672	6.513505971777233e-17
1.80857296	7.633390020533116e-17
1.809726248	9.063425428996047e-17
1.810879536	1.0823942462954108e-16
1.812032823	1.2946458084499228e-16
1.813186111	1.5336419614038507e-16
1.814339399	1.794536724158934e-16
1.815492687	2.076554800007924e-16
1.816645974	2.3903523927471167e-16
1.817799262	2.7471471727706384e-16
1.81895255	2.9870079227073336e-16
1.820105838	3.066331717743595e-16
1.821259125	3.2484862109482805e-16
1.822412413	3.5508072582412167e-16
1.823565701	3.8179028071384757e-16
1.824718989	4.123137082509347e-16
1.825872276	4.528337445219606e-16
1.827025564	5.030650791795776e-16
1.828178852	5.569727225107791e-16
1.82933214	6.023813268002774e-16
1.830485427	6.339571186116793e-16
1.831638715	6.501762940212172e-16
1.832792003	6.543149347468888e-16
1.83394529	0.
1.835098578	0.
1.836251866	0.
1.837405154	0.
1.838558441	0.
1.839711729	0.
1.840865017	0.
1.842018305	0.
1.843171592	0.
1.84432488	0.
1.845478168	0.
1.846631456	0.
1.847784743	0.
1.848938031	0.
1.850091319	0.
1.851244607	0.
1.852397894	0.
1.853551182	0.
1.85470447	0.
1.855857758	0.
1.857011045	0.
1.858164333	0.
1.859317621	0.
1.860470909	0.
1.861624196	0.
1.862777484	0.
1.863930772	0.
1.86508406	0.
1.866237347	0.
1.867390635	0.
1.868543923	0.
1.86969721	0.
1.870850498	0.
1.872003786	7.297897032831948e-17
1.873157074	7.4529209510123e-17
1.874310361	7.973798566807978e-17
1.875463649	1.0307870134092446e-16
1.876616937	1.8425514087065853e-16
1.877770225	3.6117865450692637e-16
1.878923512	3.524018032023112e-16
1.8800768	1.5496627998669664e-16
1.881230088	5.850874626183259e-17
1.882383376	2.0925505586013123e-17
1.883536663	9.591991285539405e-18
1.884689951	5.5044355485662e-18
1.885843239	1.5986550838926982e-18
1.886996527	-2.3231621488801388e-18
1.888149814	-3.1998389594803067e-18
1.889303102	2.9717946819923153e-18
1.89045639	1.5165881609961734e-17
1.891609678	1.920412354550172e-17
1.892762965	1.5660648268649853e-17
1.893916253	1.2601362678826542e-17
1.895069541	1.12915925865151e-17
1.896222829	1.1436659728435098e-17
1.897376116	1.4287348477113017e-17
1.898529404	2.3482270802664103e-17
1.899682692	4.7505395061255004e-17
1.90083598	6.475971049405131e-17
1.901989267	5.180007000781795e-17
1.903142555	3.6274866613157604e-17
1.904295843	2.5925293864184272e-17
1.905449131	1.8886449076000284e-17
1.906602418	1.45252692095394e-17
1.907755706	1.20107871086157e-17
1.908908994	1.0605076556240463e-17
1.910062281	9.748665329154166e-18
1.911215569	9.199330501389324e-18
1.912368857	8.706414800144441e-18
1.913522145	8.40973770797418e-18
1.914675432	8.408045902526166e-18
1.91582872	8.442237600901335e-18
1.916982008	7.85869489741025e-18
1.918135296	6.4155033657190075e-18
1.919288583	4.987879522216861e-18
1.920441871	4.322302082250342e-18
1.921595159	4.485334683870519e-18
1.922748447	5.0886929091156195e-18
1.923901734	6.165755494129087e-18
1.925055022	7.609211443757408e-18
1.92620831	9.343981561719944e-18
1.927361598	1.1211808528042295e-17
1.928514885	1.205276785163649e-17
1.929668173	1.0475074479473525e-17
1.930821461	8.493268358489666e-18
1.931974749	7.224710885401319e-18
1.933128036	6.487302383727162e-18
1.934281324	5.638969977349228e-18
1.935434612	4.1577922114260105e-18
1.9365879	2.080313343456721e-18
1.937741187	5.83593497559099e-19
1.938894475	8.831401629400994e-19
1.940047763	1.7718336597272583e-18
1.941201051	2.551567310989986e-18
1.942354338	2.9212948238412587e-18
1.943507626	2.687680360364162e-18
1.944660914	1.2594082494379018e-18
1.945814201	-2.8714535938209953e-19
1.946967489	-4.6247384472521644e-20
1.948120777	1.3545480671491345e-18
1.949274065	2.518514403334586e-18
1.950427352	3.040654637577086e-18
1.95158064	3.2769058004723424e-18
1.952733928	3.3877846140287215e-18
1.953887216	3.274199613656188e-18
1.955040503	2.8346385993722366e-18
1.956193791	1.9981580919815756e-18
1.957347079	1.1123551186388711e-18
1.958500367	4.389409089087588e-19
1.959653654	1.2400299118939768e-19
1.960806942	2.8552874144196627e-19
1.96196023	9.890048200723821e-19
1.963113518	1.7893269563666285e-18
1.964266805	2.1916059061001024e-18
1.965420093	2.0958114532883867e-18
1.966573381	1.9621286683195365e-18
1.967726669	2.0856709871111902e-18
1.968879956	2.248803231258199e-18
1.970033244	2.232186242720432e-18
1.971186532	2.025150854326525e-18
1.97233982	1.9156964158790458e-18
1.973493107	2.0974632072441654e-18
1.974646395	2.3978170680440778e-18
1.975799683	2.6363055032175387e-18
1.976952971	2.7227926855679397e-18
1.978106258	2.6578130693539907e-18
1.979259546	2.330445200066385e-18
1.980412834	1.934159489947947e-18
1.981566121	1.7304598243144811e-18
1.982719409	1.792360035938237e-18
1.983872697	1.8688119020797104e-18
1.985025985	1.755939302871161e-18
1.986179272	1.4848637356919936e-18
1.98733256	1.1529280147216662e-18
1.988485848	9.326879015423006e-19
1.989639136	8.77651261497348e-19
1.990792423	1.011633597823027e-18
1.991945711	1.2116888451165377e-18
1.993098999	1.2974249430165486e-18
1.994252287	1.1149238740851746e-18
1.995405574	8.125527701992556e-19
1.996558862	6.289138681676697e-19
1.99771215	8.342226298678515e-19
1.998865438	1.8645461790886975e-18
2.000018725	4.391397671607897e-18
2.001172013	7.815344439730102e-18
2.002325301	9.495188247658222e-18
2.003478589	7.940329487557045e-18
2.004631876	5.165236803632043e-18
2.005785164	3.2059465981377564e-18
2.006938452	2.1846614592629497e-18
2.00809174	1.9269340534784347e-18
2.009245027	2.1176632086808984e-18
2.010398315	2.3268057201130213e-18
2.011551603	2.0806873730943438e-18
2.012704891	1.6948548720900668e-18
2.013858178	1.618726549313795e-18
2.015011466	1.9122919784415264e-18
2.016164754	2.2392143019954543e-18
2.017318041	2.511618715965937e-18
2.018471329	2.004448273182703e-18
2.019624617	9.259910626656488e-20
2.020777905	-2.612709520589986e-18
2.021931192	-3.9470512981714544e-18
2.02308448	-2.420001162708112e-18
2.024237768	8.246441800130108e-20
2.025391056	2.0597187811956724e-18
2.026544343	3.076396930152791e-18
2.027697631	3.3619112028589805e-18
2.028850919	2.913510157897053e-18
2.030004207	2.1458848799558397e-18
2.031157494	1.592084260379145e-18
2.032310782	1.5140869012729525e-18
2.03346407	1.317108093872723e-18
2.034617358	3.206156063291984e-19
2.035770645	-8.418839338401958e-19
2.036923933	-1.0582687894230994e-18
2.038077221	2.4057244907958423e-19
2.039230509	1.9227705676794817e-18
2.040383796	2.97097316264947e-18
2.041537084	3.279262359310453e-18
2.042690372	2.8193148129838104e-18
2.04384366	1.6298294120502182e-18
2.044996947	4.1131779537475044e-19
2.046150235	-1.8751896381053132e-20
2.047303523	3.0647206450232617e-19
2.048456811	8.70189780012394e-19
2.049610098	1.16080016926129e-18
2.050763386	1.3136306144907882e-18
2.051916674	1.43102731677827e-18
2.053069961	1.6101064875426627e-18
2.054223249	1.9661990592066992e-18
2.055376537	2.549748330427123e-18
2.056529825	2.9295052930359048e-18
2.057683112	2.75796418058242e-18
2.0588364	2.200512768142707e-18
2.059989688	1.6746192894464403e-18
2.061142976	1.466548956677003e-18
2.062296263	1.386556384093019e-18
2.063449551	1.2617785317393332e-18
2.064602839	9.97773001818362e-19
2.065756127	6.838513584613964e-19
2.066909414	4.635402938724684e-19
2.068062702	4.340672629332581e-19
2.06921599	6.721204342062861e-19
2.070369278	1.091391262801932e-18
2.071522565	1.4274750943940438e-18
2.072675853	1.5068429620170542e-18
2.073829141	1.3509183704823698e-18
2.074982429	9.73390672365362e-19
2.076135716	4.825309935175227e-19
2.077289004	1.1769606645014604e-19
2.078442292	9.276408300836528e-20
2.07959558	2.731213756388131e-19
2.080748867	4.745239216438119e-19
2.081902155	5.759720792652858e-19
2.083055443	6.095733798073147e-19
2.084208731	5.797645636512753e-19
2.085362018	4.932397023682704e-19
2.086515306	3.8729434965465254e-19
2.087668594	3.1005256564646266e-19
2.088821881	3.13063031178054e-19
2.089975169	4.547281184776147e-19
2.091128457	6.453803360383212e-19
2.092281745	7.538131268089596e-19
2.093435032	6.884694484038385e-19
2.09458832	5.658464257573704e-19
2.095741608	5.001608550135573e-19
2.096894896	4.937438126176013e-19
2.098048183	5.201567148642525e-19
2.099201471	5.6318416145703e-19
2.100354759	6.111043864172941e-19
2.101508047	6.379062742292444e-19
2.102661334	6.5603085337497465e-19
2.103814622	6.990085009458346e-19
2.10496791	7.812407332727763e-19
2.106121198	7.648298115701879e-19
2.107274485	5.064396819410263e-19
2.108427773	6.291067449582041e-20
2.109581061	-3.8924152232243746e-19
2.110734349	-6.86967133902001e-19
2.111887636	-6.878543916422274e-19
2.113040924	-2.6044039136179746e-19
2.114194212	4.532528526982047e-19
2.1153475	1.1117409443446107e-18
2.116500787	1.4059795509267855e-18
2.117654075	1.3902981260756842e-18
2.118807363	1.1901740717925936e-18
2.119960651	9.470426092394734e-19
2.121113938	7.923223629521967e-19
2.122267226	8.780024375390713e-19
2.123420514	1.0633586341849346e-18
2.124573801	1.1456346475366592e-18
2.125727089	1.047358041727743e-18
2.126880377	9.099230945661073e-19
2.128033665	8.430302490037628e-19
2.129186952	8.416934883854134e-19
2.13034024	8.910201179296353e-19
2.131493528	9.599171141318844e-19
2.132646816	1.0026799039420225e-18
2.133800103	9.710828205403862e-19
2.134953391	8.959181485808686e-19
2.136106679	8.195787174665846e-19
2.137259967	7.56216779517542e-19
2.138413254	7.122612690127154e-19
2.139566542	7.133007337337119e-19
2.14071983	7.144329480316057e-19
2.141873118	6.592446207589111e-19
2.143026405	5.349957355047779e-19
2.144179693	4.1446294225244614e-19
2.145332981	3.5055078082480517e-19
2.146486269	4.2855424281674875e-19
2.147639556	7.418220348912892e-19
2.148792844	1.2907667596358781e-18
2.149946132	1.7655586919045726e-18
2.15109942	1.8426059692553837e-18
2.152252707	1.5671119286306142e-18
2.153405995	1.137378397444882e-18
2.154559283	7.310402958913366e-19
2.155712571	4.201240815451237e-19
2.156865858	3.02851087356462e-19
2.158019146	3.5009300469473053e-19
2.159172434	4.608716871899282e-19
2.160325722	5.414037905170716e-19
2.161479009	5.810966726515424e-19
2.162632297	5.621927701808548e-19
2.163785585	5.067893905380714e-19
2.164938872	4.807810391416129e-19
2.16609216	5.391964543046371e-19
2.167245448	6.315751462791343e-19
2.168398736	7.533260365855982e-19
2.169552023	8.891008853055682e-19
2.170705311	9.255859455606799e-19
2.171858599	7.729206835776287e-19
2.173011887	5.331441324704371e-19
2.174165174	3.134439200480648e-19
2.175318462	2.254871211269672e-19
2.17647175	3.7039504246547275e-19
2.177625038	8.441890844036199e-19
2.178778325	1.3171307250971166e-18
2.179931613	1.3919233383923901e-18
2.181084901	1.0552312908868373e-18
2.182238189	6.454401403819808e-19
2.183391476	4.287261440924888e-19
2.184544764	5.255233917810986e-19
2.185698052	1.052188378352192e-18
2.18685134	1.8528355155814942e-18
2.188004627	2.3514447552907277e-18
2.189157915	1.892844082762635e-18
2.190311203	9.640422858536286e-19
2.191464491	3.6047035094102303e-19
2.192617778	4.595146110768487e-19
2.193771066	8.16089110298127e-19
2.194924354	1.0796876045993546e-18
2.196077642	1.1713534879967429e-18
2.197230929	1.0475834476140456e-18
2.198384217	7.209386821589274e-19
2.199537505	3.940940308575217e-19
2.200690792	2.748754789877932e-19
2.20184408	3.3853528975977397e-19
2.202997368	4.862712591397481e-19
2.204150656	6.213032697952417e-19
2.205303943	6.505882280961752e-19
2.206457231	4.0997453566212817e-19
2.207610519	8.233688733126926e-20
2.208763807	6.297224320634975e-20
2.209917094	5.585418384161775e-19
2.211070382	1.153251735957999e-18
2.21222367	1.4885557538188417e-18
2.213376958	1.5132759636150879e-18
2.214530245	1.3278395202618509e-18
2.215683533	1.028068196746948e-18
2.216836821	7.116942643603974e-19
2.217990109	4.951109433565581e-19
2.219143396	4.3261872755355445e-19
2.220296684	5.301520809216361e-19
2.221449972	7.764621262339461e-19
2.22260326	9.969811184608935e-19
2.223756547	9.866410789545512e-19
2.224909835	7.9863213264941e-19
2.226063123	7.061590492511387e-19
2.227216411	9.416443844559077e-19
2.228369698	1.2989457571436999e-18
2.229522986	1.5778881434131112e-18
2.230676274	1.6845898062567213e-18
2.231829562	1.6313160843842916e-18
2.232982849	1.4240151998226501e-18
2.234136137	1.155161807975261e-18
2.235289425	9.35767061446217e-19
2.236442712	8.210143632070643e-19
2.237596	7.886366181272008e-19
2.238749288	8.086328268224959e-19
2.239902576	8.491879569289023e-19
2.241055863	8.93612659150298e-19
2.242209151	9.243063876534564e-19
2.243362439	9.250061552768534e-19
2.244515727	8.853717474026233e-19
2.245669014	8.240270784802205e-19
2.246822302	7.667004817929514e-19
2.24797559	7.369672654338322e-19
2.249128878	7.492057406410619e-19
2.250282165	8.292020578121175e-19
2.251435453	9.540394346500643e-19
2.252588741	1.0748242747068011e-18
2.253742029	1.1491782955914482e-18
2.254895316	1.1348295918013857e-18
2.256048604	9.913390546239187e-19
2.257201892	7.923192236637382e-19
2.25835518	6.260619739451181e-19
2.259508467	5.472175170606077e-19
2.260661755	5.362061631342309e-19
2.261815043	5.74831875498882e-19
2.262968331	6.259090585888417e-19
2.264121618	6.619975894698281e-19
2.265274906	6.690496946396421e-19
2.266428194	5.219709019333564e-19
2.267581482	4.566316598480392e-20
2.268734769	-5.936556983521034e-19
2.269888057	-9.95932266562143e-19
2.271041345	-8.2168151888122e-19
2.272194632	-3.561455842296379e-19
2.27334792	9.969228387037516e-20
2.274501208	4.1626440393222487e-19
2.275654496	5.719379047975558e-19
2.276807783	5.458997119561018e-19
2.277961071	4.2426233863831973e-19
2.279114359	3.117677085979704e-19
2.280267647	2.4039884847529023e-19
2.281420934	1.6767414549716735e-19
2.282574222	4.798247027258515e-20
2.28372751	-2.3792601052780546e-20
2.284880798	4.169474969921714e-20
2.286034085	2.1996031936607497e-19
2.287187373	3.8652488794038845e-19
2.288340661	4.74634207878082e-19
2.289493949	3.06248518656866e-20
2.290647236	-1.5451265221024361e-18
2.291800524	-4.023021405310744e-18
2.292953812	-5.9095645443546605e-18
2.2941071	-5.741518652102361e-18
2.295260387	-4.0814031264810516e-18
2.296413675	-2.1698164814815213e-18
2.297566963	-8.47018838351768e-19
2.298720251	-4.640154558374272e-20
2.299873538	1.6012344024697313e-19
2.301026826	-1.281497454753747e-20
2.302180114	-2.4105683216903917e-19
2.303333402	-3.032698243051479e-19
2.304486689	-2.7745035807308716e-19
2.305639977	-2.1619614294087198e-19
2.306793265	-1.4169924262000145e-19
2.307946552	-7.935022055720992e-20
2.30909984	-4.4722418551610183e-20
2.310253128	1.907381803117567e-21
2.311406416	1.0467252040631123e-19
2.312559703	2.2579635989085023e-19
2.313712991	2.914128262919103e-19
2.314866279	2.4536279912822503e-19
2.316019567	1.4163060551709172e-19
2.317172854	4.939558605592992e-20
2.318326142	-2.1093260364442933e-20
2.31947943	-9.456171959850575e-20
2.320632718	-1.8920274074315964e-19
2.321786005	-3.0332292200454335e-19
2.322939293	-4.374294639990402e-19
2.324092581	-5.563975652768418e-19
2.325245869	-6.096251946664247e-19
2.326399156	-5.678403756584151e-19
2.327552444	-5.022728110590087e-19
2.328705732	-4.933920779849172e-19
2.32985902	-5.440345230268972e-19
2.331012307	-5.951358490257803e-19
2.332165595	-5.962193306805816e-19
2.333318883	-6.447339007467119e-19
2.334472171	-8.688078644052712e-19
2.335625458	-1.2291918788261973e-18
2.336778746	-1.486941997338822e-18
2.337932034	-1.4109789264625672e-18
2.339085322	-1.0898116169098985e-18
2.340238609	-6.610045983591724e-19
2.341391897	-2.7506547739321637e-19
2.342545185	-5.072880207845659e-20
2.343698472	-9.621020315065109e-20
2.34485176	-3.026255029100493e-19
2.346005048	-5.322040047944915e-19
2.347158336	-6.876701557672956e-19
2.348311623	-7.4112824148364865e-19
2.349464911	-6.538059943281971e-19
2.350618199	-4.644230847241241e-19
2.351771487	-2.3077619102091746e-19
2.352924774	-1.5387537184614892e-20
2.354078062	6.310177899540083e-20
2.35523135	-9.156834177036685e-20
2.356384638	-3.7389028800176955e-19
2.357537925	-6.592210764996399e-19
2.358691213	-8.451307791164463e-19
2.359844501	-8.729374675396217e-19
2.360997789	-6.879129005230984e-19
2.362151076	-4.795124349585532e-19
2.363304364	-5.022979499550575e-19
2.364457652	-8.906293958894805e-19
2.36561094	-1.3407412999785384e-18
2.366764227	-1.5302561044915835e-18
2.367917515	-1.3782967215163078e-18
2.369070803	-9.273952243232298e-19
2.370224091	-3.111149779925876e-19
2.371377378	1.6787199574696443e-19
2.372530666	2.386812936214001e-19
2.373683954	2.632318470407871e-20
2.374837242	-2.204133933872647e-19
2.375990529	-2.992595132065688e-19
2.377143817	-2.865917639117257e-19
2.378297105	-2.444274441458708e-19
2.379450392	-1.9008103265756628e-19
2.38060368	-1.2283949466067747e-19
2.381756968	-5.15594678215334e-20
2.382910256	1.036923814894104e-20
2.384063543	4.8391552738775357e-20
2.385216831	5.626306535642409e-20
2.386370119	4.0961394829367125e-20
2.387523407	1.3510468393801314e-20
2.388676694	-3.584064025728932e-20
2.389829982	-1.2198251271837463e-19
2.39098327	-2.333478566013622e-19
2.392136558	-3.29611056542346e-19
2.393289845	-3.7613130918140324e-19
2.394443133	-3.7938364354955765e-19
2.395596421	-3.4283868815292906e-19
2.396749709	-3.15650605537656e-19
2.397902996	-4.0017228146815986e-19
2.399056284	-6.932365100879584e-19
2.400209572	-1.0446117431075865e-18
2.40136286	-1.2444533781073199e-18
2.402516147	-1.203606239342599e-18
2.403669435	-1.0539350967562896e-18
2.404822723	-8.99036851411519e-19
2.405976011	-8.256015374575697e-19
2.407129298	-9.136528269273556e-19
2.408282586	-1.1774809621977409e-18
2.409435874	-1.5256215841872267e-18
2.410589162	-1.8930514257713556e-18
2.411742449	-2.1633812433894957e-18
2.412895737	-2.208161495555973e-18
2.414049025	-1.9165121378454006e-18
2.415202313	-1.3089278355096914e-18
2.4163556	-5.245357664813228e-19
2.417508888	1.0729145554774822e-19
2.418662176	3.166268750424377e-19
2.419815463	1.138265157345395e-19
2.420968751	-2.0200075657846893e-19
2.422122039	-3.857879369153663e-19
2.423275327	-4.856468178206976e-19
2.424428614	-6.259178284641591e-19
2.425581902	-8.648815860910547e-19
2.42673519	-1.1571180894685814e-18
2.427888478	-1.5137646238690615e-18
2.429041765	-1.839079632089187e-18
2.430195053	-1.9774388623817928e-18
2.431348341	-1.7667464073889616e-18
2.432501629	-1.1120108434125938e-18
2.433654916	1.0092889189096786e-20
2.434808204	8.76512189588644e-19
2.435961492	7.889708544379962e-19
2.43711478	-3.675011399155585e-19
2.438268067	-1.5635395440395825e-18
2.439421355	-2.0684239128526687e-18
2.440574643	-1.883542042874886e-18
2.441727931	-1.4123063235702572e-18
2.442881218	-8.701485286953804e-19
2.444034506	3.3431150848441677e-20
2.445187794	9.812695125019025e-19
2.446341082	1.0137697810847686e-18
2.447494369	7.578829226398737e-19
2.448647657	6.390051542206804e-19
2.449800945	5.203422484401998e-19
2.450954233	4.2885741993705263e-19
2.45210752	1.0208418549128411e-19
2.453260808	-9.95191845190972e-19
2.454414096	-3.1722816172922646e-18
2.455567383	-5.176412518829702e-18
2.456720671	-5.904219826705894e-18
2.457873959	-4.948194856852738e-18
2.459027247	-3.0820877922619416e-18
2.460180534	-1.1748218095497751e-18
2.461333822	2.1665244548605584e-19
2.46248711	6.947783442779628e-19
2.463640398	1.8309113210244087e-19
2.464793685	-7.392864419934142e-19
2.465946973	-1.6304401488692723e-18
2.467100261	-2.162427467792615e-18
2.468253549	-1.9037236270906285e-18
2.469406836	-6.736281980384316e-19
2.470560124	7.121613677356618e-19
2.471713412	1.130908002547364e-18
2.4728667	7.858994126469218e-19
2.474019987	2.2575813141828717e-19
2.475173275	-3.1065197902169137e-19
2.476326563	-6.766345321064591e-19
2.477479851	-4.531689343911648e-19
2.478633138	2.522160188292424e-19
2.479786426	-4.4471374444759804e-20
2.480939714	-4.528497074945452e-18
2.482093002	-8.4779387697364e-18
2.483246289	-7.194959574302517e-18
2.484399577	-4.43689594128452e-18
2.485552865	-3.335291485630534e-18
2.486706153	-4.716203731959824e-18
2.48785944	-6.5929355623166976e-18
2.489012728	-6.950341278211471e-18
2.490166016	-5.4276851211654324e-18
2.491319303	-3.19817858123823e-18
2.492472591	-1.4235577898894538e-18
2.493625879	-1.302876778809596e-18
2.494779167	-4.213207737929839e-18
2.495932454	-7.963142392243075e-18
2.497085742	-1.0306053047299714e-17